1.237500
1.262500
1.287500
1.312500
1.337500
1.362500
1.387500
1.412500
1.437500
1.462500
1.487500
1.512500
1.537500
1.562500
1.587500
1.612500
1.637500
1.662500
1.687500
1.712500
1.737500
1.762500
1.787500
1.812500
1.837500
1.862500
1.887500
1.912500
1.937500
1.962500
1.987500
2.012500
2.037500
2.062500
2.087500
2.112500
2.137500
2.162500
2.187500
2.212500
2.237500
2.262500
2.287500
2.312500
2.337500
2.362500
2.387500
2.412500
2.437500
2.462500
2.487500
2.512500
2.537500
2.562500
2.587500
2.612500
2.637500
2.662500
2.687500
2.712500
2.737500
2.762500
2.787500
2.812500
2.837500
2.862500
2.887500
2.912500
2.937500
2.962500
2.987500
3.012500
3.037500
3.062500
3.087500
3.112500
3.137500
3.162500
3.187500
3.212500
3.237500
3.262500
3.287500
3.312500
3.337500
3.362500
3.387500
3.412500
3.437500
3.462500
3.487500
3.512500
3.537500
3.562500
3.587500
3.612500
3.637500
3.662500
3.687500
3.712500
3.737500
3.762500
3.787500
3.812500
3.837500
3.862500
3.887500
3.912500
3.937500
3.962500
3.987500
4.012500
4.037500
4.062500
4.087500
4.112500
4.137500
4.162500
4.187500
4.212500
4.237500
4.262500
4.287500
4.312500
4.337500
4.362500
4.387500
4.412500
4.437500
4.462500
4.487500
4.512500
4.537500
4.562500
4.587500
4.612500
4.637500
4.662500
4.687500
4.712500
4.737500
4.762500
4.787500
4.812500
4.837500
4.862500
4.887500
4.912500
4.937500
4.962500
4.987500
5.012500
5.037500
5.062500
5.087500
5.112500
5.137500
5.162500
5.187500
5.212500
5.237500
5.262500
5.287500
5.312500
5.337500
5.362500
5.387500
5.412500
5.437500
5.462500
5.487500
5.512500
5.537500
5.562500
5.587500
5.612500
5.637500
5.662500
5.687500
5.712500
5.737500
5.762500
5.787500
5.812500
5.837500
5.862500
5.887500
5.912500
5.937500
5.962500
5.987500
6.012500
6.037500
6.062500
6.087500
6.112500
6.137500
6.162500
6.187500
6.212500
6.237500
6.262500
6.287500
6.312500
6.337500
6.362500
6.387500
6.412500
6.437500
6.462500
6.487500
6.512500
6.537500
6.562500
6.587500
6.612500
6.637500
6.662500
6.687500
6.712500
6.737500
6.762500
6.787500
6.812500
6.837500
6.862500
6.887500
6.912500
6.937500
6.962500
6.987500
7.012500
7.037500
7.062500
7.087500
7.112500
7.137500
7.162500
7.187500
7.212500
7.237500
7.262500
7.287500
7.312500
7.337500
7.362500
7.387500
7.412500
7.437500
7.462500
7.487500
7.512500
7.537500
7.562500
7.587500
7.612500
7.637500
7.662500
7.687500
7.712500
7.737500
7.762500
7.787500
7.812500
7.837500
7.862500
7.887500
7.912500
7.937500
7.962500
7.987500
8.012500
8.037500
8.062500
8.087500
8.112500
8.137500
8.162500
8.187500
8.212500
8.237500
8.262500
8.287500
8.312500
8.337500
8.362500
8.387500
8.412500
8.437500
8.462500
8.487500
8.512500
8.537500
8.562500
8.587500
8.612500
8.637500
8.662500
8.687500
8.712500
8.737500
8.762500
8.787500
8.812500
8.837500
8.862500
8.887500
8.912500
8.937500
8.962500
8.987500
9.012500
9.037500
9.062500
9.087500
9.112500
9.137500
9.162500
9.187500
9.212500
9.237500
9.262500
9.287500
9.312500
9.337500
9.362500
9.387500
9.412500
9.437500
9.462500
9.487500
9.512500
9.537500
9.562500
9.587500
9.612500
9.637500
9.662500
9.687500
9.712500
9.737500
9.762500
9.787500
9.812500
9.837500
9.862500
9.887500
9.912500
9.937500
9.962500
9.987500
10.012500
10.037500
10.062500
10.087500
10.112500
10.137500
10.162500
10.187500
10.212500
10.237500
10.262500
10.287500
10.312500
10.337500
10.362500
10.387500
10.412500
10.437500
10.462500
10.487500
10.512500
10.537500
10.562500
10.587500
10.612500
10.637500
10.662500
10.687500
10.712500
10.737500
10.762500
10.787500
10.812500
10.837500
10.862500
10.887500
10.912500
10.937500
10.962500
10.987500
11.012500
11.037500
11.062500
11.087500
11.112500
11.137500
11.162500
11.187500
11.212500
11.237500
11.262500
11.287500
11.312500
11.337500
11.362500
11.387500
11.412500
11.437500
11.462500
11.487500
11.512500
11.537500
11.562500
11.587500
11.612500
11.637500
11.662500
11.687500
11.712500
11.737500
11.762500
11.787500
11.812500
11.837500
11.862500
11.887500
11.912500
11.937500
11.962500
11.987500
12.012500
12.037500
12.062500
12.087500
12.112500
12.137500
12.162500
12.187500
12.212500
12.237500
12.262500
12.287500
12.312500
12.337500
12.362500
12.387500
12.412500
12.437500
12.462500
12.487500
12.512500
12.537500
12.562500
12.587500
12.612500
12.637500
12.662500
12.687500
12.712500
12.737500
12.762500
12.787500
12.812500
12.837500
12.862500
12.887500
12.912500
12.937500
12.962500
12.987500
13.012500
13.037500
13.062500
13.087500
13.112500
13.137500
13.162500
13.187500
13.212500
13.237500
13.262500
13.287500
13.312500
13.337500
13.362500
13.387500
13.412500
13.437500
13.462500
13.487500
13.512500
13.537500
13.562500
13.587500
13.612500
13.637500
13.662500
13.687500
13.712500
13.737500
13.762500
13.812500
13.837500
13.862500
13.887500
13.912500
13.937500
