38.967000
41.481000
43.995000
46.509000
49.023000
51.537000
54.051000
56.565000
59.079000
61.593000
64.107000
66.621000
69.135000
71.649000
74.163000
76.677000
79.191000
81.705000
84.219000
86.733000
89.247000
91.761000
94.275000
96.789000
99.303000
101.817000
104.331000
106.845000
109.359000
111.873000
114.387000
116.901000
119.415000
121.929000
124.443000
126.957000
129.471000
131.985000
134.499000
137.013000
139.527000
142.041000
144.555000
147.069000
149.583000
152.097000
154.611000
157.125000
159.639000
162.153000
164.667000
167.181000
169.695000
172.209000
174.723000
177.237000
179.751000
182.265000
184.779000
187.293000
189.807000
192.321000
194.835000
197.349000
199.863000
202.377000
204.891000
207.405000
209.919000
212.433000
214.947000
217.461000
219.975000
222.489000
225.003000
227.517000
230.031000
232.545000
235.059000
237.573000
240.087000
242.601000
245.115000
247.629000
250.143000
252.657000
255.171000
257.685000
260.199000
262.713000
265.227000
267.741000
270.255000
272.769000
275.283000
277.797000
280.311000
282.825000
285.339000
287.853000
290.367000
292.881000
295.395000
297.909000
300.423000
302.937000
305.451000
307.965000
310.479000
312.993000
315.507000
318.021000
320.535000
323.049000
325.563000
328.077000
330.591000
333.105000
335.619000
338.133000
340.647000
343.161000
345.675000
348.189000
350.703000
353.217000
355.731000
358.245000
360.759000
363.273000
365.787000
368.301000
370.815000
373.329000
375.843000
378.357000
380.871000
383.385000
385.899000
388.413000
390.927000
393.441000
395.955000
398.469000
400.983000
403.497000
406.011000
408.525000
411.039000
413.553000
416.067000
418.581000
421.095000
423.609000
426.123000
428.637000
431.151000
433.665000
436.179000
438.693000
441.207000
443.721000
446.235000
448.749000
451.263000
453.777000
456.291000
458.805000
461.319000
463.833000
466.347000
468.861000
471.375000
473.889000
476.403000
478.917000
481.431000
483.945000
486.459000
488.973000
491.487000
494.001000
496.515000
499.029000
501.543000
504.057000
506.571000
509.085000
511.599000
514.113000
516.627000
519.141000
521.655000
524.169000
526.683000
529.197000
531.711000
534.225000
536.739000
539.253000
541.767000
544.281000
546.795000
549.309000
551.823000
554.337000
556.851000
559.365000
561.879000
564.393000
566.907000
569.421000
571.935000
574.449000
576.963000
579.477000
581.991000
584.505000
587.019000
589.533000
592.047000
594.561000
597.075000
599.589000
602.103000
604.617000
607.131000
609.645000
612.159000
614.673000
617.187000
619.701000
622.215000
624.729000
627.243000
629.757000
632.271000
634.785000
637.299000
639.813000
642.327000
644.841000
647.355000
649.869000
652.383000
654.897000
657.411000
659.925000
662.439000
664.953000
667.467000
669.981000
672.495000
675.009000
677.523000
680.037000
682.551000
685.065000
687.579000
690.093000
692.607000
695.121000
697.635000
700.149000
702.663000
705.177000
707.691000
710.205000
712.719000
715.233000
717.747000
720.261000
722.775000
725.289000
727.803000
730.317000
732.831000
735.345000
737.859000
740.373000
742.887000
745.401000
747.915000
750.429000
752.943000
755.457000
757.971000
760.485000
762.999000
765.513000
768.027000
770.541000
773.055000
775.569000
778.083000
780.597000
783.111000
785.625000
788.139000
790.653000
793.167000
795.681000
798.195000
800.709000
803.223000
805.737000
808.251000
810.765000
813.279000
815.793000
818.307000
820.821000
823.335000
825.849000
828.363000
830.877000
833.391000
835.905000
838.419000
840.933000
843.447000
845.961000
848.475000
850.989000
853.503000
856.017000
858.531000
861.045000
863.559000
866.073000
868.587000
871.101000
873.615000
876.129000
878.643000
881.157000
883.671000
886.185000
888.699000
891.213000
893.727000
896.241000
898.755000
901.269000
903.783000
906.297000
908.811000
911.325000
913.839000
916.353000
918.867000
921.381000
923.895000
926.409000
928.923000
931.437000
933.951000
936.465000
938.979000
941.493000
944.007000
946.521000
949.035000
951.549000
954.063000
956.577000
959.091000
961.605000
964.119000
966.633000
969.147000
971.661000
974.175000
976.689000
979.203000
981.717000
984.231000
986.745000
989.259000
991.773000
994.287000
996.801000
999.315000
1001.829000
1004.343000
1006.857000
1009.371000
1011.885000
1014.399000
1016.913000
1019.427000
1021.941000
1024.455000
1026.969000
1029.483000
1031.997000
1034.511000
1037.025000
1039.539000
1042.053000
1044.567000
1047.081000
1049.595000
1052.109000
1054.623000
1057.137000
1059.651000
1062.165000
1064.679000
1067.193000
1069.707000
1072.221000
1074.735000
1077.249000
1079.763000
1082.277000
1084.791000
1087.305000
1089.819000
1092.333000
1094.847000
1097.361000
1099.875000
1102.389000
1104.903000
1107.417000
1109.931000
1112.445000
1114.959000
1117.473000
1119.987000
1122.501000
1125.015000
1127.529000
1130.043000
1132.557000
1135.071000
1137.585000
1140.099000
1142.613000
1145.127000
1147.641000
1150.155000
1152.669000
1155.183000
1157.697000
1160.211000
1162.725000
1165.239000
1167.753000
1170.267000
1172.781000
1175.295000
1177.809000
1180.323000
1182.837000
1185.351000
1187.865000
1190.379000
1192.893000
1195.407000
1197.921000
1200.435000
1202.949000
1205.463000
1207.977000
1210.491000
1213.005000
1215.519000
1218.033000
1220.547000
1223.061000
1225.575000
1228.089000
1230.603000
1233.117000
1235.631000
1238.145000
1240.659000
1243.173000
1245.687000
1248.201000
1250.715000
1253.229000
1255.743000
1258.257000
1260.771000
1263.285000
1265.799000
1268.313000
1270.827000
1273.341000
1275.855000
1278.369000
1280.883000
1283.397000
1285.911000
1288.425000
1290.939000
1293.453000
1295.967000
1298.481000
1300.995000
1303.509000
1306.023000
1308.537000
1311.051000
1313.565000
1316.079000
1318.593000
1321.107000
1323.621000
1326.135000
1328.649000
1331.163000
1333.677000
1336.191000
1338.705000
1341.219000
1343.733000
1346.247000
1348.761000
1351.275000
1353.789000
1356.303000
1358.817000
1361.331000
1363.845000
1366.359000
1368.873000
1371.387000
1373.901000
1376.415000
1378.929000
1381.443000
1383.957000
1386.471000
1388.985000
1391.499000
1394.013000
1396.527000
1401.555000
1404.069000
1406.583000
1409.097000
1411.611000
1414.125000
1416.639000
1419.153000
1421.667000
1424.181000
1426.695000
1429.209000
1431.723000
1434.237000
1436.751000
1439.265000
1441.779000
1444.293000
1446.807000
1449.321000
1454.349000
1459.377000
1461.891000
1464.405000
1466.919000
1469.433000
1471.947000
1474.461000
1476.975000
1479.489000
1482.003000
1484.517000
1489.545000
1492.059000
1494.573000
1497.087000
1499.601000
1502.115000
1504.629000
1507.143000
1509.657000
1512.171000
1514.685000
1517.199000
1519.713000
1522.227000
1524.741000
1527.255000
1529.769000
1532.283000
1534.797000
1537.311000
1539.825000
1542.339000
1544.853000
1547.367000
1549.881000
1552.395000
1554.909000
1557.423000
1559.937000
1562.451000
1564.965000
1567.479000
1569.993000
1572.507000
1577.535000
1580.049000
1582.563000
1587.591000
1590.105000
1595.133000
1597.647000
1600.161000
1605.189000
1607.703000
1610.217000
1612.731000
