8.990000000000000213e-01
9.570000000000000728e-01
1.015000000000000124e+00
1.072999999999999954e+00
1.131000000000000005e+00
1.189000000000000057e+00
1.246999999999999886e+00
1.305000000000000160e+00
1.362999999999999989e+00
1.420999999999999819e+00
1.479000000000000092e+00
1.536999999999999922e+00
1.595000000000000195e+00
1.653000000000000025e+00
1.710999999999999854e+00
1.769000000000000128e+00
1.826999999999999957e+00
1.885000000000000009e+00
1.943000000000000060e+00
2.000999999999999890e+00
2.059000000000000163e+00
2.116999999999999993e+00
2.174999999999999822e+00
2.233000000000000096e+00
2.290999999999999925e+00
2.349000000000000199e+00
2.407000000000000028e+00
2.464999999999999858e+00
2.523000000000000131e+00
2.580999999999999961e+00
2.639000000000000234e+00
2.697000000000000064e+00
2.754999999999999893e+00
2.812999999999999723e+00
2.870999999999999996e+00
2.929000000000000270e+00
2.987000000000000099e+00
3.044999999999999929e+00
3.102999999999999758e+00
3.161000000000000032e+00
3.219000000000000306e+00
3.277000000000000135e+00
3.334999999999999964e+00
3.392999999999999794e+00
3.451000000000000068e+00
3.508999999999999897e+00
3.567000000000000171e+00
3.625000000000000000e+00
3.682999999999999829e+00
3.741000000000000103e+00
3.798999999999999932e+00
3.857000000000000206e+00
3.915000000000000036e+00
3.972999999999999865e+00
4.030999999999999694e+00
4.089000000000000412e+00
4.147000000000000242e+00
4.205000000000000071e+00
4.262999999999999901e+00
4.320999999999999730e+00
4.378999999999999559e+00
4.437000000000000277e+00
4.495000000000000107e+00
4.552999999999999936e+00
4.610999999999999766e+00
4.669000000000000483e+00
4.727000000000000313e+00
4.785000000000000142e+00
4.842999999999999972e+00
4.900999999999999801e+00
4.958999999999999631e+00
5.017000000000000348e+00
5.075000000000000178e+00
5.133000000000000007e+00
5.190999999999999837e+00
5.248999999999999666e+00
5.307000000000000384e+00
5.365000000000000213e+00
5.423000000000000043e+00
5.480999999999999872e+00
5.538999999999999702e+00
5.596999999999999531e+00
5.655000000000000249e+00
5.713000000000000078e+00
5.770999999999999908e+00
5.828999999999999737e+00
5.887000000000000455e+00
5.945000000000000284e+00
6.003000000000000114e+00
6.060999999999999943e+00
6.118999999999999773e+00
6.176999999999999602e+00
6.235000000000000320e+00
6.293000000000000149e+00
6.350999999999999979e+00
6.408999999999999808e+00
6.467000000000000526e+00
6.525000000000000355e+00
6.583000000000000185e+00
6.641000000000000014e+00
6.698999999999999844e+00
6.756999999999999673e+00
6.814999999999999503e+00
6.873000000000000220e+00
6.931000000000000050e+00
6.988999999999999879e+00
7.046999999999999709e+00
7.105000000000000426e+00
7.163000000000000256e+00
7.221000000000000085e+00
7.278999999999999915e+00
7.336999999999999744e+00
7.394999999999999574e+00
7.453000000000000291e+00
7.511000000000000121e+00
7.568999999999999950e+00
7.626999999999999780e+00
7.685000000000000497e+00
7.743000000000000327e+00
7.801000000000000156e+00
7.858999999999999986e+00
7.916999999999999815e+00
7.974999999999999645e+00
8.032999999999999474e+00
8.090999999999999304e+00
8.149000000000000909e+00
8.207000000000000739e+00
8.265000000000000568e+00
8.323000000000000398e+00
8.381000000000000227e+00
8.439000000000000057e+00
8.496999999999999886e+00
8.554999999999999716e+00
8.612999999999999545e+00
8.670999999999999375e+00
8.728999999999999204e+00
8.786999999999999034e+00
8.845000000000000639e+00
8.903000000000000469e+00
8.961000000000000298e+00
9.019000000000000128e+00
9.076999999999999957e+00
9.134999999999999787e+00
9.192999999999999616e+00
9.250999999999999446e+00
9.308999999999999275e+00
9.367000000000000881e+00
9.425000000000000711e+00
9.483000000000000540e+00
9.541000000000000369e+00
9.599000000000000199e+00
9.657000000000000028e+00
9.714999999999999858e+00
9.772999999999999687e+00
9.830999999999999517e+00
9.888999999999999346e+00
9.946999999999999176e+00
1.000500000000000078e+01
1.006300000000000061e+01
1.012100000000000044e+01
1.017900000000000027e+01
1.023700000000000010e+01
1.029499999999999993e+01
1.035299999999999976e+01
1.041099999999999959e+01
1.046899999999999942e+01
1.052699999999999925e+01
1.058500000000000085e+01
1.064300000000000068e+01
1.070100000000000051e+01
1.075900000000000034e+01
1.081700000000000017e+01
1.087500000000000000e+01
1.093299999999999983e+01
1.099099999999999966e+01
1.104899999999999949e+01
1.110699999999999932e+01
1.116499999999999915e+01
1.122300000000000075e+01
1.128100000000000058e+01
1.133900000000000041e+01
1.139700000000000024e+01
1.145500000000000007e+01
1.151299999999999990e+01
1.157099999999999973e+01
1.162899999999999956e+01
1.168699999999999939e+01
1.174499999999999922e+01
1.180300000000000082e+01
1.186100000000000065e+01
1.191900000000000048e+01
1.197700000000000031e+01
1.203500000000000014e+01
1.209299999999999997e+01
1.215099999999999980e+01
1.220899999999999963e+01
1.226699999999999946e+01
1.232499999999999929e+01
1.238299999999999912e+01
1.244100000000000072e+01
1.249900000000000055e+01
1.255700000000000038e+01
1.261500000000000021e+01
1.267300000000000004e+01
1.273099999999999987e+01
1.278899999999999970e+01
1.284699999999999953e+01
1.290499999999999936e+01
1.296300000000000097e+01
1.302100000000000080e+01
1.307900000000000063e+01
1.313700000000000045e+01
1.319500000000000028e+01
1.325300000000000011e+01
1.331099999999999994e+01
1.336899999999999977e+01
1.342699999999999960e+01
1.348499999999999943e+01
1.354299999999999926e+01
1.360099999999999909e+01
1.365900000000000070e+01
1.371700000000000053e+01
1.377500000000000036e+01
1.383300000000000018e+01
1.389100000000000001e+01
1.394899999999999984e+01
1.400699999999999967e+01
1.406499999999999950e+01
1.412299999999999933e+01
1.418100000000000094e+01
1.423900000000000077e+01
1.429700000000000060e+01
1.435500000000000043e+01
1.441300000000000026e+01
1.447100000000000009e+01
1.452899999999999991e+01
1.458699999999999974e+01
1.464499999999999957e+01
1.470299999999999940e+01
1.476099999999999923e+01
1.481899999999999906e+01
1.487700000000000067e+01
1.493500000000000050e+01
1.499300000000000033e+01
1.505100000000000016e+01
1.510899999999999999e+01
1.516699999999999982e+01
1.522499999999999964e+01
1.528299999999999947e+01
1.534099999999999930e+01
1.539900000000000091e+01
1.545700000000000074e+01
1.551500000000000057e+01
1.557300000000000040e+01
1.563100000000000023e+01
1.568900000000000006e+01
1.574699999999999989e+01
1.580499999999999972e+01
1.586299999999999955e+01
1.592099999999999937e+01
1.597899999999999920e+01
1.603699999999999903e+01
1.609499999999999886e+01
1.615299999999999869e+01
1.621099999999999852e+01
1.626899999999999835e+01
1.632699999999999818e+01
1.638500000000000156e+01
1.644300000000000139e+01
1.650100000000000122e+01
1.655900000000000105e+01
1.661700000000000088e+01
1.667500000000000071e+01
1.673300000000000054e+01
1.679100000000000037e+01
1.684900000000000020e+01
1.690700000000000003e+01
1.696499999999999986e+01
1.702299999999999969e+01
1.708099999999999952e+01
1.713899999999999935e+01
1.719699999999999918e+01
1.725499999999999901e+01
1.731299999999999883e+01
1.737099999999999866e+01
1.742899999999999849e+01
1.748699999999999832e+01
1.754500000000000171e+01
1.760300000000000153e+01
1.766100000000000136e+01
1.771900000000000119e+01
1.777700000000000102e+01
1.783500000000000085e+01
1.789300000000000068e+01
1.795100000000000051e+01
1.800900000000000034e+01
1.806700000000000017e+01
1.812500000000000000e+01
1.818299999999999983e+01
1.824099999999999966e+01
1.829899999999999949e+01
1.835699999999999932e+01
1.841499999999999915e+01
1.847299999999999898e+01
1.853099999999999881e+01
1.858899999999999864e+01
1.864699999999999847e+01
1.870499999999999829e+01
1.876300000000000168e+01
1.882100000000000151e+01
1.887900000000000134e+01
1.893700000000000117e+01
1.899500000000000099e+01
1.905300000000000082e+01
1.911100000000000065e+01
1.916900000000000048e+01
1.922700000000000031e+01
1.928500000000000014e+01
1.934299999999999997e+01
1.940099999999999980e+01
1.945899999999999963e+01
1.951699999999999946e+01
1.957499999999999929e+01
1.963299999999999912e+01
1.969099999999999895e+01
1.974899999999999878e+01
1.980699999999999861e+01
1.986499999999999844e+01
1.992300000000000182e+01
1.998100000000000165e+01
2.003900000000000148e+01
2.009700000000000131e+01
2.015500000000000114e+01
2.021300000000000097e+01
2.027100000000000080e+01
2.032900000000000063e+01
2.038700000000000045e+01
2.044500000000000028e+01
2.050300000000000011e+01
2.056099999999999994e+01
2.061899999999999977e+01
2.067699999999999960e+01
2.073499999999999943e+01
2.079299999999999926e+01
2.085099999999999909e+01
2.090899999999999892e+01
2.096699999999999875e+01
2.102499999999999858e+01
2.108299999999999841e+01
