0.000000
1.482000
2.964000
4.446000
5.928000
7.410000
8.892000
10.374000
11.856000
13.338000
14.820000
16.302000
17.784000
19.266000
20.748000
22.230000
23.712000
25.194000
26.676000
28.158000
29.640000
31.122000
32.604000
34.086000
35.568000
37.050000
38.532000
40.014000
41.496000
42.978000
44.460000
45.942000
47.424000
48.906000
50.388000
51.870000
53.352000
54.834000
56.316000
57.798000
59.280000
60.762000
62.244000
63.726000
65.208000
66.690000
68.172000
69.654000
71.136000
72.618000
74.100000
75.582000
77.064000
78.546000
80.028000
81.510000
82.992000
84.474000
85.956000
87.438000
88.920000
90.402000
91.884000
93.366000
94.848000
96.330000
97.812000
99.294000
100.776000
102.258000
103.740000
105.222000
106.704000
108.186000
109.668000
111.150000
112.632000
114.114000
115.596000
117.078000
118.560000
120.042000
121.524000
123.006000
124.488000
125.970000
127.452000
128.934000
130.416000
131.898000
133.380000
134.862000
136.344000
137.826000
139.308000
140.790000
142.272000
143.754000
145.236000
146.718000
148.200000
149.682000
151.164000
152.646000
154.128000
155.610000
157.092000
158.574000
160.056000
161.538000
163.020000
164.502000
165.984000
167.466000
168.948000
170.430000
171.912000
173.394000
174.876000
176.358000
177.840000
179.322000
180.804000
182.286000
183.768000
185.250000
186.732000
188.214000
189.696000
191.178000
192.660000
194.142000
195.624000
197.106000
198.588000
200.070000
201.552000
203.034000
204.516000
205.998000
207.480000
208.962000
210.444000
211.926000
213.408000
214.890000
216.372000
217.854000
219.336000
220.818000
222.300000
223.782000
225.264000
226.746000
228.228000
229.710000
231.192000
232.674000
234.156000
235.638000
237.120000
238.602000
240.084000
241.566000
243.048000
244.530000
246.012000
247.494000
248.976000
250.458000
251.940000
253.422000
254.904000
256.386000
257.868000
259.350000
260.832000
262.314000
263.796000
265.278000
266.760000
268.242000
269.724000
271.206000
272.688000
274.170000
275.652000
277.134000
278.616000
280.098000
281.580000
283.062000
284.544000
286.026000
287.508000
288.990000
290.472000
291.954000
293.436000
294.918000
296.400000
297.882000
299.364000
300.846000
302.328000
303.810000
305.292000
306.774000
308.256000
309.738000
311.220000
312.702000
314.184000
315.666000
317.148000
318.630000
320.112000
321.594000
323.076000
324.558000
326.040000
327.522000
329.004000
330.486000
331.968000
333.450000
334.932000
336.414000
337.896000
339.378000
340.860000
342.342000
343.824000
345.306000
346.788000
348.270000
349.752000
351.234000
352.716000
354.198000
355.680000
357.162000
358.644000
360.126000
361.608000
363.090000
364.572000
366.054000
367.536000
369.018000
370.500000
371.982000
373.464000
374.946000
376.428000
377.910000
379.392000
380.874000
382.356000
383.838000
385.320000
386.802000
388.284000
389.766000
391.248000
392.730000
394.212000
395.694000
397.176000
398.658000
400.140000
401.622000
403.104000
404.586000
406.068000
407.550000
409.032000
410.514000
411.996000
413.478000
414.960000
416.442000
417.924000
419.406000
420.888000
422.370000
423.852000
425.334000
426.816000
428.298000
429.780000
431.262000
432.744000
434.226000
435.708000
437.190000
438.672000
440.154000
441.636000
443.118000
444.600000
446.082000
447.564000
449.046000
450.528000
452.010000
453.492000
454.974000
456.456000
457.938000
459.420000
460.902000
462.384000
463.866000
465.348000
466.830000
468.312000
469.794000
471.276000
472.758000
474.240000
475.722000
477.204000
478.686000
480.168000
481.650000
483.132000
484.614000
486.096000
487.578000
489.060000
490.542000
492.024000
493.506000
494.988000
496.470000
497.952000
499.434000
500.916000
502.398000
503.880000
505.362000
506.844000
508.326000
509.808000
511.290000
512.772000
514.254000
515.736000
517.218000
518.700000
520.182000
521.664000
523.146000
524.628000
526.110000
527.592000
529.074000
530.556000
532.038000
533.520000
535.002000
536.484000
537.966000
539.448000
540.930000
542.412000
543.894000
545.376000
546.858000
548.340000
549.822000
551.304000
552.786000
554.268000
555.750000
557.232000
558.714000
560.196000
561.678000
563.160000
564.642000
566.124000
567.606000
569.088000
570.570000
572.052000
573.534000
575.016000
576.498000
577.980000
579.462000
580.944000
582.426000
583.908000
585.390000
586.872000
588.354000
589.836000
591.318000
592.800000
594.282000
595.764000
597.246000
598.728000
600.210000
601.692000
603.174000
604.656000
606.138000
607.620000
609.102000
610.584000
612.066000
613.548000
615.030000
616.512000
617.994000
619.476000
620.958000
622.440000
623.922000
625.404000
626.886000
628.368000
629.850000
631.332000
632.814000
634.296000
635.778000
637.260000
638.742000
640.224000
641.706000
643.188000
644.670000
646.152000
647.634000
649.116000
650.598000
652.080000
653.562000
655.044000
656.526000
658.008000
659.490000
660.972000
662.454000
663.936000
665.418000
666.900000
668.382000
669.864000
671.346000
672.828000
674.310000
675.792000
677.274000
678.756000
680.238000
681.720000
683.202000
684.684000
686.166000
687.648000
689.130000
690.612000
692.094000
693.576000
695.058000
696.540000
698.022000
699.504000
700.986000
702.468000
703.950000
705.432000
706.914000
708.396000
709.878000
711.360000
712.842000
714.324000
715.806000
717.288000
718.770000
720.252000
721.734000
723.216000
724.698000
726.180000
727.662000
729.144000
730.626000
732.108000
733.590000
735.072000
736.554000
738.036000
739.518000
741.000000
742.482000
743.964000
745.446000
746.928000
748.410000
749.892000
751.374000
752.856000
754.338000
755.820000
757.302000
758.784000
760.266000
761.748000
763.230000
764.712000
766.194000
767.676000
769.158000
770.640000
772.122000
773.604000
775.086000
776.568000
778.050000
779.532000
781.014000
782.496000
783.978000
785.460000
786.942000
788.424000
789.906000
791.388000
792.870000
794.352000
795.834000
797.316000
798.798000
800.280000
801.762000
803.244000
804.726000
806.208000
807.690000
809.172000
810.654000
812.136000
813.618000
815.100000
816.582000
818.064000
819.546000
821.028000
822.510000
823.992000
825.474000
826.956000
828.438000
829.920000
831.402000
832.884000
834.366000
835.848000
837.330000
838.812000
840.294000
841.776000
843.258000
844.740000
846.222000
847.704000
849.186000
850.668000
852.150000
853.632000
855.114000
856.596000
858.078000
859.560000
861.042000
862.524000
864.006000
865.488000
866.970000
868.452000
869.934000
871.416000
872.898000
874.380000
875.862000
877.344000
878.826000
880.308000
881.790000
883.272000
884.754000
886.236000
887.718000
889.200000
890.682000
892.164000
893.646000
895.128000
896.610000
898.092000
899.574000
901.056000
902.538000
904.020000
905.502000
906.984000
908.466000
909.948000
911.430000
912.912000
914.394000
915.876000
917.358000
918.840000
920.322000
921.804000
923.286000
924.768000
926.250000
927.732000
929.214000
930.696000
932.178000
933.660000
935.142000
936.624000
938.106000
939.588000
941.070000
942.552000
944.034000
945.516000
946.998000
948.480000
949.962000
951.444000
952.926000
954.408000
955.890000
957.372000
958.854000
960.336000
961.818000
963.300000
964.782000
966.264000
967.746000
969.228000
970.710000
972.192000
973.674000
975.156000
976.638000
978.120000
979.602000
981.084000
982.566000
984.048000
985.530000
987.012000
988.494000
989.976000
991.458000
992.940000
994.422000
995.904000
997.386000
998.868000
1000.350000
1001.832000
1003.314000
1004.796000
1006.278000
1007.760000
1009.242000
1010.724000
1012.206000
1013.688000
1015.170000
1016.652000
1018.134000
1019.616000
1021.098000
1022.580000
1024.062000
1025.544000
1027.026000
1028.508000
1029.990000
1031.472000
1032.954000
1034.436000
1035.918000
1037.400000
1038.882000
1040.364000
1041.846000
1043.328000
1044.810000
1046.292000
1047.774000
1049.256000
1050.738000
1052.220000
1053.702000
1055.184000
1056.666000
1058.148000
1059.630000
1061.112000
1062.594000
1064.076000
1065.558000
1067.040000
1068.522000
1070.004000
1071.486000
1072.968000
1074.450000
1075.932000
1077.414000
1078.896000
1080.378000
1081.860000
1083.342000
1084.824000
1086.306000
1087.788000
1089.270000
1090.752000
1092.234000
1093.716000
1095.198000
1096.680000
1098.162000
1099.644000
1101.126000
1102.608000
1104.090000
1105.572000
1107.054000
1108.536000
1110.018000
1111.500000
1112.982000
1114.464000
1115.946000
1117.428000
1118.910000
1120.392000
1121.874000
1123.356000
1124.838000
1126.320000
1127.802000
1129.284000
1130.766000
1132.248000
1133.730000
1135.212000
1136.694000
1138.176000
1139.658000
1141.140000
1142.622000
1144.104000
1145.586000
1147.068000
1148.550000
1150.032000
1151.514000
1152.996000
1154.478000
1155.960000
1157.442000
1158.924000
1160.406000
1161.888000
1163.370000
1164.852000
1166.334000
1167.816000
1169.298000
1170.780000
1172.262000
1173.744000
1175.226000
1176.708000
1178.190000
1179.672000
1181.154000
1182.636000
1184.118000
1185.600000
1187.082000
1188.564000
1190.046000
1191.528000
1193.010000
1194.492000
1195.974000
1197.456000
1198.938000
1200.420000
1201.902000
1203.384000
1204.866000
1206.348000
1207.830000
1209.312000
1210.794000
1212.276000
1213.758000
1215.240000
1216.722000
1218.204000
1219.686000
1221.168000
1222.650000
1224.132000
1225.614000
1227.096000
1228.578000
1230.060000
1231.542000
1233.024000
1234.506000
1235.988000
1237.470000
1238.952000
1240.434000
1241.916000
1243.398000
1244.880000
1246.362000
1247.844000
1249.326000
1250.808000
1252.290000
1253.772000
1255.254000
1256.736000
1258.218000
1259.700000
1261.182000
1262.664000
1264.146000
1265.628000
1267.110000
1268.592000
1270.074000
1271.556000
1273.038000
1274.520000
1276.002000
1277.484000
1278.966000
1280.448000
1281.930000
1283.412000
1284.894000
1286.376000
1287.858000
1289.340000
1290.822000
1292.304000
1293.786000
1295.268000
1296.750000
1298.232000
1299.714000
1301.196000
1302.678000
1304.160000
1305.642000
1307.124000
1308.606000
1310.088000
1311.570000
1313.052000
1314.534000
1316.016000
1317.498000
1318.980000
1320.462000
1321.944000
1323.426000
1324.908000
1326.390000
1327.872000
1329.354000
1330.836000
1332.318000
1333.800000
1335.282000
1336.764000
1338.246000
1339.728000
1341.210000
1342.692000
1344.174000
1345.656000
1347.138000
1348.620000
1350.102000
1351.584000
1353.066000
1354.548000
1356.030000
1357.512000
1358.994000
1360.476000
1361.958000
1363.440000
1364.922000
1366.404000
1367.886000
1369.368000
1370.850000
1372.332000
1373.814000
1375.296000
1376.778000
1378.260000
1379.742000
1381.224000
1382.706000
1384.188000
1385.670000
1387.152000
1388.634000
1390.116000
1391.598000
1393.080000
1394.562000
1396.044000
1397.526000
1399.008000
1400.490000
1401.972000
1403.454000
1404.936000
1406.418000
1407.900000
1409.382000
1410.864000
1412.346000
1413.828000
1415.310000
1416.792000
1418.274000
1419.756000
1421.238000
1422.720000
1424.202000
1425.684000
1427.166000
1428.648000
1430.130000
1431.612000
1433.094000
1434.576000
1436.058000
1437.540000
1439.022000
1440.504000
1441.986000
1443.468000
1444.950000
1446.432000
1447.914000
1449.396000
1450.878000
1452.360000
1453.842000
1455.324000
1456.806000
1458.288000
1459.770000
1461.252000
1462.734000
1464.216000
1465.698000
1467.180000
1468.662000
1470.144000
1471.626000
1473.108000
1474.590000
1476.072000
1477.554000
1479.036000
1480.518000
1482.000000
