0.000000
3.220000
6.440000
9.660000
12.880000
16.100000
19.320000
22.540000
25.760000
28.980000
32.200000
35.420000
38.640000
41.860000
45.080000
48.300000
51.520000
54.740000
57.960000
61.180000
64.400000
67.620000
70.840000
74.060000
77.280000
80.500000
83.720000
86.940000
90.160000
93.380000
96.600000
99.820000
103.040000
106.260000
109.480000
112.700000
115.920000
119.140000
122.360000
125.580000
128.800000
132.020000
135.240000
138.460000
141.680000
144.900000
148.120000
151.340000
154.560000
157.780000
161.000000
164.220000
167.440000
170.660000
173.880000
177.100000
180.320000
183.540000
186.760000
189.980000
193.200000
196.420000
199.640000
202.860000
206.080000
209.300000
212.520000
215.740000
218.960000
222.180000
225.400000
228.620000
231.840000
235.060000
238.280000
241.500000
244.720000
247.940000
251.160000
254.380000
257.600000
260.820000
264.040000
267.260000
270.480000
273.700000
276.920000
280.140000
283.360000
286.580000
289.800000
293.020000
296.240000
299.460000
302.680000
305.900000
309.120000
312.340000
315.560000
318.780000
322.000000
325.220000
328.440000
331.660000
334.880000
338.100000
341.320000
344.540000
347.760000
350.980000
354.200000
357.420000
360.640000
363.860000
367.080000
370.300000
373.520000
376.740000
379.960000
383.180000
386.400000
389.620000
392.840000
396.060000
399.280000
402.500000
405.720000
408.940000
412.160000
415.380000
418.600000
421.820000
425.040000
428.260000
431.480000
434.700000
437.920000
441.140000
444.360000
447.580000
450.800000
454.020000
457.240000
460.460000
463.680000
466.900000
470.120000
473.340000
476.560000
479.780000
483.000000
486.220000
489.440000
492.660000
495.880000
499.100000
502.320000
505.540000
508.760000
511.980000
515.200000
518.420000
521.640000
524.860000
528.080000
531.300000
534.520000
537.740000
540.960000
544.180000
547.400000
550.620000
553.840000
557.060000
560.280000
563.500000
566.720000
569.940000
573.160000
576.380000
579.600000
582.820000
586.040000
589.260000
592.480000
595.700000
598.920000
602.140000
605.360000
608.580000
611.800000
615.020000
618.240000
621.460000
624.680000
627.900000
631.120000
634.340000
637.560000
640.780000
644.000000
647.220000
650.440000
653.660000
656.880000
660.100000
663.320000
666.540000
669.760000
672.980000
676.200000
679.420000
682.640000
685.860000
689.080000
692.300000
695.520000
698.740000
701.960000
705.180000
708.400000
711.620000
714.840000
718.060000
721.280000
724.500000
727.720000
730.940000
734.160000
737.380000
740.600000
743.820000
747.040000
750.260000
753.480000
756.700000
759.920000
763.140000
766.360000
769.580000
772.800000
776.020000
779.240000
782.460000
785.680000
788.900000
792.120000
795.340000
798.560000
801.780000
805.000000
808.220000
811.440000
814.660000
817.880000
821.100000
824.320000
827.540000
830.760000
833.980000
837.200000
840.420000
843.640000
846.860000
850.080000
853.300000
856.520000
859.740000
862.960000
866.180000
869.400000
872.620000
875.840000
879.060000
882.280000
885.500000
888.720000
891.940000
895.160000
898.380000
901.600000
904.820000
908.040000
911.260000
914.480000
917.700000
920.920000
924.140000
927.360000
930.580000
933.800000
937.020000
940.240000
943.460000
946.680000
949.900000
953.120000
956.340000
959.560000
962.780000
966.000000
969.220000
972.440000
975.660000
978.880000
982.100000
985.320000
988.540000
991.760000
994.980000
998.200000
1001.420000
1004.640000
1007.860000
1011.080000
1014.300000
1017.520000
1020.740000
1023.960000
1027.180000
1030.400000
1033.620000
1036.840000
1040.060000
1043.280000
1046.500000
1049.720000
1052.940000
1056.160000
1059.380000
1062.600000
1065.820000
1069.040000
1072.260000
1075.480000
1078.700000
1081.920000
1085.140000
1088.360000
1091.580000
1094.800000
1098.020000
1101.240000
1104.460000
1107.680000
1110.900000
1114.120000
1117.340000
1120.560000
1123.780000
1127.000000
1130.220000
1133.440000
1136.660000
1139.880000
1143.100000
1146.320000
1149.540000
1152.760000
1155.980000
1159.200000
1162.420000
1165.640000
1168.860000
1172.080000
1175.300000
1178.520000
1181.740000
1184.960000
1188.180000
1191.400000
1194.620000
1197.840000
1201.060000
1204.280000
1207.500000
1210.720000
1213.940000
1217.160000
1220.380000
1223.600000
1226.820000
1230.040000
1233.260000
1236.480000
1239.700000
1242.920000
1246.140000
1249.360000
1252.580000
1255.800000
1259.020000
1262.240000
1265.460000
1268.680000
1271.900000
1275.120000
1278.340000
1281.560000
1284.780000
1288.000000
1291.220000
1294.440000
1297.660000
1300.880000
1304.100000
1307.320000
1310.540000
1313.760000
1316.980000
1320.200000
1323.420000
1326.640000
1329.860000
1333.080000
1336.300000
1339.520000
1342.740000
1345.960000
1349.180000
1352.400000
1355.620000
1358.840000
1362.060000
1365.280000
1368.500000
1371.720000
1374.940000
1378.160000
1381.380000
1384.600000
1387.820000
1391.040000
1394.260000
1397.480000
1400.700000
1403.920000
1407.140000
1410.360000
1413.580000
1416.800000
1420.020000
1423.240000
1426.460000
1429.680000
1432.900000
1436.120000
1439.340000
1442.560000
1445.780000
1449.000000
1452.220000
1455.440000
1458.660000
1461.880000
1465.100000
1468.320000
1471.540000
1474.760000
1477.980000
1481.200000
1484.420000
1487.640000
1490.860000
1494.080000
1497.300000
1500.520000
1503.740000
1506.960000
1510.180000
1513.400000
1516.620000
1519.840000
1523.060000
1526.280000
1529.500000
1532.720000
1535.940000
1539.160000
1542.380000
1545.600000
1548.820000
1552.040000
1555.260000
1558.480000
1561.700000
1564.920000
1568.140000
1571.360000
1574.580000
1577.800000
1581.020000
1584.240000
1587.460000
1590.680000
1593.900000
1597.120000
1600.340000
1603.560000
1606.780000
1610.000000
1613.220000
1616.440000
1619.660000
1622.880000
1626.100000
1629.320000
1632.540000
1635.760000
1638.980000
1642.200000
1645.420000
1648.640000
1651.860000
1655.080000
1658.300000
1661.520000
1664.740000
1667.960000
1671.180000
1674.400000
1677.620000
1680.840000
1684.060000
1687.280000
1690.500000
1693.720000
1696.940000
1700.160000
1703.380000
1706.600000
1709.820000
1713.040000
1716.260000
1719.480000
1722.700000
1725.920000
1729.140000
1732.360000
1735.580000
1738.800000
1742.020000
1745.240000
1748.460000
1751.680000
1754.900000
1758.120000
1761.340000
1764.560000
1767.780000
1771.000000
1774.220000
1777.440000
1780.660000
1783.880000
1787.100000
1790.320000
1793.540000
1796.760000
1799.980000
1803.200000
1806.420000
1809.640000
1812.860000
1816.080000
1819.300000
1822.520000
1825.740000
1828.960000
1832.180000
1835.400000
1838.620000
1841.840000
1845.060000
1848.280000
1851.500000
1854.720000
1857.940000
1861.160000
1864.380000
1867.600000
1870.820000
1874.040000
1877.260000
1880.480000
1883.700000
1886.920000
1890.140000
1893.360000
1896.580000
1899.800000
1903.020000
1906.240000
1909.460000
1912.680000
1915.900000
1919.120000
1922.340000
1925.560000
1928.780000
1932.000000
1935.220000
1938.440000
1941.660000
1944.880000
1948.100000
1951.320000
1954.540000
1957.760000
1960.980000
1964.200000
1967.420000
1970.640000
1973.860000
1977.080000
1980.300000
1983.520000
1986.740000
1989.960000
1993.180000
1996.400000
1999.620000
2002.840000
2006.060000
2009.280000
2012.500000
2015.720000
2018.940000
2022.160000
2025.380000
2028.600000
2031.820000
2035.040000
2038.260000
2041.480000
2044.700000
2047.920000
2051.140000
2054.360000
2057.580000
2060.800000
2064.020000
2067.240000
2070.460000
2073.680000
2076.900000
2080.120000
2083.340000
2086.560000
2089.780000
2093.000000
2096.220000
2099.440000
2102.660000
2105.880000
2109.100000
2112.320000
2115.540000
2118.760000
2121.980000
2125.200000
2128.420000
2131.640000
2134.860000
2138.080000
2141.300000
2144.520000
2147.740000
2150.960000
2154.180000
2157.400000
2160.620000
2163.840000
2167.060000
2170.280000
2173.500000
2176.720000
2179.940000
2183.160000
2186.380000
2189.600000
2192.820000
2196.040000
2199.260000
2202.480000
2205.700000
2208.920000
2212.140000
2215.360000
2218.580000
2221.800000
2225.020000
2228.240000
2231.460000
2234.680000
2237.900000
2241.120000
2244.340000
2247.560000
2250.780000
2254.000000
2257.220000
2260.440000
2263.660000
2266.880000
2270.100000
2273.320000
2276.540000
2279.760000
2282.980000
2286.200000
2289.420000
2292.640000
2295.860000
2299.080000
2302.300000
2305.520000
2308.740000
2311.960000
2315.180000
2318.400000
2321.620000
2324.840000
2328.060000
2331.280000
2334.500000
2337.720000
2340.940000
2344.160000
2347.380000
2350.600000
2353.820000
2357.040000
2360.260000
2363.480000
2366.700000
2369.920000
2373.140000
2376.360000
2379.580000
2382.800000
2386.020000
2389.240000
2392.460000
2395.680000
2398.900000
2402.120000
2405.340000
2408.560000
2411.780000
2415.000000
2418.220000
2421.440000
2424.660000
2427.880000
2431.100000
2434.320000
2437.540000
2440.760000
2443.980000
2447.200000
2450.420000
2453.640000
2456.860000
2460.080000
2463.300000
2466.520000
2469.740000
2472.960000
2476.180000
2479.400000
2482.620000
2485.840000
2489.060000
2492.280000
2495.500000
2498.720000
2501.940000
2505.160000
2508.380000
2511.600000
2514.820000
2518.040000
2521.260000
2524.480000
2527.700000
2530.920000
2534.140000
2537.360000
2540.580000
2543.800000
2547.020000
2550.240000
2553.460000
2556.680000
2559.900000
2563.120000
2566.340000
2569.560000
2572.780000
2576.000000
2579.220000
2582.440000
2585.660000
2588.880000
2592.100000
2595.320000
2598.540000
2601.760000
2604.980000
2608.200000
2611.420000
2614.640000
2617.860000
2621.080000
2624.300000
2627.520000
2630.740000
2633.960000
2637.180000
2640.400000
2643.620000
2646.840000
2650.060000
2653.280000
2656.500000
2659.720000
2662.940000
2666.160000
2669.380000
2672.600000
2675.820000
2679.040000
2682.260000
2685.480000
2688.700000
2691.920000
2695.140000
2698.360000
2701.580000
2704.800000
2708.020000
2711.240000
2714.460000
2717.680000
2720.900000
2724.120000
2727.340000
2730.560000
2733.780000
2737.000000
2740.220000
2743.440000
2746.660000
2749.880000
2753.100000
2756.320000
2759.540000
2762.760000
2765.980000
2769.200000
2772.420000
2775.640000
2778.860000
2782.080000
2785.300000
2788.520000
2791.740000
2794.960000
2798.180000
2801.400000
2804.620000
2807.840000
2811.060000
2814.280000
2817.500000
2820.720000
2823.940000
2827.160000
2830.380000
2833.600000
2836.820000
2840.040000
2843.260000
2846.480000
2849.700000
2852.920000
2856.140000
2859.360000
2862.580000
2865.800000
2869.020000
2872.240000
2875.460000
2878.680000
2881.900000
2885.120000
2888.340000
2891.560000
2894.780000
2898.000000
2901.220000
2904.440000
2907.660000
2910.880000
2914.100000
2917.320000
2920.540000
2923.760000
2926.980000
2930.200000
2933.420000
2936.640000
2939.860000
2943.080000
2946.300000
2949.520000
2952.740000
2955.960000
2959.180000
2962.400000
2965.620000
2968.840000
2972.060000
2975.280000
2978.500000
2981.720000
2984.940000
2988.160000
2991.380000
2994.600000
2997.820000
3001.040000
3004.260000
3007.480000
3010.700000
3013.920000
3017.140000
3020.360000
3023.580000
3026.800000
3030.020000
3033.240000
3036.460000
3039.680000
3042.900000
3046.120000
3049.340000
3052.560000
3055.780000
3059.000000
3062.220000
3065.440000
3068.660000
3071.880000
3075.100000
3078.320000
3081.540000
3084.760000
3087.980000
3091.200000
3094.420000
3097.640000
3100.860000
3104.080000
3107.300000
3110.520000
3113.740000
3116.960000
3120.180000
3123.400000
3126.620000
3129.840000
3133.060000
3136.280000
3139.500000
3142.720000
3145.940000
3149.160000
3152.380000
3155.600000
3158.820000
3162.040000
3165.260000
3168.480000
3171.700000
3174.920000
3178.140000
3181.360000
3184.580000
3187.800000
3191.020000
3194.240000
3197.460000
3200.680000
3203.900000
3207.120000
3210.340000
3213.560000
3216.780000
3220.000000
