4.327599999999999625e+01
4.606799999999999784e+01
4.885999999999999943e+01
5.165200000000000102e+01
5.444400000000000261e+01
5.723600000000000421e+01
6.002799999999999869e+01
6.281999999999999318e+01
6.561199999999999477e+01
6.840399999999999636e+01
7.119599999999999795e+01
7.398799999999999955e+01
7.678000000000000114e+01
7.957200000000000273e+01
8.236400000000000432e+01
8.515600000000000591e+01
8.794800000000000750e+01
9.073999999999999488e+01
9.353199999999999648e+01
9.632399999999999807e+01
9.911599999999999966e+01
1.019080000000000013e+02
1.047000000000000028e+02
1.074920000000000044e+02
1.102840000000000060e+02
1.130759999999999934e+02
1.158679999999999950e+02
1.186599999999999966e+02
1.214519999999999982e+02
1.242439999999999998e+02
1.270360000000000014e+02
1.298279999999999745e+02
1.326200000000000045e+02
1.354119999999999777e+02
1.382040000000000077e+02
1.409959999999999809e+02
1.437880000000000109e+02
1.465799999999999841e+02
1.493720000000000141e+02
1.521639999999999873e+02
1.549560000000000173e+02
1.577479999999999905e+02
1.605400000000000205e+02
1.633319999999999936e+02
1.661240000000000236e+02
1.689159999999999968e+02
1.717080000000000268e+02
1.745000000000000000e+02
1.772919999999999732e+02
1.800840000000000032e+02
1.828759999999999764e+02
1.856680000000000064e+02
1.884599999999999795e+02
1.912520000000000095e+02
1.940439999999999827e+02
1.968360000000000127e+02
1.996279999999999859e+02
2.024200000000000159e+02
2.052119999999999891e+02
2.080040000000000191e+02
2.107959999999999923e+02
2.135880000000000223e+02
2.163799999999999955e+02
2.191720000000000255e+02
2.219639999999999986e+02
2.247560000000000002e+02
2.275480000000000018e+02
2.303399999999999750e+02
2.331320000000000050e+02
2.359239999999999782e+02
2.387160000000000082e+02
2.415079999999999814e+02
2.443000000000000114e+02
2.470919999999999845e+02
2.498840000000000146e+02
2.526759999999999877e+02
2.554679999999999893e+02
2.582599999999999909e+02
2.610520000000000209e+02
2.638439999999999941e+02
2.666359999999999673e+02
2.694279999999999973e+02
2.722200000000000273e+02
2.750120000000000005e+02
2.778039999999999736e+02
2.805960000000000036e+02
2.833880000000000337e+02
2.861800000000000068e+02
2.889719999999999800e+02
2.917640000000000100e+02
2.945560000000000400e+02
2.973480000000000132e+02
3.001399999999999864e+02
3.029320000000000164e+02
3.057239999999999895e+02
3.085159999999999627e+02
3.113079999999999927e+02
3.141000000000000227e+02
3.168919999999999959e+02
3.196839999999999691e+02
3.224759999999999991e+02
3.252680000000000291e+02
3.280600000000000023e+02
3.308519999999999754e+02
3.336440000000000055e+02
3.364360000000000355e+02
3.392280000000000086e+02
3.420199999999999818e+02
3.448120000000000118e+02
3.476040000000000418e+02
3.503959999999999582e+02
3.531879999999999882e+02
3.559800000000000182e+02
3.587719999999999914e+02
3.615639999999999645e+02
3.643559999999999945e+02
3.671480000000000246e+02
3.699399999999999977e+02
3.727319999999999709e+02
3.755240000000000009e+02
3.783160000000000309e+02
3.811080000000000041e+02
3.838999999999999773e+02
3.866920000000000073e+02
3.894840000000000373e+02
3.922760000000000105e+02
3.950679999999999836e+02
3.978600000000000136e+02
4.006519999999999868e+02
4.034439999999999600e+02
4.062359999999999900e+02
4.090280000000000200e+02
4.118199999999999932e+02
4.146119999999999663e+02
4.174039999999999964e+02
4.201960000000000264e+02
4.229879999999999995e+02
4.257799999999999727e+02
4.285720000000000027e+02
4.313640000000000327e+02
4.341560000000000059e+02
4.369479999999999791e+02
4.397400000000000091e+02
4.425320000000000391e+02
4.453240000000000123e+02
4.481159999999999854e+02
4.509080000000000155e+02
4.536999999999999886e+02
4.564919999999999618e+02
4.592839999999999918e+02
4.620760000000000218e+02
4.648679999999999950e+02
4.676599999999999682e+02
4.704519999999999982e+02
4.732440000000000282e+02
4.760360000000000014e+02
4.788279999999999745e+02
4.816200000000000045e+02
4.844120000000000346e+02
4.872040000000000077e+02
4.899959999999999809e+02
4.927880000000000109e+02
4.955800000000000409e+02
4.983719999999999573e+02
5.011639999999999873e+02
5.039560000000000173e+02
5.067479999999999905e+02
5.095399999999999636e+02
5.123319999999999936e+02
5.151240000000000236e+02
5.179159999999999400e+02
5.207080000000000837e+02
5.235000000000000000e+02
5.262919999999999163e+02
5.290840000000000600e+02
5.318759999999999764e+02
5.346680000000000064e+02
5.374600000000000364e+02
5.402519999999999527e+02
5.430440000000000964e+02
5.458360000000000127e+02
5.486279999999999291e+02
5.514200000000000728e+02
5.542119999999999891e+02
5.570039999999999054e+02
5.597960000000000491e+02
5.625879999999999654e+02
5.653799999999999955e+02
5.681720000000000255e+02
5.709639999999999418e+02
5.737560000000000855e+02
5.765480000000000018e+02
5.793399999999999181e+02
5.821320000000000618e+02
5.849239999999999782e+02
5.877160000000000082e+02
5.905080000000000382e+02
5.932999999999999545e+02
5.960920000000000982e+02
5.988840000000000146e+02
6.016759999999999309e+02
6.044680000000000746e+02
6.072599999999999909e+02
6.100519999999999072e+02
6.128440000000000509e+02
6.156359999999999673e+02
6.184279999999999973e+02
6.212200000000000273e+02
6.240119999999999436e+02
6.268040000000000873e+02
6.295960000000000036e+02
6.323879999999999200e+02
6.351800000000000637e+02
6.379719999999999800e+02
6.407640000000000100e+02
6.435560000000000400e+02
6.463479999999999563e+02
6.491399999999999864e+02
6.519320000000000164e+02
6.547239999999999327e+02
6.575160000000000764e+02
6.603079999999999927e+02
6.630999999999999091e+02
6.658920000000000528e+02
6.686839999999999691e+02
6.714759999999999991e+02
6.742680000000000291e+02
6.770599999999999454e+02
6.798520000000000891e+02
6.826440000000000055e+02
6.854359999999999218e+02
6.882280000000000655e+02
6.910199999999999818e+02
6.938120000000000118e+02
6.966040000000000418e+02
6.993959999999999582e+02
7.021879999999999882e+02
7.049800000000000182e+02
7.077719999999999345e+02
7.105640000000000782e+02
7.133559999999999945e+02
7.161479999999999109e+02
7.189400000000000546e+02
7.217319999999999709e+02
7.245240000000000009e+02
7.273160000000000309e+02
7.301079999999999472e+02
7.329000000000000909e+02
7.356920000000000073e+02
7.384839999999999236e+02
7.412760000000000673e+02
7.440679999999999836e+02
7.468600000000000136e+02
7.496520000000000437e+02
7.524439999999999600e+02
7.552359999999999900e+02
7.580280000000000200e+02
7.608199999999999363e+02
7.636120000000000800e+02
7.664039999999999964e+02
7.691959999999999127e+02
7.719880000000000564e+02
7.747799999999999727e+02
7.775720000000000027e+02
7.803640000000000327e+02
7.831559999999999491e+02
7.859480000000000928e+02
7.887400000000000091e+02
7.915319999999999254e+02
7.943240000000000691e+02
7.971159999999999854e+02
7.999079999999999018e+02
8.027000000000000455e+02
8.054919999999999618e+02
8.082839999999999918e+02
8.110760000000000218e+02
8.138679999999999382e+02
8.166600000000000819e+02
8.194519999999999982e+02
8.222439999999999145e+02
8.250360000000000582e+02
8.278279999999999745e+02
8.306200000000000045e+02
8.334120000000000346e+02
8.362039999999999509e+02
8.389960000000000946e+02
8.417880000000000109e+02
8.445799999999999272e+02
8.473720000000000709e+02
8.501639999999999873e+02
8.529559999999999036e+02
8.557480000000000473e+02
8.585399999999999636e+02
8.613319999999999936e+02
8.641240000000000236e+02
8.669159999999999400e+02
8.697080000000000837e+02
8.725000000000000000e+02
8.752919999999999163e+02
8.780840000000000600e+02
8.808759999999999764e+02
8.836680000000000064e+02
8.864600000000000364e+02
8.892519999999999527e+02
8.920440000000000964e+02
8.948360000000000127e+02
8.976279999999999291e+02
9.004200000000000728e+02
9.032119999999999891e+02
9.060039999999999054e+02
9.087960000000000491e+02
9.115879999999999654e+02
9.143799999999999955e+02
9.171720000000000255e+02
9.199639999999999418e+02
9.227560000000000855e+02
9.255480000000000018e+02
9.283399999999999181e+02
9.311320000000000618e+02
9.339239999999999782e+02
9.367160000000000082e+02
9.395080000000000382e+02
9.422999999999999545e+02
9.450920000000000982e+02
9.478840000000000146e+02
9.506759999999999309e+02
9.534680000000000746e+02
9.562599999999999909e+02
9.590519999999999072e+02
9.618440000000000509e+02
9.646359999999999673e+02
9.674279999999999973e+02
9.702200000000000273e+02
9.730119999999999436e+02
9.758040000000000873e+02
9.785960000000000036e+02
9.813879999999999200e+02
9.841800000000000637e+02
9.869719999999999800e+02
9.897640000000000100e+02
9.925560000000000400e+02
9.953479999999999563e+02
9.981399999999999864e+02
1.000932000000000016e+03
1.003723999999999933e+03
1.006516000000000076e+03
1.009307999999999993e+03
1.012099999999999909e+03
1.014892000000000053e+03
1.017683999999999969e+03
1.020475999999999999e+03
1.023268000000000029e+03
1.026059999999999945e+03
1.028851999999999862e+03
1.031644000000000005e+03
1.034436000000000149e+03
1.037228000000000065e+03
1.040019999999999982e+03
1.042811999999999898e+03
1.045604000000000042e+03
1.048395999999999958e+03
1.051188000000000102e+03
1.053980000000000018e+03
1.056771999999999935e+03
1.059563999999999851e+03
1.062355999999999995e+03
1.065148000000000138e+03
1.067940000000000055e+03
1.070731999999999971e+03
1.073523999999999887e+03
1.076316000000000031e+03
1.079107999999999947e+03
1.081900000000000091e+03
1.084692000000000007e+03
1.087483999999999924e+03
1.090276000000000067e+03
1.093067999999999984e+03
1.095860000000000127e+03
1.098652000000000044e+03
1.101443999999999960e+03
1.104235999999999876e+03
1.107028000000000020e+03
1.109819999999999936e+03
1.112612000000000080e+03
1.115403999999999996e+03
1.118195999999999913e+03
1.120988000000000056e+03
1.123779999999999973e+03
1.126572000000000116e+03
1.129364000000000033e+03
1.132155999999999949e+03
1.134947999999999865e+03
1.137740000000000009e+03
1.140532000000000153e+03
1.143324000000000069e+03
1.146115999999999985e+03
1.148907999999999902e+03
1.151700000000000045e+03
1.154491999999999962e+03
1.157284000000000106e+03
1.160076000000000022e+03
1.162867999999999938e+03
1.165659999999999854e+03
1.168451999999999998e+03
1.171244000000000142e+03
1.174036000000000058e+03
1.176827999999999975e+03
1.179619999999999891e+03
1.182412000000000035e+03
1.185203999999999951e+03
1.187996000000000095e+03
1.190788000000000011e+03
1.193579999999999927e+03
1.196372000000000071e+03
1.199163999999999987e+03
1.201956000000000131e+03
1.204748000000000047e+03
1.207539999999999964e+03
1.210331999999999880e+03
1.213124000000000024e+03
1.215915999999999940e+03
1.218708000000000084e+03
1.221500000000000000e+03
1.224291999999999916e+03
1.227084000000000060e+03
1.229875999999999976e+03
1.232668000000000120e+03
1.235460000000000036e+03
1.238251999999999953e+03
1.241043999999999869e+03
1.243836000000000013e+03
1.246627999999999929e+03
1.249420000000000073e+03
1.252211999999999989e+03
1.255003999999999905e+03
1.257796000000000049e+03
1.260587999999999965e+03
1.263380000000000109e+03
1.266172000000000025e+03
1.268963999999999942e+03
1.271755999999999858e+03
1.274548000000000002e+03
1.277340000000000146e+03
1.280132000000000062e+03
1.282923999999999978e+03
1.285715999999999894e+03
1.288508000000000038e+03
1.291299999999999955e+03
1.294092000000000098e+03
1.296884000000000015e+03
1.299675999999999931e+03
1.302467999999999847e+03
1.305259999999999991e+03
1.308052000000000135e+03
1.310844000000000051e+03
1.313635999999999967e+03
1.316427999999999884e+03
1.319220000000000027e+03
1.322011999999999944e+03
1.324804000000000087e+03
1.327596000000000004e+03
1.330387999999999920e+03
1.333180000000000064e+03
1.335971999999999980e+03
1.338764000000000124e+03
1.341556000000000040e+03
1.344347999999999956e+03
1.347139999999999873e+03
1.349932000000000016e+03
1.352723999999999933e+03
1.355516000000000076e+03
1.358307999999999993e+03
1.361099999999999909e+03
1.363892000000000053e+03
1.366683999999999969e+03
1.369476000000000113e+03
1.372268000000000029e+03
1.375059999999999945e+03
1.377851999999999862e+03
1.380644000000000005e+03
1.383436000000000149e+03
1.386228000000000065e+03
1.389019999999999982e+03
1.391811999999999898e+03
1.394604000000000042e+03
1.397395999999999958e+03
1.400188000000000102e+03
1.402980000000000018e+03
1.405771999999999935e+03
1.408563999999999851e+03
1.411355999999999995e+03
1.414148000000000138e+03
1.416940000000000055e+03
1.419731999999999971e+03
1.422523999999999887e+03
1.425316000000000031e+03
1.428107999999999947e+03
1.430900000000000091e+03
1.433692000000000007e+03
1.436483999999999924e+03
1.439276000000000067e+03
1.442067999999999984e+03
1.444860000000000127e+03
1.447652000000000044e+03
1.450443999999999960e+03
1.453235999999999876e+03
1.456028000000000020e+03
1.458819999999999936e+03
1.461612000000000080e+03
1.464403999999999996e+03
1.467195999999999913e+03
1.469988000000000056e+03
1.472779999999999973e+03
1.475572000000000116e+03
1.478364000000000033e+03
1.481155999999999949e+03
1.483947999999999865e+03
1.486740000000000009e+03
1.489532000000000153e+03
1.492324000000000069e+03
1.495115999999999985e+03
1.497907999999999902e+03
1.500700000000000045e+03
1.503491999999999962e+03
1.506284000000000106e+03
1.509076000000000022e+03
1.511867999999999938e+03
1.514659999999999854e+03
1.517451999999999998e+03
1.520244000000000142e+03
1.523036000000000058e+03
1.525827999999999975e+03
1.528619999999999891e+03
1.531412000000000035e+03
1.534203999999999951e+03
1.536996000000000095e+03
1.539788000000000011e+03
1.542579999999999927e+03
1.545372000000000071e+03
1.548163999999999987e+03
1.550956000000000131e+03
1.553748000000000047e+03
1.556539999999999964e+03
1.559331999999999880e+03
1.562124000000000024e+03
1.564915999999999940e+03
1.567708000000000084e+03
1.570500000000000000e+03
1.573291999999999916e+03
1.576084000000000060e+03
1.578875999999999976e+03
1.581668000000000120e+03
1.584460000000000036e+03
1.587251999999999953e+03
1.590043999999999869e+03
1.592836000000000013e+03
1.595627999999999929e+03
1.598420000000000073e+03
1.601211999999999989e+03
1.604003999999999905e+03
1.606796000000000049e+03
1.609587999999999965e+03
1.612380000000000109e+03
1.615172000000000025e+03
1.617963999999999942e+03
1.620755999999999858e+03
1.623548000000000002e+03
1.626340000000000146e+03
1.629132000000000062e+03
1.631923999999999978e+03
1.634715999999999894e+03
1.637508000000000038e+03
1.640299999999999955e+03
1.643092000000000098e+03
1.645884000000000015e+03
1.648675999999999931e+03
1.651467999999999847e+03
1.654259999999999991e+03
1.657052000000000135e+03
1.659844000000000051e+03
1.662635999999999967e+03
1.665427999999999884e+03
1.668220000000000027e+03
1.671011999999999944e+03
1.673804000000000087e+03
1.676596000000000004e+03
1.679387999999999920e+03
1.682180000000000064e+03
1.684971999999999980e+03
1.687764000000000124e+03
1.690556000000000040e+03
1.693347999999999956e+03
1.696139999999999873e+03
1.698932000000000016e+03
1.701723999999999933e+03
1.704516000000000076e+03
1.707307999999999993e+03
1.710099999999999909e+03
1.712892000000000053e+03
1.715683999999999969e+03
1.718476000000000113e+03
1.721268000000000029e+03
1.724059999999999945e+03
1.726851999999999862e+03
1.729644000000000005e+03
1.732436000000000149e+03
1.735228000000000065e+03
1.738019999999999982e+03
1.740811999999999898e+03
1.743604000000000042e+03
1.746395999999999958e+03
1.749188000000000102e+03
1.751980000000000018e+03
1.754771999999999935e+03
1.757563999999999851e+03
1.760355999999999995e+03
1.763148000000000138e+03
1.765940000000000055e+03
1.768731999999999971e+03
1.771523999999999887e+03
1.774316000000000031e+03
1.777107999999999947e+03
1.779900000000000091e+03
1.782692000000000007e+03
1.785483999999999924e+03
1.788276000000000067e+03
1.791067999999999984e+03
1.793860000000000127e+03
1.796652000000000044e+03
1.799443999999999960e+03
1.802235999999999876e+03
1.805028000000000020e+03
1.807819999999999936e+03
1.810612000000000080e+03
1.813403999999999996e+03
1.816195999999999913e+03
1.818988000000000056e+03
1.821779999999999973e+03
1.824572000000000116e+03
1.827364000000000033e+03
1.830155999999999949e+03
1.832947999999999865e+03
1.835740000000000009e+03
1.838532000000000153e+03
1.841324000000000069e+03
1.844115999999999985e+03
1.846907999999999902e+03
1.849700000000000045e+03
1.852491999999999962e+03
1.855284000000000106e+03
1.858076000000000022e+03
1.860867999999999938e+03
1.863659999999999854e+03
1.866451999999999998e+03
1.869244000000000142e+03
1.872036000000000058e+03
1.874827999999999975e+03
1.877619999999999891e+03
1.880412000000000035e+03
1.883203999999999951e+03
1.885996000000000095e+03
1.888788000000000011e+03
1.891579999999999927e+03
1.894372000000000071e+03
1.897163999999999987e+03
1.899956000000000131e+03
1.902748000000000047e+03
1.905539999999999964e+03
1.908331999999999880e+03
1.911124000000000024e+03
1.913915999999999940e+03
1.916708000000000084e+03
1.919500000000000000e+03
1.922291999999999916e+03
1.925084000000000060e+03
1.927875999999999976e+03
1.930668000000000120e+03
1.933460000000000036e+03
1.936251999999999953e+03
1.939043999999999869e+03
1.941836000000000013e+03
1.944627999999999929e+03
1.947420000000000073e+03
1.950211999999999989e+03
1.953003999999999905e+03
1.955796000000000049e+03
1.958587999999999965e+03
1.961380000000000109e+03
1.964172000000000025e+03
1.966963999999999942e+03
1.969755999999999858e+03
1.972548000000000002e+03
1.975340000000000146e+03
1.978132000000000062e+03
1.980923999999999978e+03
1.983715999999999894e+03
1.986508000000000038e+03
1.989299999999999955e+03
1.992092000000000098e+03
1.994884000000000015e+03
1.997675999999999931e+03
2.000467999999999847e+03
2.003259999999999991e+03
2.006052000000000135e+03
2.008844000000000051e+03
2.011635999999999967e+03
2.014427999999999884e+03
2.017220000000000027e+03
2.020011999999999944e+03
2.022804000000000087e+03
2.025596000000000004e+03
2.028387999999999920e+03
2.031180000000000064e+03
2.033971999999999980e+03
2.036764000000000124e+03
2.039556000000000040e+03
2.042347999999999956e+03
2.045139999999999873e+03
2.047932000000000016e+03
2.050724000000000160e+03
2.053515999999999622e+03
2.056307999999999993e+03
2.059100000000000364e+03
2.061891999999999825e+03
2.064684000000000196e+03
2.067475999999999658e+03
2.070268000000000029e+03
2.073060000000000400e+03
2.075851999999999862e+03
2.078644000000000233e+03
2.081435999999999694e+03
2.084228000000000065e+03
2.087019999999999982e+03
2.089811999999999898e+03
2.092604000000000269e+03
2.095395999999999731e+03
2.098188000000000102e+03
2.100980000000000018e+03
2.103771999999999935e+03
2.106564000000000306e+03
2.109355999999999767e+03
2.112148000000000138e+03
2.114939999999999600e+03
2.117731999999999971e+03
2.120524000000000342e+03
2.123315999999999804e+03
2.126108000000000175e+03
2.128899999999999636e+03
2.131692000000000007e+03
2.134484000000000378e+03
2.137275999999999840e+03
2.140068000000000211e+03
2.142859999999999673e+03
2.145652000000000044e+03
2.148443999999999960e+03
2.151235999999999876e+03
