10917408530389252
81870528313004400
35423279106226452
19631291363441492
12381752254402992
8459071344336550
6219913926765750
4774386589885224
3745645427107034
3053659069239148
2550303716107007
2160585831082034
1863925093538645
1666502020543093
1482438560184690
1348334039939665
1211379410313079
1098455856647447
999880387912378
944627251754687
868539279012168
809614215633221
768317210393327
726616088741231
696060748356426
639117036130701
608160842085360
587677068690196
555756511993531
537585434336192
510679732290956
488461032248287
468270390157928
454412628532397
444235076641344
422129551893699
394019904814904
394414191496407
382660523217900
359841111054798
349994049932349
351821821780131
326844331719904
329594858958504
313421815478650
314178283803625
299135930524615
282964000580796
296473855316945
283672224992552
273002028974385
264726325151335
255590715267276
251508247189231
243289207372134
246230733049928
232262530973029
229120872764802
217023567825975
226112153554315
221493763610634
220279809943238
210492339663946
203162474547830
203503811748144
198705036823965
190938911066983
199185732506863
182607115876211
178628190121138
187073091181287
170269751643714
177740082897998
174268492670763
172167476823152
170656576062280
163493495838316
157051763804822
161821531521296
157110555306233
150299808307367
149222357355995
148502070616939
150013287207813
142332232903657
140532164559659
138033864329596
139978700666943
133480559264657
131709460538313
131900997458480
131560970513693
131087649344823
128106066058811
119171179266086
124290932084039
117535250158803
121132097839221
111056205018654
114775003583659
109917518950021
111216201016211
110562884917991
107748900903595
108002120470600
103353370876170
99002282563904
106719512219337
100640993215210
107235808761631
98607279044688
103620855313003
98427204312701
96888657967003
94748081279068
94502770513046
88580718023862
99429658520036
92881368296250
90325058799220
82741921935120
86806265967390
90152572426995
84258066493807
82260486863018
79705409451201
75786958804079
77676116493937
78756854556839
73500492392399
78825331487954
72829068846872
71785389250435
72333963501302
73076104566315
69604447529386
70446246300423
67249452374352
69970018898866
75988108445289
73926908521789
67163520667438
61887049215654
63811082289549
64575441281050
63909090369474
61846654064943
64842091788557
60440281374405
59325695116835
61552048555654
63384972369169
56380197862175
58759485619270
55074465407980
57777719305271
55480449620766
55364700450187
58689516075696
54559607771713
57702198599228
48907505129195
53079892190067
50792606144578
53982884127143
53390623877389
48164112070673
46221708156476
46973313297719
51226046348230
46382415365813
45607295628062
43810543154741
43312648295659
49234165034021
44582056686832
48429945906121
44505602018811
46834398837936
44532781004321
37871038492249
40025560688447
40888300304907
39464301423039
38410143730092
37102308485897
39780763012042
40214769936410
39248882459241
37709597355647
32108940159254
38067569789118
36032931137456
37958879371105
32891986452054
34340805577929
29140292967199
35908137242203
33145402630969
29010210262133
33107280522552
32955701834459
32254787447143
28319760323710
30752045432310
30404774932845
31474784030013
28083830904064
29035389926759
29198962223920
31276235072527
27839665094963
28088914564636
26240349953464
24354981057458
28914524639507
28677102704230
25525317343519
24932635127517
26021043061064
25014594479399
24174020989824
25892762589537
27207884708396
25462886324536
25484121752281
23623142215726
23236184744708
24243940017904
21736808900437
24809582652709
21631542247806
23381665131518
18819923107848
19081734467566
18629123263803
23881464347872
21239793531286
21404506652033
19416580031016
20038857723946
18662698670047
18191849188342
20735899313061
20304361775401
18169407025027
18219582402235
15965621245113
18458106883950
16634755080621
16850341703421
19039668846163
16831363809518
17506248526092
15669992132333
16411367742724
15307601789055
16332116150422
15817759435342
15167268833443
16173350164542
15873838588361
11303994462222
15891505344986
14840955252541
14410726743615
14854079900745
15642735148680
13559407278905
11688717937192
12185458224035
12503853662007
13520394492072
12440543195228
10848791953158
8579496877072
12656726518691
10202031813151
10893467827009
11351543298665
8271068368528
11438641348233
12355906605337
9909135746669
11350765246884
10114669348693
10990561380636
7462514474536
10729189780340
10985527980344
10945523574798
9188552646424
7236245374776
8978461363305
9192389877678
10111060732226
8904462118700
8145240858727
7423967239290
7767563185104
9905040493119
8348916675827
8544688845879
6124370049592
8580804196610
9592965274478
7780263001526
8107703208964
7837049976290
7512251192557
5961110090923
6636662500921
7514880029174
6394293406015
6781544477215
6922688132589
5751288978800
6101568605335
7335234867521
6188110821688
7304559760187
6173056394265
5269756531596
4478177737181
4021387262141
5550209613197
6178572562868
5184240361521
5840286735035
5382962190712
4880624897684
4608658897436
5297514183999
6523675330055
5613534137909
6340689629172
6048558975104
4244200539760
5595937145293
5559164472229
5123642263658
4755836805232
4591295003635
5619271076673
3658351253884
4575193084359
3581749323246
4401249964568
3337852169889
4230675094441
4726047156668
4391344700970
3329935736810
3784025396216
3147567703630
3296934391827
3417138140011
3163003319128
2061992508207
4411120174246
3547236632410
4132458869847
2748139964546
4523295075561
3090802363435
3007289429664
4134685048765
2869268176860
2492374664172
3764096146278
2971359231868
3250626175946
3680443636172
1784549961581
2519267882749
1966284476071
1598471641964
2171602962666
2834793956296
2194713556212
3343869893222
3339887301206
1965566687012
2494778143333
1792528074188
3077117956295
2178305339085
2714302194645
2769539457222
2454644715443
1848342553222
1852166273515
3263639220904
2474920067392
1336632165874
1987619092113
2712343359445
2302109315949
2580701258307
2044421118445
1533507516006
1495973656789
2785649407636
1538651094058
1785242775291
2009927756660
1673430734766
1468976558862
1396408549626
718740607636
2809859253733
2056787370764
1840811651468
1222921428768
1667428681536
1000098133175
955719421630
1210540685393
1994130715162
1473243443267
1039464584624
2016346955954
891157880223
1559194505341
982567324880
1208339212331
1643101108809
1097334263943
1550512072842
1344305982429
2179970469287
1028844345263
629492020883
985345354767
1129967343194
973636474604
1133842279375
1096419388244
637221913541
805729385921
1559390523493
745980248417
1487124873300
1157662307407
780485451246
310637822763
568739479259
873496758406
388389965803
746560354262
947953519987
534758461222
1304990490869
736181742073
910197666569
915975617349
614176317751
1204171519454
328948891354
353586513319
668833722556
774925300259
354064047771
160585047858
189136978361
910109207371
621733539840
712918163196
979532705656
545848961146
1105630333640
1107247197604
158414124533
152393304716
501953451873
347966191550
600168651892
199277914768
239204284851
506267969196
653988261221
775882485692
854582485743
656613263008
393851161220
314246308439
601876069024
463483165089
488815263102
601969681031
450126488919
940454366422
450126488919
400321617191
166740897011
485959155444
300084325946
585472705470
464803173837
336253407908
6186465662
216735022005
304354501472
309897188136
459504857699
217952484868
621768282233
310794398029
471954360034
618831704152
302186734469
281498726857
83150878045
2028017604
32064826194
561394374823
460828554202
306877228727
325723956955
452555301304
189303619752
160546232368
168803870177
460480215903
459542267683
89134563491
172393749072
231480928118
7735910476
150042162973
328343249658
203777442489
300084325946
42084604488
3653144704
318369666202
34940497359
601883710643
5397785759
451820419770
163680204713
600168651892
156481392028
0
470968498035
292827239893
26276685583
0
0
152106877748
7966339169
192389386854
161513523678
3155781942
154012083674
310346241945
28211585702
150042162973
299922034081
152044698756
149464084393
71734457037
150042162973
0
13573429024
7587538852
152601237147
302535814213
159534392423
150042162973
31568239461
233108487030
0
300084325946
5480191583
153571144466
15837410958
2230829590
3457975708
20903938464
165059496542
2829172922
158177454799
151302654503
150042162973
0
0
6800173402
450126488919
21369273727
2417635173
0
21357652358
106582532511
2677324713
0
150042162973
239396109811
154681103659
150042162973
9436568222
208921166009
21846277996
0
159663992307
2084273934
180686991477
3260897954
0
1622812473
0
4763002877
112927236774
45771239209
0
4261481709
0
0
1779631438
9079228616
0
156470962086
0
65009948435
334755288469
151695915067
6241803433
157307629454
57980143144
3862270950
152643244458
150042162973
143066571730
1789510713
1622972264
152530072780
3043582290
37781434300
44528721712
0
162476443887
4604602965
147497210702
0
1868765886
28390554853
151871406360
0
150042162973
0
0
223229938685
0
156010167736
0
0
0
150042162973
0
0
0
0
0
150042162973
4146042107
12231430285
1850231729
12945895013
29679293478
2920870670
4944950403
0
0
0
0
0
3370292766
0
5885695084
0
2364130742
0
2003654858
0
150042162973
0
0
0
0
5764142637
0
0
0
0
150042162973
0
2174262957
20147205590
0
1618408046
150042162973
0
300084325946
150042162973
0
0
69053833228
2037340066
0
0
0
102199979533
0
142468252280
139800872128
150042162973
0
0
0
3273630539
0
0
0
0
5968004763
2803020130
150042162973
4058492518
0
0
0
0
0
2040266707
0
150042162973
0
0
0
0
0
2128162916
0
0
0
0
0
0
1785787762
155306864031
2490091398
150042162973
0
2070753247
1738540297
150042162973
0
0
14199717706
0
0
0
0
0
0
0
0
0
0
0
0
0
150042162973
4770356460
0
0
0
0
0
0
0
6424986090
0
0
0
0
0
0
0
0
150042162973
0
0
150042162973
0
0
0
0
0
0
0
0
0
0
0
0
0
0
0
0
0
0
0
0
0
0
0
0
0
0
150042162973
0
0
0
0
0
0
0
0
0
0
0
0
0
0
0
0
0
0
0
0
0
0
0
0
0
0
0
0
0
0
0
0
0
0
0
0
0
0
0
0
0
0
0
0
150042162973
0
0
0
0
150042162973
0
0
0
0
0
0
0
0
0
0
0
0
0
0
0
0
0
0
0
0
0
0
0
0
0
0
0
0
0
0
0
0
0
0
0
0
0
0
0
0
0
0
0
0
0
0
0
0
0
0
0
0
0
0
0
0
0
0
0
0
0
0
0
0
0
0
0
0
0
0
0
0
0
0
0
0
0
0
0
0
0
0
0
0
0
0
0
0
0
0
0
0
0
0
0
0
0
0
0
0
0
0
0
0
0
0
0
0
0
0
0
0
0
0
0
0
0
0
0
0
0
0
0
0
0
0
0
0
0
