0
3141207634751220
7072654748547893
2657202560324058
1311250900347343
796883834986432
547506146761924
410867776500960
320666680009931
272537774918739
220169035204848
181314121045666
156424590871701
129972475846325
121806379535812
108168909098879
96501357700888
86964563302684
81911717293898
72096819530865
66980504701246
62338967192840
56883987511971
57096890114607
50382499213790
48392222047995
45382477051361
44074351349795
41638169721470
38099281583684
38568118610035
34555161260878
33911389396399
34883479049725
32748721046571
30221208102886
28977047981376
29996887413982
28313528235988
26991445240736
24840079834631
26938554105896
24250702334818
24275103182469
21352168628299
25558678507412
20217820375001
22715168209025
22498301635839
19741298019950
19160786559251
22526948040173
18674439313276
18871116949305
18079241204657
17220199304700
18298758369494
18316596431628
16606671039665
16327503175212
16929992321899
15857500201313
14508073651663
17312155461762
16481264047037
13738245531510
13713238835383
14408888768768
13128655117060
14820688700379
13069945738197
13763301563791
12016219273260
11280159259389
11797087298210
11221864913848
12161147686830
11097365259149
11760540940947
10352024111858
10949638849552
11907336827060
9548232607866
11106995004338
11610514076702
11495671922922
9985343808595
8552993426583
8608550870030
9885677751483
8988665606921
8939139758464
8181546419557
9394573829007
9936327699815
8338370604091
8269432197569
7760061073439
7933293175793
9154043873398
7332993053266
7076036088382
6666584864127
7808760814772
7697381928136
10104377256429
7157129383894
5606953495845
6698591938877
7420002904188
6202079782759
7170461457507
6729818940394
6319161823559
5836864907796
5864650673184
5978584383820
5956392406139
5583203333973
6546421094996
5442801230676
5210829344759
5721956401133
4612642989301
5742282641183
5820055141027
5510358513784
5605318473249
4377912372298
5166569542353
4960053375951
5205646067813
4716988814147
3897867732863
3482735128361
4679703620746
4043139587841
4258003555072
3947616654633
4614147413104
4007326477260
4562459130736
4417938713408
4190472967623
4028156403489
3880751312062
2965055658981
4847932277915
3248469117416
3062824833137
4090653788201
3815354940357
3200678150813
3139328042818
2504886446880
2722316739186
3269322183333
2904418844601
3682902181777
2916151490520
1958907143407
3361756875905
3101822653918
2504178044140
2295014250399
2977812816587
2956762482231
2435086867293
2241152949941
2479892380218
1797415546503
2466837103104
2023408481406
1794142478276
2204532880387
2058853475881
1883509355922
2642953700562
2598360344193
2284343976847
2572412821247
2469713916149
1821633295015
1789268202513
3008512050509
1317234164796
1935549883281
2041186242581
2162631474591
1741950799213
1758153389673
2590704473457
1647144913814
2004623085874
1823269421284
1897126247644
1373695373365
1189205053785
1495766610202
1077077676402
2360940087887
1886179865743
1829864486940
1909405891704
1754544074512
782630871829
2462876512221
1323108167997
1764523139581
1328050167851
1381384071089
1155059122149
1235296595547
1144898832284
1506847264771
862562132919
1253215272419
1671482105925
1808140074780
1089687514414
1676501462681
924866786917
809895276082
921089208658
1093559886733
920476460129
2283234283257
1284444527620
1279451118840
697652492048
1821387405151
721983041919
1379354719966
1107887772591
1210874887174
2139888235437
1468777934908
909595008824
667916752391
1564465003342
1386942136444
1381397387477
1248805846927
1409430323397
519413216484
941351902268
875001926909
1096429804117
992672966102
832838155895
1177044041240
635640902055
732174108519
530596696399
475305689827
1501922368102
723246298960
842362793517
907413854040
711660946978
1703029885058
827948266095
1135352149766
1044455240120
1216232673147
688733242637
1560603548312
802732848753
555368752162
635843794829
1104139714814
678956739716
856207250637
510831918234
1314192645557
1006804884220
698836841905
1197569001400
831063483614
963639798791
685851541993
855089256363
1066581009995
208016133353
981546374750
1107585589118
677010566838
835637751423
633350880178
968541686826
656370788960
222809111937
548067885361
51839240361
926007361527
342062767383
329254684832
415345758477
531939258880
579474125002
1010540829691
822904261014
381310744765
1092666547738
448811733050
739245040805
731506573610
409661682745
938721748997
427032241789
485092692046
1151696737038
542895631968
845423759392
477642275403
346617527637
477093231653
327887640533
38207564007
533436155361
411507031349
658192014490
563088426111
254284506218
572107125763
381632722402
167486160566
628807320599
275885904741
1219122146153
439816247266
654531932871
90207505757
619115305693
333234568108
128402832511
180884384697
339540644287
185130789002
181074898253
1348419539802
681122505312
343515364658
331096516686
566841797056
985217333102
373770596984
301563223244
433429240021
162043994538
454779821844
484221994140
404010240486
442843378584
341219281417
339382009945
325440458830
454214707123
192858605899
334636914602
188290840859
628320345207
180260074602
322688212724
912334448346
329083074793
333255031655
474818936965
235233433444
226142127608
471705999598
166479655776
773990019889
327013643968
187417038107
178692096518
323847871463
183065862235
250667043700
274388711113
172263862527
542020182491
39362643930
17914410685
270964603971
330586282547
190869110517
626878258785
316368432415
521088997522
766558124497
174461308694
624041826159
175003202663
865946344306
26524852965
180708242102
509286384796
180981912386
51020430419
360479266206
410131597287
30527254259
201717618871
17220673140
56303273698
21262807284
164478187388
557692443219
40331243423
220877852244
164983357343
151067769254
21682253902
25672534730
307247491446
162909849231
22213389176
11200386685
161302919382
19029373630
166559385685
287926159759
312875066239
220555202151
160665000718
273793254614
321352099751
171035119130
12430255938
17321445177
160407827892
28887869255
419176239013
18651736899
23935765665
165372824456
133070563578
378236630283
73654671493
324273012491
31179242862
167990238415
160353539179
18039591966
159724403126
12515256180
10406794311
160179150737
171680564878
163136714031
166445845088
154369085778
167391439757
164896389432
10348311395
74539186152
5958099531
14212182503
7135225484
311231093965
11617697781
16242238107
11462370530
13376697227
18206629435
6943347214
16530887371
16671769756
13173804969
164227930752
155076755758
11863442071
7056799723
163238686686
315739505806
147318875640
163411142374
156865919588
154037676072
153340985077
157982433545
6738611902
3713759608
10563757145
9126777782
7947207556
11528557043
6398381356
153320570618
157870629157
16397440407
14801465321
7068036081
4311999873
10313953098
15112276791
5423993369
0
9042151305
157170450557
3523103928
8789283290
8702544903
7056571989
6404749989
0
4976633536
5762394913
6479607408
9285588415
5302468073
7248239388
5931782387
153587537383
6067751416
7122148742
7301719928
3793127898
153691173365
7739844410
157372723581
155270243252
155814535960
15162251426
5032965182
8450163507
10731254719
3873583096
3480009539
12447617588
225928428714
13231224774
7781080589
7724242922
3713832160
7941499965
9836642439
1691580360
3393416842
157733452208
0
6009221408
152560088239
1661928964
1655393071
2246110893
6698686845
11734617061
9468913678
156952841482
5365406820
3251098055
158576356900
11324081084
7339334073
10885434781
155335762619
159211953034
7082451469
6638586930
12913904529
61337690712
5220537252
5526579403
9872059271
3618881878
8977102872
3287980798
5005055092
83505442817
3234049448
10226798764
3913933235
2399478910
4045671100
9105768455
5871676127
2812287960
3241621831
153794943792
7392461193
9017365005
1656965204
3442979169
4971733205
11891679997
6653144971
3345151755
3470727105
1826057179
7967001180
1993007715
0
1867290483
2556657206
3897576562
1679849278
3438920831
9551093049
4172749525
5323187028
157717229398
3120156451
5818785099
5541832592
149990319022
2109526545
3833613194
3357128044
1740926712
1621638200
4113208772
6227083602
1614181129
1927787039
0
1862935682
1923263130
3787664856
1923867676
1794139943
3434901416
9621023202
7241684711
0
3657666204
1616372840
3664107098
6313232569
0
5532518317
7212711233
2593205789
10039994530
8298452961
157437802204
3608245077
2002421389
1828928203
1616101024
3719031747
2693517712
5356665048
0
8889993547
154006474946
0
7096356785
50497982122
0
1998806729
0
1617766666
3677551340
154358158280
4516356428
5523920566
3711498299
5097090127
1906552882
3949577481
0
0
2328553864
0
0
2499826391
57441155922
77918355946
0
3770034798
2435870319
1839849559
4175041867
0
8706123615
1864339121
2700711453
0
2071338965
1939263485
1655339634
1612263322
5285521815
1680635312
2152568884
0
1624124815
0
1618037481
0
3797358091
1616146748
0
0
6994896187
2106022646
1624201241
0
0
5646451262
2512588670
1655830730
2218246895
1616053422
150042162973
0
0
2092264657
3840343213
0
1736117187
0
0
0
3337629371
3255519846
0
1614060296
0
7487631172
3989344228
0
0
5053839211
0
0
3541639851
3241098500
151655211235
0
0
2205970829
0
0
0
0
1745658147
0
2325058957
0
1918674623
2056982492
4284301571
0
0
150042162973
1619913388
0
0
4096730251
1836014636
3917285106
1967420971
1623326922
3752047292
0
2815750721
2349702872
1901377865
2207355828
3733328418
2190456509
0
0
1969170830
4068874311
3626468706
2091538524
1633496849
1646800648
2792720013
1665346904
1612224527
3292994678
0
5320643572
0
0
0
0
0
1614537747
0
0
0
1758527786
3802667872
0
3729633705
1612180971
2492023591
0
0
0
0
0
0
0
3652284014
0
1751893375
0
2650339539
0
5884259117
4299572640
0
0
0
0
0
0
0
0
2408481328
0
2461487505
0
2424778060
0
0
0
0
0
0
0
0
0
0
1748642771
1655759268
1913476347
0
0
1792379637
0
0
0
1871405357
0
0
0
3657859480
1627025484
0
0
0
2165179207
0
3747241937
0
0
0
1652381265
0
0
0
0
1638947730
0
0
0
0
0
0
0
0
0
0
1749540538
0
0
0
0
0
0
0
0
0
0
0
0
1612666363
0
0
0
0
1684294928
0
0
0
0
0
2005411955
1932515057
0
0
0
0
0
0
0
0
0
0
0
0
0
0
0
0
0
0
1649550245
0
0
0
0
0
0
0
0
0
0
0
0
0
0
0
0
0
0
0
0
0
0
0
0
0
0
0
0
0
0
0
0
0
0
0
0
0
0
0
0
0
0
0
0
0
0
0
0
0
0
0
0
0
0
1953392372
0
0
0
0
0
0
0
0
0
0
0
0
1662122450
0
0
0
0
0
0
0
0
0
0
0
0
0
0
1648105077
0
