1.517442341485900000e+14
1.376025929865060000e+14
1.240287802728360000e+14
1.131038049901780000e+14
1.026480409747440000e+14
9.607938577356400000e+13
8.602547901313800000e+13
8.050264330591200000e+13
7.336138971857300000e+13
7.272957044257000000e+13
6.096885532305300000e+13
6.042080939648900000e+13
5.224774475572700000e+13
4.996951314988500000e+13
4.607994692268800000e+13
4.434020941419400000e+13
4.123036457768900000e+13
3.956139955489000000e+13
3.694744253279000000e+13
3.363824771432500000e+13
3.342385291573800000e+13
3.102958985003400000e+13
2.717133642252500000e+13
2.674634852785300000e+13
2.578220212489500000e+13
2.579822946664800000e+13
2.314214310048900000e+13
2.109237143257400000e+13
1.923826882148200000e+13
2.016976953584300000e+13
1.887687727967200000e+13
1.715566891487100000e+13
1.605016191117100000e+13
1.586987008460100000e+13
1.456581355407500000e+13
1.384693910282900000e+13
1.466488561459500000e+13
1.294802741764400000e+13
1.214874828842800000e+13
1.227910823346400000e+13
1.050171133871200000e+13
1.035434091347500000e+13
1.018772774581000000e+13
9.700550981886000000e+12
8.639916515799000000e+12
8.753601577916000000e+12
7.812497600869000000e+12
8.030944421263000000e+12
6.934231669212000000e+12
7.270471381472000000e+12
7.264652051523000000e+12
6.487072831086000000e+12
6.518594288177000000e+12
6.598829306326000000e+12
5.922816943976000000e+12
5.828627495793000000e+12
5.318817095271000000e+12
5.036749840007000000e+12
4.590455320329000000e+12
5.134318169800000000e+12
5.077034527454000000e+12
4.100230279337000000e+12
4.224363071558000000e+12
3.925998764074000000e+12
4.040870371630000000e+12
3.270286844528000000e+12
3.678649937594000000e+12
2.904265230329000000e+12
2.976810806387000000e+12
2.763971451488000000e+12
2.472001390438000000e+12
3.452164403462000000e+12
2.504909982708000000e+12
2.716095854941000000e+12
2.264338685118000000e+12
2.417954944626000000e+12
2.457485650675000000e+12
2.017451349864000000e+12
2.182622491485000000e+12
1.796737909662000000e+12
1.777915542530000000e+12
1.786259974966000000e+12
1.524776552566000000e+12
1.478584408202000000e+12
1.582082314530000000e+12
1.499753151675000000e+12
1.703349878870000000e+12
1.387964330997000000e+12
1.286921908995000000e+12
1.279928374431000000e+12
1.254701206113000000e+12
1.365862271245000000e+12
1.330234198418000000e+12
1.080528747056000000e+12
8.025697549130000000e+11
8.054009340810000000e+11
1.098650784403000000e+12
9.497355380470000000e+11
7.869630518900000000e+11
9.432359849950000000e+11
8.315093754350000000e+11
6.989457083500000000e+11
8.890256601890000000e+11
9.708129737000000000e+11
7.271236019290000000e+11
6.301560175060000000e+11
6.876452503160000000e+11
6.592717505490000000e+11
6.716987450890000000e+11
5.404035121020000000e+11
6.210818634010000000e+11
5.667274554220000000e+11
4.790080253980000000e+11
6.261630382560000000e+11
7.481645490800000000e+11
6.022074771860000000e+11
5.916518086800000000e+11
6.392658200410000000e+11
7.516271489350000000e+11
4.744999402750000000e+11
6.317510853830000000e+11
4.948453285360000000e+11
7.254252386110000000e+11
4.199665414220000000e+11
5.305158160930000000e+11
5.843587850070000000e+11
5.328218238150000000e+11
4.420406769680000000e+11
4.535309017740000000e+11
4.602197299730000000e+11
3.747875906690000000e+11
2.889346176730000000e+11
3.838383100050000000e+11
4.089337996350000000e+11
3.127561841320000000e+11
2.802596454000000000e+11
5.263520373060000000e+11
3.787068848280000000e+11
5.358677408200000000e+11
2.501201121740000000e+11
2.007209305320000000e+11
2.319031621400000000e+11
2.668635650590000000e+11
4.024531560650000000e+11
3.850900595670000000e+11
3.902429320910000000e+11
3.699410192100000000e+11
3.731990738300000000e+11
2.988561842090000000e+11
2.605873727380000000e+11
3.686353105320000000e+11
3.750315677270000000e+11
1.843715224680000000e+11
2.735075036970000000e+11
2.406069266420000000e+11
1.843776812640000000e+11
4.712066787760000000e+11
4.243108924590000000e+11
5.615515646120000000e+11
1.557156872680000000e+11
3.144070766350000000e+11
2.467034491240000000e+11
2.591564697050000000e+11
1.489752832950000000e+11
1.906660865890000000e+11
2.722582232400000000e+11
2.504619116880000000e+11
1.787330212910000000e+11
2.144501935990000000e+11
2.370770647930000000e+11
2.790789596410000000e+11
1.982634713380000000e+11
2.004339621730000000e+11
1.906363536280000000e+11
2.608551595380000000e+11
3.614952803330000000e+11
1.323338758550000000e+11
2.919317766770000000e+11
1.571442241730000000e+11
6.805806488200000000e+10
9.486624296500000000e+10
1.006554163730000000e+11
2.311500233940000000e+11
3.866511158500000000e+10
9.954098917900000000e+10
1.349372077360000000e+11
1.137386902780000000e+11
2.928633906290000000e+11
7.344819557800000000e+10
4.206931206000000000e+10
1.658647540710000000e+11
1.401186506500000000e+11
1.857172000360000000e+11
2.306237035340000000e+11
1.871665852330000000e+11
1.815412449470000000e+11
1.380536068170000000e+11
1.375337651560000000e+11
3.077370137510000000e+11
2.087911938220000000e+11
1.934929265530000000e+11
6.754466166300000000e+10
7.296462756100000000e+10
1.176006462180000000e+11
3.478120764600000000e+10
1.168889303140000000e+11
1.358219370950000000e+11
4.903900382500000000e+10
2.021294464770000000e+11
5.008633660000000000e+10
8.628860430500000000e+10
2.815419041240000000e+11
1.073258739090000000e+11
1.317831105380000000e+11
2.239488008190000000e+11
1.042311600530000000e+11
2.459587185620000000e+11
2.781219502900000000e+11
9.249952477600000000e+10
1.007419101610000000e+11
1.999487484020000000e+11
1.466531951950000000e+11
1.045309929240000000e+11
7.056290641400000000e+10
1.401244268090000000e+11
1.304457622940000000e+11
1.206105511330000000e+11
2.551797401220000000e+11
9.832898347000000000e+10
6.730962972400000000e+10
1.001469047240000000e+11
1.136108998910000000e+11
1.636157459140000000e+11
2.624815047500000000e+10
1.330913883120000000e+11
1.037756051360000000e+11
2.623554338100000000e+10
6.894613377400000000e+10
4.250476298600000000e+10
1.207612642340000000e+11
8.261946378400000000e+10
2.071527578000000000e+10
2.537820704390000000e+11
1.321860916370000000e+11
2.655584716050000000e+11
1.333158981210000000e+11
1.119935434580000000e+11
1.561495167050000000e+11
2.768250421900000000e+10
8.588208785900000000e+10
1.295543879590000000e+11
1.747542829900000000e+10
7.946608910100000000e+10
9.796573702500000000e+10
1.754269359500000000e+11
6.453907474000000000e+09
2.317679510900000000e+10
9.823580692200000000e+10
2.141341374500000000e+10
3.195617217100000000e+10
3.002249515900000000e+10
1.459174580100000000e+10
1.328372561610000000e+11
1.827456291380000000e+11
2.715098898100000000e+11
1.759715972600000000e+10
1.238571103400000000e+10
1.269430757600000000e+10
1.507054624900000000e+10
7.421147211000000000e+09
1.538182872610000000e+11
1.375434392690000000e+11
1.297445618950000000e+11
1.145489700410000000e+11
6.430335799900000000e+10
1.734085382900000000e+11
2.912961642700000000e+10
9.109487343300000000e+10
1.952909889000000000e+10
7.497285587000000000e+10
2.504445461400000000e+10
1.557421551530000000e+11
1.006765834220000000e+11
5.189357663000000000e+09
8.294630569300000000e+10
2.169157414530000000e+11
1.392927356720000000e+11
4.601317692200000000e+10
9.160965562300000000e+10
6.897416749500000000e+10
6.401917530200000000e+10
2.754458719000000000e+09
6.707492502000000000e+10
5.003717810200000000e+10
2.594686861200000000e+10
2.660081683630000000e+11
6.411554273600000000e+10
1.824332568200000000e+10
1.572537914900000000e+10
3.129969598000000000e+09
1.682950400490000000e+11
1.523412437210000000e+11
2.531478903370000000e+11
8.078862582000000000e+09
8.003386152600000000e+10
1.156406214700000000e+10
8.357210787600000000e+10
3.731305329000000000e+09
1.544739000400000000e+10
9.119115326900000000e+10
1.735669402800000000e+10
1.538946790690000000e+11
1.337142411470000000e+11
6.832717992500000000e+10
9.309181105500000000e+10
1.291266290000000000e+09
5.891648694000000000e+09
1.961709612600000000e+10
8.131555293000000000e+10
8.386931624900000000e+10
9.125139166700000000e+10
8.333080486500000000e+10
9.683236801000000000e+09
8.029940600000000000e+09
1.400050173300000000e+10
9.277247325400000000e+10
9.765162023000000000e+09
5.627277810000000000e+09
3.383200979000000000e+09
5.404081744400000000e+10
9.886870831000000000e+09
9.786799219800000000e+10
8.040286936900000000e+10
1.030902374800000000e+10
2.179318149300000000e+10
1.622473015200000000e+11
2.998753634000000000e+09
1.291403722000000000e+09
7.761583678400000000e+10
6.071942719000000000e+09
1.194554391300000000e+10
5.296686568000000000e+09
1.366521794280000000e+11
4.959138890000000000e+09
8.720474301000000000e+09
7.642362965400000000e+10
7.344716211400000000e+10
1.657485137200000000e+11
