4.688750000000000284e+01
4.991249999999999432e+01
5.293750000000000000e+01
5.596250000000000568e+01
5.898749999999999716e+01
6.201250000000000284e+01
6.503749999999999432e+01
6.806250000000000000e+01
7.108750000000000568e+01
7.411249999999999716e+01
7.713750000000000284e+01
8.016249999999999432e+01
8.318750000000000000e+01
8.621250000000000568e+01
8.923749999999999716e+01
9.226250000000000284e+01
9.528749999999999432e+01
9.831250000000000000e+01
1.013375000000000057e+02
1.043624999999999972e+02
1.073875000000000028e+02
1.104124999999999943e+02
1.134375000000000000e+02
1.164625000000000057e+02
1.194874999999999972e+02
1.225125000000000028e+02
1.255374999999999943e+02
1.285625000000000000e+02
1.315874999999999773e+02
1.346125000000000114e+02
1.376374999999999886e+02
1.406625000000000227e+02
1.436875000000000000e+02
1.467124999999999773e+02
1.497375000000000114e+02
1.527624999999999886e+02
1.557875000000000227e+02
1.588125000000000000e+02
1.618374999999999773e+02
1.648625000000000114e+02
1.678874999999999886e+02
1.709125000000000227e+02
1.739375000000000000e+02
1.769624999999999773e+02
1.799875000000000114e+02
1.830124999999999886e+02
1.860375000000000227e+02
1.890625000000000000e+02
1.920874999999999773e+02
1.951125000000000114e+02
1.981374999999999886e+02
2.011625000000000227e+02
2.041875000000000000e+02
2.072124999999999773e+02
2.102375000000000114e+02
2.132624999999999886e+02
2.162875000000000227e+02
2.193125000000000000e+02
2.223374999999999773e+02
2.253625000000000114e+02
2.283874999999999886e+02
2.314125000000000227e+02
2.344375000000000000e+02
2.374624999999999773e+02
2.404875000000000114e+02
2.435124999999999886e+02
2.465375000000000227e+02
2.495625000000000000e+02
2.525874999999999773e+02
2.556125000000000114e+02
2.586374999999999886e+02
2.616625000000000227e+02
2.646875000000000000e+02
2.677124999999999773e+02
2.707375000000000114e+02
2.737624999999999886e+02
2.767875000000000227e+02
2.798125000000000000e+02
2.828374999999999773e+02
2.858625000000000114e+02
2.888874999999999886e+02
2.919125000000000227e+02
2.949375000000000000e+02
2.979624999999999773e+02
3.009875000000000114e+02
3.040124999999999886e+02
3.070375000000000227e+02
3.100625000000000000e+02
3.130874999999999773e+02
3.161125000000000114e+02
3.191374999999999886e+02
3.221625000000000227e+02
3.251875000000000000e+02
3.282124999999999773e+02
3.312375000000000114e+02
3.342624999999999886e+02
3.372875000000000227e+02
3.403125000000000000e+02
3.433374999999999773e+02
3.463625000000000114e+02
3.493874999999999886e+02
3.524125000000000227e+02
3.554375000000000000e+02
3.584624999999999773e+02
3.614875000000000114e+02
3.645124999999999886e+02
3.675375000000000227e+02
3.705625000000000000e+02
3.735874999999999773e+02
3.766125000000000114e+02
3.796374999999999886e+02
3.826625000000000227e+02
3.856875000000000000e+02
3.887124999999999773e+02
3.917375000000000114e+02
3.947624999999999886e+02
3.977875000000000227e+02
4.008125000000000000e+02
4.038374999999999773e+02
4.068625000000000114e+02
4.098874999999999886e+02
4.129125000000000227e+02
4.159375000000000000e+02
4.189624999999999773e+02
4.219875000000000114e+02
4.250124999999999886e+02
4.280375000000000227e+02
4.310625000000000000e+02
4.340874999999999773e+02
4.371125000000000114e+02
4.401374999999999886e+02
4.431625000000000227e+02
4.461875000000000000e+02
4.492124999999999773e+02
4.522375000000000114e+02
4.552624999999999886e+02
4.582875000000000227e+02
4.613125000000000000e+02
4.643374999999999773e+02
4.673625000000000114e+02
4.703874999999999886e+02
4.734125000000000227e+02
4.764375000000000000e+02
4.794624999999999773e+02
4.824875000000000114e+02
4.855124999999999886e+02
4.885375000000000227e+02
4.915625000000000000e+02
4.945874999999999773e+02
4.976125000000000114e+02
5.006374999999999886e+02
5.036625000000000227e+02
5.066875000000000000e+02
5.097124999999999773e+02
5.127374999999999545e+02
5.157625000000000455e+02
5.187874999999999091e+02
5.218125000000000000e+02
5.248375000000000909e+02
5.278624999999999545e+02
5.308875000000000455e+02
5.339124999999999091e+02
5.369375000000000000e+02
5.399625000000000909e+02
5.429874999999999545e+02
5.460125000000000455e+02
5.490374999999999091e+02
5.520625000000000000e+02
5.550875000000000909e+02
5.581124999999999545e+02
5.611375000000000455e+02
5.641624999999999091e+02
5.671875000000000000e+02
5.702125000000000909e+02
5.732374999999999545e+02
5.762625000000000455e+02
5.792874999999999091e+02
5.823125000000000000e+02
5.853375000000000909e+02
5.883624999999999545e+02
5.913875000000000455e+02
5.944124999999999091e+02
5.974375000000000000e+02
6.004625000000000909e+02
6.034874999999999545e+02
6.065125000000000455e+02
6.095374999999999091e+02
6.125625000000000000e+02
6.155875000000000909e+02
6.186124999999999545e+02
6.216375000000000455e+02
6.246624999999999091e+02
6.276875000000000000e+02
6.307125000000000909e+02
6.337374999999999545e+02
6.367625000000000455e+02
6.397874999999999091e+02
6.428125000000000000e+02
6.458375000000000909e+02
6.488624999999999545e+02
6.518875000000000455e+02
6.549124999999999091e+02
6.579375000000000000e+02
6.609625000000000909e+02
6.639874999999999545e+02
6.670125000000000455e+02
6.700374999999999091e+02
6.730625000000000000e+02
6.760875000000000909e+02
6.791124999999999545e+02
6.821375000000000455e+02
6.851624999999999091e+02
6.881875000000000000e+02
6.912125000000000909e+02
6.942374999999999545e+02
6.972625000000000455e+02
7.002874999999999091e+02
7.033125000000000000e+02
7.063375000000000909e+02
7.093624999999999545e+02
7.123875000000000455e+02
7.154124999999999091e+02
7.184375000000000000e+02
7.214625000000000909e+02
7.244874999999999545e+02
7.275125000000000455e+02
7.305374999999999091e+02
7.335625000000000000e+02
7.365875000000000909e+02
7.396124999999999545e+02
7.426375000000000455e+02
7.456624999999999091e+02
7.486875000000000000e+02
7.517125000000000909e+02
7.547374999999999545e+02
7.577625000000000455e+02
7.607874999999999091e+02
7.638125000000000000e+02
7.668375000000000909e+02
7.698624999999999545e+02
7.728875000000000455e+02
7.759124999999999091e+02
7.789375000000000000e+02
7.819625000000000909e+02
7.849874999999999545e+02
7.880125000000000455e+02
7.910374999999999091e+02
7.940625000000000000e+02
7.970875000000000909e+02
8.001124999999999545e+02
8.031375000000000455e+02
8.061624999999999091e+02
8.091875000000000000e+02
8.122125000000000909e+02
8.152374999999999545e+02
8.182625000000000455e+02
8.212874999999999091e+02
8.243125000000000000e+02
8.273375000000000909e+02
8.303624999999999545e+02
8.333875000000000455e+02
8.364124999999999091e+02
8.394375000000000000e+02
8.424625000000000909e+02
8.454874999999999545e+02
8.485125000000000455e+02
8.515374999999999091e+02
8.545625000000000000e+02
8.575875000000000909e+02
8.606124999999999545e+02
8.636375000000000455e+02
8.666624999999999091e+02
8.696875000000000000e+02
8.727125000000000909e+02
8.757374999999999545e+02
8.787625000000000455e+02
8.817874999999999091e+02
8.848125000000000000e+02
8.878375000000000909e+02
8.908624999999999545e+02
8.938875000000000455e+02
8.969124999999999091e+02
8.999375000000000000e+02
9.029625000000000909e+02
9.059874999999999545e+02
9.090125000000000455e+02
9.120374999999999091e+02
9.150625000000000000e+02
9.180875000000000909e+02
9.211124999999999545e+02
9.241375000000000455e+02
9.271624999999999091e+02
9.301875000000000000e+02
9.332125000000000909e+02
9.362374999999999545e+02
9.392625000000000455e+02
9.422874999999999091e+02
9.453125000000000000e+02
9.483375000000000909e+02
9.513624999999999545e+02
9.543875000000000455e+02
9.574124999999999091e+02
9.604375000000000000e+02
9.634625000000000909e+02
9.664874999999999545e+02
9.695125000000000455e+02
9.725374999999999091e+02
9.755625000000000000e+02
9.785875000000000909e+02
9.816124999999999545e+02
9.846375000000000455e+02
9.876624999999999091e+02
9.906875000000000000e+02
9.937125000000000909e+02
9.967374999999999545e+02
9.997625000000000455e+02
1.002787499999999909e+03
1.005812500000000000e+03
1.008837500000000091e+03
1.011862499999999955e+03
1.014887500000000045e+03
1.017912499999999909e+03
1.020937500000000000e+03
1.023962499999999977e+03
1.026987499999999955e+03
1.030012500000000045e+03
1.033037499999999909e+03
1.036062500000000000e+03
1.039087500000000091e+03
1.042112499999999955e+03
1.045137500000000045e+03
1.048162499999999909e+03
1.051187500000000000e+03
1.054212500000000091e+03
1.057237499999999955e+03
1.060262500000000045e+03
1.063287499999999909e+03
1.066312500000000000e+03
1.069337500000000091e+03
1.072362499999999955e+03
1.075387500000000045e+03
1.078412499999999909e+03
1.081437500000000000e+03
1.084462500000000091e+03
1.087487499999999955e+03
1.090512500000000045e+03
1.093537499999999909e+03
1.096562500000000000e+03
1.099587500000000091e+03
1.102612499999999955e+03
1.105637500000000045e+03
1.108662499999999909e+03
1.111687500000000000e+03
1.114712500000000091e+03
1.117737499999999955e+03
1.120762500000000045e+03
1.123787499999999909e+03
1.126812500000000000e+03
1.129837500000000091e+03
1.132862499999999955e+03
1.135887500000000045e+03
1.138912499999999909e+03
1.141937500000000000e+03
1.144962500000000091e+03
1.147987499999999955e+03
1.151012500000000045e+03
1.154037499999999909e+03
1.157062500000000000e+03
1.160087500000000091e+03
1.163112499999999955e+03
1.166137500000000045e+03
1.169162499999999909e+03
1.172187500000000000e+03
1.175212500000000091e+03
1.178237499999999955e+03
1.181262500000000045e+03
1.184287499999999909e+03
1.187312500000000000e+03
1.190337500000000091e+03
1.193362499999999955e+03
1.196387500000000045e+03
1.199412499999999909e+03
1.202437500000000000e+03
1.205462500000000091e+03
1.208487499999999955e+03
1.211512500000000045e+03
1.214537499999999909e+03
1.217562500000000000e+03
1.220587500000000091e+03
1.223612499999999955e+03
1.226637500000000045e+03
1.229662499999999909e+03
1.232687500000000000e+03
1.235712500000000091e+03
1.238737499999999955e+03
1.241762500000000045e+03
1.244787499999999909e+03
1.247812500000000000e+03
1.250837500000000091e+03
1.253862499999999955e+03
1.256887500000000045e+03
1.259912499999999909e+03
