77.205500
82.186500
87.167500
92.148500
97.129500
102.110500
107.091500
112.072500
117.053500
122.034500
127.015500
131.996500
136.977500
141.958500
146.939500
151.920500
156.901500
161.882500
166.863500
171.844500
176.825500
181.806500
186.787500
191.768500
196.749500
201.730500
206.711500
211.692500
216.673500
221.654500
226.635500
231.616500
236.597500
241.578500
246.559500
251.540500
256.521500
261.502500
266.483500
271.464500
276.445500
281.426500
286.407500
291.388500
296.369500
301.350500
306.331500
311.312500
316.293500
321.274500
326.255500
331.236500
336.217500
341.198500
346.179500
351.160500
356.141500
361.122500
366.103500
371.084500
376.065500
381.046500
386.027500
391.008500
395.989500
400.970500
405.951500
410.932500
415.913500
420.894500
425.875500
430.856500
435.837500
440.818500
445.799500
450.780500
455.761500
460.742500
465.723500
470.704500
475.685500
480.666500
485.647500
490.628500
495.609500
500.590500
505.571500
510.552500
515.533500
520.514500
525.495500
530.476500
535.457500
540.438500
545.419500
550.400500
555.381500
560.362500
565.343500
570.324500
575.305500
580.286500
585.267500
590.248500
595.229500
600.210500
605.191500
610.172500
615.153500
620.134500
625.115500
630.096500
635.077500
640.058500
645.039500
650.020500
655.001500
659.982500
664.963500
669.944500
674.925500
679.906500
684.887500
689.868500
694.849500
699.830500
704.811500
709.792500
714.773500
719.754500
724.735500
729.716500
734.697500
739.678500
744.659500
749.640500
754.621500
759.602500
764.583500
769.564500
774.545500
779.526500
784.507500
789.488500
794.469500
799.450500
804.431500
809.412500
814.393500
819.374500
824.355500
829.336500
834.317500
839.298500
844.279500
849.260500
854.241500
859.222500
864.203500
869.184500
874.165500
879.146500
884.127500
889.108500
894.089500
899.070500
904.051500
909.032500
914.013500
918.994500
923.975500
928.956500
933.937500
938.918500
943.899500
948.880500
953.861500
958.842500
963.823500
968.804500
973.785500
978.766500
983.747500
988.728500
993.709500
998.690500
1003.671500
1008.652500
1013.633500
1018.614500
1023.595500
1028.576500
1033.557500
1038.538500
1043.519500
1048.500500
1053.481500
1058.462500
1063.443500
1068.424500
1073.405500
1078.386500
1083.367500
1088.348500
1093.329500
1098.310500
1103.291500
1108.272500
1113.253500
1118.234500
1123.215500
1128.196500
1133.177500
1138.158500
1143.139500
1148.120500
1153.101500
1158.082500
1163.063500
1168.044500
1173.025500
1178.006500
1182.987500
1187.968500
1192.949500
1197.930500
1202.911500
1207.892500
1212.873500
1217.854500
1222.835500
1227.816500
1232.797500
1237.778500
1242.759500
1247.740500
1252.721500
1257.702500
1262.683500
1267.664500
1272.645500
1277.626500
1282.607500
1287.588500
1292.569500
1297.550500
1302.531500
1307.512500
1312.493500
1317.474500
1322.455500
1327.436500
1332.417500
1337.398500
1342.379500
1347.360500
1352.341500
1357.322500
1362.303500
1367.284500
1372.265500
1377.246500
1382.227500
1387.208500
1392.189500
1397.170500
1402.151500
1407.132500
1412.113500
1417.094500
1422.075500
1427.056500
1432.037500
1437.018500
1441.999500
1446.980500
1451.961500
1456.942500
1461.923500
1466.904500
1471.885500
1476.866500
1481.847500
1486.828500
1491.809500
1496.790500
1501.771500
1506.752500
1511.733500
1516.714500
1521.695500
1526.676500
1531.657500
1536.638500
1541.619500
1546.600500
1551.581500
1556.562500
1561.543500
1566.524500
1571.505500
1576.486500
1581.467500
1586.448500
1591.429500
1596.410500
1601.391500
1606.372500
1611.353500
1616.334500
1621.315500
1626.296500
1631.277500
1636.258500
1641.239500
1646.220500
1651.201500
1656.182500
1661.163500
1666.144500
1671.125500
1676.106500
1681.087500
1686.068500
1691.049500
1696.030500
1701.011500
1705.992500
1710.973500
1715.954500
1720.935500
1725.916500
1730.897500
1735.878500
1740.859500
1745.840500
1750.821500
1755.802500
1760.783500
1765.764500
1770.745500
1775.726500
1780.707500
1785.688500
1790.669500
1795.650500
1800.631500
1805.612500
1810.593500
1815.574500
1820.555500
1825.536500
1830.517500
1835.498500
1840.479500
1845.460500
1850.441500
1855.422500
1860.403500
1865.384500
1870.365500
1875.346500
1880.327500
1885.308500
1890.289500
1895.270500
1900.251500
1905.232500
1910.213500
1915.194500
1920.175500
1925.156500
1930.137500
1935.118500
1940.099500
1945.080500
1950.061500
1955.042500
1960.023500
1965.004500
1969.985500
1974.966500
1979.947500
1984.928500
1989.909500
1994.890500
1999.871500
2004.852500
2009.833500
2014.814500
2019.795500
2024.776500
2029.757500
2034.738500
2039.719500
2044.700500
2049.681500
2054.662500
2059.643500
2064.624500
2069.605500
2074.586500
2079.567500
2084.548500
2089.529500
2094.510500
2099.491500
2104.472500
2109.453500
2114.434500
2119.415500
2124.396500
2129.377500
2134.358500
2139.339500
2144.320500
2149.301500
2154.282500
2159.263500
2164.244500
2169.225500
2174.206500
2179.187500
2184.168500
2189.149500
2194.130500
2199.111500
2204.092500
2209.073500
2214.054500
2219.035500
2224.016500
2228.997500
2233.978500
2238.959500
2243.940500
2248.921500
2253.902500
2258.883500
2263.864500
2268.845500
2273.826500
2278.807500
2283.788500
2288.769500
2293.750500
2298.731500
2303.712500
2308.693500
2313.674500
2318.655500
2323.636500
2328.617500
2333.598500
2338.579500
2343.560500
2348.541500
2353.522500
2358.503500
2363.484500
2368.465500
2373.446500
2378.427500
2383.408500
2388.389500
2393.370500
2398.351500
2403.332500
2408.313500
2413.294500
2418.275500
2423.256500
2428.237500
2433.218500
2438.199500
2443.180500
2448.161500
2453.142500
2458.123500
2463.104500
2468.085500
2473.066500
2478.047500
2483.028500
2488.009500
2492.990500
2497.971500
2502.952500
2507.933500
2512.914500
2517.895500
2522.876500
2527.857500
2532.838500
2537.819500
2542.800500
2547.781500
2552.762500
2557.743500
2562.724500
2567.705500
2572.686500
2577.667500
2582.648500
2587.629500
2592.610500
2597.591500
2602.572500
2607.553500
2612.534500
2617.515500
2622.496500
2627.477500
2632.458500
2637.439500
2642.420500
2647.401500
2652.382500
2657.363500
2662.344500
2667.325500
2672.306500
2677.287500
2682.268500
2687.249500
2692.230500
2697.211500
2702.192500
2707.173500
2712.154500
2717.135500
2722.116500
2727.097500
2732.078500
2737.059500
2742.040500
2747.021500
2752.002500
2756.983500
2761.964500
2766.945500
2771.926500
2776.907500
2781.888500
2786.869500
2791.850500
2796.831500
2801.812500
2806.793500
2811.774500
2816.755500
2821.736500
2826.717500
2831.698500
2836.679500
2841.660500
2846.641500
2851.622500
2856.603500
2861.584500
2866.565500
2871.546500
2876.527500
2881.508500
2886.489500
2891.470500
2896.451500
2901.432500
2906.413500
2911.394500
2916.375500
2921.356500
2926.337500
2931.318500
2936.299500
2941.280500
2946.261500
2951.242500
2956.223500
2961.204500
2966.185500
2971.166500
2976.147500
2981.128500
2986.109500
2991.090500
2996.071500
3001.052500
3006.033500
3011.014500
3015.995500
3020.976500
3025.957500
3030.938500
3035.919500
3040.900500
3045.881500
3050.862500
3055.843500
3060.824500
3065.805500
3070.786500
3075.767500
3080.748500
3085.729500
3090.710500
3095.691500
3100.672500
3105.653500
3110.634500
3115.615500
3120.596500
3125.577500
3130.558500
3135.539500
3140.520500
3145.501500
3150.482500
3155.463500
3160.444500
3165.425500
3170.406500
3175.387500
3180.368500
3185.349500
3190.330500
3195.311500
3200.292500
3205.273500
3210.254500
3215.235500
3220.216500
3225.197500
3230.178500
3235.159500
3240.140500
3245.121500
3250.102500
3255.083500
3260.064500
3265.045500
3270.026500
3275.007500
3279.988500
3284.969500
3289.950500
3294.931500
3299.912500
3304.893500
3309.874500
3314.855500
3319.836500
3324.817500
3329.798500
3334.779500
3339.760500
3344.741500
3349.722500
3354.703500
3359.684500
3364.665500
3369.646500
3374.627500
3379.608500
3384.589500
3389.570500
3394.551500
3399.532500
3404.513500
3409.494500
3414.475500
3419.456500
3424.437500
3429.418500
3434.399500
3439.380500
3444.361500
3449.342500
3454.323500
3459.304500
3464.285500
3469.266500
3474.247500
3479.228500
3484.209500
3489.190500
3494.171500
3499.152500
3504.133500
3509.114500
3514.095500
3519.076500
3524.057500
3529.038500
3534.019500
3539.000500
3543.981500
3548.962500
3553.943500
3558.924500
3563.905500
3568.886500
3573.867500
3578.848500
3583.829500
3588.810500
3593.791500
3598.772500
3603.753500
3608.734500
3613.715500
3618.696500
3623.677500
3628.658500
3633.639500
3638.620500
3643.601500
3648.582500
3653.563500
3658.544500
3663.525500
3668.506500
3673.487500
3678.468500
3683.449500
3688.430500
3693.411500
3698.392500
3703.373500
3708.354500
3713.335500
3718.316500
3723.297500
3728.278500
3733.259500
3738.240500
3743.221500
3748.202500
3753.183500
3758.164500
3763.145500
3768.126500
3773.107500
3778.088500
3783.069500
3788.050500
3793.031500
3798.012500
3802.993500
3807.974500
3812.955500
3817.936500
3822.917500
3827.898500
3832.879500
3837.860500
3842.841500
3847.822500
3852.803500
3857.784500
3862.765500
3867.746500
3872.727500
3877.708500
3882.689500
3887.670500
3892.651500
3897.632500
3902.613500
3907.594500
3912.575500
3917.556500
3922.537500
3927.518500
3932.499500
3937.480500
