1.550000000000000044e+00
1.649999999999999911e+00
1.750000000000000000e+00
1.850000000000000089e+00
1.949999999999999956e+00
2.049999999999999822e+00
2.150000000000000355e+00
2.250000000000000000e+00
2.349999999999999645e+00
2.450000000000000178e+00
2.549999999999999822e+00
2.650000000000000355e+00
2.750000000000000000e+00
2.849999999999999645e+00
2.950000000000000178e+00
3.049999999999999822e+00
3.150000000000000355e+00
3.250000000000000000e+00
3.349999999999999645e+00
3.450000000000000178e+00
3.549999999999999822e+00
3.650000000000000355e+00
3.750000000000000000e+00
3.849999999999999645e+00
3.950000000000000178e+00
4.049999999999999822e+00
4.150000000000000355e+00
4.250000000000000000e+00
4.349999999999999645e+00
4.450000000000000178e+00
4.549999999999999822e+00
4.650000000000000355e+00
4.750000000000000000e+00
4.849999999999999645e+00
4.950000000000000178e+00
5.049999999999999822e+00
5.150000000000000355e+00
5.250000000000000000e+00
5.349999999999999645e+00
5.450000000000000178e+00
5.549999999999999822e+00
5.650000000000000355e+00
5.750000000000000000e+00
5.849999999999999645e+00
5.950000000000000178e+00
6.049999999999999822e+00
6.150000000000000355e+00
6.250000000000000000e+00
6.349999999999999645e+00
6.450000000000000178e+00
6.549999999999999822e+00
6.650000000000000355e+00
6.750000000000000000e+00
6.849999999999999645e+00
6.950000000000000178e+00
7.049999999999999822e+00
7.150000000000000355e+00
7.250000000000000000e+00
7.349999999999999645e+00
7.450000000000000178e+00
7.549999999999999822e+00
7.650000000000000355e+00
7.750000000000000000e+00
7.849999999999999645e+00
7.950000000000000178e+00
8.050000000000000711e+00
8.149999999999998579e+00
8.250000000000000000e+00
8.350000000000001421e+00
8.449999999999999289e+00
8.550000000000000711e+00
8.649999999999998579e+00
8.750000000000000000e+00
8.850000000000001421e+00
8.949999999999999289e+00
9.050000000000000711e+00
9.149999999999998579e+00
9.250000000000000000e+00
9.350000000000001421e+00
9.449999999999999289e+00
9.550000000000000711e+00
9.649999999999998579e+00
9.750000000000000000e+00
9.850000000000001421e+00
9.949999999999999289e+00
1.005000000000000071e+01
1.014999999999999858e+01
1.025000000000000000e+01
1.035000000000000142e+01
1.044999999999999929e+01
1.055000000000000071e+01
1.064999999999999858e+01
1.075000000000000000e+01
1.085000000000000142e+01
1.094999999999999929e+01
1.105000000000000071e+01
1.114999999999999858e+01
1.125000000000000000e+01
1.135000000000000142e+01
1.144999999999999929e+01
1.155000000000000071e+01
1.164999999999999858e+01
1.175000000000000000e+01
1.185000000000000142e+01
1.194999999999999929e+01
1.205000000000000071e+01
1.214999999999999858e+01
1.225000000000000000e+01
1.235000000000000142e+01
1.244999999999999929e+01
1.255000000000000071e+01
1.264999999999999858e+01
1.275000000000000000e+01
1.285000000000000142e+01
1.294999999999999929e+01
1.305000000000000071e+01
1.314999999999999858e+01
1.325000000000000000e+01
1.335000000000000142e+01
1.344999999999999929e+01
1.355000000000000071e+01
1.364999999999999858e+01
1.375000000000000000e+01
1.385000000000000142e+01
1.394999999999999929e+01
1.405000000000000071e+01
1.414999999999999858e+01
1.425000000000000000e+01
1.435000000000000142e+01
1.444999999999999929e+01
1.455000000000000071e+01
1.464999999999999858e+01
1.475000000000000000e+01
1.485000000000000142e+01
1.494999999999999929e+01
1.505000000000000071e+01
1.514999999999999858e+01
1.525000000000000000e+01
1.535000000000000142e+01
1.544999999999999929e+01
1.555000000000000071e+01
1.564999999999999858e+01
1.575000000000000000e+01
1.585000000000000142e+01
1.594999999999999929e+01
1.605000000000000071e+01
1.614999999999999858e+01
1.625000000000000000e+01
1.635000000000000142e+01
1.644999999999999929e+01
1.655000000000000071e+01
1.664999999999999858e+01
1.675000000000000000e+01
1.685000000000000142e+01
1.694999999999999929e+01
1.705000000000000071e+01
1.714999999999999858e+01
1.725000000000000000e+01
1.735000000000000142e+01
1.744999999999999929e+01
1.755000000000000071e+01
1.764999999999999858e+01
1.775000000000000000e+01
1.785000000000000142e+01
1.794999999999999929e+01
1.805000000000000071e+01
1.814999999999999858e+01
1.825000000000000000e+01
1.835000000000000142e+01
1.844999999999999929e+01
1.855000000000000071e+01
1.864999999999999858e+01
1.875000000000000000e+01
1.885000000000000142e+01
1.894999999999999929e+01
1.905000000000000071e+01
1.914999999999999858e+01
1.925000000000000000e+01
1.935000000000000142e+01
1.944999999999999929e+01
1.955000000000000071e+01
1.964999999999999858e+01
1.975000000000000000e+01
1.985000000000000142e+01
1.994999999999999929e+01
2.005000000000000071e+01
2.014999999999999858e+01
2.025000000000000000e+01
2.035000000000000142e+01
2.044999999999999929e+01
2.055000000000000071e+01
2.064999999999999858e+01
2.075000000000000000e+01
2.085000000000000142e+01
2.094999999999999929e+01
2.105000000000000071e+01
2.114999999999999858e+01
2.125000000000000000e+01
2.135000000000000142e+01
2.144999999999999929e+01
2.155000000000000071e+01
2.164999999999999858e+01
2.175000000000000000e+01
2.185000000000000142e+01
2.194999999999999929e+01
2.205000000000000071e+01
2.214999999999999858e+01
2.225000000000000000e+01
2.235000000000000142e+01
2.244999999999999929e+01
2.255000000000000071e+01
2.264999999999999858e+01
2.275000000000000000e+01
2.285000000000000142e+01
2.294999999999999929e+01
2.305000000000000071e+01
2.314999999999999858e+01
2.325000000000000000e+01
2.335000000000000142e+01
2.344999999999999929e+01
2.355000000000000071e+01
2.364999999999999858e+01
2.375000000000000000e+01
2.385000000000000142e+01
2.394999999999999929e+01
2.405000000000000071e+01
2.414999999999999858e+01
2.425000000000000000e+01
2.435000000000000142e+01
2.444999999999999929e+01
2.455000000000000071e+01
2.464999999999999858e+01
2.475000000000000000e+01
2.485000000000000142e+01
2.494999999999999929e+01
2.505000000000000071e+01
2.514999999999999858e+01
2.525000000000000000e+01
2.535000000000000142e+01
2.544999999999999929e+01
2.555000000000000071e+01
2.564999999999999858e+01
2.575000000000000000e+01
2.585000000000000142e+01
2.594999999999999929e+01
2.605000000000000071e+01
2.614999999999999858e+01
2.625000000000000000e+01
2.635000000000000142e+01
2.644999999999999929e+01
2.655000000000000071e+01
2.664999999999999858e+01
2.675000000000000000e+01
2.685000000000000142e+01
2.694999999999999929e+01
2.705000000000000071e+01
2.714999999999999858e+01
2.725000000000000000e+01
2.735000000000000142e+01
2.744999999999999929e+01
2.755000000000000071e+01
2.764999999999999858e+01
2.775000000000000000e+01
2.785000000000000142e+01
2.794999999999999929e+01
2.805000000000000071e+01
2.814999999999999858e+01
2.825000000000000000e+01
2.835000000000000142e+01
2.844999999999999929e+01
2.855000000000000071e+01
2.864999999999999858e+01
2.875000000000000000e+01
2.885000000000000142e+01
2.894999999999999929e+01
2.905000000000000071e+01
2.914999999999999858e+01
2.925000000000000000e+01
2.935000000000000142e+01
2.944999999999999929e+01
2.955000000000000071e+01
2.964999999999999858e+01
2.975000000000000000e+01
2.985000000000000142e+01
2.994999999999999929e+01
3.005000000000000071e+01
3.014999999999999858e+01
3.025000000000000000e+01
3.035000000000000142e+01
3.044999999999999929e+01
3.055000000000000071e+01
3.064999999999999858e+01
3.075000000000000000e+01
3.085000000000000142e+01
3.094999999999999929e+01
3.105000000000000071e+01
3.114999999999999858e+01
3.125000000000000000e+01
3.135000000000000142e+01
3.144999999999999929e+01
3.155000000000000071e+01
3.164999999999999858e+01
3.175000000000000000e+01
3.185000000000000142e+01
3.194999999999999929e+01
3.204999999999999716e+01
3.215000000000000568e+01
3.225000000000000000e+01
3.234999999999999432e+01
3.245000000000000284e+01
3.254999999999999716e+01
3.265000000000000568e+01
3.275000000000000000e+01
3.284999999999999432e+01
3.295000000000000284e+01
3.304999999999999716e+01
3.315000000000000568e+01
3.325000000000000000e+01
3.334999999999999432e+01
3.345000000000000284e+01
3.354999999999999716e+01
3.365000000000000568e+01
3.375000000000000000e+01
3.384999999999999432e+01
3.395000000000000284e+01
3.404999999999999716e+01
3.415000000000000568e+01
3.425000000000000000e+01
3.434999999999999432e+01
3.445000000000000284e+01
3.454999999999999716e+01
3.465000000000000568e+01
3.475000000000000000e+01
3.484999999999999432e+01
3.495000000000000284e+01
3.504999999999999716e+01
3.515000000000000568e+01
3.525000000000000000e+01
3.534999999999999432e+01
3.545000000000000284e+01
3.554999999999999716e+01
3.565000000000000568e+01
3.575000000000000000e+01
3.584999999999999432e+01
3.595000000000000284e+01
3.604999999999999716e+01
3.615000000000000568e+01
3.625000000000000000e+01
3.634999999999999432e+01
3.645000000000000284e+01
3.654999999999999716e+01
3.665000000000000568e+01
3.675000000000000000e+01
3.684999999999999432e+01
3.695000000000000284e+01
3.704999999999999716e+01
3.715000000000000568e+01
3.725000000000000000e+01
3.734999999999999432e+01
3.745000000000000284e+01
3.754999999999999716e+01
3.765000000000000568e+01
3.775000000000000000e+01
3.784999999999999432e+01
3.795000000000000284e+01
3.804999999999999716e+01
3.815000000000000568e+01
3.825000000000000000e+01
3.834999999999999432e+01
3.845000000000000284e+01
3.854999999999999716e+01
3.865000000000000568e+01
3.875000000000000000e+01
3.884999999999999432e+01
3.895000000000000284e+01
3.904999999999999716e+01
3.915000000000000568e+01
3.925000000000000000e+01
3.934999999999999432e+01
3.945000000000000284e+01
3.954999999999999716e+01
3.965000000000000568e+01
3.975000000000000000e+01
3.984999999999999432e+01
3.995000000000000284e+01
4.004999999999999716e+01
4.015000000000000568e+01
4.025000000000000000e+01
4.034999999999999432e+01
4.045000000000000284e+01
4.054999999999999716e+01
4.065000000000000568e+01
4.075000000000000000e+01
4.084999999999999432e+01
4.095000000000000284e+01
4.104999999999999716e+01
4.115000000000000568e+01
4.125000000000000000e+01
4.134999999999999432e+01
4.145000000000000284e+01
4.154999999999999716e+01
4.165000000000000568e+01
4.175000000000000000e+01
4.184999999999999432e+01
4.195000000000000284e+01
4.204999999999999716e+01
4.215000000000000568e+01
4.225000000000000000e+01
4.234999999999999432e+01
4.245000000000000284e+01
4.254999999999999716e+01
4.265000000000000568e+01
4.275000000000000000e+01
4.284999999999999432e+01
4.295000000000000284e+01
4.304999999999999716e+01
4.315000000000000568e+01
4.325000000000000000e+01
4.334999999999999432e+01
4.345000000000000284e+01
4.354999999999999716e+01
4.365000000000000568e+01
4.375000000000000000e+01
4.384999999999999432e+01
4.395000000000000284e+01
4.404999999999999716e+01
4.415000000000000568e+01
4.425000000000000000e+01
4.434999999999999432e+01
4.445000000000000284e+01
4.454999999999999716e+01
4.465000000000000568e+01
4.475000000000000000e+01
4.484999999999999432e+01
4.495000000000000284e+01
4.504999999999999716e+01
4.515000000000000568e+01
4.525000000000000000e+01
4.534999999999999432e+01
4.545000000000000284e+01
4.554999999999999716e+01
4.565000000000000568e+01
4.575000000000000000e+01
4.584999999999999432e+01
4.595000000000000284e+01
4.604999999999999716e+01
4.615000000000000568e+01
4.625000000000000000e+01
4.634999999999999432e+01
4.645000000000000284e+01
4.654999999999999716e+01
4.665000000000000568e+01
4.675000000000000000e+01
4.684999999999999432e+01
4.695000000000000284e+01
4.704999999999999716e+01
4.715000000000000568e+01
4.725000000000000000e+01
4.734999999999999432e+01
4.745000000000000284e+01
4.754999999999999716e+01
4.765000000000000568e+01
4.775000000000000000e+01
4.784999999999999432e+01
4.795000000000000284e+01
4.804999999999999716e+01
4.815000000000000568e+01
4.825000000000000000e+01
4.834999999999999432e+01
4.845000000000000284e+01
4.854999999999999716e+01
4.865000000000000568e+01
4.875000000000000000e+01
4.884999999999999432e+01
4.895000000000000284e+01
4.904999999999999716e+01
4.915000000000000568e+01
4.925000000000000000e+01
4.934999999999999432e+01
4.945000000000000284e+01
4.954999999999999716e+01
4.965000000000000568e+01
4.975000000000000000e+01
4.984999999999999432e+01
4.995000000000000284e+01
5.004999999999999716e+01
5.015000000000000568e+01
5.025000000000000000e+01
5.034999999999999432e+01
5.045000000000000284e+01
5.054999999999999716e+01
5.065000000000000568e+01
5.075000000000000000e+01
5.084999999999999432e+01
5.095000000000000284e+01
5.104999999999999716e+01
5.115000000000000568e+01
5.125000000000000000e+01
5.134999999999999432e+01
5.145000000000000284e+01
5.154999999999999716e+01
5.165000000000000568e+01
5.175000000000000000e+01
5.184999999999999432e+01
5.195000000000000284e+01
5.204999999999999716e+01
5.215000000000000568e+01
5.225000000000000000e+01
5.234999999999999432e+01
5.245000000000000284e+01
5.254999999999999716e+01
5.265000000000000568e+01
5.275000000000000000e+01
5.284999999999999432e+01
5.295000000000000284e+01
5.304999999999999716e+01
5.315000000000000568e+01
5.325000000000000000e+01
5.334999999999999432e+01
5.345000000000000284e+01
5.354999999999999716e+01
5.365000000000000568e+01
5.375000000000000000e+01
5.384999999999999432e+01
5.395000000000000284e+01
5.404999999999999716e+01
5.415000000000000568e+01
5.425000000000000000e+01
5.434999999999999432e+01
5.445000000000000284e+01
5.454999999999999716e+01
5.465000000000000568e+01
5.475000000000000000e+01
5.484999999999999432e+01
5.495000000000000284e+01
5.504999999999999716e+01
5.515000000000000568e+01
5.525000000000000000e+01
5.534999999999999432e+01
5.545000000000000284e+01
5.554999999999999716e+01
5.565000000000000568e+01
5.575000000000000000e+01
5.584999999999999432e+01
5.595000000000000284e+01
5.604999999999999716e+01
5.615000000000000568e+01
5.625000000000000000e+01
5.634999999999999432e+01
5.645000000000000284e+01
5.654999999999999716e+01
5.665000000000000568e+01
5.675000000000000000e+01
5.684999999999999432e+01
5.695000000000000284e+01
5.704999999999999716e+01
5.715000000000000568e+01
5.725000000000000000e+01
5.734999999999999432e+01
5.745000000000000284e+01
5.754999999999999716e+01
5.765000000000000568e+01
5.775000000000000000e+01
5.784999999999999432e+01
5.795000000000000284e+01
5.804999999999999716e+01
5.815000000000000568e+01
5.825000000000000000e+01
5.834999999999999432e+01
5.845000000000000284e+01
5.854999999999999716e+01
5.865000000000000568e+01
5.875000000000000000e+01
5.884999999999999432e+01
5.895000000000000284e+01
5.904999999999999716e+01
5.915000000000000568e+01
5.925000000000000000e+01
