5.711707281288800000e+13
5.066963375178100000e+13
5.399231872718100000e+13
5.336855617550700000e+13
4.965799999675800000e+13
4.308997576217600000e+13
4.430999817187100000e+13
4.074430763927600000e+13
3.940869179033400000e+13
3.615530101664400000e+13
3.935559147783300000e+13
3.726719507626700000e+13
3.196745027947700000e+13
3.287250601942800000e+13
3.183414839584500000e+13
3.182426895633900000e+13
2.816805502890400000e+13
2.890449873301800000e+13
2.943146278168500000e+13
2.492724277833200000e+13
2.649439250830500000e+13
2.567998973540300000e+13
2.591666503543000000e+13
2.557711508726300000e+13
2.282752093048000000e+13
2.337178605102300000e+13
2.114427987911800000e+13
2.420812119378500000e+13
2.155345241534600000e+13
1.881275571161200000e+13
2.099288260017600000e+13
1.938947052532600000e+13
2.017964793487400000e+13
2.039722225350300000e+13
1.741820391814100000e+13
1.671867527379600000e+13
1.901237331041200000e+13
1.776185045326300000e+13
1.563489488151300000e+13
1.769971239788500000e+13
1.514002804583700000e+13
1.537616786427600000e+13
1.644492080543600000e+13
1.607868895667700000e+13
1.584605753929300000e+13
1.394459216191800000e+13
1.455716672891000000e+13
1.356918039775200000e+13
1.454430695003400000e+13
1.295053727533100000e+13
1.374990524039200000e+13
1.395746979708700000e+13
1.263633563607300000e+13
1.180356161894500000e+13
1.137326017977800000e+13
1.138467588581600000e+13
1.135031003449000000e+13
1.101429878348900000e+13
1.004479075098000000e+13
1.044975370662000000e+13
1.167615062961200000e+13
1.074463895915900000e+13
1.081572084144100000e+13
9.584350650219000000e+12
8.979652563815000000e+12
1.026453583779900000e+13
9.548644235667000000e+12
8.347804699896000000e+12
1.025767668123100000e+13
7.582189400987000000e+12
8.071910346625000000e+12
7.562307297214000000e+12
8.131769505240000000e+12
8.350524023860000000e+12
8.107301973918000000e+12
7.957252820993000000e+12
6.151623775651000000e+12
7.525606343668000000e+12
6.527657046233000000e+12
7.093434078645000000e+12
5.548918663546000000e+12
6.355995332898000000e+12
5.806181687541000000e+12
7.021499693647000000e+12
6.517345170275000000e+12
4.919710292103000000e+12
5.174890555570000000e+12
6.084846823528000000e+12
5.736179069118000000e+12
5.594255427613000000e+12
4.742859996952000000e+12
4.601018813098000000e+12
4.385982225222000000e+12
5.644187899574000000e+12
4.867192375274000000e+12
4.222343501335000000e+12
4.920934868623000000e+12
3.984005132848000000e+12
4.881401660925000000e+12
5.183952993643000000e+12
3.964377493662000000e+12
4.989895713927000000e+12
4.721758441429000000e+12
4.379912821951000000e+12
3.232477234097000000e+12
3.967387903315000000e+12
3.477111646723000000e+12
3.352254065351000000e+12
3.486881206343000000e+12
3.274675677844000000e+12
3.080292341534000000e+12
3.162667277510000000e+12
2.793486403898000000e+12
3.569734559658000000e+12
3.458307300040000000e+12
2.815295132262000000e+12
2.914541327967000000e+12
3.480510548548000000e+12
3.724924694940000000e+12
3.437884077729000000e+12
2.900228993645000000e+12
3.234111309209000000e+12
2.789462711840000000e+12
3.040283384148000000e+12
2.689886770769000000e+12
2.775690690173000000e+12
3.087311917001000000e+12
2.707107882594000000e+12
2.609457586052000000e+12
2.498044555652000000e+12
2.500439275638000000e+12
2.991235615068000000e+12
2.993312774130000000e+12
2.945141318673000000e+12
1.903150990480000000e+12
2.258994279437000000e+12
2.569740387786000000e+12
2.697714310959000000e+12
2.001687025355000000e+12
2.911545066185000000e+12
1.920985181252000000e+12
2.159068497186000000e+12
3.057831376413000000e+12
2.163875015788000000e+12
2.523223589802000000e+12
1.719658258161000000e+12
2.495908831900000000e+12
2.442613274557000000e+12
2.818375636427000000e+12
2.594402000409000000e+12
1.978357808286000000e+12
1.449412524348000000e+12
1.886282710599000000e+12
1.505588736337000000e+12
1.165875228395000000e+12
3.163817348665000000e+12
1.923845988011000000e+12
1.978810663796000000e+12
2.164078808431000000e+12
1.838285690746000000e+12
1.023484231041000000e+12
1.689705581997000000e+12
1.719480568915000000e+12
1.996597318909000000e+12
1.721451502957000000e+12
1.411130284715000000e+12
1.375101653326000000e+12
1.512316205802000000e+12
2.124319067664000000e+12
1.684933440792000000e+12
1.313417985069000000e+12
2.300460407007000000e+12
1.427582550831000000e+12
1.093712042885000000e+12
1.351237020961000000e+12
1.251932301714000000e+12
1.193947558200000000e+12
1.822775689655000000e+12
1.755337200024000000e+12
1.751535399863000000e+12
1.841098137411000000e+12
1.916362271096000000e+12
1.352567407848000000e+12
2.033995726984000000e+12
1.078681121934000000e+12
1.609440934583000000e+12
1.711073039555000000e+12
7.964639993020000000e+11
1.138666760469000000e+12
9.364321341160000000e+11
1.179505115868000000e+12
1.538757332284000000e+12
1.568751595716000000e+12
9.909869155020000000e+11
6.369086536770000000e+11
1.730043198467000000e+12
9.715463550160000000e+11
9.860594791120000000e+11
9.925829973270000000e+11
1.456492687024000000e+12
1.128241697641000000e+12
1.148336980391000000e+12
8.520028302520000000e+11
1.310811478798000000e+12
8.325092498100000000e+11
1.213327917248000000e+12
1.265563743248000000e+12
7.330404080860000000e+11
7.337212396940000000e+11
1.334085078047000000e+12
1.200862233166000000e+12
1.634143015828000000e+12
5.279798372520000000e+11
3.734570209890000000e+11
1.240180010506000000e+12
8.638369604030000000e+11
1.076984262360000000e+12
1.001557128955000000e+12
7.253192336010000000e+11
5.387629276680000000e+11
1.345962200829000000e+12
1.127776258731000000e+12
9.381978710810000000e+11
1.219167699733000000e+12
1.286751237194000000e+12
1.477914219573000000e+12
9.858827303020000000e+11
5.639150273280000000e+11
8.095806679370000000e+11
8.658439618880000000e+11
6.586706958150000000e+11
7.102784335340000000e+11
7.735008700230000000e+11
8.754212053130000000e+11
8.394165834010000000e+11
1.172341326390000000e+12
7.445647569540000000e+11
1.028279089816000000e+12
1.006145451972000000e+12
1.262929331134000000e+12
8.277594329020000000e+11
4.129097441470000000e+11
1.044422658520000000e+12
8.014959379640000000e+11
8.973555519440000000e+11
1.192815435140000000e+12
6.326450066090000000e+11
4.104665987830000000e+11
1.075629963365000000e+12
8.540495281280000000e+11
7.207141349190000000e+11
2.926300136710000000e+11
7.534073984170000000e+11
7.021801827780000000e+11
4.561892507990000000e+11
1.044176110385000000e+12
4.419636011790000000e+11
1.147376340419000000e+12
9.555877597650000000e+11
3.120908752210000000e+11
5.453455573160000000e+11
6.963439269240000000e+11
2.673081605230000000e+11
1.414519317811000000e+12
6.166540497330000000e+11
8.156456427050000000e+11
3.742287835570000000e+11
1.038767066950000000e+11
6.882191409190000000e+11
1.022438384296000000e+12
6.212534414130000000e+11
7.348428569130000000e+11
1.286399643554000000e+12
1.027982710796000000e+12
6.618381235830000000e+11
6.536164179130000000e+11
5.527709632950000000e+11
1.005636851571000000e+12
4.131282096680000000e+11
6.996372952940000000e+11
1.154566488038000000e+12
7.220321920150000000e+11
8.106597355010000000e+11
3.565062839770000000e+11
4.724533182600000000e+11
9.892065329690000000e+11
3.703215916310000000e+11
2.205054048530000000e+11
7.252254396710000000e+11
7.712023043910000000e+11
7.785560074540000000e+11
1.898200065390000000e+11
3.071070765320000000e+11
4.758884779780000000e+11
7.291426654020000000e+11
1.875432416890000000e+11
8.528238635000000000e+11
4.250917021500000000e+11
5.671762893660000000e+11
5.805563897340000000e+11
1.016001147316000000e+12
5.743951297310000000e+11
4.777520385610000000e+11
5.800706646240000000e+11
1.757785081630000000e+11
4.192941164760000000e+11
2.748104218510000000e+11
2.230229650860000000e+11
8.544199801850000000e+11
6.376853442120000000e+11
5.389102501160000000e+11
3.031071287040000000e+11
1.384740280570000000e+11
6.599320814460000000e+11
7.270823828400000000e+11
4.319565998450000000e+11
1.554327339230000000e+11
4.361331153880000000e+11
2.884057792190000000e+11
9.308976001900000000e+10
5.664119877010000000e+11
2.976127808900000000e+10
3.916370673570000000e+11
5.344634016170000000e+11
6.947295350610000000e+11
5.793359177220000000e+11
4.155798753930000000e+11
6.777241503580000000e+11
3.409096529350000000e+11
4.716985485720000000e+11
3.046829017290000000e+11
7.580941181200000000e+10
5.821249616960000000e+11
4.630839979830000000e+11
5.553780854520000000e+11
3.082909048530000000e+11
6.925258741990000000e+11
1.096853313436000000e+12
4.330807063810000000e+11
4.468368848800000000e+11
7.891384359200000000e+11
1.879615899100000000e+10
4.606747613280000000e+11
4.213794165330000000e+11
7.424426472460000000e+11
1.421744095950000000e+11
2.285085198620000000e+11
4.368319930240000000e+11
5.755682143090000000e+11
4.887892768000000000e+10
4.183807302770000000e+11
6.049451912890000000e+11
1.677144465150000000e+11
3.867462858910000000e+11
2.742702245420000000e+11
4.025669712190000000e+11
2.154390352090000000e+11
3.957116559020000000e+11
4.283812291330000000e+11
5.699452782790000000e+11
3.280642869890000000e+11
2.613584123450000000e+11
4.538375077400000000e+11
1.767161824810000000e+11
2.920009344960000000e+11
2.734256600130000000e+11
1.135910001312000000e+12
5.705825347080000000e+11
1.479175806290000000e+11
4.001284449310000000e+11
5.187693505680000000e+11
5.356281988300000000e+11
5.113204570400000000e+11
4.130312522600000000e+11
4.149940260600000000e+10
5.409738905620000000e+11
5.122059455960000000e+11
9.602399454000000000e+09
5.386960245130000000e+11
5.204811182800000000e+10
4.196825590310000000e+11
1.548677249060000000e+11
5.295642198700000000e+11
1.941824184660000000e+11
2.784518538540000000e+11
1.571053971700000000e+10
5.403441255080000000e+11
1.674269570200000000e+10
2.262029421600000000e+10
1.816851421230000000e+11
2.264667971500000000e+10
5.363336116600000000e+11
3.672961513480000000e+11
2.041258557300000000e+10
1.533923813010000000e+11
2.721800053900000000e+11
1.739750922900000000e+11
1.426965475430000000e+11
2.610617992400000000e+11
1.475155978400000000e+11
6.378909035530000000e+11
5.518619578350000000e+11
3.933751406540000000e+11
1.397724265060000000e+11
4.064976617820000000e+11
2.799301186180000000e+11
2.952916870300000000e+11
4.062295772200000000e+10
1.426061117740000000e+11
1.125434094500000000e+10
1.636366257630000000e+11
1.787995469300000000e+11
2.779673687660000000e+11
3.893281627240000000e+11
1.397897496350000000e+11
2.745703504650000000e+11
1.311474444460000000e+11
4.083310149310000000e+11
1.346999768420000000e+11
2.796446750850000000e+11
4.026613298590000000e+11
1.346378479320000000e+11
2.867645849530000000e+11
1.334082491090000000e+11
4.074824115860000000e+11
2.134177885700000000e+10
8.083122014830000000e+11
2.686979729710000000e+11
6.431120109800000000e+11
2.721331803810000000e+11
3.474307600300000000e+10
1.478570375680000000e+11
5.199016042270000000e+11
1.279837285329000000e+12
2.755390698480000000e+11
3.029506194060000000e+11
6.431119690000000000e+09
7.879683816840000000e+11
1.463255643060000000e+11
1.709382321200000000e+11
1.785750645670000000e+11
2.770480005110000000e+11
5.163069067450000000e+11
3.069446224370000000e+11
2.513143141400000000e+10
1.319506178250000000e+11
2.106078217700000000e+10
2.727783989890000000e+11
1.387270535610000000e+11
5.301634923860000000e+11
1.480047839190000000e+11
2.672039294560000000e+11
1.421629423910000000e+11
2.767767976480000000e+11
5.178237590400000000e+11
2.236518000370000000e+11
4.393610248320000000e+11
6.377908604870000000e+11
4.923622372250000000e+11
3.805960761000000000e+09
1.358138451010000000e+11
3.932475581510000000e+11
1.414132495540000000e+11
2.683419178000000000e+11
2.912450694610000000e+11
1.285602248390000000e+11
1.177613147100000000e+10
1.567541224020000000e+11
2.564816237700000000e+10
1.432017053380000000e+11
1.291512342260000000e+11
1.107776775800000000e+10
4.989395635700000000e+10
3.956347300570000000e+11
4.124878452040000000e+11
2.656502461270000000e+11
1.931690646500000000e+10
1.620704649410000000e+11
1.493540797360000000e+11
5.638722819100000000e+10
1.356800376760000000e+11
1.941366700970000000e+11
2.816096903610000000e+11
1.728713824900000000e+10
3.820826913650000000e+11
1.649895074480000000e+11
1.687423059400000000e+10
1.348942689870000000e+11
1.408100040540000000e+11
5.148528294010000000e+11
1.492372027680000000e+11
1.461750383080000000e+11
6.144159942000000000e+09
3.722218781300000000e+10
1.626762279340000000e+11
2.625025720360000000e+11
3.898361027670000000e+11
1.434568269380000000e+11
1.518929386310000000e+11
4.037988324690000000e+11
1.359640504840000000e+11
5.267395656250000000e+11
4.224837270670000000e+11
2.307812347400000000e+10
2.458749938200000000e+11
2.552454937760000000e+11
1.568105440780000000e+11
4.391515169600000000e+10
1.867531317210000000e+11
1.466685797710000000e+11
2.481670685400000000e+10
1.344659866050000000e+11
2.613363417130000000e+11
1.401013467340000000e+11
2.927448262800000000e+10
2.156302176840000000e+11
2.572624480100000000e+11
4.634658771000000000e+09
1.950974934800000000e+10
1.957619443000000000e+09
3.950781959500000000e+10
1.041647476900000000e+10
4.176152360200000000e+10
1.309166439930000000e+11
2.137235490730000000e+11
5.175048553000000000e+10
3.018032632970000000e+11
1.784068588980000000e+11
1.295564375840000000e+11
1.823437901460000000e+11
2.660648181000000000e+10
2.139625115400000000e+10
3.080776437680000000e+11
3.936125890000000000e+11
1.513448397980000000e+11
1.787101699100000000e+10
3.894286546160000000e+11
2.306353294100000000e+10
1.347260859960000000e+11
9.593457560000000000e+09
1.471692534050000000e+11
3.344713483000000000e+09
1.383242799570000000e+11
1.314950385600000000e+10
1.348828877860000000e+11
4.778629676600000000e+10
1.539884747840000000e+11
1.320678087140000000e+11
2.697430045800000000e+11
2.722810341710000000e+11
1.075218728440000000e+11
1.350653530560000000e+11
2.555685360500000000e+10
2.086141129620000000e+11
1.306255885680000000e+11
9.541726248000000000e+09
3.764844368000000000e+09
1.411448245570000000e+11
1.606670525670000000e+11
1.498478506900000000e+11
1.382885097440000000e+11
5.488406841000000000e+09
1.313183309630000000e+11
2.607501213150000000e+11
