1.704000
1.752000
1.800000
1.848000
1.896000
1.944000
1.992000
2.040000
2.088000
2.136000
2.184000
2.232000
2.280000
2.328000
2.376000
2.424000
2.472000
2.520000
2.568000
2.616000
2.664000
2.712000
2.760000
2.808000
2.856000
2.904000
2.952000
3.000000
3.048000
3.096000
3.144000
3.192000
3.240000
3.288000
3.336000
3.384000
3.432000
3.480000
3.528000
3.576000
3.624000
3.672000
3.720000
3.768000
3.816000
3.864000
3.912000
3.960000
4.008000
4.056000
4.104000
4.152000
4.200000
4.248000
4.296000
4.344000
4.392000
4.440000
4.488000
4.536000
4.584000
4.632000
4.680000
4.728000
4.776000
4.824000
4.872000
4.920000
4.968000
5.016000
5.064000
5.112000
5.160000
5.208000
5.256000
5.304000
5.352000
5.400000
5.448000
5.496000
5.544000
5.592000
5.640000
5.688000
5.736000
5.784000
5.832000
5.880000
5.928000
5.976000
6.024000
6.072000
6.120000
6.168000
6.216000
6.264000
6.312000
6.360000
6.408000
6.456000
6.504000
6.552000
6.600000
6.648000
6.696000
6.744000
6.792000
6.840000
6.888000
6.936000
6.984000
7.032000
7.080000
7.128000
7.176000
7.224000
7.272000
7.320000
7.368000
7.416000
7.464000
7.512000
7.560000
7.608000
7.656000
7.704000
7.752000
7.800000
7.848000
7.896000
7.944000
7.992000
8.040000
8.088000
8.136000
8.184000
8.232000
8.280000
8.328000
8.376000
8.424000
8.472000
8.520000
8.568000
8.616000
8.664000
8.712000
8.760000
8.808000
8.856000
8.904000
8.952000
9.000000
9.048000
9.096000
9.144000
9.192000
9.240000
9.288000
9.336000
9.384000
9.432000
9.480000
9.528000
9.576000
9.624000
9.672000
9.720000
9.768000
9.816000
9.864000
9.912000
9.960000
10.008000
10.056000
10.104000
10.152000
10.200000
10.248000
10.296000
10.344000
10.392000
10.440000
10.488000
10.536000
10.584000
10.632000
10.680000
10.728000
10.776000
10.824000
10.872000
10.920000
10.968000
11.016000
11.064000
11.112000
11.160000
11.208000
11.256000
11.304000
11.352000
11.400000
11.448000
11.496000
11.544000
11.592000
11.640000
11.688000
11.736000
11.784000
11.832000
11.880000
11.928000
11.976000
12.024000
12.072000
12.120000
12.168000
12.216000
12.264000
12.312000
12.360000
12.408000
12.456000
12.504000
12.552000
12.600000
12.648000
12.696000
12.744000
12.792000
12.840000
12.888000
12.936000
12.984000
13.032000
13.080000
13.128000
13.176000
13.224000
13.272000
13.320000
13.368000
13.416000
13.464000
13.512000
13.560000
13.608000
13.656000
13.704000
13.752000
13.800000
13.848000
13.896000
13.944000
13.992000
14.040000
14.088000
14.136000
14.184000
14.232000
14.280000
14.328000
14.376000
14.424000
14.472000
14.520000
14.568000
14.616000
14.664000
14.712000
14.760000
14.808000
14.856000
14.904000
14.952000
15.000000
15.048000
15.096000
15.144000
15.192000
15.240000
15.288000
15.336000
15.384000
15.432000
15.480000
15.528000
15.576000
15.624000
15.672000
15.720000
15.768000
15.816000
15.864000
15.912000
15.960000
16.008000
16.056000
16.104000
16.152000
16.200000
16.248000
16.296000
16.344000
16.392000
16.440000
16.488000
16.536000
16.584000
16.632000
16.680000
16.728000
16.776000
16.824000
16.872000
16.920000
16.968000
17.016000
17.064000
17.112000
17.160000
17.208000
17.256000
17.304000
17.352000
17.400000
17.448000
17.496000
17.544000
17.592000
17.640000
17.688000
17.736000
17.784000
17.832000
17.880000
17.928000
17.976000
18.024000
18.072000
18.120000
18.168000
18.216000
18.264000
18.312000
18.360000
18.408000
18.456000
18.504000
18.552000
18.600000
18.648000
18.696000
18.744000
18.792000
18.840000
18.888000
18.936000
18.984000
19.032000
19.080000
19.128000
19.176000
19.224000
19.272000
19.320000
19.368000
19.416000
19.464000
19.512000
19.560000
19.608000
19.656000
19.704000
19.752000
19.800000
19.848000
19.896000
19.944000
19.992000
20.040000
20.088000
20.136000
20.184000
20.232000
20.280000
20.328000
20.376000
20.424000
20.472000
20.520000
20.568000
20.616000
20.664000
20.712000
20.760000
20.808000
20.856000
20.904000
20.952000
21.000000
21.048000
21.096000
21.144000
21.192000
21.240000
21.288000
21.336000
21.384000
21.432000
21.480000
21.528000
21.576000
21.624000
21.672000
21.720000
21.768000
21.816000
21.864000
21.912000
21.960000
22.008000
22.056000
22.104000
22.152000
22.200000
22.248000
22.296000
22.344000
22.392000
22.440000
22.488000
22.536000
22.584000
22.632000
22.680000
22.728000
22.776000
22.824000
22.872000
22.920000
22.968000
23.016000
23.064000
23.112000
23.160000
23.208000
23.256000
23.304000
23.352000
23.400000
23.448000
23.496000
23.544000
23.592000
23.640000
23.688000
23.736000
23.784000
23.832000
23.880000
23.928000
23.976000
24.024000
24.072000
24.120000
24.168000
24.216000
24.312000
24.360000
24.408000
24.456000
24.504000
24.552000
24.600000
24.648000
24.696000
24.744000
24.792000
24.888000
24.936000
24.984000
25.032000
25.080000
25.128000
25.176000
25.224000
25.272000
25.320000
25.368000
25.416000
25.464000
25.512000
25.560000
25.608000
25.656000
25.704000
25.752000
25.800000
25.896000
25.992000
26.040000
26.088000
26.136000
26.184000
26.232000
26.280000
26.328000
26.376000
26.424000
26.472000
26.520000
26.568000
26.616000
26.664000
26.712000
26.760000
26.808000
