9.967812579121880000e+14
9.667652907045790000e+14
9.300367929355850000e+14
9.078717441202400000e+14
8.741819681380520000e+14
8.569617556883270000e+14
8.235101943115310000e+14
8.045733095155210000e+14
7.817893163170970000e+14
7.663559081352740000e+14
7.391159324547590000e+14
7.237906722279140000e+14
7.026181103955100000e+14
6.879584992153030000e+14
6.716692105487350000e+14
6.566435867226230000e+14
6.384663660600280000e+14
6.277610568874190000e+14
6.136174315309440000e+14
6.004234121000490000e+14
5.909142950362950000e+14
5.800379103135240000e+14
5.696211716038510000e+14
5.551399978505450000e+14
5.473919643160260000e+14
5.322905592685360000e+14
5.246804262551600000e+14
5.142193399917780000e+14
5.033548303068280000e+14
4.979125138109240000e+14
4.858634689681500000e+14
4.813999262935760000e+14
4.707521899533470000e+14
4.623138343069780000e+14
4.553205757489550000e+14
4.474645906279230000e+14
4.394678342683750000e+14
4.285528844654340000e+14
4.223696409721040000e+14
4.183698774276480000e+14
4.112032325940970000e+14
4.042019441189970000e+14
3.973997439402860000e+14
3.899875179682780000e+14
3.829059477201100000e+14
3.689718620742200000e+14
3.624939935776040000e+14
3.613508221103740000e+14
3.541743987749530000e+14
3.485241064060390000e+14
3.433475185968900000e+14
3.361602910924960000e+14
3.296314860542870000e+14
3.233893788663000000e+14
3.152197565459670000e+14
3.102093209031470000e+14
3.060352292672320000e+14
3.017122175140940000e+14
2.939629928144760000e+14
2.927935625059030000e+14
2.820578235601210000e+14
2.784090078044670000e+14
2.751504937154690000e+14
2.734931146067760000e+14
2.653699946723890000e+14
2.611684823558470000e+14
2.557367558539550000e+14
2.526495657485830000e+14
2.452328785888890000e+14
2.381666427507350000e+14
2.383897010028680000e+14
2.316005868059070000e+14
2.293501511584960000e+14
2.256558187137290000e+14
2.221979728448020000e+14
2.171916911568550000e+14
2.119701566985800000e+14
2.077333955982050000e+14
2.055703435154390000e+14
2.020136610856230000e+14
1.985918948079770000e+14
1.982143975604660000e+14
1.914259604133280000e+14
1.882194371210900000e+14
1.842554148470810000e+14
1.824352856867500000e+14
1.785330903354530000e+14
1.774408221610770000e+14
1.728205931540520000e+14
1.688125220268990000e+14
1.666831948544030000e+14
1.670623494637540000e+14
1.608108376679010000e+14
1.592894338951470000e+14
1.570829395341600000e+14
1.545834825621820000e+14
1.510975521419960000e+14
1.484396721694170000e+14
1.466738043702610000e+14
1.424800804008760000e+14
1.436595408517760000e+14
1.388769957078660000e+14
1.380039842321680000e+14
1.353112486787060000e+14
1.325142772637990000e+14
1.289621450416010000e+14
1.275948777249600000e+14
1.288142812807700000e+14
1.261695464009760000e+14
1.218912760332140000e+14
1.203221624764150000e+14
1.178315829636080000e+14
1.163247836255480000e+14
1.144677101658860000e+14
1.141784807368930000e+14
1.111772318063930000e+14
1.098562273953270000e+14
1.101962224389160000e+14
1.065945105505240000e+14
1.054544490826450000e+14
1.036925954088230000e+14
1.005534993287530000e+14
9.911384195011900000e+13
9.937323240793200000e+13
9.691072812984200000e+13
9.369241893786300000e+13
9.523082380595300000e+13
9.258573813575800000e+13
9.204476591242400000e+13
8.893340113802400000e+13
8.825578537845500000e+13
8.539465133128000000e+13
8.476534677794600000e+13
8.600639709751600000e+13
8.339630661583400000e+13
8.262947017486100000e+13
8.174110533679700000e+13
8.174770737619000000e+13
7.891325912858100000e+13
8.076631413462700000e+13
7.690763225447800000e+13
7.575421252801700000e+13
7.527983323090600000e+13
7.365303934615700000e+13
7.392875387156900000e+13
7.061929435291500000e+13
7.095436792397500000e+13
6.803928131510600000e+13
6.845723157722800000e+13
6.892436599154200000e+13
6.670696183248900000e+13
6.733789530153300000e+13
6.652341370242600000e+13
6.454815760197200000e+13
6.484753289792400000e+13
6.296571598865800000e+13
6.130522279486100000e+13
6.088159815644400000e+13
5.959488836420400000e+13
5.974969555685500000e+13
5.924762502645000000e+13
5.808714212365900000e+13
5.628196534436200000e+13
5.662627172579100000e+13
5.519566548945900000e+13
5.355542454476500000e+13
5.410415428431700000e+13
5.296050107001700000e+13
5.299038442457500000e+13
5.304268549828900000e+13
5.076859726972600000e+13
5.189392680068100000e+13
4.930991237467800000e+13
4.945042319390800000e+13
4.782298948454600000e+13
4.775361801850900000e+13
4.783138954618900000e+13
4.657722468877800000e+13
4.694654779519300000e+13
4.511365908796500000e+13
4.646976181146900000e+13
4.522828072962400000e+13
4.401860798915200000e+13
4.435196587921100000e+13
4.338143692565800000e+13
4.291929387232000000e+13
4.153609016322700000e+13
4.110280503562400000e+13
4.184884518443700000e+13
4.228605423692100000e+13
4.042675449603500000e+13
3.971819209131700000e+13
3.992134744373100000e+13
3.884706057952200000e+13
3.811631843514400000e+13
3.719434288543400000e+13
3.752618712335200000e+13
3.886052116746200000e+13
3.564839945656600000e+13
3.555881105610300000e+13
3.550461045051600000e+13
3.476131975055500000e+13
3.521759087927400000e+13
3.502382363420800000e+13
3.439767742148600000e+13
3.463542318701700000e+13
3.385304523301900000e+13
3.356039998298800000e+13
3.160667646854900000e+13
3.188556359854800000e+13
3.182079047981300000e+13
3.201770473820300000e+13
3.139701467572900000e+13
3.155691978597600000e+13
3.036204793128900000e+13
3.103810853855400000e+13
2.889927286401500000e+13
2.933585313327800000e+13
2.978736687459600000e+13
2.998841393886300000e+13
2.920374211393200000e+13
2.813889308387200000e+13
2.748761600855400000e+13
2.761159963693900000e+13
2.892451309103300000e+13
2.720859765333800000e+13
2.774128743272200000e+13
2.722321966893400000e+13
2.624987681906100000e+13
2.614188886348200000e+13
2.543064879908100000e+13
2.632012858236000000e+13
2.497204055838000000e+13
2.515439973482300000e+13
2.636977779872700000e+13
2.527562894031900000e+13
2.452351135418300000e+13
2.309410085218700000e+13
2.368563954025100000e+13
2.418265767397600000e+13
2.352424564759900000e+13
2.319741979906800000e+13
2.239897829876700000e+13
2.186570147682600000e+13
2.269273417901400000e+13
2.165675745694400000e+13
2.188992821281700000e+13
2.171605551622000000e+13
2.190064881378000000e+13
2.084553219338900000e+13
2.070828564756000000e+13
1.985430953541200000e+13
2.001776239972500000e+13
2.004650413086000000e+13
2.066246242453700000e+13
2.068293473671100000e+13
2.042634012424600000e+13
1.965776906547700000e+13
1.905911534157500000e+13
2.004105325797800000e+13
1.907909945152300000e+13
1.920428446067500000e+13
1.845514466396700000e+13
1.921941560635400000e+13
1.829212728485400000e+13
1.854151846719100000e+13
1.776046989604400000e+13
1.764936915307400000e+13
1.712427187774700000e+13
1.682904489714400000e+13
1.739509346626000000e+13
1.710438710954900000e+13
1.652708143461100000e+13
1.629872089433300000e+13
1.613028517558000000e+13
1.631605352842300000e+13
1.561243468707300000e+13
1.620734895782500000e+13
1.638240249479300000e+13
1.617568351980000000e+13
1.579956725753000000e+13
1.558835234273400000e+13
1.604563102301800000e+13
1.550695964810600000e+13
1.466875421269600000e+13
1.456847744097200000e+13
1.415769477716300000e+13
1.444384072194000000e+13
1.468192667322100000e+13
1.328760168104600000e+13
1.379809992250200000e+13
1.468340335811900000e+13
1.410572180723400000e+13
1.439398347592200000e+13
1.288738166063400000e+13
1.411297189074200000e+13
1.340221708513600000e+13
1.370806559000400000e+13
1.295259066895400000e+13
1.292871139217600000e+13
1.251332925898600000e+13
1.243836645213500000e+13
1.193802420967000000e+13
1.251755723580800000e+13
1.277296523511300000e+13
1.183118249876600000e+13
1.232722971003200000e+13
1.175789316213600000e+13
1.243415060888900000e+13
1.220329292053600000e+13
1.157288922434000000e+13
1.128611187308600000e+13
1.225060030051300000e+13
1.157263610742000000e+13
1.004475041569300000e+13
1.085976546422300000e+13
1.130667908788700000e+13
1.076428641090800000e+13
1.064921779894900000e+13
1.052559812869500000e+13
1.073995415045400000e+13
1.033026590814100000e+13
1.045513853145100000e+13
1.056821725046400000e+13
1.051129778936000000e+13
9.408476598261000000e+12
1.045844176353300000e+13
1.024793496208800000e+13
1.016530208625500000e+13
1.036069898438700000e+13
9.507222358867000000e+12
9.671294614259000000e+12
9.440804867428000000e+12
9.609376722858000000e+12
9.243126754735000000e+12
9.040548369953000000e+12
8.688212946115000000e+12
9.598395064360000000e+12
8.970444178239000000e+12
9.231566157324000000e+12
8.451736874064000000e+12
8.997687313409000000e+12
8.582264369478000000e+12
8.399631103745000000e+12
8.599701116422000000e+12
8.426263388771000000e+12
8.617366562432000000e+12
8.131041020958000000e+12
8.097304732320000000e+12
8.458891987982000000e+12
7.894189517202000000e+12
7.819376109252000000e+12
8.261383634712000000e+12
7.339330350100000000e+12
7.190887274472000000e+12
7.420046851152000000e+12
7.676463864689000000e+12
7.910944606343000000e+12
7.061631624390000000e+12
7.114323439689000000e+12
8.123809038117000000e+12
6.558553333057000000e+12
7.378930774860000000e+12
6.498243799829000000e+12
6.300146469982000000e+12
6.904870553939000000e+12
6.583226396913000000e+12
6.224421347425000000e+12
6.753346641231000000e+12
6.482557153765000000e+12
6.551703374302000000e+12
6.573838889378000000e+12
6.275536442911000000e+12
6.076595196152000000e+12
5.878671308352000000e+12
5.735555352463000000e+12
5.988611134519000000e+12
5.837623723436000000e+12
5.866914315905000000e+12
5.637960047936000000e+12
5.683647975868000000e+12
5.048591017911000000e+12
5.823325762841000000e+12
6.021706961029000000e+12
5.597869749561000000e+12
5.645521602457000000e+12
5.723836492017000000e+12
5.083937723055000000e+12
5.043170623644000000e+12
5.059183822903000000e+12
5.074108227172000000e+12
5.077809048556000000e+12
4.930869012255000000e+12
4.374696036109000000e+12
4.616263568279000000e+12
4.841542216671000000e+12
4.909445389410000000e+12
5.367011548905000000e+12
4.536088905961000000e+12
4.597785325612000000e+12
4.434602062671000000e+12
4.740271341728000000e+12
4.920471348457000000e+12
4.138712517836000000e+12
4.410961658869000000e+12
4.264379228744000000e+12
4.150358488058000000e+12
3.892025686022000000e+12
4.412841816321000000e+12
4.406279919832000000e+12
3.939600261989000000e+12
3.816117171840000000e+12
3.950935629426000000e+12
4.246670047614000000e+12
3.716793403214000000e+12
3.572063062798000000e+12
3.880912322791000000e+12
3.755798651317000000e+12
3.785027025497000000e+12
3.378611049854000000e+12
3.299643419145000000e+12
3.749815657254000000e+12
3.304447610252000000e+12
3.097483672837000000e+12
3.352890009100000000e+12
3.303472561512000000e+12
3.526357207455000000e+12
3.416078268320000000e+12
3.521405838220000000e+12
3.355902691165000000e+12
3.420538940664000000e+12
3.442222609706000000e+12
3.077149436478000000e+12
3.246331967013000000e+12
3.345647896135000000e+12
3.048872256407000000e+12
3.234725051350000000e+12
2.625525735977000000e+12
2.759565937185000000e+12
2.829609887839000000e+12
2.815999619668000000e+12
2.504768544092000000e+12
2.567767941376000000e+12
2.558665099046000000e+12
2.935599560066000000e+12
2.910789721417000000e+12
2.678255696275000000e+12
2.492272144840000000e+12
2.193011467705000000e+12
2.253960040036000000e+12
2.299509424178000000e+12
2.629308909370000000e+12
2.452525387938000000e+12
2.554034810077000000e+12
2.349177758255000000e+12
2.101698306932000000e+12
2.296749347709000000e+12
2.187629763402000000e+12
2.528227097804000000e+12
1.811019843666000000e+12
2.141493968303000000e+12
2.160662040749000000e+12
2.083581682149000000e+12
2.363246132877000000e+12
2.190419626634000000e+12
1.948547293346000000e+12
2.131508710248000000e+12
2.032511876723000000e+12
1.938399178740000000e+12
2.194751180610000000e+12
2.305850659564000000e+12
1.860644069750000000e+12
2.038985914492000000e+12
2.164960440157000000e+12
1.771134834140000000e+12
1.947194686477000000e+12
1.593687057111000000e+12
1.984686589885000000e+12
1.778839543523000000e+12
1.642930630757000000e+12
1.815727776039000000e+12
1.795059049293000000e+12
1.796336758020000000e+12
1.885378070755000000e+12
1.907788756585000000e+12
1.653445162059000000e+12
1.759579218915000000e+12
1.693742960853000000e+12
1.646764672636000000e+12
1.338813573618000000e+12
1.306228560661000000e+12
1.452671249240000000e+12
1.655315777931000000e+12
1.431665465060000000e+12
1.454730078125000000e+12
1.527501119114000000e+12
1.357391937752000000e+12
1.252496205109000000e+12
1.686251429535000000e+12
1.608370738078000000e+12
1.267159529493000000e+12
1.401210022269000000e+12
1.433944824998000000e+12
1.512462260621000000e+12
1.379540253457000000e+12
1.302475296097000000e+12
1.382451816629000000e+12
1.198803616527000000e+12
1.267337318155000000e+12
1.462376468412000000e+12
1.313046700930000000e+12
1.461069791935000000e+12
9.910095041240000000e+11
1.296880442859000000e+12
1.126321376826000000e+12
1.354506800117000000e+12
1.104572465364000000e+12
1.096559468362000000e+12
1.246712068370000000e+12
1.079189714983000000e+12
9.173461632650000000e+11
1.175177229086000000e+12
1.059300062536000000e+12
9.190621668050000000e+11
1.101065125734000000e+12
1.082522221167000000e+12
8.020445979270000000e+11
1.150494328496000000e+12
1.143795764940000000e+12
8.415615776550000000e+11
1.223890441176000000e+12
9.173596944940000000e+11
9.894586172850000000e+11
8.899173587470000000e+11
1.112820099383000000e+12
9.519345429350000000e+11
9.377611171200000000e+11
8.066573483840000000e+11
7.851835682270000000e+11
7.855551783540000000e+11
1.008431126890000000e+12
7.865605888130000000e+11
7.713341592940000000e+11
7.699133234900000000e+11
9.540454958260000000e+11
8.677679237420000000e+11
9.015559853030000000e+11
9.499829284140000000e+11
9.140332729840000000e+11
7.338260698680000000e+11
8.313286722010000000e+11
7.981788992590000000e+11
6.765772625290000000e+11
5.576694611950000000e+11
7.713162791620000000e+11
6.918645686910000000e+11
7.299527752140000000e+11
7.096797106820000000e+11
7.590874382470000000e+11
5.434189480280000000e+11
7.287027084930000000e+11
6.760673984120000000e+11
5.595591085240000000e+11
6.762508304300000000e+11
4.838870726450000000e+11
7.364251743040000000e+11
6.806758838770000000e+11
8.854115191700000000e+11
5.721048727070000000e+11
6.365905608320000000e+11
5.867875009320000000e+11
7.704641059900000000e+11
7.522912697950000000e+11
6.396379770950000000e+11
5.082557467090000000e+11
6.238224785580000000e+11
6.277259573490000000e+11
6.518530334760000000e+11
5.182113651240000000e+11
6.264860077480000000e+11
5.443004098790000000e+11
5.436864614750000000e+11
5.121698108100000000e+11
4.975636103610000000e+11
5.681033811590000000e+11
5.103195005290000000e+11
5.124545002750000000e+11
6.530707274220000000e+11
5.620306445370000000e+11
5.328168025980000000e+11
4.605920344330000000e+11
4.554764904320000000e+11
4.656326842310000000e+11
5.368866851170000000e+11
3.767859425850000000e+11
5.153779572130000000e+11
5.246766089940000000e+11
4.267931993950000000e+11
4.939425629190000000e+11
4.942421182360000000e+11
4.797544837220000000e+11
5.148679332620000000e+11
3.338691023100000000e+11
3.046302814470000000e+11
4.434565800760000000e+11
3.805232862240000000e+11
4.995363659900000000e+11
4.244749496400000000e+11
4.059302595770000000e+11
4.408520198650000000e+11
4.926255815740000000e+11
3.653931838190000000e+11
4.403218760160000000e+11
3.855875693200000000e+11
3.489007836580000000e+11
5.564871940710000000e+11
2.603601676190000000e+11
4.012660818070000000e+11
4.836852136480000000e+11
3.951499624780000000e+11
3.172511215510000000e+11
3.299765439030000000e+11
3.582104130640000000e+11
2.658647519360000000e+11
3.573339147160000000e+11
2.814543518550000000e+11
2.500230489280000000e+11
2.425428425070000000e+11
3.174277774860000000e+11
3.570101796880000000e+11
3.589952649520000000e+11
3.591049562370000000e+11
3.256512046540000000e+11
3.185589517180000000e+11
2.927969003380000000e+11
3.935773396180000000e+11
3.959167839820000000e+11
2.584047469990000000e+11
3.117127652510000000e+11
2.739344743080000000e+11
2.462677554040000000e+11
2.952095137200000000e+11
2.304026270160000000e+11
2.791899798000000000e+11
3.505213229560000000e+11
2.598715404210000000e+11
2.039658102040000000e+11
2.730132549430000000e+11
3.057357868120000000e+11
3.151714500340000000e+11
1.768855336600000000e+11
1.952912634440000000e+11
3.350855024410000000e+11
2.415894506270000000e+11
2.421281271400000000e+11
1.800657618660000000e+11
2.149809466070000000e+11
1.908836443450000000e+11
1.849008588200000000e+11
2.451991967870000000e+11
2.458364868240000000e+11
1.830952761820000000e+11
1.763050993090000000e+11
1.711949444270000000e+11
2.065478265910000000e+11
1.447879775450000000e+11
2.304585125700000000e+11
1.682904965130000000e+11
1.601695532710000000e+11
2.293971267690000000e+11
2.430787719260000000e+11
9.835558699600000000e+10
2.202863083260000000e+11
9.923373156500000000e+10
9.256950778900000000e+10
9.001495657100000000e+10
1.752411686510000000e+11
2.094728248540000000e+11
1.658590433060000000e+11
2.283884678330000000e+11
1.283166385820000000e+11
1.071468299060000000e+11
1.151272127790000000e+11
1.026537044190000000e+11
7.625738449200000000e+10
9.233515674600000000e+10
1.474131551460000000e+11
2.218769252720000000e+11
1.589633670900000000e+11
1.586208519970000000e+11
5.571953235700000000e+10
9.650313964200000000e+10
1.893814557230000000e+11
5.584266780200000000e+10
1.378152829380000000e+11
1.588968321270000000e+11
1.029457684130000000e+11
1.120964564910000000e+11
1.316680412690000000e+11
1.253761737300000000e+11
9.272715694500000000e+10
9.535485650600000000e+10
7.813555433500000000e+10
1.504723779730000000e+11
1.203948571920000000e+11
1.231907184900000000e+11
8.512467762700000000e+10
1.125056697110000000e+11
9.267290109100000000e+10
8.803837162300000000e+10
3.067367592100000000e+10
8.308746334800000000e+10
7.416433487200000000e+10
1.081513872430000000e+11
1.139443414170000000e+11
8.008821429100000000e+10
1.274922321930000000e+11
1.047440139140000000e+11
1.106713693290000000e+11
7.581295109300000000e+10
9.703392167300000000e+10
5.393856039100000000e+10
1.056661390870000000e+11
9.272680838500000000e+10
6.563076354700000000e+10
9.377411543000000000e+10
4.703161930100000000e+10
7.460333800200000000e+10
5.308158757300000000e+10
9.415655431600000000e+10
1.189623315650000000e+11
9.253296587000000000e+10
8.627901520100000000e+10
5.040236677100000000e+10
6.678620614000000000e+10
2.699791450500000000e+10
5.887041253900000000e+10
3.668195012400000000e+10
2.349440196100000000e+10
9.067728515800000000e+10
7.747840216300000000e+10
7.606376457300000000e+10
8.532169754200000000e+10
8.616603753900000000e+10
4.288487869800000000e+10
3.668728100900000000e+10
1.320176783760000000e+11
6.027291241400000000e+10
8.950521104200000000e+10
5.680569224100000000e+10
4.688698470500000000e+10
6.211234947100000000e+10
7.880364683200000000e+10
4.071041177200000000e+10
5.971958319300000000e+10
2.185151254100000000e+10
1.193103397730000000e+11
5.815355138400000000e+10
8.413675185800000000e+10
8.693669517200000000e+10
3.684539357300000000e+10
6.037404925400000000e+10
4.776753003600000000e+10
7.248715806400000000e+10
1.059718088020000000e+11
1.265359302700000000e+10
3.595302335100000000e+10
5.021545285600000000e+10
9.473357521100000000e+10
1.410625452010000000e+11
3.180682102700000000e+10
2.745662862300000000e+10
4.017208522000000000e+10
