3089492595836734
2835626276053501
2564727822136028
2343472008980587
2175666067158727
2048005334389174
1888497781886769
1802977833383995
1688796302502926
1573539493224743
1486922099236212
1393158331569211
1344715392487998
1306397225738486
1239161929496626
1191978887166908
1109169511139770
1074208476696981
1010907449236382
978458779295253
966990770508331
897532049197009
848166139645170
869355374374564
788340307274351
799761438446165
747294700126338
687162279172355
696215273908035
680837412567292
648811248441501
599926053296350
594425507797034
571857298323040
569324072899937
543169089048745
552498195427886
525806471210755
504500390749333
509080706445504
494850962707636
474752979896486
455197806262859
420095471270350
415136039172840
416393764963355
399341781749943
383032649986630
370597643924604
379558759387678
356314236768534
356411327073141
349106971355667
340282887566189
337867346629188
317055378315974
305670529252674
314463865005030
294919600770523
287445757286469
290864132541981
256956766983578
287276716441669
270774990175927
268139811656761
263132764879938
239433393007178
249258900674060
238261141205090
231445603074940
223412206876189
237712966443990
224464208940134
218254222267120
217808887636100
208102054430641
212881422826682
200922379359127
191220362940627
203326614718080
187304376731938
181423532346625
184212445441502
171938415023653
172839245549132
165131703772155
173263813136791
158270829988670
162009842351652
159118515840575
164975556562135
158135222129030
163961631320690
145632198202843
140801080126430
145675064616244
150367976904747
140925066359013
129594953748530
128654501623585
129116613406098
129057061843180
128900309012770
110318974957149
121573574459928
122938725520477
134795108826910
119552008755935
115739098797238
107775338446797
100160457847640
114089987097606
100092496657492
90212076200947
101326993190675
93036721643178
94444917459802
89524765897810
91688701094716
89608089658181
86607230771464
86099466598367
85026553489899
91198433608864
79981528424983
79510276095775
81591939747877
74646710626412
72049789987692
72923020178316
86628920912864
75509435029255
68211855200734
65609489417825
68626210226144
66393555987846
67018213885828
57698016615118
63972790556641
67841536454658
61007871358216
59726426637008
60197396343469
67060831879153
51066868462312
58127405946117
61018984404235
56957943421336
56569847631045
55373039688008
57312108165986
57257599704004
51039557356778
42614665502285
45289634325364
52426894208640
52688527511152
45148938613076
45596014643354
47143660218641
38326593762340
50025916435879
42141696686109
39992214545677
42709799259889
38277276172479
42383977280046
48367019243835
42467470253645
39237569254376
41303417917640
42787718173117
38850419869171
33746350726200
35272889192216
33965950630860
33668085675042
40473307754243
36578673965966
33016570069460
34090451288353
32169502522038
36771987290530
32308417260663
32279640140779
34446706558431
29220953067651
32920210065181
27906271548648
30907340381838
25199249247955
28099668115090
27427312536344
29203300022875
25027545627514
32018456564422
19336598602463
21367814594507
23272806963078
24322186507931
23909761974736
24369080706490
26914877305722
21076605758606
22175024704593
20439477575688
23883733086420
22950108170396
18867837706710
24347864373273
19040840693403
20916165266065
22225450074526
17308456669843
22787679975939
18064962368397
15675851171214
21519411420352
19518780217299
20604424529411
18030187023370
13717485658806
12725534474622
15704319722680
15486242917978
13438953597889
13556879334225
15799528401003
14334972132447
14277834061263
12878780750401
13692018022218
13913108881948
12113464710675
11776072247299
13946576218809
13224998974941
11541923600773
10219462735154
10689101263657
12618314314101
12068242467279
7407583822198
9851791035859
9924789292512
12260080073338
12607570177452
8717609617645
8768309218639
12688273713601
8569752585328
7880500497046
10131564822403
9389127390135
9570640725826
8832684122429
9727472804845
8638231130155
7428564825710
8787368005395
6930262964958
9966145334183
10041336727893
7859090371809
6947602098581
8144848177373
7645532994951
6609081162427
6768505483129
8354270990342
7549215314871
8104058751333
7779452170871
7576907373412
7226638035055
5909597352537
4814283758123
6481666613659
6306022221522
6645219339079
6104484201857
8639722060472
6011470735477
6166015058368
6988088558987
7868833758127
6644190725860
4581821051154
6504512418359
6239360901101
5278093229863
7191956952719
8815913422276
5688631199392
3725166807376
5844015622055
4173664233135
4682607037480
6318727464516
3881841594847
4214049172431
2529621210879
3198274628925
5496338307571
3019376031165
4460483350903
6991234501272
5148613896354
5219990664150
3267614550626
3296176267254
4472153039593
4709059225047
4185925948165
2719091737321
2999303813841
2144457260093
4473672573821
2987959837293
3376671785925
3692185670230
4210689904333
5429156784916
2714538605957
3368261391733
2842393153002
2734647632470
3082221491178
5319488529750
5963383573834
2729827287077
4405182991294
1691681141449
3412187121254
2414565682592
2658375542599
4812905203851
3032258738930
2956033172322
3843342951832
2950025682518
1770015409510
2708059473336
2328505269780
2448398978543
3469299780918
1828588969789
4155613256014
3296138320712
4596598834523
2101733236665
2360020546014
2975341997538
1888286519616
885007704755
2977137288200
2098788788799
353263812285
625613361527
1222018171149
2040462290881
1770015409510
1481806588761
2362719656459
608753883431
1865642578286
1770015409510
1215382681204
1512424093029
595842572028
1599277415698
1450362605977
1564206388438
1479902245157
2360020546014
2065017977762
2265372576953
1221582489378
2532236982097
1219159744584
1479657135822
876775125649
2369807855230
1830785015382
938164333643
2346283833289
2065017977762
2655023114266
1238165927852
1986060056386
2065017977762
1513014517892
2083577126702
1536736511546
1475012841259
1566677944096
1020944934991
2127176963478
1185734737599
2167453436617
856908396406
1011349050182
845282041450
1297924914575
1474755018999
1652950786296
1975018836234
2756412389993
1524592656612
1456878370932
1795519739531
1777431751148
2255472057345
1624548329770
1479222382762
1483305041909
590005136503
1180010273007
3308214746255
885007704755
2169637005172
590005136503
1508110971652
1486125039491
1180010273007
893576916055
1475012841259
885007704755
1770015409510
1180010273007
295002568251
612433835771
1219535534295
1184170989983
891252656585
614046132108
1072410466993
873306546104
1029653828701
295002568251
590005136503
607886199833
590005136503
677814641360
960533876463
1180010273007
527253684134
590005136503
321730657334
1475012841259
1521381680124
889174437432
601770046008
438449938924
885007704755
885007704755
885007704755
590005136503
885007704755
630541849128
1184306228219
590005136503
889273873403
322005070539
295002568251
1180010273007
6976165837
590005136503
384966750397
1000525135746
1180010273007
341974766231
1180010273007
520477169915
966054379481
299147937440
590005136503
1578976232227
885007704755
295002568251
349488556093
295002568251
590005136503
584350008133
590005136503
885007704755
639924541930
872962280824
186360347140
299218442940
295002568251
885007704755
590005136503
327775267644
885007704755
