4.038499999999999801e+01
4.235500000000000398e+01
4.432500000000000284e+01
4.629500000000000171e+01
4.826500000000000057e+01
5.023499999999999943e+01
5.220499999999999829e+01
5.417499999999999716e+01
5.614499999999999602e+01
5.811500000000000199e+01
6.008500000000000085e+01
6.205499999999999972e+01
6.402500000000000568e+01
6.599500000000000455e+01
6.796500000000000341e+01
6.993500000000000227e+01
7.190500000000000114e+01
7.387500000000000000e+01
7.584499999999999886e+01
7.781499999999999773e+01
7.978499999999999659e+01
8.175499999999999545e+01
8.372499999999999432e+01
8.569499999999999318e+01
8.766500000000000625e+01
8.963500000000000512e+01
9.160500000000000398e+01
9.357500000000000284e+01
9.554500000000000171e+01
9.751500000000000057e+01
9.948499999999999943e+01
1.014549999999999983e+02
1.034249999999999972e+02
1.053949999999999960e+02
1.073649999999999949e+02
1.093349999999999937e+02
1.113050000000000068e+02
1.132750000000000057e+02
1.152450000000000045e+02
1.172150000000000034e+02
1.191850000000000023e+02
1.211550000000000011e+02
1.231250000000000000e+02
1.250949999999999989e+02
1.270649999999999977e+02
1.290350000000000250e+02
1.310049999999999955e+02
1.329750000000000227e+02
1.349449999999999932e+02
1.369150000000000205e+02
1.388849999999999909e+02
1.408550000000000182e+02
1.428249999999999886e+02
1.447950000000000159e+02
1.467649999999999864e+02
1.487350000000000136e+02
1.507049999999999841e+02
1.526750000000000114e+02
1.546449999999999818e+02
1.566150000000000091e+02
1.585849999999999795e+02
1.605550000000000068e+02
1.625249999999999773e+02
1.644950000000000045e+02
1.664649999999999750e+02
1.684350000000000023e+02
1.704049999999999727e+02
1.723750000000000000e+02
1.743450000000000273e+02
1.763149999999999977e+02
1.782850000000000250e+02
1.802549999999999955e+02
1.822250000000000227e+02
1.841949999999999932e+02
1.861650000000000205e+02
1.881349999999999909e+02
1.901050000000000182e+02
1.920749999999999886e+02
1.940450000000000159e+02
1.960149999999999864e+02
1.979850000000000136e+02
1.999549999999999841e+02
2.019250000000000114e+02
2.038949999999999818e+02
2.058650000000000091e+02
2.078349999999999795e+02
2.098050000000000068e+02
2.117749999999999773e+02
2.137450000000000045e+02
2.157149999999999750e+02
2.176850000000000023e+02
2.196549999999999727e+02
2.216250000000000000e+02
2.235950000000000273e+02
2.255649999999999977e+02
2.275350000000000250e+02
2.295049999999999955e+02
2.314750000000000227e+02
2.334449999999999932e+02
2.354150000000000205e+02
2.373849999999999909e+02
2.393550000000000182e+02
2.413249999999999886e+02
2.432950000000000159e+02
2.452649999999999864e+02
2.472350000000000136e+02
2.492049999999999841e+02
2.511750000000000114e+02
2.531449999999999818e+02
2.551150000000000091e+02
2.570850000000000364e+02
2.590550000000000068e+02
2.610249999999999773e+02
2.629950000000000045e+02
2.649650000000000318e+02
2.669350000000000023e+02
2.689049999999999727e+02
2.708750000000000000e+02
2.728450000000000273e+02
2.748149999999999977e+02
2.767849999999999682e+02
2.787549999999999955e+02
2.807250000000000227e+02
2.826949999999999932e+02
2.846649999999999636e+02
2.866349999999999909e+02
2.886050000000000182e+02
2.905749999999999886e+02
2.925449999999999591e+02
2.945149999999999864e+02
2.964850000000000136e+02
2.984550000000000409e+02
3.004250000000000114e+02
3.023949999999999818e+02
3.043650000000000091e+02
3.063350000000000364e+02
3.083050000000000068e+02
3.102749999999999773e+02
3.122450000000000045e+02
3.142150000000000318e+02
3.161850000000000023e+02
3.181549999999999727e+02
3.201250000000000000e+02
3.220950000000000273e+02
3.240649999999999977e+02
3.260349999999999682e+02
3.280049999999999955e+02
3.299750000000000227e+02
3.319449999999999932e+02
3.339149999999999636e+02
3.358849999999999909e+02
3.378550000000000182e+02
3.398249999999999886e+02
3.417949999999999591e+02
3.437649999999999864e+02
3.457350000000000136e+02
3.477050000000000409e+02
3.496750000000000114e+02
3.516449999999999818e+02
3.536150000000000091e+02
3.555850000000000364e+02
3.575550000000000068e+02
3.595249999999999773e+02
3.614950000000000045e+02
3.634650000000000318e+02
3.654350000000000023e+02
3.674049999999999727e+02
3.693750000000000000e+02
3.713450000000000273e+02
3.733149999999999977e+02
3.752849999999999682e+02
3.772549999999999955e+02
3.792250000000000227e+02
3.811949999999999932e+02
3.831649999999999636e+02
3.851349999999999909e+02
3.871050000000000182e+02
3.890749999999999886e+02
3.910449999999999591e+02
3.930149999999999864e+02
3.949850000000000136e+02
3.969550000000000409e+02
3.989250000000000114e+02
4.008949999999999818e+02
4.028650000000000091e+02
4.048350000000000364e+02
4.068050000000000068e+02
4.087749999999999773e+02
4.107450000000000045e+02
4.127150000000000318e+02
4.146850000000000023e+02
4.166549999999999727e+02
4.186250000000000000e+02
4.205950000000000273e+02
4.225649999999999977e+02
4.245349999999999682e+02
4.265049999999999955e+02
4.284750000000000227e+02
4.304449999999999932e+02
4.324149999999999636e+02
4.343849999999999909e+02
4.363550000000000182e+02
4.383249999999999886e+02
4.402949999999999591e+02
4.422649999999999864e+02
4.442350000000000136e+02
4.462050000000000409e+02
4.481750000000000114e+02
4.501449999999999818e+02
4.521150000000000091e+02
4.540850000000000364e+02
4.560550000000000068e+02
4.580249999999999773e+02
4.599950000000000045e+02
4.619650000000000318e+02
4.639350000000000023e+02
4.659049999999999727e+02
4.678750000000000000e+02
4.698450000000000273e+02
4.718149999999999977e+02
4.737849999999999682e+02
4.757549999999999955e+02
4.777250000000000227e+02
4.796949999999999932e+02
4.816649999999999636e+02
4.836349999999999909e+02
4.856050000000000182e+02
4.875749999999999886e+02
4.895449999999999591e+02
4.915149999999999864e+02
4.934850000000000136e+02
4.954550000000000409e+02
4.974250000000000114e+02
4.993949999999999818e+02
5.013650000000000091e+02
5.033350000000000364e+02
5.053050000000000068e+02
5.072749999999999773e+02
5.092450000000000045e+02
5.112150000000000318e+02
5.131849999999999454e+02
5.151549999999999727e+02
5.171250000000000000e+02
5.190950000000000273e+02
5.210650000000000546e+02
5.230349999999999682e+02
5.250049999999999955e+02
5.269750000000000227e+02
5.289449999999999363e+02
5.309149999999999636e+02
5.328849999999999909e+02
5.348550000000000182e+02
5.368250000000000455e+02
5.387949999999999591e+02
5.407649999999999864e+02
5.427350000000000136e+02
5.447050000000000409e+02
5.466749999999999545e+02
5.486449999999999818e+02
5.506150000000000091e+02
5.525850000000000364e+02
5.545550000000000637e+02
5.565249999999999773e+02
5.584950000000000045e+02
5.604650000000000318e+02
5.624349999999999454e+02
5.644049999999999727e+02
5.663750000000000000e+02
5.683450000000000273e+02
5.703150000000000546e+02
5.722849999999999682e+02
5.742549999999999955e+02
5.762250000000000227e+02
5.781949999999999363e+02
5.801649999999999636e+02
5.821349999999999909e+02
5.841050000000000182e+02
5.860750000000000455e+02
5.880449999999999591e+02
5.900149999999999864e+02
5.919850000000000136e+02
5.939550000000000409e+02
5.959249999999999545e+02
5.978949999999999818e+02
5.998650000000000091e+02
6.018350000000000364e+02
6.038050000000000637e+02
6.057749999999999773e+02
6.077450000000000045e+02
6.097150000000000318e+02
6.116849999999999454e+02
6.136549999999999727e+02
6.156250000000000000e+02
6.175950000000000273e+02
6.195650000000000546e+02
6.215349999999999682e+02
6.235049999999999955e+02
6.254750000000000227e+02
6.274449999999999363e+02
6.294149999999999636e+02
6.313849999999999909e+02
6.333550000000000182e+02
6.353250000000000455e+02
6.372949999999999591e+02
6.392649999999999864e+02
6.412350000000000136e+02
6.432050000000000409e+02
6.451749999999999545e+02
6.471449999999999818e+02
6.491150000000000091e+02
6.510850000000000364e+02
6.530550000000000637e+02
6.550249999999999773e+02
6.569950000000000045e+02
6.589650000000000318e+02
6.609349999999999454e+02
6.629049999999999727e+02
6.648750000000000000e+02
6.668450000000000273e+02
6.688150000000000546e+02
6.707849999999999682e+02
6.727549999999999955e+02
6.747250000000000227e+02
6.766949999999999363e+02
6.786649999999999636e+02
6.806349999999999909e+02
6.826050000000000182e+02
6.845750000000000455e+02
6.865449999999999591e+02
6.885149999999999864e+02
6.904850000000000136e+02
6.924550000000000409e+02
6.944249999999999545e+02
6.963949999999999818e+02
6.983650000000000091e+02
7.003350000000000364e+02
7.023050000000000637e+02
7.042749999999999773e+02
7.062450000000000045e+02
7.082150000000000318e+02
7.101849999999999454e+02
7.121549999999999727e+02
7.141250000000000000e+02
7.160950000000000273e+02
7.180650000000000546e+02
7.200349999999999682e+02
7.220049999999999955e+02
7.239750000000000227e+02
7.259449999999999363e+02
7.279149999999999636e+02
7.298849999999999909e+02
7.318550000000000182e+02
7.338250000000000455e+02
7.357949999999999591e+02
7.377649999999999864e+02
7.397350000000000136e+02
7.417050000000000409e+02
7.436749999999999545e+02
7.456449999999999818e+02
7.476150000000000091e+02
7.495850000000000364e+02
7.515550000000000637e+02
7.535249999999999773e+02
7.554950000000000045e+02
7.574650000000000318e+02
7.594349999999999454e+02
7.614049999999999727e+02
7.633750000000000000e+02
7.653450000000000273e+02
7.673150000000000546e+02
7.692849999999999682e+02
7.712549999999999955e+02
7.732250000000000227e+02
7.751949999999999363e+02
7.771649999999999636e+02
7.791349999999999909e+02
7.811050000000000182e+02
7.830750000000000455e+02
7.850449999999999591e+02
7.870149999999999864e+02
7.889850000000000136e+02
7.909550000000000409e+02
7.929249999999999545e+02
7.948949999999999818e+02
7.968650000000000091e+02
7.988350000000000364e+02
8.008050000000000637e+02
8.027749999999999773e+02
8.047450000000000045e+02
8.067150000000000318e+02
8.086849999999999454e+02
8.106549999999999727e+02
8.126250000000000000e+02
8.145950000000000273e+02
8.165650000000000546e+02
8.185349999999999682e+02
8.205049999999999955e+02
8.224750000000000227e+02
8.244449999999999363e+02
8.264149999999999636e+02
8.283849999999999909e+02
8.303550000000000182e+02
8.323250000000000455e+02
8.342949999999999591e+02
8.362649999999999864e+02
8.382350000000000136e+02
8.402050000000000409e+02
8.421749999999999545e+02
8.441449999999999818e+02
8.461150000000000091e+02
8.480850000000000364e+02
8.500550000000000637e+02
8.520249999999999773e+02
8.539950000000000045e+02
8.559650000000000318e+02
8.579349999999999454e+02
8.599049999999999727e+02
8.618750000000000000e+02
8.638450000000000273e+02
8.658150000000000546e+02
8.677849999999999682e+02
8.697549999999999955e+02
8.717250000000000227e+02
8.736949999999999363e+02
8.756649999999999636e+02
8.776349999999999909e+02
8.796050000000000182e+02
8.815750000000000455e+02
8.835449999999999591e+02
8.855149999999999864e+02
8.874850000000000136e+02
8.894550000000000409e+02
8.914249999999999545e+02
8.933949999999999818e+02
8.953650000000000091e+02
8.973350000000000364e+02
8.993050000000000637e+02
9.012749999999999773e+02
9.032450000000000045e+02
9.052150000000000318e+02
9.071849999999999454e+02
9.091549999999999727e+02
9.111250000000000000e+02
9.130950000000000273e+02
9.150650000000000546e+02
9.170349999999999682e+02
9.190049999999999955e+02
9.209750000000000227e+02
9.229449999999999363e+02
9.249149999999999636e+02
9.268849999999999909e+02
9.288550000000000182e+02
9.308250000000000455e+02
9.327949999999999591e+02
9.347649999999999864e+02
9.367350000000000136e+02
9.387050000000000409e+02
9.406749999999999545e+02
9.426449999999999818e+02
9.446150000000000091e+02
9.465850000000000364e+02
9.485550000000000637e+02
9.505249999999999773e+02
9.524950000000000045e+02
9.544650000000000318e+02
9.564349999999999454e+02
9.584049999999999727e+02
9.603750000000000000e+02
9.623450000000000273e+02
9.643150000000000546e+02
9.662849999999999682e+02
9.682549999999999955e+02
9.702250000000000227e+02
9.721949999999999363e+02
9.741649999999999636e+02
9.761349999999999909e+02
9.781050000000000182e+02
9.800750000000000455e+02
9.820449999999999591e+02
9.840149999999999864e+02
9.859850000000000136e+02
9.879550000000000409e+02
9.899249999999999545e+02
9.918949999999999818e+02
9.938650000000000091e+02
9.958350000000000364e+02
9.978050000000000637e+02
9.997749999999999773e+02
1.001745000000000005e+03
1.003715000000000032e+03
1.005684999999999945e+03
1.007654999999999973e+03
1.009625000000000000e+03
1.011595000000000027e+03
1.013565000000000055e+03
1.015534999999999968e+03
1.017504999999999995e+03
1.019475000000000023e+03
1.021444999999999936e+03
1.023414999999999964e+03
1.025384999999999991e+03
1.027355000000000018e+03
1.029324999999999818e+03
1.031295000000000073e+03
1.033264999999999873e+03
1.035235000000000127e+03
1.037204999999999927e+03
1.039175000000000182e+03
1.041144999999999982e+03
1.043115000000000009e+03
1.045085000000000036e+03
1.047054999999999836e+03
1.049025000000000091e+03
1.050994999999999891e+03
1.052965000000000146e+03
1.054934999999999945e+03
1.056905000000000200e+03
1.058875000000000000e+03
1.060844999999999800e+03
1.062815000000000055e+03
1.064784999999999854e+03
1.066755000000000109e+03
