471888681984504192
361319959883278720
179744838007675136
101124390290945152
61756400554320760
40919998697624440
28446963372989768
21003472276550900
16113148484731550
12934435287180914
10596233073855950
8945557476173176
7739846453088921
6685596434465766
5942359937628185
5315891492575767
4794358287523736
4306355114572809
3974612181518508
3679633346034408
3369068623282428
3183782933568857
2959120290729039
2738569901063954
2608223381806981
2426350558716927
2312877069888239
2208082187277376
2083099659801885
1975371533551104
1916727006426192
1802891963980490
1713490300378790
1649851639323561
1564888375830436
1504878935849067
1416058044467347
1421843702279664
1336714941140608
1285984187631016
1290737371493277
1189970239191670
1138592677762610
1116410495588947
1070601168141155
1051692222184725
956978094757115
971283673713810
941059236749035
888950317843671
883517524694926
823044580096002
819358945435839
791269154475911
758428557847304
755940228606516
705047459657848
714979999459900
695388451950406
667581361550969
627693693704846
602103142516591
602600425754551
603996228667685
567490027418154
533227868530541
538093776017083
517145767706033
517906002177985
484066158974571
472221213252327
462881726232984
459296526349111
435283748626901
403406147873253
418820022027856
416684595581791
386105460023857
383985403466164
371435805430858
371406291980800
352154656940392
346861563038233
348072716317830
328192747076790
335354795072193
316445379035682
302992048355079
296905710367943
306850639257488
288936586817584
269997118091841
281122552404551
257264621904078
257943017122408
238734421476455
250371620291428
239440556319810
238353556175956
235636515562710
227710900590118
208777514944443
214682749611283
202020626150886
208664907721397
203417822570096
203796664864151
198754559463166
182332531096142
183421114702791
182831133890354
174701478538181
174524593328564
158149208946087
170782639887337
172053830716207
155303901963361
158138847904521
149075878726100
156754709553317
136541633806452
137360678975093
125942390248551
133833474687135
127564027783599
134899408488552
134487675630986
116006875784119
111400513485977
118154252909414
121290902206167
111560865969179
114044087193885
113518824390811
101302156522367
112985748757522
92133845778477
99882728022922
95604786190411
94945324978415
90658591432061
93712108173454
89459919603667
83933801879903
81966188450200
82755791580187
84987004743352
76866365939401
80490386211969
75051818698196
74373026460032
72989312082070
68581391749525
67922040274558
75310588392378
64430602983115
60008786399285
61161939508115
57351298438518
54489187473975
64418195159667
56112188845375
61259962893355
51903279939354
55740369052956
58527520667110
53895886904386
51902566207990
54190429275239
52118098849572
49263791622483
41154792750998
47428494825418
44034188653683
46874161123065
45996037105169
39366062857174
39847253243681
42453883057840
35089632344249
37046797825243
41349791436642
34161933070767
30921292110438
35901294224492
36876424963847
28802167494035
33555534161435
36317559511724
32747659906366
29857170744221
33850986878498
32260340205939
26687342333576
31168338743933
30061515741235
28937892833378
25820736690769
31498710142849
25736357299477
27659224123797
27972816389927
24485585043417
28251304784605
22690388463161
24054489739556
21786655567770
24482097014741
20306856716907
24437628559669
21343975841634
15186511370487
23320213224330
20864877263322
19143086003764
19832317245847
19608501215114
20117760578486
20078537906948
18785885453882
19834308494497
16324929663381
14013374122571
18322755053776
19930267115609
14258377310866
14612136761432
14000652688914
12922875296008
13572523276504
11707981185561
17020711280588
17670218566711
10697016181724
13234579083707
15046665212141
14921943612361
12580743121645
13398824067800
12127546440822
12292540313201
18342980399739
8094574462861
12662772243732
13868448824208
11868733281158
8790720295343
14184933357589
10927359808921
9705952700732
11782808336192
9219373268429
10240233754689
8754433451456
12184670584007
6541727193036
8367478416219
7596179843740
9262278606816
6086991845712
9438805882906
8788641773022
9336947736109
8058201178693
7163051662800
8834570560926
4595264230439
6392435445706
6477455697569
7279787944586
7837587443763
7562502017898
7610845732530
8754158310879
5462087060178
6373934519439
5535142729621
8626271039824
7198505954134
7865932262569
7186283503295
3655021192564
5329203688030
3858533271641
9359466034262
6860644786747
7003821198441
9366801992583
5523639081480
4056179862872
5832062541057
6162737857641
7282113878791
8808229203764
7983393090763
5716789512780
4224514304713
3592389259964
8327185190342
5744683561771
3879377253121
4516201211556
3254577164960
7913465701049
5524351525003
4484785388188
4593110134694
4456404612841
3215801882044
4051925273496
4641194000504
3236091974190
4820480045773
4941617363710
3165147059239
4471463138449
5796718702682
1722426452709
4212676098852
3323223508952
3561378468805
4261370611109
2790484356601
3911561273540
3616910165696
3567501389378
3286821976993
3368165787088
2869972122255
3622191659963
2652805646844
3185072753839
3207762080408
2760956539856
1756865519565
2100071320606
2730323326355
2727838812119
1056457101169
1478827949575
3883677029309
2191315863150
2549760770579
1284151244154
3619857628328
2339710313288
4236868125013
2156907664408
2249188630912
2235893688147
2262492625868
1618085563182
2687982329101
3377869841880
1694895333943
2530518430218
2629373834505
1591239339834
2416739713371
992244916146
2390134829843
2389847762988
2501667278084
2467622766087
2739089287450
2163002804960
2023082103118
2778185701298
1854217172087
2300038162593
1358765269285
1105475776840
1352577599788
1729782881070
2189968857657
2120806161021
1415433670925
2162903427339
2179511934050
1590882778057
2603086389165
1594248331643
2562103576767
1338691604655
1988187906700
1100507250572
435391269127
1748300462245
828400855686
1392112590326
1974235477056
2012224023431
990183049722
2289571735685
1505332281375
901120327117
944528500889
1728852117170
1617551855075
2538422824090
2133266518455
2240211334668
1967913555594
939404901258
1848890118940
1352366084775
992805056927
944606925198
2360020546014
2002242107247
1870534982073
1843392508968
109454429814
659880912029
603950910303
1070596992689
998587036640
1780957435080
387590602097
626356733398
2105796340492
27434041165
753981162883
889213931734
929228552122
385076161491
154539494728
1354337912481
1194817977463
933668252660
925329968823
1779276501672
1299827916157
1642850638725
1488393803909
661376378385
630713150614
639082411640
1941466053206
510519178530
1517266991642
1820831505140
1548235639978
920633336712
306264527468
949820440501
796124149150
1197564650805
1176612125350
315056436654
889301858098
915074461339
1063143856933
859755993069
1470302655674
638738127369
364979218150
916995521889
966447066113
454110598974
639157944739
12721268284
590005136503
1176577267536
295002568251
590005136503
893980318638
310549871535
620752793029
358678594983
665445122191
901205393216
892811956745
788297574340
316754459294
772888730215
909172137052
474668623197
307685473006
86076118161
701801710919
1395533581624
1128182884792
341521940043
1044940502937
607733531308
315995267192
608383155508
653463270468
6730128744
299146124906
643383780461
397880741960
625232214916
90796034786
613608784849
17666846713
22969760691
295002568251
954838737053
606594032192
868885070990
295002568251
885007704755
0
24285779285
685382806947
33138288408
302951924379
797271867056
631434072291
295002568251
306191044739
245432877011
613143397660
598965766824
605900263176
599003035157
594174127582
305295484233
302692320090
935031602681
602425509635
332555597645
312621036686
190411645525
303000522641
0
306059472849
135820792332
0
590005136503
889187746794
1491210529720
295002568251
249368000755
0
635565335709
4325273027
556637262657
0
6130915881
327136664373
295002568251
295672990535
300095948881
14149355988
305826742982
623899474616
425903848249
307568503401
294836598264
329261265049
306884098088
4295202133
295002568251
335118644123
305381594186
351575194151
295002568251
295002568251
42672703895
109228599799
0
1112975790446
1226230242016
19701243187
590005136503
588509913405
56696092592
0
4606664616
317227119256
359508337632
12639605605
4655270604
137679738167
37977532714
98075444700
301002479366
295002568251
0
37020059409
299304652944
605497477549
104282667993
0
4228943739
0
0
36327938316
349506005166
590005136503
0
346011161499
0
284357620945
94011391837
0
451485026677
471625868718
64561196463
0
305695868544
792481890759
302246440302
59490496711
25491505827
10445071356
342510024216
308266417372
5843987312
279327832841
0
0
196497550496
10473949550
8972502560
0
460786725449
590005136503
83084731850
4206293769
295002568251
9387016495
613507349157
4193846625
553404091545
0
75443629343
0
0
0
0
0
0
0
0
0
299141032118
399274074619
0
0
197944777958
0
0
295002568251
4607172231
0
0
0
0
0
0
22552045369
0
219945609563
295002568251
0
7398646112
0
94970985630
0
199586077160
0
0
0
295002568251
295002568251
0
45775721415
52911117673
0
4210593610
40192081542
590005136503
30343805315
295002568251
0
4787193105
0
295002568251
0
43719397387
193779595987
4477714512
0
295002568251
0
0
295002568251
7401249778
0
0
252709038492
5384134215
295002568251
8384590193
295002568251
295002568251
0
0
15047402205
0
57112514002
0
0
41390693906
295002568251
0
31218894330
0
0
295002568251
0
206040537591
0
0
0
11224447718
0
0
0
0
0
0
0
0
0
0
0
12793147696
0
0
0
16960485178
0
256023394366
0
0
344123334697
0
4797421122
0
0
0
295002568251
0
0
0
299281761540
105045641468
0
46909788413
0
0
257220774519
0
0
0
0
0
0
0
0
295002568251
0
305946410487
0
0
0
0
0
40818558514
0
0
0
0
295002568251
108874526736
0
0
0
19426580104
0
0
295002568251
294667436010
210281821895
6388416287
0
0
0
295002568251
0
0
0
0
0
0
0
0
0
0
0
0
0
0
295002568251
0
0
0
0
0
295002568251
0
0
7837940175
0
0
0
4791951295
0
0
0
0
0
0
4453696153
0
0
0
0
295002568251
0
0
0
0
0
0
0
0
0
6718095515
0
295002568251
0
0
0
0
0
0
0
191666739417
0
0
0
9436528572
57007112733
0
0
0
0
0
0
0
0
0
0
0
0
0
0
0
0
0
5179900719
0
0
0
0
0
0
0
0
0
0
0
0
0
0
0
0
0
0
0
0
0
0
0
0
0
0
0
0
0
0
0
0
0
0
0
0
0
0
0
0
0
0
0
0
0
0
0
0
0
0
0
0
0
0
0
0
0
0
0
0
0
0
0
0
0
0
0
0
0
0
0
0
0
0
0
0
0
0
0
0
0
0
0
0
0
4138899072
0
0
0
0
0
0
0
0
0
8294497696
0
0
0
0
0
0
0
0
0
0
0
0
0
0
0
0
0
0
0
0
0
0
0
0
0
0
5703064052
