0
0
0
0
0
0
0
0
0
894962765363134
2371079845054579
1939857577433407
1558478489363567
1257292014516881
1018573369998519
868902082293229
735243563328574
638210355436840
556354215135486
494747271285182
436475665168366
386032622294163
356353196397706
318724470315852
283720750442731
260516695666629
247138126164005
224008907812340
204266977937022
197005421566579
185501890009777
168030756817800
161006563149091
145527474637672
138933179206118
132936911010834
128165023967300
121051402542253
114528461940472
112836822518454
107157068460373
102246678697198
96216410797924
97828550823355
91846133797243
81701319808341
80599298514109
79264129142002
81276287965850
72791617826174
66768766985342
69353944404970
74290782492845
64202594738780
62643778157061
61105744028821
62485366302046
60510753554609
58386980184188
56867185763866
54884465862860
52434157447814
50495992921806
55883844005413
47921920325049
47986046204241
46065447261978
44525324460932
43731248943606
43681877972187
39581201280308
42664789370425
42527613806391
40289591298230
36033304639889
38575537588851
37154220281177
36399028486509
34728238928454
36032768524264
39271198507051
32091868854133
31669632327895
28756796670680
28870106399285
31158498197325
28133034690861
26611924614898
26720303261716
26567118233192
26059107646064
25035424654933
26875621962688
26757762734999
27903216420638
24054843721555
25400417936715
23617272819859
24101118275797
22431457663825
24211103020086
25267174896357
20625779503115
23432226498993
22838809414684
24920443634245
22443447347953
23176753422431
19171574603827
21703316641934
19541157146312
18972025050046
20892252192455
18591954778393
19127201120763
19221361286442
16304149926939
18496468269218
17853136802467
14432782670292
18144962991698
17303488447423
17764151433738
15651743571125
16457692764255
16093581447582
13410572228922
15539971014482
15995539569139
17617530179581
15367252912583
16134565471547
14681532165470
14869808494175
11827480269379
12994296663192
13481350069268
13611164096581
12906433299207
13062318774599
13661066051178
11787316092186
11110342048212
14235195029849
14440607530007
10915341712668
13768656834350
8513362320948
11107155846487
10577342511453
11750868777420
13350156029397
13004870473826
11400171432305
9732574378961
9972848241753
10818225137253
12095491760582
10504505355332
9700709149957
12336357872851
9438363567260
7849215322190
9668899407567
10407070181207
9968832517359
10601260838637
9044516359844
8804633768530
7813512173656
9942594094478
9119892216719
7793059852188
8745757679015
7766927782809
9470953118029
8732468689168
6718891507890
8949407999983
9952733705714
8525694189948
8563567619781
7896492542037
7862574996687
7318177879278
8355615303173
8255968536684
7496268458921
9975942893713
9003640476474
6109391710967
9020132742620
5982183395940
8266648390877
7161883720933
6964156510075
7847775537765
7172187318655
7118571157559
7536768201058
6205745922982
6406641412200
6646188068891
5708404523031
5523117815881
6008900825630
6860083833093
8588368203750
5385088328521
6619479527670
5567978172300
6260314233153
7647802744166
6820450515315
8429173451763
7191895869709
5270487169924
6184823851514
6196542045365
6774029493769
5876025059452
6735116181843
5868768416363
4131530699702
5143820152936
5535160452205
5930078043665
5883371411415
6488778625185
6632246528788
4439100620014
5988855442849
4963856378128
4938760280762
5328435643177
6131052458640
5094339975054
4455040601949
4768205149236
3730579506009
3398194467114
5750198642635
5480818296303
4768961617139
4795154816826
4568892946712
3584221846843
4019956286911
5649835959118
5253283404473
4807274923012
4458114660048
3781027133977
4777617940687
5138732941058
4683298277340
3934245072289
5188006651451
2515884404326
5488034592865
5781336893616
3522847562398
3914116713951
3974440318255
3396737122830
4085243662056
3472825854072
3214623735329
4058240810544
3265798983791
3979045343771
3182564132851
4214702190970
3639678532828
4967182728369
5103846432582
3652920213581
4551848898446
3414141113994
3740255520310
3054726474036
4197120403727
2663660295119
3696850514102
4047497691854
3916530377600
4275593333452
2717109303445
2928348222470
2722594246390
2911455430462
3662569430762
2582850473364
3515393079644
4012276101949
2717449487817
2810673858082
2836363452718
3213494457007
3544053811607
2488798306708
3212149679097
2842212366854
2155690620609
2680454542570
2795701569886
3249973851777
3437097551365
2806627366513
3315110295891
2812319716136
1497209581915
1730561844749
3003894747882
1552523859007
2968722342460
2379443620092
2848037883983
1900668423196
1864449830613
2634606745140
2389339642999
2680285501451
2736499790815
3161172572773
2857696521097
2917245596893
2504884289474
2316556186158
2502625686320
1875161937117
1765080220718
2209212208839
2414138035826
2601535094875
2091784799966
1974455447778
1508835233442
1714711642908
1476075908155
1966792862845
1862930480045
2394476950302
2772725044170
1746731395165
1657707665539
951632424102
1951773612466
1741856438238
2169568466331
2661175245062
2927759937465
2354516045756
1966562085593
1583790504670
1557491895523
1848406873106
2434449594986
1994187389817
1373183361265
2340430372811
1493541287069
1455874927712
2072930325337
1517640017176
1467136939565
1831733721431
1341601205238
1924784780546
1823298289063
1280343803813
1740015382760
2024217431579
1982884486226
1035636370117
1433085823778
1938980426319
1642626062583
294331788732
741566552546
1121049575060
1663835514106
895721665412
2051867671883
2305006974629
1509715294209
1069946642683
1838253917110
1346047337425
1088717566116
552432297602
1761169916661
1554612658388
1699777740953
664122399943
1203994874472
765057780624
1197577725583
844857926554
2068681684392
1589693062163
1188005615929
720975331679
1618762343224
1173733808351
687655408356
813734414645
1313870005271
1093614534268
696787914120
1388262097395
771338193481
1113209978081
1101340659963
774610931020
1501056332240
1204727044404
752471426501
1148020232936
1224383294929
447606827043
1194129862832
1642038356312
1262383930456
1284928610919
799557540765
1206456363145
46163195552
1112283970142
825046226181
657211346296
923498000823
698469486888
797308040002
399056464291
460686882871
1547189735812
1184491755202
827749796547
1305306255791
966202867253
934974291372
348623089896
799404738833
270318107800
1091435457603
668067699180
939445805112
668923322149
868950387286
873415885735
775300006909
798162873110
604574068880
525201278185
729065864763
864473048502
37273288794
334494727175
646641082242
272939323181
540159133591
1188988674152
534602550817
396777378950
268135560026
616977423619
533925052105
415329552567
513083701027
433314535151
658673956344
654963034062
904614387695
781478861863
512036294246
139007597290
664054419516
402706198843
681030414640
544204556665
928092114892
517447329864
14505075708
160772172401
527016304493
895501014476
527344034223
597151068210
520059548639
666227173992
770064777239
519780324261
397840764739
937355364876
517465797317
548633452253
398036146957
129394288674
266470000807
81812951210
511888527030
154769275879
151573425015
257071202226
636015207579
395561749554
779612227994
382527570854
322218985383
529661128912
398826920144
0
419817726719
255839260670
0
894627560480
163738141829
406488574868
126733043083
129638598619
652204205730
512011896328
0
253466086166
137694735514
72169690448
768592991447
509636454958
258034004190
260475450425
642242097147
433982244950
151549290355
253466086166
260715736260
0
260733260939
388645224008
5231694885
126733043083
136172392818
509527467004
403572893254
275943155444
203186990486
267938126107
260001311319
0
129099743185
132001812300
334112579349
396649322078
126733043083
33410459395
253466086166
126733043083
284492437893
0
73695348103
264062693256
387239185942
7288785095
142821778493
0
3590733254
5116812929
275900364846
46148056191
0
382706255227
129585414381
139878587626
132425551303
130048175799
141954848324
3552774508
271084181101
253466086166
390522332684
129581741954
253466086166
126733043083
11570597424
253466086166
0
126733043083
18923196539
7684161451
172369113752
0
24678171095
129054319974
126733043083
126733043083
126733043083
126733043083
16098584552
258328921280
0
3344010099
4965631076
0
0
6586577930
0
32654433634
253466086166
5539205120
126733043083
129054923659
253466086166
2726568933
0
0
126733043083
5705122229
129073255954
126733043083
385783053671
11833782867
0
2324454001
129131399595
11706788356
0
0
10608975979
0
395080339656
129954475614
0
0
11211935750
5200634094
0
2867481438
129141615013
0
0
4135132388
0
0
50385916836
2484999802
141615617007
130884167889
0
0
3590855037
129713413514
0
0
0
0
126733043083
3752705094
0
2835507842
6792081393
126733043083
2430843904
0
0
0
0
126733043083
126733043083
2322684503
0
0
0
15914954271
253466086166
2344936390
4713182030
0
0
0
5193427771
0
0
0
0
2321394065
3929694414
0
0
0
0
0
0
5371137958
0
0
0
2376215084
3794839161
126733043083
0
0
0
0
126733043083
0
0
0
126733043083
0
132620046538
3974578882
6869548610
0
0
0
0
0
0
0
3456436447
0
0
0
0
20611656553
126733043083
34555896917
0
0
0
5763197014
0
0
0
2941701032
0
0
0
0
0
0
0
0
0
0
0
0
0
0
0
2631388643
0
0
0
0
0
0
2332923257
0
0
0
0
0
17947282948
0
2321230866
0
0
0
0
0
0
2349753639
0
0
0
37509003677
0
0
0
0
126733043083
0
0
0
0
0
0
0
0
0
0
0
0
0
0
0
0
0
0
0
0
0
0
0
0
0
0
0
0
39754387762
0
0
0
0
0
5785946784
0
2389730823
0
0
0
0
0
0
0
0
0
0
0
0
0
0
0
0
0
0
0
0
0
0
0
0
0
0
0
0
0
0
0
0
0
0
0
0
0
0
0
0
0
0
0
0
0
0
0
0
0
0
0
0
2322265433
0
0
0
0
0
0
0
0
0
0
0
0
0
0
0
0
0
0
0
0
0
0
0
0
0
0
0
0
0
0
0
0
0
0
0
0
3951187342
0
0
0
0
0
0
0
0
0
0
0
0
0
0
0
0
0
0
0
0
0
0
0
0
0
0
0
0
0
0
0
0
0
0
0
0
0
0
0
0
0
0
0
0
0
0
0
0
0
0
0
0
0
0
0
0
0
0
0
0
0
0
0
0
0
0
0
0
0
0
0
0
0
0
0
0
0
0
0
0
0
0
0
0
0
0
0
0
0
0
0
