5.355049538430400000e+13
5.253201114881600000e+13
5.096840368071400000e+13
4.548466601018500000e+13
4.215358376779900000e+13
4.028750477611200000e+13
3.857486817870200000e+13
3.605506792144300000e+13
3.354987490890100000e+13
3.109702468129600000e+13
2.996155076438800000e+13
2.983803225964300000e+13
2.735794566278100000e+13
2.776659861537200000e+13
2.387107484303700000e+13
2.336836732845100000e+13
2.332014800412400000e+13
2.074905364629600000e+13
2.112552507428900000e+13
1.990805127462000000e+13
1.969950702833700000e+13
1.878211917589500000e+13
1.847573809007000000e+13
1.730400443558100000e+13
1.730281938174700000e+13
1.601022493762200000e+13
1.658730757535500000e+13
1.469870123430500000e+13
1.323392689211000000e+13
1.417315463368300000e+13
1.350195405391300000e+13
1.342357100433700000e+13
1.280400543228000000e+13
1.323246180917300000e+13
1.389735652822200000e+13
1.123251959974400000e+13
1.154384945823000000e+13
1.103253221433800000e+13
1.111245426758000000e+13
1.098946675649600000e+13
1.024457516825300000e+13
1.096294612381900000e+13
8.999704255516000000e+12
9.597688404299000000e+12
9.282193056974000000e+12
9.554416215692000000e+12
8.629914342811000000e+12
8.124677608596000000e+12
8.606077696877000000e+12
7.847363629737000000e+12
8.863106252986000000e+12
7.740937638777000000e+12
7.400253095046000000e+12
7.328185893773000000e+12
7.623201704682000000e+12
7.854720136400000000e+12
7.205353838583000000e+12
6.912453934887000000e+12
7.068470547328000000e+12
7.161856858104000000e+12
6.791459605880000000e+12
6.601589375641000000e+12
6.778156777868000000e+12
5.264629618973000000e+12
6.778626355325000000e+12
6.563312984579000000e+12
6.323074442776000000e+12
5.438400696540000000e+12
5.675675680757000000e+12
5.390146107048000000e+12
5.014848765526000000e+12
5.569252435641000000e+12
5.237722519319000000e+12
4.824882720938000000e+12
5.263504155813000000e+12
5.200865133183000000e+12
5.346772776968000000e+12
5.158027540081000000e+12
4.931551280044000000e+12
4.925783198956000000e+12
4.820598514667000000e+12
4.749535925232000000e+12
5.273015290201000000e+12
4.518215931480000000e+12
4.645197670742000000e+12
4.753387089559000000e+12
4.356921012112000000e+12
4.777286553548000000e+12
4.447839223865000000e+12
3.969369822907000000e+12
4.875494523276000000e+12
4.099308715045000000e+12
4.860738486061000000e+12
4.454816203047000000e+12
4.349519401717000000e+12
3.795838767336000000e+12
4.145088112550000000e+12
3.779646681874000000e+12
4.098764946561000000e+12
3.349165826708000000e+12
3.940459900897000000e+12
3.156595552219000000e+12
3.842395806423000000e+12
3.224000918324000000e+12
3.630586427819000000e+12
3.831747967259000000e+12
3.053832376788000000e+12
2.984764319803000000e+12
3.183719089897000000e+12
3.457608994729000000e+12
3.500878599559000000e+12
3.167580560739000000e+12
3.103999030848000000e+12
3.174468890424000000e+12
2.998001980935000000e+12
3.161784960966000000e+12
3.226319412222000000e+12
2.991629983419000000e+12
2.980594534743000000e+12
3.085520775000000000e+12
2.509057628247000000e+12
2.854429396932000000e+12
2.955994728568000000e+12
2.390610517817000000e+12
2.890657286462000000e+12
2.940458778999000000e+12
2.324417738421000000e+12
3.062134381462000000e+12
2.437483659946000000e+12
3.156152483978000000e+12
2.834031330949000000e+12
2.436412164833000000e+12
2.769642277667000000e+12
2.148597748769000000e+12
2.294593981589000000e+12
2.323746597076000000e+12
2.268653856299000000e+12
2.641257331029000000e+12
2.390971680416000000e+12
2.125568814149000000e+12
2.292082479093000000e+12
2.065421328489000000e+12
2.363664202612000000e+12
2.215183537048000000e+12
1.905562762686000000e+12
2.285651597981000000e+12
1.972665814359000000e+12
1.776579985627000000e+12
1.906365670774000000e+12
2.068113479194000000e+12
1.920149189947000000e+12
1.913387398122000000e+12
1.805323203277000000e+12
1.986228204434000000e+12
1.711247728461000000e+12
1.697560787205000000e+12
1.909367021360000000e+12
1.757758698480000000e+12
1.674415986826000000e+12
1.797213662092000000e+12
1.677035105835000000e+12
1.845846717971000000e+12
1.608118960839000000e+12
1.774471481330000000e+12
1.609856174013000000e+12
1.694065355246000000e+12
1.398992822717000000e+12
1.804063570242000000e+12
1.451310662108000000e+12
1.374221214873000000e+12
1.533749429602000000e+12
1.478636161661000000e+12
1.255823761361000000e+12
1.438297875679000000e+12
1.684278071559000000e+12
1.300573289040000000e+12
1.229018906019000000e+12
1.568645380932000000e+12
1.413649547207000000e+12
1.332215833907000000e+12
1.385874843222000000e+12
1.161807628623000000e+12
1.205272191517000000e+12
1.251879454133000000e+12
9.549167604480000000e+11
1.218645365339000000e+12
1.300387944726000000e+12
1.170844896901000000e+12
1.020759045950000000e+12
1.217789558566000000e+12
1.097770980587000000e+12
1.156763451154000000e+12
1.064126478325000000e+12
1.082219338465000000e+12
1.080287004786000000e+12
9.964696934880000000e+11
1.187690127066000000e+12
8.464259242010000000e+11
1.082993460592000000e+12
1.120642503036000000e+12
7.859660979260000000e+11
8.903122581460000000e+11
9.703415286230000000e+11
9.925040268490000000e+11
8.157238207970000000e+11
7.857355683470000000e+11
8.793268661700000000e+11
8.155198496680000000e+11
8.362555363930000000e+11
7.464040043730000000e+11
7.659484250480000000e+11
8.813201076960000000e+11
9.052232113010000000e+11
8.277280290730000000e+11
7.518371636860000000e+11
8.984207835100000000e+11
8.150730474840000000e+11
7.665660845930000000e+11
6.345392447610000000e+11
7.408011522960000000e+11
6.965927452020000000e+11
7.812131932260000000e+11
5.954690733730000000e+11
6.036932842830000000e+11
7.229962121900000000e+11
6.698524305980000000e+11
7.206849110980000000e+11
6.107718593690000000e+11
5.676145066480000000e+11
6.106104079040000000e+11
6.872228475070000000e+11
6.495010312410000000e+11
4.903193082420000000e+11
5.617208798950000000e+11
4.851123766390000000e+11
4.406134883420000000e+11
6.204334420550000000e+11
7.191947741300000000e+11
5.758419563560000000e+11
5.666834449730000000e+11
5.054329677240000000e+11
5.873167731040000000e+11
4.505155451280000000e+11
4.911656250590000000e+11
6.387390977990000000e+11
6.211641268650000000e+11
4.644732979180000000e+11
5.136895584560000000e+11
4.728409719100000000e+11
5.246514597860000000e+11
4.267471349740000000e+11
4.757676030360000000e+11
3.299463894930000000e+11
4.305411561690000000e+11
3.531013404260000000e+11
4.210055569270000000e+11
4.676515382600000000e+11
5.290811770450000000e+11
3.351968327890000000e+11
3.363254561710000000e+11
5.003787857950000000e+11
3.944998997000000000e+11
3.618178687050000000e+11
3.930611112480000000e+11
3.306848672900000000e+11
5.121057915940000000e+11
3.955071250160000000e+11
4.468578196210000000e+11
3.336723166960000000e+11
4.562088420060000000e+11
4.214141678000000000e+11
3.716849227210000000e+11
2.436852575750000000e+11
2.977379457080000000e+11
3.432034946780000000e+11
3.398959997780000000e+11
4.027751470830000000e+11
2.603773118670000000e+11
3.826541755880000000e+11
3.152633032800000000e+11
1.881759474380000000e+11
2.828385130680000000e+11
3.331651634950000000e+11
3.003000003510000000e+11
1.915067181760000000e+11
2.547230956160000000e+11
2.419422388290000000e+11
2.018426359530000000e+11
2.596944584960000000e+11
2.243132248910000000e+11
2.503693527520000000e+11
2.065238771950000000e+11
2.278618497740000000e+11
1.859134238080000000e+11
2.241895015820000000e+11
2.109487430360000000e+11
2.076760230100000000e+11
1.938482472300000000e+11
2.720349831620000000e+11
1.782596662410000000e+11
2.193117268020000000e+11
1.801736193640000000e+11
2.087061899290000000e+11
1.511402320520000000e+11
1.404729673050000000e+11
2.437975700050000000e+11
1.557327499270000000e+11
1.278595968990000000e+11
2.326919880760000000e+11
1.277968321030000000e+11
2.516233105350000000e+11
1.138847037080000000e+11
1.117313035770000000e+11
1.559143781600000000e+11
1.585315740520000000e+11
1.922118211850000000e+11
1.605162609590000000e+11
2.118078199780000000e+11
1.725779480210000000e+11
1.815033804260000000e+11
1.696599307280000000e+11
1.187815210660000000e+11
1.576462793810000000e+11
1.394120753770000000e+11
1.506735847910000000e+11
2.112576886210000000e+11
1.666276944120000000e+11
1.482994784000000000e+11
1.464357963860000000e+11
1.959621265960000000e+11
1.143001944210000000e+11
1.263810081180000000e+11
1.709212876200000000e+11
6.632458769500000000e+10
1.270453234660000000e+11
1.534313463840000000e+11
1.257024223530000000e+11
8.958108789500000000e+10
1.046177337320000000e+11
1.121666901870000000e+11
1.216390371000000000e+11
8.719910941800000000e+10
6.461430881300000000e+10
1.052444035200000000e+11
1.049538708450000000e+11
1.097350097490000000e+11
9.913220522000000000e+10
7.213076785100000000e+10
8.722686041200000000e+10
1.257395841810000000e+11
7.968154357700000000e+10
1.441431017060000000e+11
9.966613487100000000e+10
9.382178483200000000e+10
7.075455306200000000e+10
7.103289017400000000e+10
5.752051509000000000e+10
8.908419189900000000e+10
7.509914996600000000e+10
5.844244766800000000e+10
6.093693689000000000e+10
6.911331083900000000e+10
5.129942580100000000e+10
4.416047421000000000e+10
5.210982150300000000e+10
5.657415416800000000e+10
5.771489937500000000e+10
9.032577473200000000e+10
6.812667849500000000e+10
6.676122302600000000e+10
5.919728988900000000e+10
1.051942086070000000e+11
4.016148555400000000e+10
4.006653670100000000e+10
5.102903898400000000e+10
1.044521830410000000e+11
5.096499168600000000e+10
3.752895222500000000e+10
5.649217259100000000e+10
1.687358230100000000e+10
1.009487155180000000e+11
4.511673412600000000e+10
5.265030184500000000e+10
7.653356081200000000e+10
6.116047871700000000e+10
6.583229440500000000e+10
2.384709396300000000e+10
3.171880422200000000e+10
5.976826666300000000e+10
2.409024286500000000e+10
8.378190293400000000e+10
6.598899028700000000e+10
4.709285686400000000e+10
5.169219755000000000e+10
6.386231465800000000e+10
6.528501197800000000e+10
7.305567528000000000e+10
4.501152527500000000e+10
5.675645181300000000e+10
4.551836308600000000e+10
5.524941579600000000e+10
4.183155504800000000e+10
2.703506636500000000e+10
1.896596034700000000e+10
3.662333958800000000e+10
3.009382330200000000e+10
7.013917653800000000e+10
3.302824257800000000e+10
4.126707661500000000e+10
4.990205401800000000e+10
7.609312066600000000e+10
8.638572819600000000e+10
4.540194348500000000e+10
2.766825726400000000e+10
6.372212396900000000e+10
2.673377505300000000e+10
2.018536314280000000e+11
2.788912342500000000e+10
2.968437019400000000e+10
1.645795999100000000e+10
2.384336779000000000e+10
1.541271965700000000e+10
3.879373307000000000e+10
6.546828218800000000e+10
1.703590450600000000e+10
1.301367034700000000e+10
1.977041492800000000e+10
1.064394569300000000e+10
4.088990145900000000e+10
3.215177546600000000e+10
1.929156280200000000e+10
1.201697800700000000e+10
4.002063369100000000e+10
2.805188359800000000e+10
4.141187764200000000e+10
1.015672873600000000e+10
2.944401186000000000e+09
2.875647667300000000e+10
1.349652793300000000e+10
3.220372389000000000e+10
1.166270470200000000e+10
3.421502853100000000e+10
1.731262494400000000e+10
4.471848662100000000e+10
2.275397901800000000e+10
6.423481619000000000e+09
1.216819755400000000e+10
1.189802127600000000e+10
5.570247929000000000e+09
1.272623005100000000e+10
2.072468179800000000e+10
9.906602479000000000e+09
1.992812000000000000e+10
6.834112128000000000e+09
3.861668510400000000e+10
4.683873045300000000e+10
2.003412626900000000e+10
3.402453351200000000e+10
3.704502984000000000e+09
1.350312047900000000e+10
1.165179033400000000e+10
5.830884912800000000e+10
7.047329063000000000e+09
2.970112442700000000e+10
1.785423230600000000e+10
2.290586500300000000e+10
2.179835918600000000e+10
8.893562930000000000e+09
2.561173251500000000e+10
2.430832148800000000e+10
7.246545011000000000e+09
4.606729987200000000e+10
4.896574294000000000e+09
4.669259142000000000e+09
1.083861277800000000e+10
1.106966531300000000e+10
1.822706837000000000e+09
2.408985856800000000e+10
6.703409963000000000e+09
8.123873878000000000e+09
6.741631880000000000e+09
3.279364699500000000e+10
1.098038520800000000e+10
2.006954255000000000e+10
1.700131214800000000e+10
8.115645511000000000e+09
4.845065873000000000e+09
1.684490972100000000e+10
2.307106416200000000e+10
7.725555797000000000e+09
1.205946430700000000e+10
2.344576755400000000e+10
8.779420338000000000e+09
1.216138147700000000e+10
2.254193068500000000e+10
1.432587642700000000e+10
1.643111412000000000e+10
1.947859530800000000e+10
8.154717911000000000e+09
9.276634059000000000e+09
3.609101256000000000e+10
