8.755549999999999500e+01
9.182650000000001000e+01
9.609749999999999659e+01
1.003685000000000116e+02
1.046394999999999982e+02
1.089105000000000132e+02
1.131814999999999998e+02
1.174524999999999864e+02
1.217235000000000014e+02
1.259944999999999879e+02
1.302655000000000030e+02
1.345364999999999895e+02
1.388075000000000045e+02
1.430785000000000196e+02
1.473495000000000061e+02
1.516204999999999927e+02
1.558915000000000077e+02
1.601624999999999943e+02
1.644334999999999809e+02
1.687044999999999959e+02
1.729755000000000109e+02
1.772464999999999975e+02
1.815174999999999841e+02
1.857884999999999991e+02
1.900595000000000141e+02
1.943305000000000007e+02
1.986014999999999873e+02
2.028725000000000023e+02
2.071435000000000173e+02
2.114145000000000039e+02
2.156854999999999905e+02
2.199565000000000055e+02
2.242275000000000205e+02
2.284984999999999786e+02
2.327694999999999936e+02
2.370405000000000086e+02
2.413114999999999952e+02
2.455824999999999818e+02
2.498534999999999968e+02
2.541245000000000118e+02
2.583954999999999700e+02
2.626665000000000418e+02
2.669375000000000000e+02
2.712084999999999582e+02
2.754795000000000300e+02
2.797504999999999882e+02
2.840215000000000032e+02
2.882925000000000182e+02
2.925634999999999764e+02
2.968345000000000482e+02
3.011055000000000064e+02
3.053764999999999645e+02
3.096475000000000364e+02
3.139184999999999945e+02
3.181894999999999527e+02
3.224605000000000246e+02
3.267314999999999827e+02
3.310024999999999977e+02
3.352735000000000127e+02
3.395444999999999709e+02
3.438155000000000427e+02
3.480865000000000009e+02
3.523574999999999591e+02
3.566285000000000309e+02
3.608994999999999891e+02
3.651705000000000041e+02
3.694415000000000191e+02
3.737124999999999773e+02
3.779835000000000491e+02
3.822545000000000073e+02
3.865254999999999654e+02
3.907965000000000373e+02
3.950674999999999955e+02
3.993384999999999536e+02
4.036095000000000255e+02
4.078804999999999836e+02
4.121514999999999986e+02
4.164225000000000136e+02
4.206934999999999718e+02
4.249645000000000437e+02
4.292355000000000018e+02
4.335064999999999600e+02
4.377775000000000318e+02
4.420484999999999900e+02
4.463195000000000050e+02
4.505905000000000200e+02
4.548614999999999782e+02
4.591324999999999932e+02
4.634035000000000082e+02
4.676744999999999663e+02
4.719455000000000382e+02
4.762164999999999964e+02
4.804874999999999545e+02
4.847585000000000264e+02
4.890294999999999845e+02
4.933004999999999995e+02
4.975715000000000146e+02
5.018424999999999727e+02
5.061135000000000446e+02
5.103845000000000027e+02
5.146555000000000746e+02
5.189265000000000327e+02
5.231974999999999909e+02
5.274684999999999491e+02
5.317395000000000209e+02
5.360104999999999791e+02
5.402815000000000509e+02
5.445525000000000091e+02
5.488234999999999673e+02
5.530944999999999254e+02
5.573654999999999973e+02
5.616365000000000691e+02
5.659075000000000273e+02
5.701784999999999854e+02
5.744494999999999436e+02
5.787205000000000155e+02
5.829914999999999736e+02
5.872625000000000455e+02
5.915335000000000036e+02
5.958044999999999618e+02
6.000755000000000337e+02
6.043464999999999918e+02
6.086175000000000637e+02
6.128885000000000218e+02
6.171594999999999800e+02
6.214304999999999382e+02
6.257015000000000100e+02
6.299724999999999682e+02
6.342435000000000400e+02
6.385144999999999982e+02
6.427854999999999563e+02
6.470565000000000282e+02
6.513274999999999864e+02
6.555985000000000582e+02
6.598695000000000164e+02
6.641404999999999745e+02
6.684114999999999327e+02
6.726825000000000045e+02
6.769535000000000764e+02
6.812245000000000346e+02
6.854954999999999927e+02
6.897664999999999509e+02
6.940375000000000227e+02
6.983084999999999809e+02
7.025795000000000528e+02
7.068505000000000109e+02
7.111214999999999691e+02
7.153924999999999272e+02
7.196634999999999991e+02
7.239345000000000709e+02
7.282055000000000291e+02
7.324764999999999873e+02
7.367474999999999454e+02
7.410185000000000173e+02
7.452894999999999754e+02
7.495605000000000473e+02
7.538315000000000055e+02
7.581024999999999636e+02
7.623735000000000355e+02
7.666444999999999936e+02
7.709155000000000655e+02
7.751865000000000236e+02
7.794574999999999818e+02
7.837284999999999400e+02
7.879995000000000118e+02
7.922704999999999700e+02
7.965415000000000418e+02
8.008125000000000000e+02
8.050834999999999582e+02
8.093545000000000300e+02
8.136254999999999882e+02
8.178965000000000600e+02
8.221675000000000182e+02
8.264384999999999764e+02
8.307094999999999345e+02
8.349805000000000064e+02
8.392514999999999645e+02
8.435225000000000364e+02
8.477934999999999945e+02
8.520644999999999527e+02
8.563355000000000246e+02
8.606064999999999827e+02
8.648775000000000546e+02
8.691485000000000127e+02
8.734194999999999709e+02
8.776904999999999291e+02
8.819615000000000009e+02
8.862325000000000728e+02
8.905035000000000309e+02
8.947744999999999891e+02
8.990454999999999472e+02
9.033165000000000191e+02
9.075874999999999773e+02
9.118585000000000491e+02
9.161295000000000073e+02
9.204004999999999654e+02
9.246714999999999236e+02
9.289424999999999955e+02
9.332135000000000673e+02
9.374845000000000255e+02
9.417554999999999836e+02
9.460264999999999418e+02
9.502975000000000136e+02
9.545684999999999718e+02
9.588395000000000437e+02
9.631105000000000018e+02
9.673814999999999600e+02
9.716525000000000318e+02
9.759234999999999900e+02
9.801945000000000618e+02
9.844655000000000200e+02
9.887364999999999782e+02
9.930074999999999363e+02
9.972785000000000082e+02
1.001549499999999966e+03
1.005820500000000038e+03
1.010091499999999996e+03
1.014362499999999955e+03
1.018633500000000026e+03
1.022904499999999985e+03
1.027175499999999829e+03
1.031446500000000015e+03
1.035717500000000200e+03
1.039988499999999931e+03
1.044259500000000116e+03
1.048530499999999847e+03
1.052801500000000033e+03
1.057072499999999991e+03
1.061343499999999949e+03
1.065614500000000135e+03
1.069885499999999865e+03
1.074156500000000051e+03
1.078427500000000009e+03
1.082698499999999967e+03
1.086969500000000153e+03
1.091240499999999884e+03
1.095511500000000069e+03
1.099782499999999800e+03
1.104053499999999985e+03
1.108324500000000171e+03
1.112595499999999902e+03
1.116866500000000087e+03
1.121137499999999818e+03
1.125408500000000004e+03
1.129679500000000189e+03
1.133950499999999920e+03
1.138221500000000106e+03
1.142492499999999836e+03
1.146763500000000022e+03
1.151034499999999980e+03
1.155305499999999938e+03
1.159576500000000124e+03
1.163847499999999854e+03
1.168118500000000040e+03
1.172389499999999998e+03
1.176660499999999956e+03
1.180931500000000142e+03
1.185202499999999873e+03
1.189473500000000058e+03
1.193744500000000016e+03
1.198015499999999975e+03
1.202286500000000160e+03
1.206557499999999891e+03
1.210828500000000076e+03
1.215099499999999807e+03
1.219370499999999993e+03
1.223641500000000178e+03
1.227912499999999909e+03
1.232183500000000095e+03
1.236454499999999825e+03
1.240725500000000011e+03
1.244996500000000196e+03
1.249267499999999927e+03
1.253538500000000113e+03
1.257809499999999844e+03
1.262080500000000029e+03
1.266351499999999987e+03
1.270622499999999945e+03
1.274893500000000131e+03
1.279164499999999862e+03
1.283435500000000047e+03
1.287706500000000005e+03
1.291977499999999964e+03
1.296248500000000149e+03
1.300519499999999880e+03
1.304790500000000065e+03
1.309061499999999796e+03
1.313332499999999982e+03
1.317603500000000167e+03
1.321874499999999898e+03
1.326145500000000084e+03
1.330416499999999814e+03
1.334687500000000000e+03
1.338958500000000186e+03
1.343229499999999916e+03
1.347500500000000102e+03
1.351771499999999833e+03
1.356042500000000018e+03
1.360313500000000204e+03
1.364584499999999935e+03
1.368855500000000120e+03
1.373126499999999851e+03
1.377397500000000036e+03
1.381668499999999995e+03
1.385939499999999953e+03
1.390210500000000138e+03
1.394481499999999869e+03
1.398752500000000055e+03
1.403023500000000013e+03
1.407294499999999971e+03
1.411565500000000156e+03
1.415836499999999887e+03
1.420107500000000073e+03
1.424378499999999804e+03
1.428649499999999989e+03
1.432920500000000175e+03
1.437191499999999905e+03
1.441462500000000091e+03
1.445733499999999822e+03
1.450004500000000007e+03
1.454275500000000193e+03
1.458546499999999924e+03
1.462817500000000109e+03
1.467088499999999840e+03
1.471359500000000025e+03
1.475630499999999984e+03
1.479901499999999942e+03
1.484172500000000127e+03
1.488443499999999858e+03
1.492714500000000044e+03
1.496985500000000002e+03
1.501256499999999960e+03
1.505527500000000146e+03
1.509798499999999876e+03
1.514069500000000062e+03
1.518340500000000020e+03
1.522611499999999978e+03
1.526882500000000164e+03
1.531153499999999894e+03
1.535424500000000080e+03
1.539695499999999811e+03
1.543966499999999996e+03
1.548237500000000182e+03
1.552508499999999913e+03
1.556779500000000098e+03
1.561050499999999829e+03
1.565321500000000015e+03
1.569592500000000200e+03
1.573863499999999931e+03
1.578134500000000116e+03
1.582405499999999847e+03
1.586676500000000033e+03
1.590947499999999991e+03
1.595218499999999949e+03
1.599489500000000135e+03
1.603760499999999865e+03
1.608031500000000051e+03
1.612302500000000009e+03
1.616573499999999967e+03
1.620844500000000153e+03
1.625115499999999884e+03
1.629386500000000069e+03
1.633657499999999800e+03
1.637928499999999985e+03
1.642199500000000171e+03
1.646470499999999902e+03
1.650741500000000087e+03
1.655012499999999818e+03
1.659283500000000004e+03
1.663554500000000189e+03
1.667825499999999920e+03
1.672096500000000106e+03
1.676367499999999836e+03
1.680638500000000022e+03
1.684909499999999980e+03
1.689180499999999938e+03
1.693451500000000124e+03
1.697722499999999854e+03
1.701993500000000040e+03
1.706264499999999998e+03
1.710535499999999956e+03
1.714806500000000142e+03
1.719077499999999873e+03
1.723348500000000058e+03
1.727619500000000016e+03
1.731890499999999975e+03
1.736161500000000160e+03
1.740432499999999891e+03
1.744703500000000076e+03
1.748974499999999807e+03
1.753245499999999993e+03
1.757516500000000178e+03
1.761787499999999909e+03
1.766058500000000095e+03
1.770329499999999825e+03
1.774600500000000011e+03
1.778871500000000196e+03
1.783142499999999927e+03
1.787413500000000113e+03
1.791684499999999844e+03
1.795955500000000029e+03
1.800226499999999987e+03
1.804497499999999945e+03
1.808768500000000131e+03
1.813039499999999862e+03
1.817310500000000047e+03
1.821581500000000005e+03
1.825852499999999964e+03
1.830123500000000149e+03
1.834394499999999880e+03
1.838665500000000065e+03
1.842936499999999796e+03
1.847207499999999982e+03
1.851478500000000167e+03
1.855749499999999898e+03
1.860020500000000084e+03
1.864291499999999814e+03
1.868562500000000000e+03
1.872833500000000186e+03
1.877104499999999916e+03
1.881375500000000102e+03
1.885646499999999833e+03
1.889917500000000018e+03
1.894188500000000204e+03
1.898459499999999935e+03
1.902730500000000120e+03
1.907001499999999851e+03
1.911272500000000036e+03
1.915543499999999995e+03
1.919814499999999953e+03
1.924085500000000138e+03
1.928356499999999869e+03
1.932627500000000055e+03
1.936898500000000013e+03
1.941169499999999971e+03
1.945440500000000156e+03
1.949711499999999887e+03
1.953982500000000073e+03
1.958253499999999804e+03
1.962524499999999989e+03
1.966795500000000175e+03
1.971066499999999905e+03
1.975337500000000091e+03
1.979608499999999822e+03
1.983879500000000007e+03
1.988150500000000193e+03
1.992421499999999924e+03
1.996692500000000109e+03
2.000963499999999840e+03
2.005234500000000025e+03
2.009505499999999984e+03
2.013776499999999942e+03
2.018047500000000127e+03
2.022318499999999858e+03
2.026589500000000044e+03
2.030860500000000002e+03
2.035131499999999960e+03
2.039402500000000146e+03
2.043673499999999876e+03
2.047944500000000062e+03
2.052215500000000247e+03
2.056486499999999978e+03
2.060757499999999709e+03
2.065028500000000349e+03
2.069299500000000080e+03
2.073570499999999811e+03
2.077841499999999996e+03
2.082112500000000182e+03
2.086383499999999913e+03
2.090654499999999643e+03
2.094925500000000284e+03
2.099196500000000015e+03
2.103467499999999745e+03
2.107738499999999931e+03
2.112009500000000116e+03
2.116280499999999847e+03
2.120551500000000033e+03
2.124822500000000218e+03
2.129093499999999949e+03
2.133364499999999680e+03
2.137635500000000320e+03
2.141906500000000051e+03
2.146177499999999782e+03
2.150448499999999967e+03
2.154719500000000153e+03
2.158990499999999884e+03
2.163261500000000069e+03
2.167532500000000255e+03
2.171803499999999985e+03
2.176074499999999716e+03
2.180345500000000357e+03
2.184616500000000087e+03
2.188887499999999818e+03
2.193158500000000004e+03
2.197429500000000189e+03
2.201700499999999920e+03
2.205971499999999651e+03
2.210242500000000291e+03
2.214513500000000022e+03
2.218784499999999753e+03
2.223055499999999938e+03
2.227326500000000124e+03
2.231597499999999854e+03
2.235868500000000040e+03
2.240139500000000226e+03
2.244410499999999956e+03
2.248681499999999687e+03
2.252952500000000327e+03
2.257223500000000058e+03
2.261494499999999789e+03
2.265765499999999975e+03
2.270036500000000160e+03
2.274307499999999891e+03
2.278578500000000076e+03
2.282849500000000262e+03
2.287120499999999993e+03
2.291391499999999724e+03
2.295662499999999909e+03
2.299933500000000095e+03
2.304204499999999825e+03
2.308475500000000011e+03
2.312746500000000196e+03
2.317017499999999927e+03
2.321288499999999658e+03
2.325559500000000298e+03
2.329830500000000029e+03
2.334101499999999760e+03
2.338372499999999945e+03
2.342643500000000131e+03
2.346914499999999862e+03
2.351185500000000047e+03
2.355456500000000233e+03
2.359727499999999964e+03
2.363998499999999694e+03
2.368269500000000335e+03
2.372540500000000065e+03
2.376811499999999796e+03
2.381082499999999982e+03
2.385353500000000167e+03
2.389624499999999898e+03
2.393895500000000084e+03
2.398166500000000269e+03
2.402437500000000000e+03
2.406708499999999731e+03
2.410979499999999916e+03
2.415250500000000102e+03
2.419521499999999833e+03
2.423792500000000018e+03
2.428063500000000204e+03
2.432334499999999935e+03
2.436605499999999665e+03
2.440876500000000306e+03
2.445147500000000036e+03
2.449418499999999767e+03
2.453689499999999953e+03
2.457960500000000138e+03
2.462231499999999869e+03
2.466502500000000055e+03
2.470773500000000240e+03
2.475044499999999971e+03
2.479315499999999702e+03
2.483586500000000342e+03
2.487857500000000073e+03
2.492128499999999804e+03
2.496399499999999989e+03
2.500670500000000175e+03
2.504941499999999905e+03
2.509212500000000091e+03
2.513483500000000276e+03
2.517754500000000007e+03
2.522025499999999738e+03
2.526296499999999924e+03
2.530567500000000109e+03
2.534838499999999840e+03
2.539109500000000025e+03
2.543380500000000211e+03
2.547651499999999942e+03
2.551922499999999673e+03
2.556193500000000313e+03
2.560464500000000044e+03
2.564735499999999774e+03
2.569006499999999960e+03
2.573277500000000146e+03
2.577548499999999876e+03
2.581819500000000062e+03
2.586090500000000247e+03
2.590361499999999978e+03
2.594632499999999709e+03
2.598903500000000349e+03
2.603174500000000080e+03
2.607445499999999811e+03
2.611716499999999996e+03
2.615987500000000182e+03
2.620258499999999913e+03
2.624529499999999643e+03
2.628800500000000284e+03
2.633071500000000015e+03
2.637342499999999745e+03
2.641613499999999931e+03
2.645884500000000116e+03
2.650155499999999847e+03
2.654426500000000033e+03
2.658697500000000218e+03
2.662968499999999949e+03
2.667239499999999680e+03
2.671510500000000320e+03
2.675781500000000051e+03
2.680052499999999782e+03
2.684323499999999967e+03
2.688594500000000153e+03
2.692865499999999884e+03
2.697136500000000069e+03
2.701407500000000255e+03
2.705678499999999985e+03
2.709949499999999716e+03
2.714220500000000357e+03
2.718491500000000087e+03
2.722762499999999818e+03
2.727033500000000004e+03
2.731304500000000189e+03
2.735575499999999920e+03
2.739846499999999651e+03
2.744117500000000291e+03
2.748388500000000022e+03
2.752659499999999753e+03
2.756930499999999938e+03
2.761201500000000124e+03
2.765472499999999854e+03
2.769743500000000040e+03
2.774014500000000226e+03
2.778285499999999956e+03
2.782556499999999687e+03
2.786827500000000327e+03
2.791098500000000058e+03
2.795369499999999789e+03
2.799640499999999975e+03
2.803911500000000160e+03
2.808182499999999891e+03
2.812453500000000076e+03
2.816724500000000262e+03
2.820995499999999993e+03
2.825266499999999724e+03
2.829537499999999909e+03
2.833808500000000095e+03
2.838079499999999825e+03
2.842350500000000011e+03
2.846621500000000196e+03
2.850892499999999927e+03
2.855163499999999658e+03
2.859434500000000298e+03
2.863705500000000029e+03
2.867976499999999760e+03
2.872247499999999945e+03
2.876518500000000131e+03
2.880789499999999862e+03
2.885060500000000047e+03
2.889331500000000233e+03
2.893602499999999964e+03
2.897873499999999694e+03
2.902144500000000335e+03
2.906415500000000065e+03
2.910686499999999796e+03
2.914957499999999982e+03
2.919228500000000167e+03
2.923499499999999898e+03
2.927770500000000084e+03
2.932041500000000269e+03
2.936312500000000000e+03
2.940583499999999731e+03
2.944854499999999916e+03
2.949125500000000102e+03
2.953396499999999833e+03
2.957667500000000018e+03
2.961938500000000204e+03
2.966209499999999935e+03
2.970480499999999665e+03
2.974751500000000306e+03
2.979022500000000036e+03
2.983293499999999767e+03
