36.952000
39.336000
41.720000
44.104000
46.488000
48.872000
51.256000
53.640000
56.024000
58.408000
60.792000
63.176000
65.560000
67.944000
70.328000
72.712000
75.096000
77.480000
79.864000
82.248000
84.632000
87.016000
89.400000
91.784000
94.168000
96.552000
98.936000
101.320000
103.704000
106.088000
108.472000
110.856000
113.240000
115.624000
118.008000
120.392000
122.776000
125.160000
127.544000
129.928000
132.312000
134.696000
137.080000
139.464000
141.848000
144.232000
146.616000
149.000000
151.384000
153.768000
156.152000
158.536000
160.920000
163.304000
165.688000
168.072000
170.456000
172.840000
175.224000
177.608000
179.992000
182.376000
184.760000
187.144000
189.528000
191.912000
194.296000
196.680000
199.064000
201.448000
203.832000
206.216000
208.600000
210.984000
213.368000
215.752000
218.136000
220.520000
222.904000
225.288000
227.672000
230.056000
232.440000
234.824000
237.208000
239.592000
241.976000
244.360000
246.744000
249.128000
251.512000
253.896000
256.280000
258.664000
261.048000
263.432000
265.816000
268.200000
270.584000
272.968000
275.352000
277.736000
280.120000
282.504000
284.888000
287.272000
289.656000
292.040000
294.424000
296.808000
299.192000
301.576000
303.960000
306.344000
308.728000
311.112000
313.496000
315.880000
318.264000
320.648000
323.032000
325.416000
327.800000
330.184000
332.568000
334.952000
337.336000
339.720000
342.104000
344.488000
346.872000
349.256000
351.640000
354.024000
356.408000
358.792000
361.176000
363.560000
365.944000
368.328000
370.712000
373.096000
375.480000
377.864000
380.248000
382.632000
385.016000
387.400000
389.784000
392.168000
394.552000
396.936000
399.320000
401.704000
404.088000
406.472000
408.856000
411.240000
413.624000
416.008000
418.392000
420.776000
423.160000
425.544000
427.928000
430.312000
432.696000
435.080000
437.464000
439.848000
442.232000
444.616000
447.000000
449.384000
451.768000
454.152000
456.536000
458.920000
461.304000
463.688000
466.072000
468.456000
470.840000
473.224000
475.608000
477.992000
480.376000
482.760000
485.144000
487.528000
489.912000
492.296000
494.680000
497.064000
499.448000
501.832000
504.216000
506.600000
508.984000
511.368000
513.752000
516.136000
518.520000
520.904000
523.288000
525.672000
528.056000
530.440000
532.824000
535.208000
537.592000
539.976000
542.360000
544.744000
547.128000
549.512000
551.896000
554.280000
556.664000
559.048000
561.432000
563.816000
566.200000
568.584000
570.968000
573.352000
575.736000
578.120000
580.504000
582.888000
585.272000
587.656000
590.040000
592.424000
594.808000
597.192000
599.576000
601.960000
604.344000
606.728000
609.112000
611.496000
613.880000
616.264000
618.648000
621.032000
623.416000
625.800000
628.184000
630.568000
632.952000
635.336000
637.720000
640.104000
642.488000
644.872000
647.256000
649.640000
652.024000
654.408000
656.792000
659.176000
661.560000
663.944000
666.328000
668.712000
671.096000
673.480000
675.864000
678.248000
680.632000
683.016000
685.400000
687.784000
690.168000
692.552000
694.936000
697.320000
699.704000
702.088000
704.472000
706.856000
709.240000
711.624000
714.008000
716.392000
718.776000
721.160000
723.544000
725.928000
728.312000
730.696000
733.080000
735.464000
737.848000
740.232000
742.616000
745.000000
747.384000
749.768000
752.152000
754.536000
756.920000
759.304000
761.688000
764.072000
766.456000
768.840000
771.224000
773.608000
775.992000
778.376000
780.760000
783.144000
785.528000
787.912000
790.296000
792.680000
795.064000
797.448000
799.832000
802.216000
804.600000
806.984000
809.368000
811.752000
814.136000
816.520000
818.904000
821.288000
823.672000
826.056000
828.440000
830.824000
833.208000
835.592000
837.976000
840.360000
842.744000
845.128000
847.512000
849.896000
852.280000
854.664000
857.048000
859.432000
861.816000
864.200000
866.584000
868.968000
871.352000
873.736000
876.120000
878.504000
880.888000
883.272000
885.656000
888.040000
890.424000
892.808000
895.192000
897.576000
899.960000
902.344000
904.728000
907.112000
909.496000
911.880000
914.264000
916.648000
919.032000
921.416000
923.800000
926.184000
928.568000
930.952000
933.336000
935.720000
938.104000
940.488000
942.872000
945.256000
947.640000
950.024000
952.408000
954.792000
957.176000
959.560000
961.944000
964.328000
966.712000
969.096000
971.480000
973.864000
976.248000
978.632000
981.016000
983.400000
985.784000
988.168000
990.552000
992.936000
995.320000
997.704000
1000.088000
1002.472000
1004.856000
1007.240000
1009.624000
1012.008000
1014.392000
1016.776000
1019.160000
1021.544000
1023.928000
1026.312000
1028.696000
1031.080000
1033.464000
1035.848000
1038.232000
1040.616000
1043.000000
1045.384000
1047.768000
1050.152000
1052.536000
1054.920000
1057.304000
1059.688000
1062.072000
1064.456000
1066.840000
1069.224000
1071.608000
1073.992000
1076.376000
1078.760000
1081.144000
1083.528000
1085.912000
1088.296000
1090.680000
1093.064000
1095.448000
1097.832000
1100.216000
1102.600000
1104.984000
1107.368000
1109.752000
1112.136000
1114.520000
1116.904000
1119.288000
1121.672000
1124.056000
1126.440000
1128.824000
1131.208000
1133.592000
1135.976000
1138.360000
1140.744000
1143.128000
1145.512000
1147.896000
1150.280000
1152.664000
1155.048000
1157.432000
1159.816000
1162.200000
1164.584000
1166.968000
1169.352000
1171.736000
1174.120000
1176.504000
1178.888000
1181.272000
1183.656000
1186.040000
1188.424000
1190.808000
1193.192000
1195.576000
1197.960000
1200.344000
1202.728000
1205.112000
1207.496000
1209.880000
1212.264000
1214.648000
1217.032000
1219.416000
1221.800000
1224.184000
1226.568000
1228.952000
1231.336000
1233.720000
1236.104000
1238.488000
1240.872000
1243.256000
1245.640000
1248.024000
1250.408000
1252.792000
1255.176000
1257.560000
1259.944000
1262.328000
1264.712000
1267.096000
1269.480000
1271.864000
1274.248000
1276.632000
1279.016000
1281.400000
1283.784000
1286.168000
1288.552000
1290.936000
1293.320000
1295.704000
1298.088000
1300.472000
1302.856000
1305.240000
1307.624000
1310.008000
1312.392000
1314.776000
1317.160000
1319.544000
1321.928000
1324.312000
1326.696000
1329.080000
1331.464000
1333.848000
1336.232000
1338.616000
1341.000000
1343.384000
1345.768000
1348.152000
1350.536000
1352.920000
1355.304000
1357.688000
1360.072000
1362.456000
1364.840000
1367.224000
1369.608000
1371.992000
1374.376000
1376.760000
1379.144000
1381.528000
1383.912000
1386.296000
1388.680000
1391.064000
1393.448000
1395.832000
1398.216000
1400.600000
1402.984000
1405.368000
1407.752000
1410.136000
1412.520000
1414.904000
1417.288000
1419.672000
1422.056000
1424.440000
1426.824000
1429.208000
1431.592000
1433.976000
1436.360000
1438.744000
1441.128000
1443.512000
1445.896000
1448.280000
1450.664000
1453.048000
1455.432000
1457.816000
1460.200000
1462.584000
1464.968000
1467.352000
1469.736000
1472.120000
1474.504000
1476.888000
1479.272000
1481.656000
1484.040000
1486.424000
1488.808000
1491.192000
1493.576000
1495.960000
1498.344000
1500.728000
1503.112000
1505.496000
1507.880000
1510.264000
1512.648000
1515.032000
1517.416000
1519.800000
1522.184000
1524.568000
1526.952000
1529.336000
1531.720000
1534.104000
1536.488000
1538.872000
1541.256000
1543.640000
1546.024000
1548.408000
1550.792000
1553.176000
1555.560000
1557.944000
1560.328000
1562.712000
1565.096000
1567.480000
1569.864000
1572.248000
1574.632000
1577.016000
1579.400000
1581.784000
1584.168000
1586.552000
1588.936000
1591.320000
1593.704000
1596.088000
1598.472000
1600.856000
1603.240000
1605.624000
1608.008000
1610.392000
1612.776000
1615.160000
1617.544000
1619.928000
1622.312000
1624.696000
1627.080000
1629.464000
1631.848000
1634.232000
1636.616000
1639.000000
1641.384000
1643.768000
1646.152000
1648.536000
1650.920000
1653.304000
1655.688000
1658.072000
1660.456000
1662.840000
1665.224000
1667.608000
1669.992000
1672.376000
1674.760000
1677.144000
1679.528000
1681.912000
1684.296000
1686.680000
1689.064000
1691.448000
1693.832000
1696.216000
1698.600000
1700.984000
1703.368000
1705.752000
1708.136000
1710.520000
1712.904000
1715.288000
1717.672000
1720.056000
1722.440000
1724.824000
1727.208000
1729.592000
1731.976000
1734.360000
1736.744000
1739.128000
1741.512000
1743.896000
1746.280000
1748.664000
1751.048000
1753.432000
1755.816000
1758.200000
1760.584000
1762.968000
1765.352000
1767.736000
1770.120000
1772.504000
1774.888000
1777.272000
1779.656000
1782.040000
1784.424000
1786.808000
1789.192000
1791.576000
1793.960000
1796.344000
1798.728000
1801.112000
1803.496000
1805.880000
1808.264000
1810.648000
1813.032000
1815.416000
1817.800000
1820.184000
1822.568000
1824.952000
1827.336000
1829.720000
1832.104000
1834.488000
1836.872000
1839.256000
1841.640000
1844.024000
1846.408000
1848.792000
1851.176000
1853.560000
1855.944000
1858.328000
1860.712000
1863.096000
1865.480000
1867.864000
1870.248000
1872.632000
1875.016000
1877.400000
1879.784000
