2011386249908753
8695771680287816
2467350914685893
1302478575352688
905930227640544
698477007789096
555824863448219
456876721053841
379172735900089
321281519047418
273752636254638
235327504785663
207867982750481
183883359409188
167031957670512
151212751483003
135198436812599
126171152538791
114039441516789
106164751973774
99536188233785
96363296511932
88806821459932
83403847389748
79047399398532
76477997734517
72787575481659
68937530759995
68256789349170
64464934264149
63391827265331
60255475689885
58535503748187
55754139992254
53987093005900
54896964419336
49846466192828
50411024834475
50788939287396
47710682718618
46707045167443
45947924825387
45309759675008
44405782438052
42702933022326
41641123741768
42679660183206
39713425530393
40112537440699
38214358772005
38080262673360
37679773227372
36191308144463
34626340787603
34553447987413
33830243406031
32825139667242
33039877516752
31036010099356
31916027893309
31162003869443
30382436940661
29786737636448
30086674487158
29440509271607
28574121132904
28445886575709
27338191915953
26469247216402
26692309702562
25890227557309
24523137949069
24146148635897
24613906801198
25408322827097
23262703171698
23428811070639
22955073219300
23750754368729
22882183041607
21762238402236
21606476034349
21708111828019
20638834076182
21682142546857
20908700278467
21009036100266
19050095056661
20298428373044
19495557581573
20457961230523
21064128607274
18662471238780
18044264608725
18352820524922
18171996891295
17875478297209
17467960893342
18010083894907
18021903232642
17930501764301
16844332199210
16969324515849
16060091599797
16151522831310
16969727667364
16257295976379
16334606606128
14814999270582
15532335646055
15469835201323
15715692244851
15018013213879
15735145013563
14734246897271
15510525761811
14179277080153
14598292914844
15336921934025
14194994861093
15080783723973
13986487198630
13888025703209
13885113215067
13879934974976
13911103543103
13341215968986
13648508910019
13270973729032
12308489753818
13497721517987
13165586330281
12520712710150
12337572182650
12901656134787
12440035078856
12122035672850
12321389468650
12544449636373
12704564997770
11945895169917
11100152728460
12135166204505
11555536681019
11859275869668
11305057293609
11769736151746
10822995894016
11145508420008
11047839169994
11733379028153
10444549243981
11420375191543
10701043912436
10941811036181
10475674740179
10615543941993
10458324643917
9817473904946
10401204408875
11053330681994
9318379784715
9816859349272
10157163631173
9920894179960
9905275218398
9190380486534
9469989260091
9496012437245
9509204944622
10236171315821
8962525073756
9829974146557
9306306200348
8504495235161
9376111480537
9318537591405
8475805508288
9211690019325
8299881712363
8143749823591
7815112515102
8591402230518
8598053636576
8647539637536
8470246576459
8104143322855
8683614732500
9051571415409
8723722958309
8669806725488
7372050324459
7833181179863
7720944094247
7302849975616
7826357819446
7283626571034
8212145147850
7127757010338
7044813869564
7103699725874
7379350838990
6804893772860
7272743494671
6794513449997
7568027020735
7078211254699
7060334703502
7528090878922
7180389255993
6318657846205
6870136390995
6985278557119
6455658097494
6016828507210
6616739060305
6266571853301
5950587689022
6311184251896
5939364993951
5847016026837
5911496676952
5647413914115
5700788598367
5927436663941
6535238167336
5333971032105
5856066756660
5525846377853
5555996877738
5895060630276
5784581082128
5417253042725
5364312746985
5079273181501
5479343767560
4991092782756
5030639903743
4843922326855
5127533107184
4909970226999
5227843057737
4688846615483
5060037199678
4395305676940
4823686264269
4716662760619
4810394616830
4465299159868
4892356713758
4939700195178
4965584840658
4172035965140
4567090867714
4352496014632
4754579731672
4936655909541
4272154015423
4455054376631
4200566510947
4386573278489
4335743528290
4278213725756
3893875268636
4199031512049
4073119756624
3420820108903
4268260377890
4267456057390
4111285145603
4046661413610
4049865096010
4189475553352
3908601598090
3879653116956
3996611921606
4057423413535
3659797494755
3734391764481
4035761370120
3236954889943
3662260948313
3475336131070
3842171910951
3631465566431
3765425482465
3687550283973
3681316745484
3403141608668
4023026095623
3859809582190
3666954794755
3538555473802
3327743205991
3044675339723
3593981539595
3453110265173
3160730384755
3076586274926
3051503037399
3205139721223
3348159389704
3056837584264
3287367214902
3251252606086
3389298313495
3166093622791
3307689185227
2854790075615
2676371146490
2798637937354
3140102443102
2857208561994
2799554744667
2717314018585
3012209828832
2899811279301
2855629393015
2527706104633
2883301414241
2989188745883
2635000109739
2875477588571
2582831613794
2674231316211
2435565725892
2454862999390
2494879518312
2852732455850
2812252253436
2703307101360
2578398810978
2639075022672
2899748239082
2508770464394
2465263894060
2335756864470
2737951670210
2510236395794
2297841636041
2144020089192
2620018149975
1900836447475
2157063111216
2108408893549
2318953739414
2144677030486
2205380003679
1955318231998
2222669196867
2461017573698
2141135012125
1896996143837
2031671762263
2023414788698
2123856630245
2005866122851
2266525186639
1754961099778
2176918170522
1886970187549
2178088039823
1735887741562
2187382751628
1779290905975
1973702668456
1785739427083
1843172836199
1810630391605
1632729724653
2089193535014
2004167953189
2016715163702
1636543881828
1737448135549
1774437840875
2016067815252
1699556403462
1426037007305
1716436624252
1406304621088
1780581431712
1843766054880
1851739841990
1394750300561
1806067441674
1476001991474
1523328972813
1619564496519
1959748423641
1769943686682
1313306353649
1548036205722
1250351519520
1367201299911
1351593958946
1286820650945
1341545052331
1309832104739
1668902699704
1606269697296
1431421069444
1334124662233
1513672523902
1458523643099
1207310809119
1358839361755
1379102594737
1192986845077
1226512760821
1318463160970
1193032329522
1143950759438
1096849042115
1130290401691
1271394548267
1229683728918
898534654366
1477257827684
1348999658622
1205716468548
1106021602522
860678054382
1253231385701
1238693001513
1058142500210
1205644847033
1256404503921
1231649462901
1046783795794
1183131890545
944169053182
1025027891072
997674626004
655696738093
1061013110030
764144378219
855652804283
1082448661955
874878379007
971007296053
918052770454
961595662216
859248146253
991602476197
885432476807
836490671165
939578247663
699988629534
683962330423
982846602924
920467109854
1214500077953
888035398174
561055760093
878698637943
769031850656
823456120861
895934443151
684143510712
740846535692
727607003992
909921851738
695526479280
682674073872
853379117605
525212402470
885349543427
745449145747
770026917349
628756819561
776084779611
757773914145
851549889778
713424828533
781121929509
430922806159
677236870238
841435160936
352371439254
708235574407
484126666932
575337663229
661537693410
466837241979
744829743669
607358884933
447550781836
600569380828
534564279597
598102879825
596443709980
457497136809
459963858324
432643468002
490467407658
421551584378
502278768973
764416934062
249174846306
508477121746
436984822117
662187712689
559244697978
459730997083
514247481381
610064832712
213031681802
432580461966
410726632261
474637949905
509938424560
352659819139
349237154884
299282626340
452140961635
517008113592
558863027149
251026071642
425756617141
382362451942
352805005737
355483473561
481929892605
313784463841
370598469415
371531337968
420128211107
314551478567
369821042755
475457517812
332977205723
404949245373
301253939768
386201596130
341478312366
357740975130
243899889991
375352661313
248177003231
322170530482
323832109099
394105047717
329653617329
251098722003
256624610369
238594738711
229169370398
233115078879
288251901249
267996023680
289259757602
187888547841
198122356912
193905611085
300610368937
234380095451
209535784036
291556883014
184518972846
330725664104
302670666048
246377387405
176641683073
275265948035
391601877864
278849865667
294862393168
137715734869
217666523766
239314793128
279937369887
216789561357
193489935912
181322832082
209307672830
305426490651
217316513461
133459891466
245234304295
99937733322
259207911630
169910432138
206000014061
216302420980
137648625128
158772616746
160300144330
183534654724
150670738223
310581963201
112426195347
204233600177
188312839408
95093535181
119894497149
224381354752
129676636960
120444177938
207348182443
98718297026
120682557226
143713347666
103353572995
197659270553
142269892378
132918518406
223190541300
107407970332
299259287461
114583696599
155953898786
68217362434
193615318304
164048048437
181708645318
145731763991
158091566380
137443600955
75929087454
144650897646
77941107398
22344638562
131770276023
159509791508
42672609781
94836219797
106950406702
42393424822
80294905995
149505814815
116819361514
139148743969
49093097950
89944716432
130933425085
65277238050
164161801053
98747622031
37989936217
165964224588
33291837457
55154376321
56138216698
56119039653
225839128059
55165725283
152294472045
109713718661
223001103230
90738340850
90029433658
137613714157
68089950744
78851681325
65643099398
30213966100
148855923247
21190148574
44484158881
70098054122
43305476425
120610191496
45901038136
53936492415
39689648312
91659853815
43554804210
101287588597
45949575767
23005363788
159899460778
88782855564
111231235909
114010451551
59790249856
37278829361
67055662523
101341241762
45486167893
40820532156
98037452742
52534861490
23620218882
1516147177
31707377578
48773408866
62236344781
66885561226
28438282454
61371641948
83753809194
1512024974
134876235451
73918970270
35985565957
23990927727
19470216865
16910594708
23930195401
12302001101
30633626705
0
55998569885
16305769508
111401529195
20255402472
38947723838
15632120275
32278981531
31554773439
3017507881
30472867150
24405981850
105915507606
84949744879
24775102584
61127963182
41672572678
21521428995
3016775652
79641442224
34276593540
37723569538
27977761538
14205871135
0
43542475200
19851553701
60763946891
73659797727
1580005669
28904990583
18457910244
57708294457
102527847951
20469410465
42573189689
22007326638
0
0
77957544145
24947859178
27903809676
67954137964
0
0
12514223762
23959589265
30736464815
3025519255
1522963605
38054738537
42809409487
3020533523
53240459828
0
0
14933494654
12034775031
19444289421
64593025500
60658724053
33965808028
3019269458
0
20412807989
1515396247
21874777784
1508465981
17170370156
15975950096
1508917061
23613754670
0
10316831097
38253973618
19513951969
0
22613767367
1524753514
3030446316
0
26416912120
1509060934
16791933742
17882023770
18570996579
0
0
15529827723
3247562628
0
40412553458
9042090522
37401894228
0
33682267152
17223621157
0
62506371725
0
24229655912
34239128652
21964288370
3019098529
0
22882067125
22210592762
1508963727
0
0
0
0
17357687425
27928899468
18785016345
1513418497
3037313680
0
1509181617
1514448651
12428572906
40299719421
1508239718
0
1509162240
0
0
14537931622
0
3031439754
16219411564
0
0
0
0
13178114106
21711579478
22716947484
1509049050
0
14461312942
3026599082
33293996563
0
0
0
19569515055
1525164203
9964217212
0
0
0
20490870913
0
0
1510682193
0
1508988108
0
0
0
1510010934
0
0
15829901621
0
0
0
1531722834
1512176799
0
0
0
1508273027
41730897582
0
1510974023
1513551911
0
0
0
0
0
0
0
0
0
0
0
0
16597356138
0
0
0
0
0
0
1513623950
0
0
15298908662
0
0
0
1510279631
0
0
0
0
0
0
0
0
0
0
1515772768
0
0
0
0
0
0
0
0
0
12740817192
0
1532950915
0
0
0
0
0
0
0
0
0
0
0
0
0
0
0
0
0
0
0
0
0
0
0
0
0
0
1508303748
0
0
1511045698
0
0
0
0
0
0
0
0
0
0
1513032520
0
0
0
0
0
0
0
0
0
0
1523881869
0
0
0
0
0
0
0
0
1508210129
0
0
0
0
0
0
0
0
1508472003
