0.000000
4.434000
8.868000
13.302000
17.736000
22.170000
26.604000
31.038000
35.472000
39.906000
44.340000
48.774000
53.208000
57.642000
62.076000
66.510000
70.944000
75.378000
79.812000
84.246000
88.680000
93.114000
97.548000
101.982000
106.416000
110.850000
115.284000
119.718000
124.152000
128.586000
133.020000
137.454000
141.888000
146.322000
150.756000
155.190000
159.624000
164.058000
168.492000
172.926000
177.360000
181.794000
186.228000
190.662000
195.096000
199.530000
203.964000
208.398000
212.832000
217.266000
221.700000
226.134000
230.568000
235.002000
239.436000
243.870000
248.304000
252.738000
257.172000
261.606000
266.040000
270.474000
274.908000
279.342000
283.776000
288.210000
292.644000
297.078000
301.512000
305.946000
310.380000
314.814000
319.248000
323.682000
328.116000
332.550000
336.984000
341.418000
345.852000
350.286000
354.720000
359.154000
363.588000
368.022000
372.456000
376.890000
381.324000
385.758000
390.192000
394.626000
399.060000
403.494000
407.928000
412.362000
416.796000
421.230000
425.664000
430.098000
434.532000
438.966000
443.400000
447.834000
452.268000
456.702000
461.136000
465.570000
470.004000
474.438000
478.872000
483.306000
487.740000
492.174000
496.608000
501.042000
505.476000
509.910000
514.344000
518.778000
523.212000
527.646000
532.080000
536.514000
540.948000
545.382000
549.816000
554.250000
558.684000
563.118000
567.552000
571.986000
576.420000
580.854000
585.288000
589.722000
594.156000
598.590000
603.024000
607.458000
611.892000
616.326000
620.760000
625.194000
629.628000
634.062000
638.496000
642.930000
647.364000
651.798000
656.232000
660.666000
665.100000
669.534000
673.968000
678.402000
682.836000
687.270000
691.704000
696.138000
700.572000
705.006000
709.440000
713.874000
718.308000
722.742000
727.176000
731.610000
736.044000
740.478000
744.912000
749.346000
753.780000
758.214000
762.648000
767.082000
771.516000
775.950000
780.384000
784.818000
789.252000
793.686000
798.120000
802.554000
806.988000
811.422000
815.856000
820.290000
824.724000
829.158000
833.592000
838.026000
842.460000
846.894000
851.328000
855.762000
860.196000
864.630000
869.064000
873.498000
877.932000
882.366000
886.800000
891.234000
895.668000
900.102000
904.536000
908.970000
913.404000
917.838000
922.272000
926.706000
931.140000
935.574000
940.008000
944.442000
948.876000
953.310000
957.744000
962.178000
966.612000
971.046000
975.480000
979.914000
984.348000
988.782000
993.216000
997.650000
1002.084000
1006.518000
1010.952000
1015.386000
1019.820000
1024.254000
1028.688000
1033.122000
1037.556000
1041.990000
1046.424000
1050.858000
1055.292000
1059.726000
1064.160000
1068.594000
1073.028000
1077.462000
1081.896000
1086.330000
1090.764000
1095.198000
1099.632000
1104.066000
1108.500000
1112.934000
1117.368000
1121.802000
1126.236000
1130.670000
1135.104000
1139.538000
1143.972000
1148.406000
1152.840000
1157.274000
1161.708000
1166.142000
1170.576000
1175.010000
1179.444000
1183.878000
1188.312000
1192.746000
1197.180000
1201.614000
1206.048000
1210.482000
1214.916000
1219.350000
1223.784000
1228.218000
1232.652000
1237.086000
1241.520000
1245.954000
1250.388000
1254.822000
1259.256000
1263.690000
1268.124000
1272.558000
1276.992000
1281.426000
1285.860000
1290.294000
1294.728000
1299.162000
1303.596000
1308.030000
1312.464000
1316.898000
1321.332000
1325.766000
1330.200000
1334.634000
1339.068000
1343.502000
1347.936000
1352.370000
1356.804000
1361.238000
1365.672000
1370.106000
1374.540000
1378.974000
1383.408000
1387.842000
1392.276000
1396.710000
1401.144000
1405.578000
1410.012000
1414.446000
1418.880000
1423.314000
1427.748000
1432.182000
1436.616000
1441.050000
1445.484000
1449.918000
1454.352000
1458.786000
1463.220000
1467.654000
1472.088000
1476.522000
1480.956000
1485.390000
1489.824000
1494.258000
1498.692000
1503.126000
1507.560000
1511.994000
1516.428000
1520.862000
1525.296000
1529.730000
1534.164000
1538.598000
1543.032000
1547.466000
1551.900000
1556.334000
1560.768000
1565.202000
1569.636000
1574.070000
1578.504000
1582.938000
1587.372000
1591.806000
1596.240000
1600.674000
1605.108000
1609.542000
1613.976000
1618.410000
1622.844000
1627.278000
1631.712000
1636.146000
1640.580000
1645.014000
1649.448000
1653.882000
1658.316000
1662.750000
1667.184000
1671.618000
1676.052000
1680.486000
1684.920000
1689.354000
1693.788000
1698.222000
1702.656000
1707.090000
1711.524000
1715.958000
1720.392000
1724.826000
1729.260000
1733.694000
1738.128000
1742.562000
1746.996000
1751.430000
1755.864000
1760.298000
1764.732000
1769.166000
1773.600000
1778.034000
1782.468000
1786.902000
1791.336000
1795.770000
1800.204000
1804.638000
1809.072000
1813.506000
1817.940000
1822.374000
1826.808000
1831.242000
1835.676000
1840.110000
1844.544000
1848.978000
1853.412000
1857.846000
1862.280000
1866.714000
1871.148000
1875.582000
1880.016000
1884.450000
1888.884000
1893.318000
1897.752000
1902.186000
1906.620000
1911.054000
1915.488000
1919.922000
1924.356000
1928.790000
1933.224000
1937.658000
1942.092000
1946.526000
1950.960000
1955.394000
1959.828000
1964.262000
1968.696000
1973.130000
1977.564000
1981.998000
1986.432000
1990.866000
1995.300000
1999.734000
2004.168000
2008.602000
2013.036000
2017.470000
2021.904000
2026.338000
2030.772000
2035.206000
2039.640000
2044.074000
2048.508000
2052.942000
2057.376000
2061.810000
2066.244000
2070.678000
2075.112000
2079.546000
2083.980000
2088.414000
2092.848000
2097.282000
2101.716000
2106.150000
2110.584000
2115.018000
2119.452000
2123.886000
2128.320000
2132.754000
2137.188000
2141.622000
2146.056000
2150.490000
2154.924000
2159.358000
2163.792000
2168.226000
2172.660000
2177.094000
2181.528000
2185.962000
2190.396000
2194.830000
2199.264000
2203.698000
2208.132000
2212.566000
2217.000000
2221.434000
2225.868000
2230.302000
2234.736000
2239.170000
2243.604000
2248.038000
2252.472000
2256.906000
2261.340000
2265.774000
2270.208000
2274.642000
2279.076000
2283.510000
2287.944000
2292.378000
2296.812000
2301.246000
2305.680000
2310.114000
2314.548000
2318.982000
2323.416000
2327.850000
2332.284000
2336.718000
2341.152000
2345.586000
2350.020000
2354.454000
2358.888000
2363.322000
2367.756000
2372.190000
2376.624000
2381.058000
2385.492000
2389.926000
2394.360000
2398.794000
2403.228000
2407.662000
2412.096000
2416.530000
2420.964000
2425.398000
2429.832000
2434.266000
2438.700000
2443.134000
2447.568000
2452.002000
2456.436000
2460.870000
2465.304000
2469.738000
2474.172000
2478.606000
2483.040000
2487.474000
2491.908000
2496.342000
2500.776000
2505.210000
2509.644000
2514.078000
2518.512000
2522.946000
2527.380000
2531.814000
2536.248000
2540.682000
2545.116000
2549.550000
2553.984000
2558.418000
2562.852000
2567.286000
2571.720000
2576.154000
2580.588000
2585.022000
2589.456000
2593.890000
2598.324000
2602.758000
2607.192000
2611.626000
2616.060000
2620.494000
2624.928000
2629.362000
2633.796000
2638.230000
2642.664000
2647.098000
2651.532000
2655.966000
2660.400000
2664.834000
2669.268000
2673.702000
2678.136000
2682.570000
2687.004000
2691.438000
2695.872000
2700.306000
2704.740000
2709.174000
2713.608000
2718.042000
2722.476000
2726.910000
2731.344000
2735.778000
2740.212000
2744.646000
2749.080000
2753.514000
2757.948000
2762.382000
2766.816000
2771.250000
2775.684000
2780.118000
2784.552000
2788.986000
2793.420000
2797.854000
2802.288000
2806.722000
2811.156000
2815.590000
2820.024000
2824.458000
2828.892000
2833.326000
2837.760000
2842.194000
2846.628000
2851.062000
2855.496000
2859.930000
2864.364000
2868.798000
2873.232000
2877.666000
2882.100000
2886.534000
2890.968000
2895.402000
2899.836000
2904.270000
2908.704000
2913.138000
2917.572000
2922.006000
2926.440000
2930.874000
2935.308000
2939.742000
2944.176000
2948.610000
2953.044000
2957.478000
2961.912000
2966.346000
2970.780000
2975.214000
2979.648000
2984.082000
2988.516000
2992.950000
2997.384000
3001.818000
3006.252000
3010.686000
3015.120000
3019.554000
3023.988000
3028.422000
3032.856000
3037.290000
3041.724000
3046.158000
3050.592000
3055.026000
3059.460000
3063.894000
3068.328000
3072.762000
3077.196000
3081.630000
3086.064000
3090.498000
3094.932000
3099.366000
3103.800000
3108.234000
3112.668000
3117.102000
3121.536000
3125.970000
3130.404000
3134.838000
3139.272000
3143.706000
3148.140000
3152.574000
3157.008000
3161.442000
3165.876000
3170.310000
3174.744000
3179.178000
3183.612000
3188.046000
3192.480000
3196.914000
3201.348000
3205.782000
3210.216000
3214.650000
3219.084000
3223.518000
3227.952000
3232.386000
3236.820000
3241.254000
3245.688000
3250.122000
3254.556000
3258.990000
3263.424000
3267.858000
3272.292000
3276.726000
3281.160000
3285.594000
3290.028000
3294.462000
3298.896000
3303.330000
3307.764000
3312.198000
3316.632000
3321.066000
3325.500000
3329.934000
3334.368000
3338.802000
3343.236000
3347.670000
3352.104000
3356.538000
3360.972000
3365.406000
3369.840000
3374.274000
3378.708000
3383.142000
3387.576000
3392.010000
3396.444000
3400.878000
3405.312000
3409.746000
3414.180000
3418.614000
3423.048000
3427.482000
3431.916000
3436.350000
3440.784000
3445.218000
3449.652000
3454.086000
3458.520000
3462.954000
3467.388000
3471.822000
3476.256000
3480.690000
3485.124000
3489.558000
3493.992000
3498.426000
3502.860000
3507.294000
3511.728000
3516.162000
3520.596000
3525.030000
3529.464000
3533.898000
3538.332000
3542.766000
3547.200000
3551.634000
3556.068000
3560.502000
3564.936000
3569.370000
3573.804000
3578.238000
3582.672000
3587.106000
3591.540000
3595.974000
3600.408000
3604.842000
3609.276000
3613.710000
3618.144000
3622.578000
3627.012000
3631.446000
3635.880000
3640.314000
3644.748000
3649.182000
3653.616000
3658.050000
3662.484000
3666.918000
3671.352000
3675.786000
3680.220000
3684.654000
3689.088000
3693.522000
3697.956000
3702.390000
3706.824000
3711.258000
3715.692000
3720.126000
3724.560000
3728.994000
3733.428000
3737.862000
3742.296000
3746.730000
3751.164000
3755.598000
3760.032000
3764.466000
3768.900000
3773.334000
3777.768000
3782.202000
3786.636000
3791.070000
3795.504000
3799.938000
3804.372000
3808.806000
3813.240000
3817.674000
3822.108000
3826.542000
3830.976000
3835.410000
3839.844000
3844.278000
3848.712000
3853.146000
3857.580000
3862.014000
3866.448000
3870.882000
3875.316000
3879.750000
3884.184000
3888.618000
3893.052000
3897.486000
3901.920000
3906.354000
3910.788000
3915.222000
3919.656000
3924.090000
3928.524000
3932.958000
3937.392000
3941.826000
3946.260000
3950.694000
3955.128000
3959.562000
3963.996000
3968.430000
3972.864000
3977.298000
3981.732000
3986.166000
3990.600000
3995.034000
3999.468000
4003.902000
4008.336000
4012.770000
4017.204000
4021.638000
4026.072000
4030.506000
4034.940000
4039.374000
4043.808000
4048.242000
4052.676000
4057.110000
4061.544000
4065.978000
4070.412000
4074.846000
4079.280000
4083.714000
4088.148000
4092.582000
4097.016000
4101.450000
4105.884000
4110.318000
4114.752000
4119.186000
4123.620000
4128.054000
4132.488000
4136.922000
4141.356000
4145.790000
4150.224000
4154.658000
4159.092000
4163.526000
4167.960000
4172.394000
4176.828000
4181.262000
4185.696000
4190.130000
4194.564000
4198.998000
4203.432000
4207.866000
4212.300000
4216.734000
4221.168000
4225.602000
4230.036000
4234.470000
4238.904000
4243.338000
4247.772000
4252.206000
4256.640000
4261.074000
4265.508000
4269.942000
4274.376000
4278.810000
4283.244000
4287.678000
4292.112000
4296.546000
4300.980000
4305.414000
4309.848000
4314.282000
4318.716000
4323.150000
4327.584000
4332.018000
4336.452000
4340.886000
4345.320000
4349.754000
4354.188000
4358.622000
4363.056000
4367.490000
4371.924000
4376.358000
4380.792000
4385.226000
4389.660000
4394.094000
4398.528000
4402.962000
4407.396000
4411.830000
4416.264000
4420.698000
4425.132000
4429.566000
4434.000000
