140655467427712
126103162712655
118976355077588
106008519761179
99109101184163
91883987370923
86863920266198
84629147233562
76938044023290
74070768420713
68510514510141
65890179302363
63261853180458
58788612831287
57147953588572
52880234760331
51751816112953
51744952635971
48762132150825
45958305080580
43260192292438
43977341141984
42014752339087
40024814733092
37054022478452
38941661537759
35000692860035
34060272652359
31815420780455
34636561356399
29297662072643
30999816543590
31063572130191
27452522382922
26579523289090
29525840278619
25759194813893
25710315551741
24209896245662
23619059852141
24557310141393
23696829893838
22075432250950
21273062616664
21864649626397
20404486421535
18573071427276
21415122688744
20228078423627
17419885000702
17083010954231
17441881431517
16828164165094
17828209740707
16162658173513
16650833417493
14852132970698
13816617008541
14405406938121
13727707380706
14693632654863
13340448563670
14005175278322
12451652469397
12969898219643
13896845887806
11502418994559
13036146283681
13444165409104
13194088143472
11572909856514
9841415548972
9901666519967
11449743113250
10384089774703
10154671844414
9485929848289
10714448845177
11264345638775
9544999350307
9288308022749
9137915111263
9128754067156
10248505520118
8380436554124
8014393435929
7534298104590
9048765237742
8591032182948
11057032325551
8086373496922
6807533562791
7588399357968
8313607998512
6928776199345
7983208038675
7517759940746
7197471565808
6533839836249
6506137796604
6843135714457
6626568767056
6157350396276
7214551751197
6029143640950
5745133478888
6275665050232
5289399222183
6402124046172
6350293395201
6052478040976
6147150909311
5026860421523
5700900809142
5653872706298
5806226994270
5179317407451
4382820179113
3940614122062
5170667815639
4543295596370
4667743543014
4463064998815
5034003706867
4494824533745
4959180739092
4828283127981
4714962378244
4444426767328
4211447548708
3244032054452
5237657088988
3533294657896
3319724701425
4435741850088
4123674127346
3518450971280
3494163514167
2916939723941
2991344438756
3561075431816
3268713508660
4001121153356
3216728918234
2268135219293
3653413306573
3425979546139
2918332769213
2560277167152
3303419219725
3261323129590
2704275846056
2482641070844
2721143401721
2064566128214
2732877104386
2364833221309
2026651964421
2456444792157
2344811349616
2159322868767
2919647425192
2840822616617
2524307205328
2833233894547
2694753082422
2021062738344
2027508705936
3297609241827
1586004314328
2089685557805
2260117421732
2403347991249
1936254986934
1936908224664
2792949867583
1842983079367
2156780302186
1970418073278
2044569807770
1491609440311
1369889680866
1668797637411
1262181998025
2565267931987
2062417749668
2002779037645
2144735360941
2036406372393
988412121875
2667179480845
1477790049259
1873207496080
1522161305627
1524674305962
1264376043045
1351653563836
1259793063209
1609502040520
1011393552530
1336257369885
1782132928210
1951497039162
1224416683939
1776912435397
1048482732700
908388918098
1099540974913
1266527282911
1072652470949
2497341545846
1402907810169
1341949687984
752144802964
1906356995517
807270246156
1474298137325
1183943505614
1316068755191
2214524997521
1611594509861
1082807173908
734286043780
1655983940284
1475565821797
1526910252128
1315467719100
1502023832179
633662578553
1025360441501
977923023162
1151473507545
1080299984253
915188209192
1314648782247
699568282378
812565823695
605013233586
570919924221
1563523711241
766567851652
988862248122
981989143591
781095264126
1810915683525
960413795390
1153216270688
1066201135704
1261090048042
742503312300
1636079630963
822028447938
646610376382
690538339347
1183110901688
718387584354
903867335316
572373678832
1351177008927
1094264011764
766904616794
1253829209817
910058427733
996532645540
734652821053
898806435447
1107417297151
258996121064
1044666155693
1149680101212
718385361928
880899523337
677928522248
1001758199241
720318998242
252816206086
623913085956
69833543174
953864940418
391488135692
387841418938
446462194698
566639636351
615681856188
1056219139760
838936720273
427324282939
1130953764183
473197507915
780835433012
745704971988
458404945945
997484410889
450996991500
529778236593
1216280387250
570417019888
857847541726
514384269288
389499789842
506387828194
391246125934
76728331343
582612184509
454074483319
726301690260
578751006939
341551864116
602685899350
388786866493
184258177662
637468469865
297896644206
1229633544201
482500612246
672491728033
106997192628
660738658953
401264928759
170705062468
207694274251
434817730183
221476296663
204908295014
1393034386669
718922777536
353370330176
335110663757
593071475349
1043078530162
416340384419
356961477448
441042211112
177859859662
494524842664
496913996089
428456761441
489683605927
367551049696
399538500703
358700041484
497296549044
219012272994
345802681888
190794089565
693832404798
194657774441
324859568946
930749466118
347893814074
336788625083
499784568183
281655646330
267674160751
483196422218
169052315743
795584590967
340540601193
201040895365
213342453813
352375905373
201880304392
417849654697
296553079510
185275392136
565188635776
65479994243
59320019666
294744580137
345535586695
193884283274
654025336225
336129137947
541211542745
774482231249
182281990287
631226147692
187085276666
876737507635
55415257401
203711918346
514109538912
191997054937
87984438423
394698396880
418883509337
37349482305
206121039812
27937355665
77111957180
32730825336
169784110626
561713254939
72307265234
222678222330
184237818641
157077065593
44674215955
31456064317
335559351170
169567658970
31504696933
11200386685
172686976469
34406560779
166559385685
293750383155
312875066239
236435333964
175521816348
289699091977
346628852084
189226707053
20523718973
35664902213
184603242964
46167303184
433576919531
55561956777
27040009880
187107708706
212367150613
378236630283
90470535363
340259651721
45145621542
182608368142
166531609461
28210673877
163432549385
12515256180
36323881637
182451413950
190614938299
165267651339
199872894186
161721870272
183706615321
188858662626
20361240952
82049400444
16388817417
27099679710
17494023225
324674629613
11617697781
16242238107
31832839583
32331192200
18206629435
11319008481
32911137131
36435871441
13173804969
164227930752
307562715519
15528152041
23299516652
164851870020
323178896361
147318875640
163411142374
184110235884
154037676072
153340985077
170259283522
6738611902
10087560315
14673947852
26337305851
16534597432
11528557043
15940141989
160215953828
165790544421
67156114250
18285994619
25066027692
27807662302
12440347795
21989780634
20913512567
9335067590
9042151305
189944597259
3523103928
10953088992
44815986900
8732113387
30424938809
10905220550
77411582650
182067083961
6479607408
26134139644
5302468073
7248239388
18017215962
153587537383
35123843037
7122148742
7301719928
35590858597
153691173365
7739844410
206562316580
155270243252
169262561350
15162251426
5032965182
8450163507
19057830181
12587766053
6871800794
24097204060
225928428714
35717888397
9872292866
7724242922
15556132657
9573269263
15035348319
4989922546
5907103825
157733452208
37613914772
9220472127
152560088239
1661928964
1655393071
11211123979
6698686845
15408681929
9468913678
156952841482
5365406820
3251098055
170045460567
11324081084
7339334073
10885434781
159494263501
161603975739
9161858688
6638586930
12913904529
72342440275
5220537252
5526579403
16731464082
28181376066
22688882773
32331050549
5005055092
117142094556
7379210811
10226798764
3913933235
5110499957
4045671100
9105768455
25394025189
2812287960
4944333245
162994201951
7392461193
14229157845
1656965204
3442979169
11031330583
11891679997
19603166957
3345151755
3470727105
1826057179
12924817360
6923160843
4363078957
2556657206
3897576562
1679849278
3438920831
14233815156
4172749525
5323187028
157717229398
3120156451
5818785099
5541832592
149990319022
2109526545
3833613194
5123367594
6040680620
1621638200
6655744120
6227083602
1614181129
1927787039
5070586539
4423042989
3787664856
17784162563
4448466815
3434901416
13494316545
9276043742
3657666204
21344322781
21175086977
6313232569
23555325247
9384834647
2593205789
10039994530
10506191153
157437802204
3608245077
302086747335
1828928203
1616101024
3719031747
2693517712
7121958281
8889993547
154006474946
7096356785
50497982122
1998806729
4043895796
3677551340
154358158280
4516356428
5523920566
3711498299
8224157973
1906552882
3949577481
2328553864
2499826391
57441155922
77918355946
3770034798
7890763184
1839849559
6865387450
7992006862
10331030765
1864339121
2700711453
2071338965
1939263485
3776817810
1612263322
5285521815
1680635312
2152568884
3540087394
1618037481
3797358091
1616146748
6994896187
2106022646
1624201241
