1.387706148930686000e+15
1.276749037907053000e+15
1.185616203413909000e+15
1.088057706560651000e+15
1.021256667886926000e+15
9.447164694460800000e+14
8.767972696825810000e+14
8.821665129205000000e+14
7.998718685628840000e+14
7.763994100478260000e+14
7.296160570326000000e+14
6.985827202122950000e+14
6.576225788883150000e+14
6.497150667095200000e+14
6.289320541609130000e+14
6.047793496105380000e+14
5.760670983199920000e+14
5.560611124732950000e+14
5.544738122790850000e+14
5.280176927964690000e+14
5.023704188778550000e+14
4.888303821328050000e+14
4.748744674841610000e+14
4.601989829205860000e+14
4.591564801192700000e+14
4.391110816202280000e+14
4.211411679963370000e+14
4.291255981746190000e+14
3.901314404945340000e+14
3.960418225413290000e+14
3.841266951403030000e+14
3.761658668775690000e+14
3.754947541663760000e+14
3.622832162890610000e+14
3.586606208299370000e+14
3.493820575724360000e+14
3.309567469627710000e+14
3.107886852247940000e+14
3.110116885103970000e+14
3.178711499305410000e+14
3.084921981243610000e+14
3.062463564405590000e+14
2.936316512641380000e+14
2.988198518031500000e+14
2.885040125834280000e+14
2.809965498662520000e+14
2.759747754135090000e+14
2.716544536013280000e+14
2.795353905123060000e+14
2.637484382843090000e+14
2.657340282215110000e+14
2.560397165966390000e+14
2.641612010680130000e+14
2.605678611198030000e+14
2.468417047844900000e+14
2.433842995450640000e+14
2.337528105728110000e+14
2.373626738029620000e+14
2.226249817525960000e+14
2.226877317836920000e+14
2.234347153328800000e+14
2.194848541923990000e+14
2.117229910828210000e+14
2.115998979447580000e+14
2.031817559347660000e+14
1.975696096733720000e+14
1.985484186309510000e+14
1.986927440838720000e+14
1.985092389961400000e+14
1.914674959681310000e+14
1.857882900633430000e+14
1.845450962420780000e+14
1.787833034535930000e+14
1.830114964045790000e+14
1.767179677577540000e+14
1.724603194275830000e+14
1.618195960100460000e+14
1.655973867271150000e+14
1.656245070604570000e+14
1.643506223000270000e+14
1.549163060992120000e+14
1.505433140098000000e+14
1.660705948807810000e+14
1.464456620954810000e+14
1.459584335311170000e+14
1.459806669550570000e+14
1.370848361924080000e+14
1.407903954230550000e+14
1.415021041113570000e+14
1.388166127633570000e+14
1.331886251212580000e+14
1.264963025332990000e+14
1.375854445676180000e+14
1.262399748053800000e+14
1.280746625539610000e+14
1.203627543326470000e+14
1.176332958589700000e+14
1.229613151418370000e+14
1.195145919924800000e+14
1.155276600113200000e+14
1.184024441746260000e+14
1.146382039393780000e+14
1.112037264868640000e+14
1.133448324313810000e+14
1.098582604352480000e+14
1.137129206345940000e+14
1.110363509397240000e+14
9.995360341668700000e+13
1.078939679679160000e+14
1.031452861788330000e+14
1.046343751832690000e+14
1.029536330184780000e+14
9.822114293172800000e+13
9.535073218277200000e+13
9.498302895346100000e+13
9.260290650000200000e+13
9.948060579205900000e+13
9.107129679546000000e+13
8.935168951797500000e+13
8.639634620621700000e+13
8.463423340201800000e+13
8.996137630731400000e+13
8.352271238434100000e+13
8.088885267346500000e+13
8.165450306054100000e+13
8.148706041819800000e+13
7.983590663908900000e+13
7.663238898953900000e+13
8.199852967459800000e+13
7.659416838601200000e+13
7.170241783241400000e+13
7.107497800972800000e+13
7.097491742308100000e+13
7.551373185498300000e+13
6.978438615942300000e+13
6.812394688291800000e+13
7.114967512362600000e+13
6.261004691013100000e+13
6.521533209594200000e+13
6.319981620904600000e+13
6.544151445285800000e+13
6.488659856604300000e+13
6.539432119061000000e+13
6.808432580870900000e+13
5.572292439667700000e+13
6.077150182376900000e+13
5.647963177961100000e+13
6.172569648193400000e+13
5.806923126536500000e+13
5.642566481945600000e+13
5.837786010204200000e+13
5.537496649368500000e+13
5.390218963897200000e+13
5.398595500130500000e+13
5.174756761790400000e+13
5.004386066763500000e+13
5.344457037945500000e+13
5.029776627230100000e+13
4.647623383046200000e+13
4.769570579758500000e+13
4.518407212682100000e+13
4.240419936986000000e+13
4.446371435601800000e+13
4.433179903547500000e+13
4.343478451183500000e+13
3.957382606787300000e+13
4.133740343947400000e+13
4.781176921316400000e+13
4.166572702564800000e+13
3.993307743615600000e+13
3.911325346137600000e+13
4.060828232613100000e+13
3.952088699052300000e+13
3.907396720247100000e+13
4.236147013341400000e+13
3.802848511893900000e+13
3.982223568264000000e+13
3.704474127703000000e+13
3.408477850757500000e+13
3.297855346537700000e+13
3.717071555635900000e+13
3.578385703132700000e+13
3.530607121223800000e+13
3.078719219211400000e+13
3.407384801264500000e+13
3.525777526907800000e+13
2.909161937661200000e+13
3.046186886167000000e+13
2.964903687685400000e+13
3.203838376364900000e+13
2.587126794208300000e+13
2.867494882474400000e+13
3.133574680811300000e+13
2.820735753549900000e+13
2.741493086191600000e+13
2.676506141948500000e+13
2.785439116119600000e+13
3.078563659031600000e+13
2.822808286049400000e+13
2.648853278949100000e+13
2.424106421472900000e+13
2.563346827143200000e+13
2.756211371205200000e+13
2.492602868994300000e+13
2.397064268339300000e+13
2.700804253464200000e+13
2.358652269622500000e+13
2.291758615875500000e+13
2.201214660230200000e+13
2.203641217367600000e+13
2.394361787096200000e+13
2.490055591952500000e+13
2.257722816950000000e+13
1.842444984326500000e+13
2.196046136102100000e+13
2.389543970792200000e+13
2.230131028824000000e+13
2.266134109676200000e+13
1.884096904585500000e+13
2.213316723265800000e+13
2.029075758375900000e+13
2.213545345708300000e+13
1.898332781450700000e+13
1.772898894185600000e+13
2.125269765688500000e+13
2.093360630383300000e+13
1.732244841479600000e+13
1.651700667556500000e+13
1.719087081463000000e+13
1.713061670094700000e+13
2.075884549252700000e+13
1.997775296213500000e+13
1.934307173704200000e+13
1.450411223401500000e+13
1.903160654338400000e+13
1.333965917165800000e+13
1.512814869703600000e+13
1.772066623556500000e+13
1.571451656647400000e+13
2.074668669483400000e+13
1.464155595095800000e+13
1.605755986372100000e+13
1.427571466471000000e+13
1.445599579708500000e+13
1.637626042584400000e+13
1.657592878264200000e+13
1.331332352776300000e+13
1.631755427823700000e+13
1.810930806381200000e+13
1.349770999605500000e+13
1.388756835629700000e+13
1.414604559441700000e+13
1.458527438605700000e+13
1.341113847066600000e+13
1.273774081080200000e+13
1.710796479736400000e+13
1.338180108991400000e+13
1.338728727486700000e+13
1.514452732614900000e+13
1.174728552471700000e+13
1.094193970759800000e+13
1.280195994614100000e+13
1.167221767615100000e+13
1.083441889131800000e+13
1.091382420413500000e+13
1.194875283297900000e+13
1.104724017178500000e+13
9.781548251174000000e+12
1.236661170635900000e+13
1.077818548943600000e+13
1.068514439108800000e+13
1.121097782527000000e+13
1.072132534464800000e+13
9.609907323519000000e+12
1.312573789564600000e+13
1.082555698344100000e+13
1.093629872520100000e+13
1.269687221875800000e+13
8.622820272730000000e+12
8.800228748007000000e+12
1.176409402356000000e+13
1.001842053649300000e+13
1.035705823593100000e+13
9.751745194406000000e+12
7.839842115516000000e+12
9.920061417518000000e+12
9.501866420137000000e+12
1.122081339128900000e+13
1.198934121371000000e+13
9.417852275125000000e+12
7.222962279156000000e+12
8.392478415149000000e+12
9.597932823728000000e+12
7.708371299535000000e+12
7.621065358720000000e+12
1.175036372937700000e+13
8.790467317034000000e+12
8.190055264796000000e+12
7.292277166046000000e+12
7.175820808731000000e+12
8.541919187837000000e+12
7.742438372203000000e+12
7.601556327204000000e+12
7.137072968900000000e+12
8.194340129463000000e+12
7.035378836206000000e+12
7.034897459076000000e+12
7.777674180807000000e+12
1.105376709602700000e+13
8.745928242058000000e+12
7.300592357733000000e+12
7.234139554932000000e+12
6.247140594871000000e+12
7.941415615121000000e+12
8.083878338476000000e+12
8.486843327585000000e+12
6.436320329013000000e+12
7.413162960229000000e+12
8.819004682361000000e+12
6.792047138146000000e+12
8.411902746241000000e+12
5.903911288989000000e+12
6.918629376389000000e+12
8.602249439429000000e+12
7.023586416819000000e+12
6.561546919863000000e+12
6.090132393834000000e+12
6.570776982491000000e+12
7.918356254353000000e+12
6.202272999941000000e+12
7.040323596108000000e+12
6.644221725353000000e+12
6.427861266845000000e+12
4.741061008628000000e+12
5.377874242482000000e+12
5.910307893417000000e+12
6.327060912136000000e+12
6.072812176408000000e+12
5.898437742227000000e+12
4.926850682338000000e+12
6.564800996298000000e+12
6.573054709438000000e+12
5.957434910976000000e+12
5.599381869253000000e+12
5.239934375212000000e+12
3.815420273762000000e+12
4.730370645679000000e+12
5.862309276399000000e+12
4.201680235256000000e+12
5.648700666561000000e+12
5.516595291865000000e+12
4.798609555838000000e+12
4.502755056541000000e+12
4.532147789830000000e+12
3.670056951811000000e+12
4.675511608328000000e+12
5.380716700039000000e+12
4.376596169775000000e+12
4.882100946632000000e+12
4.946019498652000000e+12
5.116762195044000000e+12
6.002733543286000000e+12
3.640084260526000000e+12
4.262310878702000000e+12
4.438395412693000000e+12
3.669812333655000000e+12
4.209924284978000000e+12
5.592809126722000000e+12
3.396512078720000000e+12
4.222442695730000000e+12
5.314460362644000000e+12
4.272606552075000000e+12
4.974534499836000000e+12
3.958454635202000000e+12
4.693597554160000000e+12
4.630146002060000000e+12
4.296463738630000000e+12
6.238990444088000000e+12
2.910035603243000000e+12
2.542347294132000000e+12
3.629306160951000000e+12
4.245941358558000000e+12
3.121879894248000000e+12
3.480962545320000000e+12
2.918160963990000000e+12
3.562647281884000000e+12
3.790492402020000000e+12
3.489417608460000000e+12
3.966059691128000000e+12
3.146950370781000000e+12
4.512611081986000000e+12
3.991836822925000000e+12
4.517521495881000000e+12
3.323187788861000000e+12
2.590571294912000000e+12
4.021475456437000000e+12
3.508660984000000000e+12
2.268779857688000000e+12
3.627113046613000000e+12
1.328975902514000000e+12
3.142409579323000000e+12
3.182030844883000000e+12
2.863022286544000000e+12
3.759090155793000000e+12
3.816474679047000000e+12
4.419939692987000000e+12
2.922402738197000000e+12
2.431029077447000000e+12
2.803218032410000000e+12
2.526491336688000000e+12
3.459781654902000000e+12
3.791835971301000000e+12
2.787044837112000000e+12
2.192262090895000000e+12
2.904371693634000000e+12
3.721202041124000000e+12
2.069013522781000000e+12
2.342621280638000000e+12
2.026494250120000000e+12
2.324976128498000000e+12
2.730296820222000000e+12
2.091912676856000000e+12
2.113368234111000000e+12
2.210978975656000000e+12
1.305253247729000000e+12
1.912390157322000000e+12
2.848598271124000000e+12
3.322481536671000000e+12
2.415264224317000000e+12
2.461233458267000000e+12
2.082001620211000000e+12
2.915093406565000000e+12
2.030116125501000000e+12
2.642135557515000000e+12
2.797989021501000000e+12
2.055332479494000000e+12
2.643952897980000000e+12
3.270493896619000000e+12
3.586611333917000000e+12
2.042837772146000000e+12
1.991333584338000000e+12
2.618937244777000000e+12
1.326384518295000000e+12
2.877550702999000000e+12
1.485355858959000000e+12
1.828043244229000000e+12
3.026285602446000000e+12
9.370019018830000000e+11
2.159025816623000000e+12
1.482391465692000000e+12
2.320772536595000000e+12
2.079502686612000000e+12
1.415634741367000000e+12
1.971324404302000000e+12
2.071985592447000000e+12
1.660557780295000000e+12
1.936722307006000000e+12
2.159214637027000000e+12
1.584528001034000000e+12
1.726976015387000000e+12
2.831427795358000000e+12
3.573017184222000000e+12
1.390613103379000000e+12
1.414493111947000000e+12
1.019337860034000000e+12
2.135150619993000000e+12
1.996799816563000000e+12
1.957745584654000000e+12
1.473984020534000000e+12
1.157596935144000000e+12
1.345499900409000000e+12
2.200170994538000000e+12
1.936744952774000000e+12
1.437201503224000000e+12
1.331039217297000000e+12
2.149090362810000000e+12
2.118413827196000000e+12
1.411078304362000000e+12
1.987714320810000000e+12
1.741271805339000000e+12
1.741138989080000000e+12
2.101288114104000000e+12
9.781587764310000000e+11
1.981948360747000000e+12
6.556350802290000000e+11
8.745256986960000000e+11
1.543925171264000000e+12
1.174141621572000000e+12
1.230780268862000000e+12
2.760565374858000000e+12
1.460885352637000000e+12
1.519219209778000000e+12
4.932161067630000000e+11
1.095178060989000000e+12
1.129219326750000000e+12
3.091200222690000000e+11
1.465494669008000000e+12
7.325221157540000000e+11
1.966000014359000000e+12
1.226793143197000000e+12
1.575266075808000000e+12
1.822730842618000000e+12
6.001952164790000000e+11
9.522578982000000000e+11
1.468399925780000000e+12
1.699834279409000000e+12
1.000708203831000000e+12
1.147112356579000000e+12
4.455722983860000000e+11
1.350923524715000000e+12
9.856495008450000000e+11
8.873222042580000000e+11
1.450649775972000000e+12
1.606817239483000000e+12
7.076085279690000000e+11
6.817879631990000000e+11
9.921950285400000000e+11
5.153482333090000000e+11
1.226400706994000000e+12
7.754708427880000000e+11
4.071835220210000000e+11
1.879375555329000000e+12
5.333615763710000000e+11
7.892439078470000000e+11
6.388020613130000000e+11
9.285936750500000000e+11
8.851924267690000000e+11
7.969685021380000000e+11
6.688592000070000000e+11
1.717190042190000000e+12
2.322269434170000000e+11
2.022549055694000000e+12
9.343591440580000000e+11
6.725714884700000000e+11
9.056674573820000000e+11
1.173333433362000000e+12
1.033608495727000000e+12
1.720278543639000000e+12
8.579913290040000000e+11
4.454320599950000000e+11
8.457039651070000000e+11
9.398751509490000000e+11
6.180319740700000000e+11
8.665450532200000000e+11
4.845408139320000000e+11
8.979778812710000000e+11
2.468667379760000000e+11
7.379567495630000000e+11
3.646820966710000000e+11
6.288802881060000000e+11
3.595700887350000000e+11
9.737140766340000000e+11
1.139165448256000000e+12
1.022229794444000000e+12
5.911742665400000000e+11
4.484219697970000000e+11
7.083848195060000000e+11
8.338960717960000000e+11
2.871108739540000000e+11
1.117156661415000000e+12
6.310737497580000000e+11
8.166340708130000000e+11
7.729947685570000000e+11
7.957727908400000000e+10
5.436292356230000000e+11
4.498815865700000000e+11
3.191814534830000000e+11
1.306429791095000000e+12
5.232102186270000000e+11
1.243987666130000000e+11
7.514830100770000000e+11
1.157142900483000000e+12
4.377415635800000000e+11
2.879056814410000000e+11
5.277373948470000000e+11
6.100467702840000000e+11
3.064832411520000000e+11
1.526561542980000000e+11
1.179012736480000000e+12
7.311064039350000000e+11
4.342900033820000000e+11
5.720142221920000000e+11
2.329780329360000000e+11
4.095831130750000000e+11
1.300428383780000000e+11
4.336005121540000000e+11
3.855210121830000000e+11
4.354593969320000000e+11
4.442570077110000000e+11
5.554930374080000000e+11
4.042525179350000000e+11
7.159481332000000000e+11
3.939964387020000000e+11
1.682737899000000000e+11
6.494870328100000000e+10
1.701872261630000000e+11
2.990553403190000000e+11
2.028493944680000000e+11
8.714558549170000000e+11
9.451270512440000000e+11
9.296732560000000000e+09
4.315390563840000000e+11
1.164422167600000000e+10
1.040167870100000000e+10
4.858487651500000000e+10
1.464645560350000000e+11
6.620811748580000000e+11
3.381164169870000000e+11
6.005247260660000000e+11
1.815560690210000000e+11
3.532092740070000000e+11
3.958598846770000000e+11
1.671659269000000000e+10
1.023000671900000000e+10
5.505122533040000000e+11
3.863494144080000000e+11
4.293099600850000000e+11
2.615472967950000000e+11
5.752854021470000000e+11
5.296242243960000000e+11
5.810125658800000000e+10
6.247014034100000000e+10
5.480251145440000000e+11
3.698948838030000000e+11
6.740312734900000000e+11
