1.891000000000000014e+01
2.012999999999999901e+01
2.135000000000000142e+01
2.257000000000000028e+01
2.378999999999999915e+01
2.500999999999999801e+01
2.623000000000000043e+01
2.744999999999999929e+01
2.867000000000000171e+01
2.989000000000000057e+01
3.110999999999999943e+01
3.232999999999999829e+01
3.354999999999999716e+01
3.476999999999999602e+01
3.599000000000000199e+01
3.721000000000000085e+01
3.842999999999999972e+01
3.964999999999999858e+01
4.086999999999999744e+01
4.209000000000000341e+01
4.331000000000000227e+01
4.453000000000000114e+01
4.575000000000000000e+01
4.696999999999999886e+01
4.818999999999999773e+01
4.940999999999999659e+01
5.063000000000000256e+01
5.185000000000000142e+01
5.307000000000000028e+01
5.428999999999999915e+01
5.550999999999999801e+01
5.673000000000000398e+01
5.795000000000000284e+01
5.917000000000000171e+01
6.039000000000000057e+01
6.160999999999999943e+01
6.282999999999999829e+01
6.404999999999999716e+01
6.526999999999999602e+01
6.648999999999999488e+01
6.770999999999999375e+01
6.893000000000000682e+01
7.015000000000000568e+01
7.137000000000000455e+01
7.259000000000000341e+01
7.381000000000000227e+01
7.503000000000000114e+01
7.625000000000000000e+01
7.746999999999999886e+01
7.868999999999999773e+01
7.990999999999999659e+01
8.112999999999999545e+01
8.234999999999999432e+01
8.356999999999999318e+01
8.479000000000000625e+01
8.601000000000000512e+01
8.723000000000000398e+01
8.845000000000000284e+01
8.967000000000000171e+01
9.089000000000000057e+01
9.210999999999999943e+01
9.332999999999999829e+01
9.454999999999999716e+01
9.576999999999999602e+01
9.698999999999999488e+01
9.820999999999999375e+01
9.943000000000000682e+01
1.006500000000000057e+02
1.018700000000000045e+02
1.030900000000000034e+02
1.043100000000000023e+02
1.055300000000000011e+02
1.067500000000000000e+02
1.079699999999999989e+02
1.091899999999999977e+02
1.104099999999999966e+02
1.116299999999999955e+02
1.128499999999999943e+02
1.140699999999999932e+02
1.152900000000000063e+02
1.165100000000000051e+02
1.177300000000000040e+02
1.189500000000000028e+02
1.201700000000000017e+02
1.213900000000000006e+02
1.226099999999999994e+02
1.238299999999999983e+02
1.250499999999999972e+02
1.262699999999999960e+02
1.274899999999999949e+02
1.287099999999999795e+02
1.299300000000000068e+02
1.311499999999999773e+02
1.323700000000000045e+02
1.335899999999999750e+02
1.348100000000000023e+02
1.360299999999999727e+02
1.372500000000000000e+02
1.384700000000000273e+02
1.396899999999999977e+02
1.409100000000000250e+02
1.421299999999999955e+02
1.433500000000000227e+02
1.445699999999999932e+02
1.457900000000000205e+02
1.470099999999999909e+02
1.482300000000000182e+02
1.494499999999999886e+02
1.506700000000000159e+02
1.518899999999999864e+02
1.531100000000000136e+02
1.543299999999999841e+02
1.555500000000000114e+02
1.567699999999999818e+02
1.579900000000000091e+02
1.592099999999999795e+02
1.604300000000000068e+02
1.616499999999999773e+02
1.628700000000000045e+02
1.640899999999999750e+02
1.653100000000000023e+02
1.665299999999999727e+02
1.677500000000000000e+02
1.689700000000000273e+02
1.701899999999999977e+02
1.714100000000000250e+02
1.726299999999999955e+02
1.738500000000000227e+02
1.750699999999999932e+02
1.762900000000000205e+02
1.775099999999999909e+02
1.787300000000000182e+02
1.799499999999999886e+02
1.811700000000000159e+02
1.823899999999999864e+02
1.836100000000000136e+02
1.848299999999999841e+02
1.860500000000000114e+02
1.872699999999999818e+02
1.884900000000000091e+02
1.897099999999999795e+02
1.909300000000000068e+02
1.921499999999999773e+02
1.933700000000000045e+02
1.945899999999999750e+02
1.958100000000000023e+02
1.970299999999999727e+02
1.982500000000000000e+02
1.994700000000000273e+02
2.006899999999999977e+02
2.019100000000000250e+02
2.031299999999999955e+02
2.043500000000000227e+02
2.055699999999999932e+02
2.067900000000000205e+02
2.080099999999999909e+02
2.092300000000000182e+02
2.104499999999999886e+02
2.116700000000000159e+02
2.128899999999999864e+02
2.141100000000000136e+02
2.153299999999999841e+02
2.165500000000000114e+02
2.177699999999999818e+02
2.189900000000000091e+02
2.202099999999999795e+02
2.214300000000000068e+02
2.226499999999999773e+02
2.238700000000000045e+02
2.250899999999999750e+02
2.263100000000000023e+02
2.275299999999999727e+02
2.287500000000000000e+02
2.299700000000000273e+02
2.311899999999999977e+02
2.324100000000000250e+02
2.336299999999999955e+02
2.348500000000000227e+02
2.360699999999999932e+02
2.372900000000000205e+02
2.385099999999999909e+02
2.397300000000000182e+02
2.409499999999999886e+02
2.421700000000000159e+02
2.433899999999999864e+02
2.446100000000000136e+02
2.458299999999999841e+02
2.470500000000000114e+02
2.482699999999999818e+02
2.494900000000000091e+02
2.507099999999999795e+02
2.519300000000000068e+02
2.531499999999999773e+02
2.543700000000000045e+02
2.555899999999999750e+02
2.568100000000000023e+02
2.580299999999999727e+02
2.592500000000000000e+02
2.604700000000000273e+02
2.616899999999999977e+02
2.629099999999999682e+02
2.641299999999999955e+02
2.653500000000000227e+02
2.665699999999999932e+02
2.677899999999999636e+02
2.690099999999999909e+02
2.702300000000000182e+02
2.714499999999999886e+02
2.726699999999999591e+02
2.738899999999999864e+02
2.751100000000000136e+02
2.763300000000000409e+02
2.775500000000000114e+02
2.787699999999999818e+02
2.799900000000000091e+02
2.812100000000000364e+02
2.824300000000000068e+02
2.836499999999999773e+02
2.848700000000000045e+02
2.860900000000000318e+02
2.873100000000000023e+02
2.885299999999999727e+02
2.897500000000000000e+02
2.909700000000000273e+02
2.921899999999999977e+02
2.934099999999999682e+02
2.946299999999999955e+02
2.958500000000000227e+02
2.970699999999999932e+02
2.982899999999999636e+02
2.995099999999999909e+02
3.007300000000000182e+02
3.019499999999999886e+02
3.031699999999999591e+02
3.043899999999999864e+02
3.056100000000000136e+02
3.068300000000000409e+02
3.080500000000000114e+02
3.092699999999999818e+02
3.104900000000000091e+02
3.117100000000000364e+02
3.129300000000000068e+02
3.141499999999999773e+02
3.153700000000000045e+02
3.165900000000000318e+02
3.178100000000000023e+02
3.190299999999999727e+02
3.202500000000000000e+02
3.214700000000000273e+02
3.226899999999999977e+02
3.239099999999999682e+02
3.251299999999999955e+02
3.263500000000000227e+02
3.275699999999999932e+02
3.287899999999999636e+02
3.300099999999999909e+02
3.312300000000000182e+02
3.324499999999999886e+02
3.336699999999999591e+02
3.348899999999999864e+02
3.361100000000000136e+02
3.373300000000000409e+02
3.385500000000000114e+02
3.397699999999999818e+02
3.409900000000000091e+02
3.422100000000000364e+02
3.434300000000000068e+02
3.446499999999999773e+02
3.458700000000000045e+02
3.470900000000000318e+02
3.483100000000000023e+02
3.495299999999999727e+02
3.507500000000000000e+02
3.519700000000000273e+02
3.531899999999999977e+02
3.544099999999999682e+02
3.556299999999999955e+02
3.568500000000000227e+02
3.580699999999999932e+02
3.592899999999999636e+02
3.605099999999999909e+02
3.617300000000000182e+02
3.629499999999999886e+02
3.641699999999999591e+02
3.653899999999999864e+02
3.666100000000000136e+02
3.678300000000000409e+02
3.690500000000000114e+02
3.702699999999999818e+02
3.714900000000000091e+02
3.727100000000000364e+02
3.739300000000000068e+02
3.751499999999999773e+02
3.763700000000000045e+02
3.775900000000000318e+02
3.788100000000000023e+02
3.800299999999999727e+02
3.812500000000000000e+02
3.824700000000000273e+02
3.836899999999999977e+02
3.849099999999999682e+02
3.861299999999999955e+02
3.873500000000000227e+02
3.885699999999999932e+02
3.897899999999999636e+02
3.910099999999999909e+02
3.922300000000000182e+02
3.934499999999999886e+02
3.946699999999999591e+02
3.958899999999999864e+02
3.971100000000000136e+02
3.983300000000000409e+02
3.995500000000000114e+02
4.007699999999999818e+02
4.019900000000000091e+02
4.032100000000000364e+02
4.044300000000000068e+02
4.056499999999999773e+02
4.068700000000000045e+02
4.080900000000000318e+02
4.093100000000000023e+02
4.105299999999999727e+02
4.117500000000000000e+02
4.129700000000000273e+02
4.141899999999999977e+02
4.154099999999999682e+02
4.166299999999999955e+02
4.178500000000000227e+02
4.190699999999999932e+02
4.202899999999999636e+02
4.215099999999999909e+02
4.227300000000000182e+02
4.239499999999999886e+02
4.251699999999999591e+02
4.263899999999999864e+02
4.276100000000000136e+02
4.288300000000000409e+02
4.300500000000000114e+02
4.312699999999999818e+02
4.324900000000000091e+02
4.337100000000000364e+02
4.349300000000000068e+02
4.361499999999999773e+02
4.373700000000000045e+02
4.385900000000000318e+02
4.398100000000000023e+02
4.410299999999999727e+02
4.422500000000000000e+02
4.434700000000000273e+02
4.446899999999999977e+02
4.459099999999999682e+02
4.471299999999999955e+02
4.483500000000000227e+02
4.495699999999999932e+02
4.507899999999999636e+02
4.520099999999999909e+02
4.532300000000000182e+02
4.544499999999999886e+02
4.556699999999999591e+02
4.568899999999999864e+02
4.581100000000000136e+02
4.593300000000000409e+02
4.605500000000000114e+02
4.617699999999999818e+02
4.629900000000000091e+02
4.642100000000000364e+02
4.654300000000000068e+02
4.666499999999999773e+02
4.678700000000000045e+02
4.690900000000000318e+02
4.703100000000000023e+02
4.715299999999999727e+02
4.727500000000000000e+02
4.739700000000000273e+02
4.751899999999999977e+02
4.764099999999999682e+02
4.776299999999999955e+02
4.788500000000000227e+02
4.800699999999999932e+02
4.812899999999999636e+02
4.825099999999999909e+02
4.837300000000000182e+02
4.849499999999999886e+02
4.861699999999999591e+02
4.873899999999999864e+02
4.886100000000000136e+02
4.898300000000000409e+02
4.910500000000000114e+02
4.922699999999999818e+02
4.934900000000000091e+02
4.947100000000000364e+02
4.959300000000000068e+02
4.971499999999999773e+02
4.983700000000000045e+02
4.995900000000000318e+02
5.008100000000000023e+02
5.020299999999999727e+02
5.032500000000000000e+02
5.044700000000000273e+02
5.056899999999999977e+02
5.069099999999999682e+02
5.081299999999999955e+02
5.093500000000000227e+02
5.105699999999999932e+02
5.117899999999999636e+02
5.130099999999999909e+02
5.142300000000000182e+02
5.154500000000000455e+02
5.166699999999999591e+02
5.178899999999999864e+02
5.191100000000000136e+02
5.203300000000000409e+02
5.215499999999999545e+02
5.227699999999999818e+02
5.239900000000000091e+02
5.252100000000000364e+02
5.264300000000000637e+02
5.276499999999999773e+02
5.288700000000000045e+02
5.300900000000000318e+02
5.313099999999999454e+02
5.325299999999999727e+02
5.337500000000000000e+02
5.349700000000000273e+02
5.361900000000000546e+02
5.374099999999999682e+02
5.386299999999999955e+02
5.398500000000000227e+02
5.410699999999999363e+02
5.422899999999999636e+02
5.435099999999999909e+02
5.447300000000000182e+02
5.459500000000000455e+02
5.471699999999999591e+02
5.483899999999999864e+02
5.496100000000000136e+02
5.508300000000000409e+02
5.520499999999999545e+02
5.532699999999999818e+02
5.544900000000000091e+02
5.557100000000000364e+02
5.569300000000000637e+02
5.581499999999999773e+02
5.593700000000000045e+02
5.605900000000000318e+02
5.618099999999999454e+02
5.630299999999999727e+02
5.642500000000000000e+02
5.654700000000000273e+02
5.666900000000000546e+02
5.679099999999999682e+02
5.691299999999999955e+02
5.703500000000000227e+02
5.715699999999999363e+02
5.727899999999999636e+02
5.740099999999999909e+02
5.752300000000000182e+02
5.764500000000000455e+02
5.776699999999999591e+02
5.788899999999999864e+02
5.801100000000000136e+02
5.813300000000000409e+02
5.825499999999999545e+02
5.837699999999999818e+02
5.849900000000000091e+02
5.862100000000000364e+02
5.874300000000000637e+02
5.886499999999999773e+02
5.898700000000000045e+02
5.910900000000000318e+02
5.923099999999999454e+02
5.935299999999999727e+02
5.947500000000000000e+02
5.959700000000000273e+02
5.971900000000000546e+02
5.984099999999999682e+02
5.996299999999999955e+02
6.008500000000000227e+02
6.020699999999999363e+02
6.032899999999999636e+02
6.045099999999999909e+02
6.057300000000000182e+02
6.069500000000000455e+02
6.081699999999999591e+02
6.093899999999999864e+02
6.106100000000000136e+02
6.118300000000000409e+02
6.130499999999999545e+02
6.142699999999999818e+02
6.154900000000000091e+02
6.167100000000000364e+02
6.179300000000000637e+02
6.191499999999999773e+02
6.203700000000000045e+02
6.215900000000000318e+02
6.228099999999999454e+02
6.240299999999999727e+02
6.252500000000000000e+02
6.264700000000000273e+02
6.276900000000000546e+02
6.289099999999999682e+02
6.301299999999999955e+02
6.313500000000000227e+02
6.325699999999999363e+02
6.337899999999999636e+02
6.350099999999999909e+02
6.362300000000000182e+02
6.374500000000000455e+02
6.386699999999999591e+02
6.398899999999999864e+02
6.411100000000000136e+02
6.423300000000000409e+02
6.435499999999999545e+02
6.447699999999999818e+02
6.459900000000000091e+02
6.472100000000000364e+02
6.484300000000000637e+02
6.496499999999999773e+02
6.508700000000000045e+02
6.520900000000000318e+02
6.533099999999999454e+02
6.545299999999999727e+02
6.557500000000000000e+02
6.569700000000000273e+02
6.581900000000000546e+02
6.594099999999999682e+02
6.606299999999999955e+02
6.618500000000000227e+02
6.630699999999999363e+02
6.642899999999999636e+02
6.655099999999999909e+02
6.667300000000000182e+02
6.679500000000000455e+02
6.691699999999999591e+02
6.703899999999999864e+02
6.716100000000000136e+02
6.728300000000000409e+02
6.740499999999999545e+02
6.752699999999999818e+02
6.764900000000000091e+02
6.777100000000000364e+02
6.789300000000000637e+02
6.801499999999999773e+02
6.813700000000000045e+02
6.825900000000000318e+02
6.838099999999999454e+02
6.850299999999999727e+02
6.862500000000000000e+02
6.874700000000000273e+02
6.886900000000000546e+02
6.899099999999999682e+02
6.911299999999999955e+02
6.923500000000000227e+02
6.935699999999999363e+02
6.947899999999999636e+02
6.960099999999999909e+02
6.972300000000000182e+02
6.984500000000000455e+02
6.996699999999999591e+02
7.008899999999999864e+02
7.021100000000000136e+02
7.033300000000000409e+02
7.045499999999999545e+02
7.057699999999999818e+02
7.069900000000000091e+02
7.082100000000000364e+02
7.094300000000000637e+02
7.106499999999999773e+02
7.118700000000000045e+02
7.130900000000000318e+02
7.143099999999999454e+02
7.155299999999999727e+02
7.167500000000000000e+02
7.179700000000000273e+02
7.191900000000000546e+02
7.204099999999999682e+02
7.216299999999999955e+02
7.228500000000000227e+02
7.240699999999999363e+02
7.252899999999999636e+02
7.265099999999999909e+02
7.277300000000000182e+02
7.289500000000000455e+02
7.301699999999999591e+02
7.313899999999999864e+02
7.326100000000000136e+02
7.338300000000000409e+02
7.350499999999999545e+02
7.362699999999999818e+02
7.374900000000000091e+02
7.387100000000000364e+02
7.399300000000000637e+02
7.411499999999999773e+02
7.423700000000000045e+02
7.435900000000000318e+02
7.448099999999999454e+02
7.460299999999999727e+02
7.472500000000000000e+02
7.484700000000000273e+02
7.496900000000000546e+02
7.509099999999999682e+02
7.521299999999999955e+02
7.533500000000000227e+02
7.545699999999999363e+02
7.557899999999999636e+02
7.570099999999999909e+02
7.582300000000000182e+02
7.594500000000000455e+02
7.606699999999999591e+02
7.618899999999999864e+02
7.631100000000000136e+02
7.643300000000000409e+02
7.655499999999999545e+02
7.667699999999999818e+02
7.679900000000000091e+02
7.692100000000000364e+02
7.704300000000000637e+02
7.716499999999999773e+02
7.728700000000000045e+02
7.740900000000000318e+02
7.753099999999999454e+02
7.765299999999999727e+02
7.777500000000000000e+02
7.789700000000000273e+02
7.801900000000000546e+02
7.814099999999999682e+02
7.826299999999999955e+02
7.838500000000000227e+02
7.850699999999999363e+02
7.862899999999999636e+02
7.875099999999999909e+02
7.887300000000000182e+02
7.899500000000000455e+02
7.911699999999999591e+02
7.923899999999999864e+02
7.936100000000000136e+02
7.948300000000000409e+02
7.960499999999999545e+02
7.972699999999999818e+02
7.984900000000000091e+02
7.997100000000000364e+02
8.009300000000000637e+02
8.021499999999999773e+02
8.033700000000000045e+02
8.045900000000000318e+02
8.058099999999999454e+02
8.070299999999999727e+02
8.082500000000000000e+02
8.094700000000000273e+02
8.106900000000000546e+02
8.119099999999999682e+02
8.131299999999999955e+02
8.143500000000000227e+02
8.155699999999999363e+02
8.167899999999999636e+02
8.180099999999999909e+02
8.192300000000000182e+02
8.204500000000000455e+02
8.216699999999999591e+02
8.228899999999999864e+02
8.241100000000000136e+02
8.253300000000000409e+02
8.265499999999999545e+02
8.277699999999999818e+02
8.289900000000000091e+02
8.302100000000000364e+02
8.314300000000000637e+02
8.326499999999999773e+02
8.338700000000000045e+02
8.350900000000000318e+02
8.363099999999999454e+02
8.375299999999999727e+02
8.387500000000000000e+02
8.399700000000000273e+02
8.411900000000000546e+02
8.424099999999999682e+02
8.436299999999999955e+02
8.448500000000000227e+02
8.460699999999999363e+02
8.472899999999999636e+02
8.485099999999999909e+02
8.497300000000000182e+02
8.509500000000000455e+02
8.521699999999999591e+02
8.533899999999999864e+02
8.546100000000000136e+02
8.558300000000000409e+02
8.570499999999999545e+02
8.582699999999999818e+02
8.594900000000000091e+02
8.607100000000000364e+02
8.619300000000000637e+02
8.631499999999999773e+02
8.643700000000000045e+02
8.655900000000000318e+02
8.668099999999999454e+02
8.680299999999999727e+02
8.692500000000000000e+02
8.704700000000000273e+02
8.716900000000000546e+02
8.729099999999999682e+02
8.741299999999999955e+02
8.753500000000000227e+02
8.765699999999999363e+02
8.777899999999999636e+02
8.790099999999999909e+02
8.802300000000000182e+02
8.814500000000000455e+02
8.826699999999999591e+02
8.838899999999999864e+02
8.851100000000000136e+02
8.863300000000000409e+02
8.875499999999999545e+02
8.887699999999999818e+02
8.899900000000000091e+02
8.912100000000000364e+02
8.924300000000000637e+02
8.936499999999999773e+02
8.948700000000000045e+02
8.960900000000000318e+02
8.973099999999999454e+02
8.985299999999999727e+02
8.997500000000000000e+02
9.009700000000000273e+02
9.021900000000000546e+02
9.034099999999999682e+02
9.046299999999999955e+02
9.058500000000000227e+02
9.070699999999999363e+02
9.082899999999999636e+02
9.095099999999999909e+02
9.107300000000000182e+02
9.119500000000000455e+02
9.131699999999999591e+02
9.143899999999999864e+02
9.156100000000000136e+02
9.168300000000000409e+02
9.180499999999999545e+02
9.192699999999999818e+02
9.204900000000000091e+02
9.217100000000000364e+02
9.229300000000000637e+02
9.241499999999999773e+02
9.253700000000000045e+02
9.265900000000000318e+02
9.278099999999999454e+02
9.290299999999999727e+02
9.302500000000000000e+02
9.314700000000000273e+02
9.326900000000000546e+02
9.339099999999999682e+02
9.351299999999999955e+02
9.363500000000000227e+02
9.375699999999999363e+02
9.387899999999999636e+02
9.400099999999999909e+02
9.412300000000000182e+02
9.424500000000000455e+02
9.436699999999999591e+02
9.448899999999999864e+02
9.461100000000000136e+02
9.473300000000000409e+02
9.485499999999999545e+02
9.497699999999999818e+02
9.509900000000000091e+02
9.522100000000000364e+02
9.534300000000000637e+02
9.546499999999999773e+02
9.558700000000000045e+02
9.570900000000000318e+02
9.583099999999999454e+02
9.595299999999999727e+02
9.607500000000000000e+02
9.619700000000000273e+02
9.631900000000000546e+02
9.644099999999999682e+02
9.656299999999999955e+02
9.668500000000000227e+02
9.680699999999999363e+02
9.692899999999999636e+02
9.705099999999999909e+02
9.717300000000000182e+02
9.729500000000000455e+02
9.741699999999999591e+02
9.753899999999999864e+02
9.766100000000000136e+02
9.778300000000000409e+02
9.790499999999999545e+02
9.802699999999999818e+02
9.814900000000000091e+02
9.827100000000000364e+02
9.839300000000000637e+02
9.851499999999999773e+02
9.863700000000000045e+02
9.875900000000000318e+02
9.888099999999999454e+02
9.900299999999999727e+02
9.912500000000000000e+02
9.924700000000000273e+02
9.936900000000000546e+02
9.949099999999999682e+02
9.961299999999999955e+02
9.973500000000000227e+02
9.985699999999999363e+02
9.997899999999999636e+02
1.001009999999999991e+03
1.002230000000000018e+03
1.003450000000000045e+03
1.004669999999999959e+03
1.005889999999999986e+03
1.007110000000000014e+03
1.008330000000000041e+03
1.009549999999999955e+03
1.010769999999999982e+03
1.011990000000000009e+03
1.013210000000000036e+03
1.014430000000000064e+03
1.015649999999999977e+03
1.016870000000000005e+03
1.018090000000000032e+03
1.019309999999999945e+03
1.020529999999999973e+03
1.021750000000000000e+03
1.022970000000000027e+03
1.024190000000000055e+03
1.025409999999999854e+03
1.026630000000000109e+03
1.027849999999999909e+03
1.029070000000000164e+03
1.030289999999999964e+03
1.031509999999999991e+03
1.032730000000000018e+03
1.033949999999999818e+03
1.035170000000000073e+03
1.036389999999999873e+03
1.037610000000000127e+03
1.038829999999999927e+03
1.040050000000000182e+03
1.041269999999999982e+03
1.042490000000000009e+03
1.043710000000000036e+03
1.044929999999999836e+03
1.046150000000000091e+03
1.047369999999999891e+03
1.048590000000000146e+03
1.049809999999999945e+03
1.051030000000000200e+03
1.052250000000000000e+03
1.053469999999999800e+03
1.054690000000000055e+03
1.055909999999999854e+03
1.057130000000000109e+03
1.058349999999999909e+03
1.059570000000000164e+03
1.060789999999999964e+03
1.062009999999999991e+03
1.063230000000000018e+03
1.064449999999999818e+03
1.065670000000000073e+03
1.066889999999999873e+03
1.068110000000000127e+03
1.069329999999999927e+03
1.070550000000000182e+03
1.071769999999999982e+03
1.072990000000000009e+03
1.074210000000000036e+03
1.075429999999999836e+03
1.076650000000000091e+03
1.077869999999999891e+03
1.079090000000000146e+03
1.080309999999999945e+03
1.081530000000000200e+03
1.082750000000000000e+03
1.083969999999999800e+03
1.085190000000000055e+03
1.086409999999999854e+03
1.087630000000000109e+03
1.088849999999999909e+03
1.090070000000000164e+03
1.091289999999999964e+03
1.092509999999999991e+03
1.093730000000000018e+03
1.094949999999999818e+03
1.096170000000000073e+03
1.097389999999999873e+03
1.098610000000000127e+03
1.099829999999999927e+03
1.101050000000000182e+03
1.102269999999999982e+03
1.103490000000000009e+03
1.104710000000000036e+03
1.105929999999999836e+03
1.107150000000000091e+03
1.108369999999999891e+03
1.109590000000000146e+03
1.110809999999999945e+03
1.112030000000000200e+03
1.113250000000000000e+03
1.114469999999999800e+03
1.115690000000000055e+03
1.116909999999999854e+03
1.118130000000000109e+03
1.119349999999999909e+03
1.120570000000000164e+03
1.121789999999999964e+03
1.123009999999999991e+03
1.124230000000000018e+03
1.125449999999999818e+03
1.126670000000000073e+03
1.127889999999999873e+03
1.129110000000000127e+03
1.130329999999999927e+03
1.131550000000000182e+03
1.132769999999999982e+03
1.133990000000000009e+03
1.135210000000000036e+03
1.136429999999999836e+03
1.137650000000000091e+03
1.138869999999999891e+03
1.140090000000000146e+03
1.141309999999999945e+03
1.142530000000000200e+03
1.143750000000000000e+03
1.144969999999999800e+03
1.146190000000000055e+03
1.147409999999999854e+03
1.148630000000000109e+03
1.149849999999999909e+03
1.151070000000000164e+03
1.152289999999999964e+03
1.153509999999999991e+03
