0.000000
1.312000
2.624000
3.936000
5.248000
6.560000
7.872000
9.184000
10.496000
11.808000
13.120000
14.432000
15.744000
17.056000
18.368000
19.680000
20.992000
22.304000
23.616000
24.928000
26.240000
27.552000
28.864000
30.176000
31.488000
32.800000
34.112000
35.424000
36.736000
38.048000
39.360000
40.672000
41.984000
43.296000
44.608000
45.920000
47.232000
48.544000
49.856000
51.168000
52.480000
53.792000
55.104000
56.416000
57.728000
59.040000
60.352000
61.664000
62.976000
64.288000
65.600000
66.912000
68.224000
69.536000
70.848000
72.160000
73.472000
74.784000
76.096000
77.408000
78.720000
80.032000
81.344000
82.656000
83.968000
85.280000
86.592000
87.904000
89.216000
90.528000
91.840000
93.152000
94.464000
95.776000
97.088000
98.400000
99.712000
101.024000
102.336000
103.648000
104.960000
106.272000
107.584000
108.896000
110.208000
111.520000
112.832000
114.144000
115.456000
116.768000
118.080000
119.392000
120.704000
122.016000
123.328000
124.640000
125.952000
127.264000
128.576000
129.888000
131.200000
132.512000
133.824000
135.136000
136.448000
137.760000
139.072000
140.384000
141.696000
143.008000
144.320000
145.632000
146.944000
148.256000
149.568000
150.880000
152.192000
153.504000
154.816000
156.128000
157.440000
158.752000
160.064000
161.376000
162.688000
164.000000
165.312000
166.624000
167.936000
169.248000
170.560000
171.872000
173.184000
174.496000
175.808000
177.120000
178.432000
179.744000
181.056000
182.368000
183.680000
184.992000
186.304000
187.616000
188.928000
190.240000
191.552000
192.864000
194.176000
195.488000
196.800000
198.112000
199.424000
200.736000
202.048000
203.360000
204.672000
205.984000
207.296000
208.608000
209.920000
211.232000
212.544000
213.856000
215.168000
216.480000
217.792000
219.104000
220.416000
221.728000
223.040000
224.352000
225.664000
226.976000
228.288000
229.600000
230.912000
232.224000
233.536000
234.848000
236.160000
237.472000
238.784000
240.096000
241.408000
242.720000
244.032000
245.344000
246.656000
247.968000
249.280000
250.592000
251.904000
253.216000
254.528000
255.840000
257.152000
258.464000
259.776000
261.088000
262.400000
263.712000
265.024000
266.336000
267.648000
268.960000
270.272000
271.584000
272.896000
274.208000
275.520000
276.832000
278.144000
279.456000
280.768000
282.080000
283.392000
284.704000
286.016000
287.328000
288.640000
289.952000
291.264000
292.576000
293.888000
295.200000
296.512000
297.824000
299.136000
300.448000
301.760000
303.072000
304.384000
305.696000
307.008000
308.320000
309.632000
310.944000
312.256000
313.568000
314.880000
316.192000
317.504000
318.816000
320.128000
321.440000
322.752000
324.064000
325.376000
326.688000
328.000000
329.312000
330.624000
331.936000
333.248000
334.560000
335.872000
337.184000
338.496000
339.808000
341.120000
342.432000
343.744000
345.056000
346.368000
347.680000
348.992000
350.304000
351.616000
352.928000
354.240000
355.552000
356.864000
358.176000
359.488000
360.800000
362.112000
363.424000
364.736000
366.048000
367.360000
368.672000
369.984000
371.296000
372.608000
373.920000
375.232000
376.544000
377.856000
379.168000
380.480000
381.792000
383.104000
384.416000
385.728000
387.040000
388.352000
389.664000
390.976000
392.288000
393.600000
394.912000
396.224000
397.536000
398.848000
400.160000
401.472000
402.784000
404.096000
405.408000
406.720000
408.032000
409.344000
410.656000
411.968000
413.280000
414.592000
415.904000
417.216000
418.528000
419.840000
421.152000
422.464000
423.776000
425.088000
426.400000
427.712000
429.024000
430.336000
431.648000
432.960000
434.272000
435.584000
436.896000
438.208000
439.520000
440.832000
442.144000
443.456000
444.768000
446.080000
447.392000
448.704000
450.016000
451.328000
452.640000
453.952000
455.264000
456.576000
457.888000
459.200000
460.512000
461.824000
463.136000
464.448000
465.760000
467.072000
468.384000
469.696000
471.008000
472.320000
473.632000
474.944000
476.256000
477.568000
478.880000
480.192000
481.504000
482.816000
484.128000
485.440000
486.752000
488.064000
489.376000
490.688000
492.000000
493.312000
494.624000
495.936000
497.248000
498.560000
499.872000
501.184000
502.496000
503.808000
505.120000
506.432000
507.744000
509.056000
510.368000
511.680000
512.992000
514.304000
515.616000
516.928000
518.240000
519.552000
520.864000
522.176000
523.488000
524.800000
526.112000
527.424000
528.736000
530.048000
531.360000
532.672000
533.984000
535.296000
536.608000
537.920000
539.232000
540.544000
541.856000
543.168000
544.480000
545.792000
547.104000
548.416000
549.728000
551.040000
552.352000
553.664000
554.976000
556.288000
557.600000
558.912000
560.224000
561.536000
562.848000
564.160000
565.472000
566.784000
568.096000
569.408000
570.720000
572.032000
573.344000
574.656000
575.968000
577.280000
578.592000
579.904000
581.216000
582.528000
583.840000
585.152000
586.464000
587.776000
589.088000
590.400000
591.712000
593.024000
594.336000
595.648000
596.960000
598.272000
599.584000
600.896000
602.208000
603.520000
604.832000
606.144000
607.456000
608.768000
610.080000
611.392000
612.704000
614.016000
615.328000
616.640000
617.952000
619.264000
620.576000
621.888000
623.200000
624.512000
625.824000
627.136000
628.448000
629.760000
631.072000
632.384000
633.696000
635.008000
636.320000
637.632000
638.944000
640.256000
641.568000
642.880000
644.192000
645.504000
646.816000
648.128000
649.440000
650.752000
652.064000
653.376000
654.688000
656.000000
657.312000
658.624000
659.936000
661.248000
662.560000
663.872000
665.184000
666.496000
667.808000
669.120000
670.432000
671.744000
673.056000
674.368000
675.680000
676.992000
678.304000
679.616000
680.928000
682.240000
683.552000
684.864000
686.176000
687.488000
688.800000
690.112000
691.424000
692.736000
694.048000
695.360000
696.672000
697.984000
699.296000
700.608000
701.920000
703.232000
704.544000
705.856000
707.168000
708.480000
709.792000
711.104000
712.416000
713.728000
715.040000
716.352000
717.664000
718.976000
720.288000
721.600000
722.912000
724.224000
725.536000
726.848000
728.160000
729.472000
730.784000
732.096000
733.408000
734.720000
736.032000
737.344000
738.656000
739.968000
741.280000
742.592000
743.904000
745.216000
746.528000
747.840000
749.152000
750.464000
751.776000
753.088000
754.400000
755.712000
757.024000
758.336000
759.648000
760.960000
762.272000
763.584000
764.896000
766.208000
767.520000
768.832000
770.144000
771.456000
772.768000
774.080000
775.392000
776.704000
778.016000
779.328000
780.640000
781.952000
783.264000
784.576000
785.888000
787.200000
788.512000
789.824000
791.136000
792.448000
793.760000
795.072000
796.384000
797.696000
799.008000
800.320000
801.632000
802.944000
804.256000
805.568000
806.880000
808.192000
809.504000
810.816000
812.128000
813.440000
814.752000
816.064000
817.376000
818.688000
820.000000
821.312000
822.624000
823.936000
825.248000
826.560000
827.872000
829.184000
830.496000
831.808000
833.120000
834.432000
835.744000
837.056000
838.368000
839.680000
840.992000
842.304000
843.616000
844.928000
846.240000
847.552000
848.864000
850.176000
851.488000
852.800000
854.112000
855.424000
856.736000
858.048000
859.360000
860.672000
861.984000
863.296000
864.608000
865.920000
867.232000
868.544000
869.856000
871.168000
872.480000
873.792000
875.104000
876.416000
877.728000
879.040000
880.352000
881.664000
882.976000
884.288000
885.600000
886.912000
888.224000
889.536000
890.848000
892.160000
893.472000
894.784000
896.096000
897.408000
898.720000
900.032000
901.344000
902.656000
903.968000
905.280000
906.592000
907.904000
909.216000
910.528000
911.840000
913.152000
914.464000
915.776000
917.088000
918.400000
919.712000
921.024000
922.336000
923.648000
924.960000
926.272000
927.584000
928.896000
930.208000
931.520000
932.832000
934.144000
935.456000
936.768000
938.080000
939.392000
940.704000
942.016000
943.328000
944.640000
945.952000
947.264000
948.576000
949.888000
951.200000
952.512000
953.824000
955.136000
956.448000
957.760000
959.072000
960.384000
961.696000
963.008000
964.320000
965.632000
966.944000
968.256000
969.568000
970.880000
972.192000
973.504000
974.816000
976.128000
977.440000
978.752000
980.064000
981.376000
982.688000
984.000000
985.312000
986.624000
987.936000
989.248000
990.560000
991.872000
993.184000
994.496000
995.808000
997.120000
998.432000
999.744000
1001.056000
1002.368000
1003.680000
1004.992000
1006.304000
1007.616000
1008.928000
1010.240000
1011.552000
1012.864000
1014.176000
1015.488000
1016.800000
1018.112000
1019.424000
1020.736000
1022.048000
1023.360000
1024.672000
1025.984000
1027.296000
1028.608000
1029.920000
1031.232000
1032.544000
1033.856000
1035.168000
1036.480000
1037.792000
1039.104000
1040.416000
1041.728000
1043.040000
1044.352000
1045.664000
1046.976000
1048.288000
1049.600000
1050.912000
1052.224000
1053.536000
1054.848000
1056.160000
1057.472000
1058.784000
1060.096000
1061.408000
1062.720000
1064.032000
1065.344000
1066.656000
1067.968000
1069.280000
1070.592000
1071.904000
1073.216000
1074.528000
1075.840000
1077.152000
1078.464000
1079.776000
1081.088000
1082.400000
1083.712000
1085.024000
1086.336000
1087.648000
1088.960000
1090.272000
1091.584000
1092.896000
1094.208000
1095.520000
1096.832000
1098.144000
1099.456000
1100.768000
1102.080000
1103.392000
1104.704000
1106.016000
1107.328000
1108.640000
1109.952000
1111.264000
1112.576000
1113.888000
1115.200000
1116.512000
1117.824000
1119.136000
1120.448000
1121.760000
1123.072000
1124.384000
1125.696000
1127.008000
1128.320000
1129.632000
1130.944000
1132.256000
1133.568000
1134.880000
1136.192000
1137.504000
1138.816000
1140.128000
1141.440000
1142.752000
1144.064000
1145.376000
1146.688000
1148.000000
1149.312000
1150.624000
1151.936000
1153.248000
1154.560000
1155.872000
1157.184000
1158.496000
1159.808000
1161.120000
1162.432000
1163.744000
1165.056000
1166.368000
1167.680000
1168.992000
1170.304000
1171.616000
1172.928000
1174.240000
1175.552000
1176.864000
1178.176000
1179.488000
1180.800000
1182.112000
1183.424000
1184.736000
1186.048000
1187.360000
1188.672000
1189.984000
1191.296000
1192.608000
1193.920000
1195.232000
1196.544000
1197.856000
1199.168000
1200.480000
1201.792000
1203.104000
1204.416000
1205.728000
1207.040000
1208.352000
1209.664000
1210.976000
1212.288000
1213.600000
1214.912000
1216.224000
1217.536000
1218.848000
1220.160000
1221.472000
1222.784000
1224.096000
1225.408000
1226.720000
1228.032000
1229.344000
1230.656000
1231.968000
1233.280000
1234.592000
1235.904000
1237.216000
1238.528000
1239.840000
1241.152000
1242.464000
1243.776000
1245.088000
1246.400000
1247.712000
1249.024000
1250.336000
1251.648000
1252.960000
1254.272000
1255.584000
1256.896000
1258.208000
1259.520000
1260.832000
1262.144000
1263.456000
1264.768000
1266.080000
1267.392000
1268.704000
1270.016000
1271.328000
1272.640000
1273.952000
1275.264000
1276.576000
1277.888000
1279.200000
1280.512000
1281.824000
1283.136000
1284.448000
1285.760000
1287.072000
1288.384000
1289.696000
1291.008000
1292.320000
1293.632000
1294.944000
1296.256000
1297.568000
1298.880000
1300.192000
1301.504000
1302.816000
1304.128000
1305.440000
1306.752000
1308.064000
1309.376000
1310.688000
1312.000000
