2011386249908753
4786071498690175
1225148401883119
739818952214492
568259231578657
471484433158691
391295417520648
335939195809670
286257211952005
249407326339179
213805703122816
186790244322294
167274691212572
148341375780594
135061557463890
122829930447677
110225520641828
102869706263044
93243643481218
87051586022811
80357965554354
78641191751141
72397672554310
67978519429255
64577612618361
62510101933999
58816094242813
55749908219450
54959097289855
52228689827470
51471620062453
48814266302718
46919967468946
45130098361855
43259836550587
44312296545815
40629103373472
40162406245295
41204667854795
38846577461277
37702866047807
36639643254661
36570929472963
35906989878792
34756488102681
33785854883823
34901988683615
32296190269116
33006948924148
31186984154970
31230257489115
31240458339962
29594752492617
28439367475203
28473609874179
28058936650322
27382905528969
27460899501024
25814630122508
26923656840490
26083520043794
25696079489783
25014618562143
25636088730127
25195490136038
23994141218408
24288893450960
23148419915521
22086900365288
22808149367106
22582802994623
21177121145549
20801065282570
21176744287743
21678776204435
20104130751667
20067704788325
19710032794857
20509205515049
19981819614416
19056414303193
18910387346041
19120191754091
18118693063554
19026334066552
18399430455678
18475467096014
16812213691084
17806328500863
16961142812052
17989088928102
18425604095962
16336895610421
15582379071894
16072134924621
16178681338971
15843072432688
15342631614255
15915964380612
15716637295730
15948198708151
14753144530636
14827377509754
14142279683999
14168128864142
14618886417877
14284437020220
14671454353238
13323156015201
13824700698384
13646422351882
13840339034838
13190116850702
14031499714602
13183427055863
13744801865926
12305647369211
12925781456978
13585100569527
12525377063500
13281885181967
12749190091934
12443344728549
12297507120965
12038181337133
12149430525507
11935798543060
12103718905878
12255877906289
10971675272485
12048234316305
11571954621602
11121724253053
11061633603080
11520100359770
11078546016847
10903048965715
10831391753915
11236274408433
11434085493779
10766103308810
9850152493987
10560089424971
10500923552586
10404692833991
10148439010312
10607114977544
9411519277635
10120697344324
9859117716079
10441482849080
9457698732422
10278639473323
9378203422103
9925023952144
9637076494434
9590354233464
9188168973868
8726664719475
9405700458700
9917336126944
8326987666120
8582461132153
8837314906113
8812999867252
9035287620001
8125595008093
8593303703006
8418933551807
8622803686684
9148177002796
8066331152994
8697523231274
8306148823342
7616301115072
8568599870453
8228944503285
7681068980264
8385106318051
7364479656358
7355875866689
7001550983510
7699110267803
7614946339906
7691041839300
7499745248074
7208188791798
7755485320892
8086405267765
7798635556498
7532570493374
6655362547233
6896457903774
6951650043430
6642662135021
7098309159407
6434207712788
7394903072065
6470727461853
6157409389036
6236812745108
6697753421503
6011028696529
6611660974836
6094876571600
6863277025034
6309013361182
6269601583943
6854808376975
6510254214771
5724956600854
6195802234926
6367240656855
5975802716973
5298225901801
5951372620973
5547536121906
5176434942753
5402767740778
5364061724463
5232080638655
5245417874244
5157574982578
5173944383968
5249146611097
6058808472903
4844133506130
5336124710131
5015968438649
5022493460932
5138082566809
5325163915698
4898658825129
4647497814492
4574278460518
4855978475386
4501673489706
4449298473981
4328576713216
4577661492071
4553747717861
4728148520688
3998442673619
4477524655353
3990099451184
4316677075863
4269710803042
4247721259612
3918556908117
4263442937118
4352193367883
4339089414350
3797974733642
3919805274434
3920018015297
4310411315882
4149670511173
3775178584595
3858718519989
3662117502899
4079911289602
3887677182047
3858651864492
3626554945170
3646086977364
3534927573086
3013973656027
3789935020696
3754750277788
3567797741874
3559279677956
3609216610206
3669555146072
3544875779228
3430503245657
3579728836944
3567464142441
3129074804488
3295979383305
3530175600823
2854294408218
3269648934475
3136749381468
3402532614880
3331404180032
3363952528578
3137793131820
3226025804281
3093161519415
3418979921980
3523519335930
3174095570735
3087297184060
3043043568029
2658350245475
3218570768087
3046783065742
2750470367271
2719006008918
2679165237431
2734328201572
2915067000274
2757212565259
2967355748392
2923820474302
3060337842422
2720950644557
3004470336864
2537121403563
2365556353166
2428997548679
2701313690991
2478312903087
2457439267001
2494989372895
2689568968421
2697195841975
2561220439533
2334056127023
2526733292450
2696712992674
2260662540197
2545643426508
2294528393069
2400566513050
2118799326079
2073394812538
2310664085023
2522710404099
2394290438485
2397334179600
2207181693418
2370325372378
2567055035074
2216475615962
2133385682942
2130245345491
2460658795140
2190510568115
2091352168926
1939871811464
2301838811315
1614651541646
1734028754147
1888961692383
2121786756781
1917057853658
1978924165190
1704772082749
1988364815839
1926289866147
1901320516177
1628462978941
1773190776968
1738160303922
1902058208620
1783770069169
2008253184231
1542498727828
1853698568577
1586472016670
1998327406427
1464392227071
1845077906627
1541550667203
1595026072724
1592162654598
1569440487766
1533933433328
1523691465178
1862891409546
1798857129925
1787452410503
1454682715676
1532649766716
1434786261601
1717930034019
1445005601905
1240470090107
1526713046860
1239715262443
1460599443278
1646674936049
1634803378626
1187164593593
1549297357780
1269187069451
1290036097936
1406952949403
1625054546353
1562156235051
1161393850704
1402521822166
1096542626144
1170679096158
1194378693204
1104713083513
1133105657184
1094311362944
1470039241695
1399195302353
1254589241193
1179290449062
1285547377247
1255817274848
1046562526073
1199747809484
1241109413492
1067043332572
1079530253779
1177444335047
1035779759000
938377581738
860036158440
917121732064
1097321294586
1038495192186
806851633568
1206136032347
1261859907104
1015305551499
972741845530
781270205689
1085138660798
1006349400856
901483609721
994967014867
1087276273750
1105572088179
991675435994
1018321366297
838129209236
848758619064
836280091293
534061970799
903795132793
620626408815
754563742077
933895033278
771962460140
754876944212
781502487869
848477438860
737401944663
789033736597
763427093551
734170327610
817830376972
626370523288
605264442474
835289036206
833315641681
1027203298043
822425726604
448925660327
712469241100
595000881885
587874440087
768725887934
594508929455
690942810665
578680128285
643576193289
604364004265
549783446415
781838368392
437580282412
799255729543
636768706713
540691938978
498588772682
603976205574
646116321037
746961724483
566322706852
699707204470
395522691971
562600136810
740741824099
314767398750
626669202418
409589253493
482848609564
578402120773
394381937114
658136299262
499404436337
357622654452
469156467218
508615035380
538982452230
509565239078
375932881925
399511580474
300770215562
364779005679
392931292040
427410240702
670122581301
216907044789
483675375669
380623080790
534387426177
489678847015
363127750639
404189161618
525082408211
182524566386
406550596963
363458245011
379214757890
421721817183
277237666607
233775982989
230341347157
360387211193
500840784424
524850345034
222583735892
373872395691
287213482783
342422056014
228253291909
361022167182
270311810674
338631866977
346032067890
329251686019
195940648353
290623726293
422647574680
187530177649
360179267944
217159549398
344709774739
262863905641
302610356814
218919526290
255932934666
161333658242
265474906512
301870256548
304576158974
278849469456
181322978307
204468690760
197994289042
204867082167
178906736641
270639772867
237349574602
251993794836
187888547841
193945530021
163958525160
238128864625
196208394225
207954003858
229708970756
137717114805
250724900657
242151657503
214653354266
176641683073
224631327425
333740162050
206664189939
227705150532
136023753520
170758745753
237786719125
191518466099
205859438673
191979486986
152949385969
154503071870
261068599093
205297951877
133459891466
209688605419
93134979894
245077747008
164537219248
188862080017
197723157011
131269523518
102339714441
152284359123
178024652530
114887961567
309057705439
71329463231
186032576329
186800449833
71104067554
98377354380
222854740740
94323335947
120444177938
168527081270
91556009988
103681664798
134184012491
89423100806
190534263783
121007901852
116457636657
223190541300
107407970332
277632913822
113075429336
143857977850
59488269212
186006308236
162521467335
180165720704
124597848660
138110970766
135932673502
74353457517
144650897646
77941107398
22344638562
130223880618
159509791508
42672609781
86336202916
77364370518
42393424822
63196424179
140192322797
114541078047
139148743969
47214635161
50202903975
130933425085
55490847253
164161801053
88528767910
21955491088
165964224588
22418340524
28871283502
54629762794
38447008822
225839128059
55165725283
152294472045
109713718661
223001103230
90738340850
90029433658
136097855640
68089950744
78851681325
65643099398
30213966100
136415386623
19627830627
44484158881
70098054122
43305476425
120610191496
45901038136
53936492415
39689648312
91659853815
43554804210
101287588597
45949575767
23005363788
159899460778
88782855564
90957929368
101856887049
59790249856
37278829361
56135337489
101341241762
45486167893
40820532156
73191797359
52534861490
23620218882
1516147177
31707377578
48773408866
62236344781
31858085250
28438282454
61371641948
83753809194
1512024974
122225642172
73918970270
14105463743
23990927727
1513600119
16910594708
23930195401
12302001101
30633626705
0
55998569885
16305769508
111401529195
20255402472
22982400731
15632120275
20912496821
31554773439
3017507881
30472867150
24405981850
105915507606
84949744879
24775102584
61127963182
41672572678
21521428995
3016775652
79641442224
34276593540
37723569538
27977761538
14205871135
0
22016106427
19851553701
60763946891
41593322001
1580005669
28904990583
18457910244
57708294457
78101628152
20469410465
42573189689
22007326638
0
0
77957544145
24947859178
27903809676
67954137964
0
0
12514223762
23959589265
30736464815
3025519255
1522963605
10752383239
42809409487
3020533523
34302401012
0
0
14933494654
12034775031
19444289421
64593025500
60658724053
33965808028
3019269458
0
0
1515396247
21874777784
1508465981
17170370156
4530117518
1508917061
3022019307
0
10316831097
38253973618
19513951969
0
22613767367
1524753514
1519899506
0
24907417641
1509060934
16791933742
17882023770
18570996579
0
0
15529827723
3247562628
0
40412553458
0
37401894228
0
33682267152
17223621157
0
19288187533
0
24229655912
34239128652
21964288370
3019098529
0
22882067125
22210592762
1508963727
0
0
0
0
17357687425
27928899468
18785016345
1513418497
3037313680
0
0
1514448651
12428572906
40299719421
1508239718
0
1509162240
0
0
14537931622
0
3031439754
16219411564
0
0
0
0
13178114106
21711579478
22716947484
1509049050
0
14461312942
3026599082
17647755833
0
0
0
19569515055
1525164203
9964217212
0
0
0
20490870913
0
0
1510682193
0
1508988108
0
0
0
1510010934
0
0
0
0
0
0
1531722834
1512176799
0
0
0
1508273027
41730897582
0
1510974023
1513551911
0
0
0
0
0
0
0
0
0
0
0
0
16597356138
0
0
0
0
0
0
1513623950
0
0
15298908662
0
0
0
1510279631
0
0
0
0
0
0
0
0
0
0
1515772768
0
0
0
0
0
0
0
0
0
12740817192
0
1532950915
0
0
0
0
0
0
0
0
0
0
0
0
0
0
0
0
0
0
0
0
0
0
0
0
0
0
1508303748
0
0
1511045698
0
0
0
0
0
0
0
0
0
0
1513032520
0
0
0
0
0
0
0
0
0
0
1523881869
0
0
0
0
0
0
0
0
1508210129
0
0
0
0
0
0
0
0
1508472003
