1.289859999999999900e+02
1.352780000000000200e+02
1.415699999999999932e+02
1.478620000000000232e+02
1.541539999999999964e+02
1.604460000000000264e+02
1.667379999999999995e+02
1.730299999999999727e+02
1.793220000000000027e+02
1.856139999999999759e+02
1.919060000000000059e+02
1.981979999999999791e+02
2.044900000000000091e+02
2.107819999999999823e+02
2.170740000000000123e+02
2.233659999999999854e+02
2.296580000000000155e+02
2.359499999999999886e+02
2.422420000000000186e+02
2.485339999999999918e+02
2.548259999999999934e+02
2.611179999999999950e+02
2.674099999999999682e+02
2.737019999999999982e+02
2.799940000000000282e+02
2.862860000000000014e+02
2.925779999999999745e+02
2.988700000000000045e+02
3.051620000000000346e+02
3.114540000000000077e+02
3.177459999999999809e+02
3.240380000000000109e+02
3.303300000000000409e+02
3.366219999999999573e+02
3.429139999999999873e+02
3.492060000000000173e+02
3.554979999999999905e+02
3.617899999999999636e+02
3.680819999999999936e+02
3.743740000000000236e+02
3.806659999999999968e+02
3.869579999999999700e+02
3.932500000000000000e+02
3.995420000000000300e+02
4.058340000000000032e+02
4.121259999999999764e+02
4.184180000000000064e+02
4.247100000000000364e+02
4.310020000000000095e+02
4.372939999999999827e+02
4.435860000000000127e+02
4.498780000000000427e+02
4.561699999999999591e+02
4.624619999999999891e+02
4.687540000000000191e+02
4.750459999999999923e+02
4.813379999999999654e+02
4.876299999999999955e+02
4.939220000000000255e+02
5.002139999999999986e+02
5.065059999999999718e+02
5.127980000000000018e+02
5.190899999999999181e+02
5.253820000000000618e+02
5.316739999999999782e+02
5.379660000000000082e+02
5.442580000000000382e+02
5.505499999999999545e+02
5.568420000000000982e+02
5.631340000000000146e+02
5.694259999999999309e+02
5.757180000000000746e+02
5.820099999999999909e+02
5.883019999999999072e+02
5.945940000000000509e+02
6.008859999999999673e+02
6.071779999999999973e+02
6.134700000000000273e+02
6.197619999999999436e+02
6.260540000000000873e+02
6.323460000000000036e+02
6.386379999999999200e+02
6.449300000000000637e+02
6.512219999999999800e+02
6.575140000000000100e+02
6.638060000000000400e+02
6.700979999999999563e+02
6.763899999999999864e+02
6.826820000000000164e+02
6.889739999999999327e+02
6.952660000000000764e+02
7.015579999999999927e+02
7.078499999999999091e+02
7.141420000000000528e+02
7.204339999999999691e+02
7.267259999999999991e+02
7.330180000000000291e+02
7.393099999999999454e+02
7.456020000000000891e+02
7.518940000000000055e+02
7.581859999999999218e+02
7.644780000000000655e+02
7.707699999999999818e+02
7.770620000000000118e+02
7.833540000000000418e+02
7.896459999999999582e+02
7.959379999999999882e+02
8.022300000000000182e+02
8.085219999999999345e+02
8.148140000000000782e+02
8.211059999999999945e+02
8.273979999999999109e+02
8.336900000000000546e+02
8.399819999999999709e+02
8.462740000000000009e+02
8.525660000000000309e+02
8.588579999999999472e+02
8.651500000000000909e+02
8.714420000000000073e+02
8.777339999999999236e+02
8.840260000000000673e+02
8.903179999999999836e+02
8.966100000000000136e+02
9.029020000000000437e+02
9.091939999999999600e+02
9.154859999999999900e+02
9.217780000000000200e+02
9.280699999999999363e+02
9.343620000000000800e+02
9.406539999999999964e+02
9.469459999999999127e+02
9.532380000000000564e+02
9.595299999999999727e+02
9.658220000000000027e+02
9.721140000000000327e+02
9.784059999999999491e+02
9.846980000000000928e+02
9.909900000000000091e+02
9.972819999999999254e+02
1.003574000000000069e+03
1.009865999999999985e+03
1.016157999999999902e+03
1.022450000000000045e+03
1.028741999999999962e+03
1.035034000000000106e+03
1.041326000000000022e+03
1.047617999999999938e+03
1.053909999999999854e+03
1.060201999999999998e+03
1.066494000000000142e+03
1.072786000000000058e+03
1.079077999999999975e+03
1.085369999999999891e+03
1.091662000000000035e+03
1.097953999999999951e+03
1.104246000000000095e+03
1.110538000000000011e+03
1.116829999999999927e+03
1.123122000000000071e+03
1.129413999999999987e+03
1.135706000000000131e+03
1.141998000000000047e+03
1.148289999999999964e+03
1.154581999999999880e+03
1.160874000000000024e+03
1.167165999999999940e+03
1.173458000000000084e+03
1.179750000000000000e+03
1.186041999999999916e+03
1.192334000000000060e+03
1.198625999999999976e+03
1.204918000000000120e+03
1.211210000000000036e+03
1.217501999999999953e+03
1.223793999999999869e+03
1.230086000000000013e+03
1.236377999999999929e+03
1.242670000000000073e+03
1.248961999999999989e+03
1.255253999999999905e+03
1.261546000000000049e+03
1.267837999999999965e+03
1.274130000000000109e+03
1.280422000000000025e+03
1.286713999999999942e+03
1.293005999999999858e+03
1.299298000000000002e+03
1.305590000000000146e+03
1.311882000000000062e+03
1.318173999999999978e+03
1.324465999999999894e+03
1.330758000000000038e+03
1.337049999999999955e+03
1.343342000000000098e+03
1.349634000000000015e+03
1.355925999999999931e+03
1.362217999999999847e+03
1.368509999999999991e+03
1.374802000000000135e+03
1.381094000000000051e+03
1.387385999999999967e+03
1.393677999999999884e+03
1.399970000000000027e+03
1.406261999999999944e+03
1.412554000000000087e+03
1.418846000000000004e+03
1.425137999999999920e+03
1.431430000000000064e+03
1.437721999999999980e+03
1.444014000000000124e+03
1.450306000000000040e+03
1.456597999999999956e+03
1.462889999999999873e+03
1.469182000000000016e+03
1.475473999999999933e+03
1.481766000000000076e+03
1.488057999999999993e+03
1.494349999999999909e+03
1.500642000000000053e+03
1.506933999999999969e+03
1.513226000000000113e+03
1.519518000000000029e+03
1.525809999999999945e+03
1.532101999999999862e+03
1.538394000000000005e+03
1.544686000000000149e+03
1.550978000000000065e+03
1.557269999999999982e+03
1.563561999999999898e+03
1.569854000000000042e+03
1.576145999999999958e+03
1.582438000000000102e+03
1.588730000000000018e+03
1.595021999999999935e+03
1.601313999999999851e+03
1.607605999999999995e+03
1.613898000000000138e+03
1.620190000000000055e+03
1.626481999999999971e+03
1.632773999999999887e+03
1.639066000000000031e+03
1.645357999999999947e+03
1.651650000000000091e+03
1.657942000000000007e+03
1.664233999999999924e+03
1.670526000000000067e+03
1.676817999999999984e+03
1.683110000000000127e+03
1.689402000000000044e+03
1.695693999999999960e+03
1.701985999999999876e+03
1.708278000000000020e+03
1.714569999999999936e+03
1.720862000000000080e+03
1.727153999999999996e+03
1.733445999999999913e+03
1.739738000000000056e+03
1.746029999999999973e+03
1.752322000000000116e+03
1.758614000000000033e+03
1.764905999999999949e+03
1.771197999999999865e+03
1.777490000000000009e+03
1.783782000000000153e+03
1.790074000000000069e+03
1.796365999999999985e+03
1.802657999999999902e+03
1.808950000000000045e+03
1.815241999999999962e+03
1.821534000000000106e+03
1.827826000000000022e+03
1.834117999999999938e+03
1.840409999999999854e+03
1.846701999999999998e+03
1.852994000000000142e+03
1.859286000000000058e+03
1.865577999999999975e+03
1.871869999999999891e+03
1.878162000000000035e+03
1.884453999999999951e+03
1.890746000000000095e+03
1.897038000000000011e+03
1.903329999999999927e+03
1.909622000000000071e+03
1.915913999999999987e+03
1.922206000000000131e+03
1.928498000000000047e+03
1.934789999999999964e+03
1.941081999999999880e+03
1.947374000000000024e+03
1.953665999999999940e+03
1.959958000000000084e+03
1.966250000000000000e+03
1.972541999999999916e+03
1.978834000000000060e+03
1.985125999999999976e+03
1.991418000000000120e+03
1.997710000000000036e+03
2.004001999999999953e+03
2.010293999999999869e+03
2.016586000000000013e+03
2.022877999999999929e+03
2.029170000000000073e+03
2.035461999999999989e+03
2.041753999999999905e+03
2.048046000000000276e+03
2.054337999999999738e+03
2.060630000000000109e+03
2.066922000000000025e+03
2.073213999999999942e+03
2.079506000000000313e+03
2.085797999999999774e+03
2.092090000000000146e+03
2.098381999999999607e+03
2.104673999999999978e+03
2.110966000000000349e+03
2.117257999999999811e+03
2.123550000000000182e+03
2.129841999999999643e+03
2.136134000000000015e+03
2.142426000000000386e+03
2.148717999999999847e+03
2.155010000000000218e+03
2.161301999999999680e+03
2.167594000000000051e+03
2.173885999999999967e+03
2.180177999999999884e+03
2.186470000000000255e+03
2.192761999999999716e+03
2.199054000000000087e+03
2.205346000000000004e+03
2.211637999999999920e+03
2.217930000000000291e+03
2.224221999999999753e+03
2.230514000000000124e+03
2.236806000000000040e+03
2.243097999999999956e+03
2.249390000000000327e+03
2.255681999999999789e+03
2.261974000000000160e+03
2.268265999999999622e+03
2.274557999999999993e+03
2.280850000000000364e+03
2.287141999999999825e+03
2.293434000000000196e+03
2.299725999999999658e+03
2.306018000000000029e+03
2.312310000000000400e+03
2.318601999999999862e+03
2.324894000000000233e+03
2.331185999999999694e+03
2.337478000000000065e+03
2.343769999999999982e+03
2.350061999999999898e+03
2.356354000000000269e+03
2.362645999999999731e+03
2.368938000000000102e+03
2.375230000000000018e+03
2.381521999999999935e+03
2.387814000000000306e+03
2.394105999999999767e+03
2.400398000000000138e+03
2.406689999999999600e+03
2.412981999999999971e+03
2.419274000000000342e+03
2.425565999999999804e+03
2.431858000000000175e+03
2.438149999999999636e+03
2.444442000000000007e+03
2.450734000000000378e+03
2.457025999999999840e+03
2.463318000000000211e+03
2.469609999999999673e+03
2.475902000000000044e+03
2.482193999999999960e+03
2.488485999999999876e+03
2.494778000000000247e+03
2.501069999999999709e+03
2.507362000000000080e+03
2.513653999999999996e+03
2.519945999999999913e+03
2.526238000000000284e+03
2.532529999999999745e+03
2.538822000000000116e+03
2.545114000000000033e+03
2.551405999999999949e+03
2.557698000000000320e+03
2.563989999999999782e+03
2.570282000000000153e+03
2.576573999999999614e+03
2.582865999999999985e+03
2.589158000000000357e+03
2.595449999999999818e+03
2.601742000000000189e+03
2.608033999999999651e+03
2.614326000000000022e+03
2.620618000000000393e+03
2.626909999999999854e+03
2.633202000000000226e+03
2.639493999999999687e+03
2.645786000000000058e+03
2.652077999999999975e+03
2.658369999999999891e+03
2.664662000000000262e+03
2.670953999999999724e+03
2.677246000000000095e+03
2.683538000000000011e+03
2.689829999999999927e+03
2.696122000000000298e+03
2.702413999999999760e+03
2.708706000000000131e+03
2.714997999999999593e+03
2.721289999999999964e+03
2.727582000000000335e+03
2.733873999999999796e+03
2.740166000000000167e+03
2.746457999999999629e+03
2.752750000000000000e+03
2.759042000000000371e+03
2.765333999999999833e+03
2.771626000000000204e+03
2.777917999999999665e+03
2.784210000000000036e+03
2.790502000000000407e+03
2.796793999999999869e+03
2.803086000000000240e+03
2.809377999999999702e+03
2.815670000000000073e+03
2.821961999999999989e+03
2.828253999999999905e+03
2.834546000000000276e+03
2.840837999999999738e+03
2.847130000000000109e+03
2.853422000000000025e+03
2.859713999999999942e+03
2.866006000000000313e+03
2.872297999999999774e+03
2.878590000000000146e+03
2.884881999999999607e+03
2.891173999999999978e+03
2.897466000000000349e+03
2.903757999999999811e+03
2.910050000000000182e+03
2.916341999999999643e+03
2.922634000000000015e+03
2.928926000000000386e+03
2.935217999999999847e+03
2.941510000000000218e+03
2.947801999999999680e+03
2.954094000000000051e+03
2.960385999999999967e+03
2.966677999999999884e+03
2.972970000000000255e+03
2.979261999999999716e+03
2.985554000000000087e+03
2.991846000000000004e+03
2.998137999999999920e+03
3.004430000000000291e+03
3.010721999999999753e+03
3.017014000000000124e+03
3.023306000000000040e+03
3.029597999999999956e+03
3.035890000000000327e+03
3.042181999999999789e+03
3.048474000000000160e+03
3.054765999999999622e+03
3.061057999999999993e+03
3.067350000000000364e+03
3.073641999999999825e+03
3.079934000000000196e+03
3.086225999999999658e+03
3.092518000000000029e+03
3.098810000000000400e+03
3.105101999999999862e+03
3.111394000000000233e+03
3.117685999999999694e+03
3.123978000000000065e+03
3.130269999999999982e+03
3.136561999999999898e+03
3.142854000000000269e+03
3.149145999999999731e+03
3.155438000000000102e+03
3.161730000000000018e+03
3.168021999999999935e+03
3.174314000000000306e+03
3.180605999999999767e+03
3.186898000000000138e+03
3.193189999999999600e+03
3.199481999999999971e+03
3.205774000000000342e+03
3.212065999999999804e+03
3.218358000000000175e+03
3.224649999999999636e+03
3.230942000000000007e+03
3.237234000000000378e+03
3.243525999999999840e+03
3.249818000000000211e+03
3.256109999999999673e+03
3.262402000000000044e+03
3.268693999999999960e+03
3.274985999999999876e+03
3.281278000000000247e+03
3.287569999999999709e+03
3.293862000000000080e+03
3.300153999999999996e+03
3.306445999999999913e+03
3.312738000000000284e+03
3.319029999999999745e+03
3.325322000000000116e+03
3.331614000000000033e+03
3.337905999999999949e+03
3.344198000000000320e+03
3.350489999999999782e+03
3.356782000000000153e+03
3.363073999999999614e+03
3.369365999999999985e+03
3.375658000000000357e+03
3.381949999999999818e+03
3.388242000000000189e+03
3.394533999999999651e+03
3.400826000000000022e+03
3.407118000000000393e+03
3.413409999999999854e+03
3.419702000000000226e+03
3.425993999999999687e+03
3.432286000000000058e+03
3.438577999999999975e+03
3.444869999999999891e+03
3.451162000000000262e+03
3.457453999999999724e+03
3.463746000000000095e+03
3.470038000000000011e+03
3.476329999999999927e+03
3.482622000000000298e+03
3.488913999999999760e+03
3.495206000000000131e+03
3.501497999999999593e+03
3.507789999999999964e+03
3.514082000000000335e+03
3.520373999999999796e+03
3.526666000000000167e+03
3.532957999999999629e+03
3.539250000000000000e+03
3.545542000000000371e+03
3.551833999999999833e+03
3.558126000000000204e+03
3.564417999999999665e+03
3.570710000000000036e+03
3.577002000000000407e+03
3.583293999999999869e+03
3.589586000000000240e+03
3.595877999999999702e+03
3.602170000000000073e+03
3.608461999999999989e+03
3.614753999999999905e+03
3.621046000000000276e+03
3.627337999999999738e+03
3.633630000000000109e+03
3.639922000000000025e+03
3.646213999999999942e+03
3.652506000000000313e+03
3.658797999999999774e+03
3.665090000000000146e+03
3.671381999999999607e+03
3.677673999999999978e+03
3.683966000000000349e+03
3.690257999999999811e+03
3.696550000000000182e+03
3.702841999999999643e+03
3.709134000000000015e+03
3.715426000000000386e+03
3.721717999999999847e+03
3.728010000000000218e+03
3.734301999999999680e+03
3.740594000000000051e+03
3.746885999999999967e+03
3.753177999999999884e+03
3.759470000000000255e+03
3.765761999999999716e+03
3.772054000000000087e+03
3.778346000000000004e+03
3.784637999999999920e+03
3.790930000000000291e+03
3.797221999999999753e+03
3.803514000000000124e+03
3.809806000000000040e+03
3.816097999999999956e+03
3.822390000000000327e+03
3.828681999999999789e+03
3.834974000000000160e+03
3.841265999999999622e+03
3.847557999999999993e+03
3.853850000000000364e+03
3.860141999999999825e+03
3.866434000000000196e+03
3.872725999999999658e+03
3.879018000000000029e+03
3.885310000000000400e+03
3.891601999999999862e+03
3.897894000000000233e+03
3.904185999999999694e+03
3.910478000000000065e+03
3.916769999999999982e+03
3.923061999999999898e+03
3.929354000000000269e+03
3.935645999999999731e+03
3.941938000000000102e+03
3.948230000000000018e+03
3.954521999999999935e+03
3.960814000000000306e+03
3.967105999999999767e+03
3.973398000000000138e+03
3.979689999999999600e+03
3.985981999999999971e+03
3.992274000000000342e+03
3.998565999999999804e+03
4.004858000000000175e+03
4.011149999999999636e+03
4.017442000000000007e+03
4.023734000000000378e+03
4.030025999999999840e+03
4.036318000000000211e+03
4.042609999999999673e+03
4.048902000000000044e+03
4.055193999999999960e+03
4.061485999999999876e+03
4.067778000000000247e+03
4.074069999999999709e+03
4.080362000000000080e+03
4.086653999999999996e+03
4.092945999999999913e+03
4.099237999999999374e+03
4.105530000000000655e+03
4.111822000000000116e+03
4.118113999999999578e+03
4.124405999999999949e+03
4.130698000000000320e+03
4.136989999999999782e+03
4.143282000000000153e+03
4.149574000000000524e+03
4.155865999999999985e+03
4.162157999999999447e+03
4.168449999999999818e+03
4.174742000000000189e+03
4.181033999999999651e+03
4.187326000000000022e+03
4.193618000000000393e+03
4.199909999999999854e+03
4.206201999999999316e+03
4.212494000000000597e+03
4.218786000000000058e+03
4.225077999999999520e+03
4.231369999999999891e+03
4.237662000000000262e+03
4.243953999999999724e+03
4.250246000000000095e+03
4.256538000000000466e+03
4.262829999999999927e+03
4.269121999999999389e+03
4.275414000000000669e+03
4.281706000000000131e+03
4.287997999999999593e+03
4.294289999999999964e+03
4.300582000000000335e+03
4.306873999999999796e+03
4.313166000000000167e+03
4.319458000000000538e+03
4.325750000000000000e+03
4.332041999999999462e+03
4.338333999999999833e+03
4.344626000000000204e+03
4.350917999999999665e+03
4.357210000000000036e+03
4.363502000000000407e+03
4.369793999999999869e+03
4.376085999999999331e+03
4.382378000000000611e+03
4.388670000000000073e+03
4.394961999999999534e+03
4.401253999999999905e+03
4.407546000000000276e+03
4.413837999999999738e+03
4.420130000000000109e+03
4.426422000000000480e+03
4.432713999999999942e+03
4.439005999999999403e+03
4.445298000000000684e+03
4.451590000000000146e+03
4.457881999999999607e+03
4.464173999999999978e+03
4.470466000000000349e+03
4.476757999999999811e+03
4.483050000000000182e+03
4.489342000000000553e+03
4.495634000000000015e+03
4.501925999999999476e+03
4.508217999999999847e+03
4.514510000000000218e+03
4.520801999999999680e+03
4.527094000000000051e+03
4.533386000000000422e+03
4.539677999999999884e+03
4.545969999999999345e+03
4.552262000000000626e+03
4.558554000000000087e+03
4.564845999999999549e+03
4.571137999999999920e+03
4.577430000000000291e+03
4.583721999999999753e+03
4.590014000000000124e+03
4.596306000000000495e+03
4.602597999999999956e+03
4.608889999999999418e+03
4.615182000000000698e+03
4.621474000000000160e+03
4.627765999999999622e+03
4.634057999999999993e+03
4.640350000000000364e+03
4.646641999999999825e+03
4.652933999999999287e+03
4.659226000000000568e+03
4.665518000000000029e+03
4.671809999999999491e+03
4.678101999999999862e+03
4.684394000000000233e+03
4.690685999999999694e+03
4.696978000000000065e+03
4.703270000000000437e+03
4.709561999999999898e+03
4.715853999999999360e+03
4.722146000000000640e+03
4.728438000000000102e+03
4.734729999999999563e+03
4.741021999999999935e+03
4.747314000000000306e+03
4.753605999999999767e+03
4.759898000000000138e+03
4.766190000000000509e+03
4.772481999999999971e+03
4.778773999999999432e+03
4.785066000000000713e+03
4.791358000000000175e+03
4.797649999999999636e+03
4.803942000000000007e+03
4.810234000000000378e+03
4.816525999999999840e+03
4.822817999999999302e+03
4.829110000000000582e+03
4.835402000000000044e+03
4.841693999999999505e+03
4.847985999999999876e+03
4.854278000000000247e+03
4.860569999999999709e+03
4.866862000000000080e+03
4.873154000000000451e+03
4.879445999999999913e+03
4.885737999999999374e+03
4.892030000000000655e+03
4.898322000000000116e+03
4.904613999999999578e+03
4.910905999999999949e+03
4.917198000000000320e+03
4.923489999999999782e+03
4.929782000000000153e+03
4.936074000000000524e+03
4.942365999999999985e+03
4.948657999999999447e+03
4.954949999999999818e+03
4.961242000000000189e+03
4.967533999999999651e+03
4.973826000000000022e+03
4.980118000000000393e+03
4.986409999999999854e+03
4.992701999999999316e+03
4.998994000000000597e+03
5.005286000000000058e+03
5.011577999999999520e+03
5.017869999999999891e+03
5.024162000000000262e+03
5.030453999999999724e+03
5.036746000000000095e+03
5.043038000000000466e+03
5.049329999999999927e+03
5.055621999999999389e+03
5.061914000000000669e+03
5.068206000000000131e+03
5.074497999999999593e+03
5.080789999999999964e+03
5.087082000000000335e+03
5.093373999999999796e+03
5.099666000000000167e+03
5.105958000000000538e+03
5.112250000000000000e+03
5.118541999999999462e+03
5.124833999999999833e+03
5.131126000000000204e+03
5.137417999999999665e+03
5.143710000000000036e+03
5.150002000000000407e+03
5.156293999999999869e+03
5.162585999999999331e+03
5.168878000000000611e+03
5.175170000000000073e+03
5.181461999999999534e+03
5.187753999999999905e+03
5.194046000000000276e+03
5.200337999999999738e+03
5.206630000000000109e+03
5.212922000000000480e+03
5.219213999999999942e+03
5.225505999999999403e+03
5.231798000000000684e+03
5.238090000000000146e+03
5.244381999999999607e+03
5.250673999999999978e+03
5.256966000000000349e+03
5.263257999999999811e+03
5.269550000000000182e+03
5.275842000000000553e+03
5.282134000000000015e+03
5.288425999999999476e+03
5.294717999999999847e+03
5.301010000000000218e+03
5.307301999999999680e+03
5.313594000000000051e+03
5.319886000000000422e+03
5.326177999999999884e+03
5.332469999999999345e+03
5.338762000000000626e+03
5.345054000000000087e+03
5.351345999999999549e+03
5.357637999999999920e+03
5.363930000000000291e+03
5.370221999999999753e+03
5.376514000000000124e+03
5.382806000000000495e+03
5.389097999999999956e+03
5.395389999999999418e+03
5.401682000000000698e+03
5.407974000000000160e+03
5.414265999999999622e+03
5.420557999999999993e+03
5.426850000000000364e+03
5.433141999999999825e+03
5.439433999999999287e+03
5.445726000000000568e+03
5.452018000000000029e+03
5.458309999999999491e+03
5.464601999999999862e+03
5.470894000000000233e+03
5.477185999999999694e+03
5.483478000000000065e+03
5.489770000000000437e+03
5.496061999999999898e+03
5.502353999999999360e+03
5.508646000000000640e+03
5.514938000000000102e+03
5.521229999999999563e+03
5.527521999999999935e+03
5.533814000000000306e+03
5.540105999999999767e+03
5.546398000000000138e+03
5.552690000000000509e+03
5.558981999999999971e+03
5.565273999999999432e+03
5.571566000000000713e+03
5.577858000000000175e+03
5.584149999999999636e+03
5.590442000000000007e+03
5.596734000000000378e+03
5.603025999999999840e+03
5.609317999999999302e+03
5.615610000000000582e+03
5.621902000000000044e+03
