415471472830727552
266139357933365696
110587185055681984
55388355865059296
31211049696597588
19465050465914088
12964296135721168
9275772367506766
7122031034783016
5615857590723420
4595889909560797
3974224525170923
3361032677688748
2988005018465217
2676885293634166
2384401328382562
2198183279137884
2058758607721735
1884602543996059
1724582954131562
1593978147620948
1522614963050668
1413058776135965
1354241173046238
1294450076988685
1192196102413067
1130757638519568
1076046770038039
1014870399896865
980614484222985
948303494770939
890017340550390
884469411843848
806705025239242
779874466893151
736470435014104
717363420753379
679740983956558
670999586715473
645544225150637
620775735166430
601895756681972
566623374748801
557596331221780
546282929599869
503766580213725
514952342261417
494459575867032
462497452011282
455589159332336
447766445041897
416987646040649
404057941830780
395745912405532
386517368999844
384765407754206
377438347723422
347430677020866
349218493179659
344462510594833
327771360209309
321667429949134
310695585980814
298567024851528
310515957462188
288242680196177
269065403682437
271952532602535
265026802877974
262272110354848
256703959681206
246424903117861
239711445706407
228277104276663
229272419007468
228328518469564
215465705274355
221361404221672
210038088249481
203824288905712
193553328971715
193563758226010
178301257495774
183463520651093
182571377975740
174431435124636
170401828214586
172305664092933
177226278014498
162614510052639
169995643797534
165400126574651
150933991226400
151736683511757
154706477323602
155203483733218
146351593029562
133521203428703
138122428196514
146517480080080
130620260238491
134603738477380
119733272642839
118560458354139
115103429042547
125499009069014
127454245170239
100041703569231
106359758257870
100895467042662
104820446932751
102282268332677
105190991384218
99030951048523
94754407895629
92719269443715
90707658841356
86565539045750
79342207269420
89683210065812
73552573041998
78298538671781
75651829702387
78451007989463
75779887688963
75509812366723
75472976425137
71334645441449
71971701459560
66507622257384
63639619424482
66799291234370
67995092621398
57552572751019
62804294360921
56469307682905
59270748752583
58869917684510
55360995759216
53315862462998
55268741085465
59409651936094
54642558297221
55134934370872
45943029286137
55355863534242
51019480921273
45737870731030
51323531597588
49319065439189
50578551175393
40445724234956
44174602965810
43645422687283
44948778934638
44527938128339
47671497750346
40672353888206
36729817326325
35792089011257
38861901261988
32815941713606
32777338180634
35523497205844
34382193317978
37238838025302
32079105002527
31918397794384
39439664969115
28743774407378
30372245294928
30691090077290
30296571161017
28215272309608
26401224983211
31411405536731
25976458920811
31008462196403
26763672702221
25844885667493
30192863112388
26253584921341
23850777735950
27987352851073
24906349039986
30381214103905
26490069938735
27146365470391
20256652059924
22598055748570
23772497353959
24453491528463
21416901394353
17592363537295
24442770585428
21260386160980
23022474562590
19739892803154
21452379141746
17687255304660
21181394397722
18513850002078
20118248229373
19378914832334
19331323437313
16154552850547
19794392956452
17374699800863
19489210944789
18766805302344
13597826773312
15935348237502
13133659354729
16835433148569
17062885493237
14053889799141
11831173144272
15231884002708
13793282573763
11881613538096
13562250508519
11460204671162
12085239266227
12620211320935
11175292688116
12944500760683
10736802448660
10569034493718
10742597005518
10276227527106
11506087579613
12368659299069
9596039812894
11331089432581
9676518345336
9613636934159
7598177586631
6799549075290
7282050806799
9226350525102
8018961222544
7131010742649
8896505106004
8960281021176
7394284984126
9383965960151
8748436168512
7654148732096
7114175903307
5539329324994
8301409121688
8882323994179
4492987157463
9291497766604
6838066779682
6018232504888
5254968251301
6087353905988
8214824678782
6370397751053
4664407651468
6897029080955
6982864670959
6356570194979
4609941021590
7160436973283
6904279730357
5727112014740
4929980532800
6760969350029
3656916626207
5464229533707
5653836183616
4960811290421
5969472964017
4406452825384
6872367754295
5444344419174
4297214378195
6864530701556
4323998949991
4084508406347
4976636416823
3476146565338
5026339044317
4488241148350
5602265525370
4745263674918
5103223327979
4157903849229
5329999398931
4429536723126
5341465853583
4166383454187
7553793140629
3517471155943
4738874324284
3539168968507
2402147622298
3894351576912
2410723003462
3625675941989
4917134928111
2071426820570
2387336704896
1957722229340
3266601912320
2458525201117
2977825454863
2614124072905
2871155699540
2638206637417
3399598170724
3313866292511
3607245655860
1956604819257
1701542483600
2347927306511
3281500557177
2759483482724
2177075665100
4092921514207
3666949588581
3105988824149
3513024201967
2325801120889
1930962277359
2965944418464
2308095474389
2769820879627
3379460033995
2367294978635
3753781570448
2644785293026
1778077046535
2651288713831
1916247414620
2253630042385
2018113601569
2589630178859
1177454665521
2729359276918
834650236998
1111085605635
1353784423703
1692382373212
1419134854466
1292875222628
2668816045916
3081606566697
2172502083172
1890242171371
765386440185
2460371353425
2101948052510
1956944830245
3229334748357
2098317107090
2004908906458
2769005953180
1871096067011
2287360568882
1202119124156
1615389403376
2519478241262
2555836472288
1426807990239
2880360803518
2654868702374
1491743820327
1398041726291
482557683716
1696047371478
1596154826053
2117200660385
466167632181
1792156345285
960700253975
1564537572092
1679564577752
1558588351289
1055926019932
1366680531492
629750216446
1930606681505
1357818700428
2206648737316
951719181769
2296374864804
1147296194907
701818416699
1504029122917
1297310108835
1551540284311
1447702193323
963344892433
1084649166813
751754333521
731261858075
949256914937
1125157779098
1214149579948
1374514104156
880443710192
475765804163
266757013095
1364742210862
1557753074909
411114680391
1808497152312
1216188474978
1338220099926
333357063305
660680478716
2127089014166
658815544712
908919967976
979780164979
195691231377
1598741886092
135704645623
55373282321
1400336251650
735845457711
678291780200
737443341169
1395865879432
317756717903
1571169460121
1000714163911
868457562589
916225804003
623359899762
961398347366
996752120145
619020297098
639030801315
910492802154
731299781807
853206208840
833462541044
607565530376
41755027003
34219687392
775990369758
627507233242
339389111000
1620885579886
657504814002
950373807002
373532214808
149137022885
619953237100
1101792775275
223947707854
303019987461
716897682487
986210397527
737229571668
614000102127
331077013368
1036537713291
954742673058
402003103448
628723686642
336830880467
722951753269
1338254395126
425613583796
1214720449241
331891057035
103068756741
236436163970
350514249914
333963900518
1214481154094
35595994762
504305285873
19110915784
113041295604
906237241651
1212668278364
746447088352
307098471193
394854046141
907179509541
365648678499
317683708587
334191541473
403012005812
903156343120
19287417387
320456767438
347136032865
311861612302
621993201336
30188537432
308322646233
620488546300
332759103125
614366383947
590005136503
55571339669
55441779020
307188153399
298308614704
626421879010
490087046594
14538608178
306502293719
305301048241
0
393795159511
328242375371
8100960083
537227747059
327171975573
298235004194
295002568251
553205461884
599708491420
719439870666
305947081032
73105112088
14648536590
613795566353
890570083311
353387408801
590005136503
593174965764
315506561468
590005136503
13871991321
130569208853
0
310670081112
1070816835254
452512806765
295002568251
185794515011
13746214596
24795402659
6265924679
301394982105
1216068968100
308971110158
30415404616
206211194560
315693596613
13173111966
892090921891
4758803527
1424394785429
10441775507
3383668693
225030864122
9350075265
0
3639389962
27758991683
329723711953
301695739462
8889397888
336441397110
66696297552
369242337280
3709445568
301895241748
295002568251
523101220425
7896761047
4296930810
307518755303
21551332176
312336498647
897528189673
0
0
0
298217465197
6951803021
10834086225
11149016742
0
7496388722
596006403787
67427358380
0
0
303963825076
0
295002568251
295002568251
4036451240
16100160530
5069698747
0
0
0
3370331586
8014340052
0
298522795401
0
0
473609673244
0
0
6591104242
0
0
8773491149
298464118618
13708760997
300712059379
32573855556
299039207484
26162539419
0
9210444772
7924668644
7543924031
295002568251
580946045912
295002568251
0
0
0
241679018013
295002568251
173421911328
295002568251
0
6341302320
3174826744
3464568741
3206437929
4246873973
303300358278
18315499654
5183471113
4058324878
9680705266
7588179507
0
3366701599
252841054232
0
0
0
590005136503
142849679008
299690658748
295002568251
0
0
119104282230
0
590005136503
295002568251
0
68757902194
0
0
26682382558
0
0
0
41470917479
6783553200
0
5053826061
20370532423
4558276780
4326207846
19348661280
57418292206
0
20563929055
0
0
261188279174
39170438639
0
0
6105560007
0
0
290002589342
298182486391
0
295002568251
0
11525027605
6695572479
295002568251
0
0
0
0
301052736395
308488034720
295002568251
9718997932
6814055448
295002568251
27785591556
4833255612
0
0
9014022687
0
0
298569256347
0
0
12694433026
295002568251
0
5508515887
0
0
0
298802791712
15804113665
295002568251
0
300346246260
0
0
295002568251
5001935036
54438070259
0
0
0
0
0
0
427456507787
7476961213
0
0
0
3341909089
0
0
0
0
0
7943908705
0
295002568251
6391004381
0
4455462402
0
0
0
0
7480457229
0
3967391993
0
0
15943821345
10452864588
298245287137
7611998915
0
33166196747
0
0
0
0
0
6759357513
0
0
5026046953
106447340319
0
3426376758
0
0
0
0
0
0
0
12246290626
0
0
0
0
10745732238
0
0
0
0
0
0
0
0
6484082452
0
10393208933
0
0
0
0
0
0
0
295002568251
0
3549823025
8499308381
0
0
0
0
0
0
14603088602
0
0
0
0
0
0
145576565540
0
0
0
0
0
0
0
0
0
0
0
0
3563769716
0
0
0
0
0
0
0
0
3500245638
3620157192
0
0
0
0
0
0
0
0
0
0
0
0
0
0
0
0
0
0
0
0
0
0
16207700294
0
0
0
0
0
4296256030
0
0
225576460016
0
0
0
0
0
0
0
0
0
0
0
0
0
0
0
0
0
4300610632
0
0
0
0
0
3760560587
0
0
0
0
0
0
0
0
0
0
0
0
0
0
0
0
0
0
0
0
0
0
0
0
0
0
0
4618102955
0
0
0
0
0
0
0
0
0
0
0
0
0
0
0
0
0
0
0
0
0
0
0
0
0
0
17646493864
0
0
0
0
0
0
0
0
0
0
0
0
0
0
0
0
0
0
0
0
0
0
0
0
0
0
0
0
0
0
0
0
0
295002568251
