9.975000000000000533e-01
1.054499999999999993e+00
1.111499999999999932e+00
1.168499999999999872e+00
1.225500000000000034e+00
1.282499999999999973e+00
1.339500000000000135e+00
1.396500000000000075e+00
1.453500000000000014e+00
1.510499999999999954e+00
1.567499999999999893e+00
1.624500000000000055e+00
1.681499999999999995e+00
1.738499999999999934e+00
1.795500000000000096e+00
1.852500000000000036e+00
1.909499999999999975e+00
1.966499999999999915e+00
2.023500000000000298e+00
2.080499999999999794e+00
2.137500000000000178e+00
2.194499999999999673e+00
2.251500000000000057e+00
2.308499999999999996e+00
2.365499999999999936e+00
2.422500000000000320e+00
2.479499999999999815e+00
2.536500000000000199e+00
2.593499999999999694e+00
2.650500000000000078e+00
2.707500000000000018e+00
2.764499999999999957e+00
2.821500000000000341e+00
2.878499999999999837e+00
2.935500000000000220e+00
2.992499999999999716e+00
3.049500000000000099e+00
3.106499999999999595e+00
3.163499999999999979e+00
3.220500000000000362e+00
3.277499999999999858e+00
3.334500000000000242e+00
3.391499999999999737e+00
3.448500000000000121e+00
3.505499999999999616e+00
3.562500000000000000e+00
3.619500000000000384e+00
3.676499999999999879e+00
3.733500000000000263e+00
3.790499999999999758e+00
3.847500000000000142e+00
3.904499999999999638e+00
3.961500000000000021e+00
4.018499999999999517e+00
4.075499999999999901e+00
4.132500000000000284e+00
4.189499999999999780e+00
4.246500000000000163e+00
4.303499999999999659e+00
4.360500000000000043e+00
4.417500000000000426e+00
4.474499999999999922e+00
4.531499999999999417e+00
4.588499999999999801e+00
4.645500000000000185e+00
4.702500000000000568e+00
4.759500000000000064e+00
4.816499999999999559e+00
4.873499999999999943e+00
4.930500000000000327e+00
4.987499999999999822e+00
5.044500000000000206e+00
5.101499999999999702e+00
5.158500000000000085e+00
5.215500000000000469e+00
5.272499999999999964e+00
5.329499999999999460e+00
5.386499999999999844e+00
5.443500000000000227e+00
5.500500000000000611e+00
5.557500000000000107e+00
5.614499999999999602e+00
5.671499999999999986e+00
5.728500000000000369e+00
5.785499999999999865e+00
5.842500000000000249e+00
5.899499999999999744e+00
5.956500000000000128e+00
6.013500000000000512e+00
6.070500000000000007e+00
6.127499999999999503e+00
6.184499999999999886e+00
6.241500000000000270e+00
6.298499999999999766e+00
6.355500000000000149e+00
6.412499999999999645e+00
6.469500000000000028e+00
6.526500000000000412e+00
6.583499999999999908e+00
6.640499999999999403e+00
6.697499999999999787e+00
6.754500000000000171e+00
6.811500000000000554e+00
6.868500000000000050e+00
6.925499999999999545e+00
6.982499999999999929e+00
7.039500000000000313e+00
7.096499999999999808e+00
7.153500000000000192e+00
7.210499999999999687e+00
7.267500000000000071e+00
7.324500000000000455e+00
7.381499999999999950e+00
7.438499999999999446e+00
7.495499999999999829e+00
7.552500000000000213e+00
7.609500000000000597e+00
7.666500000000000092e+00
7.723499999999999588e+00
7.780499999999999972e+00
7.837500000000000355e+00
7.894499999999999851e+00
7.951500000000000234e+00
8.008500000000001506e+00
8.065500000000000114e+00
8.122499999999998721e+00
8.179500000000000881e+00
8.236499999999999488e+00
8.293499999999999872e+00
8.350500000000000256e+00
8.407499999999998863e+00
8.464500000000001023e+00
8.521499999999999631e+00
8.578500000000000014e+00
8.635500000000000398e+00
8.692499999999999005e+00
8.749500000000001165e+00
8.806499999999999773e+00
8.863500000000000156e+00
8.920500000000000540e+00
8.977499999999999147e+00
9.034500000000001307e+00
9.091499999999999915e+00
9.148499999999998522e+00
9.205500000000000682e+00
9.262499999999999289e+00
9.319500000000001450e+00
9.376500000000000057e+00
9.433499999999998664e+00
9.490500000000000824e+00
9.547499999999999432e+00
9.604499999999999815e+00
9.661500000000000199e+00
9.718499999999998806e+00
9.775500000000000966e+00
9.832499999999999574e+00
9.889499999999999957e+00
9.946500000000000341e+00
1.000349999999999895e+01
1.006050000000000111e+01
1.011749999999999972e+01
1.017450000000000010e+01
1.023150000000000048e+01
1.028849999999999909e+01
1.034550000000000125e+01
1.040249999999999986e+01
1.045949999999999847e+01
1.051650000000000063e+01
1.057349999999999923e+01
1.063050000000000139e+01
1.068750000000000000e+01
1.074449999999999861e+01
1.080150000000000077e+01
1.085849999999999937e+01
1.091550000000000153e+01
1.097250000000000014e+01
1.102949999999999875e+01
1.108650000000000091e+01
1.114349999999999952e+01
1.120049999999999990e+01
1.125750000000000028e+01
1.131449999999999889e+01
1.137150000000000105e+01
1.142849999999999966e+01
1.148550000000000004e+01
1.154250000000000043e+01
1.159949999999999903e+01
1.165650000000000119e+01
1.171349999999999980e+01
1.177050000000000018e+01
1.182750000000000057e+01
1.188449999999999918e+01
1.194150000000000134e+01
1.199849999999999994e+01
1.205549999999999855e+01
1.211250000000000071e+01
1.216949999999999932e+01
1.222650000000000148e+01
1.228350000000000009e+01
1.234049999999999869e+01
1.239750000000000085e+01
1.245449999999999946e+01
1.251149999999999984e+01
1.256850000000000023e+01
1.262549999999999883e+01
1.268250000000000099e+01
1.273949999999999960e+01
1.279649999999999999e+01
1.285350000000000037e+01
1.291049999999999898e+01
1.296750000000000114e+01
1.302449999999999974e+01
1.308150000000000013e+01
1.313850000000000051e+01
1.319549999999999912e+01
1.325250000000000128e+01
1.330949999999999989e+01
1.336649999999999849e+01
1.342350000000000065e+01
1.348049999999999926e+01
1.353750000000000142e+01
1.359450000000000003e+01
1.365149999999999864e+01
1.370850000000000080e+01
1.376549999999999940e+01
1.382250000000000156e+01
1.387950000000000017e+01
1.393649999999999878e+01
1.399350000000000094e+01
1.405049999999999955e+01
1.410749999999999993e+01
1.416450000000000031e+01
1.422149999999999892e+01
1.427850000000000108e+01
1.433549999999999969e+01
1.439250000000000007e+01
1.444950000000000045e+01
1.450649999999999906e+01
1.456350000000000122e+01
1.462049999999999983e+01
1.467749999999999844e+01
1.473450000000000060e+01
1.479149999999999920e+01
1.484850000000000136e+01
1.490549999999999997e+01
1.496249999999999858e+01
1.501950000000000074e+01
1.507649999999999935e+01
1.513350000000000151e+01
1.519050000000000011e+01
1.524749999999999872e+01
1.530450000000000088e+01
1.536149999999999949e+01
1.541849999999999987e+01
1.547550000000000026e+01
1.553249999999999886e+01
1.558950000000000102e+01
1.564649999999999963e+01
1.570350000000000001e+01
1.576050000000000040e+01
1.581749999999999901e+01
1.587450000000000117e+01
1.593149999999999977e+01
1.598850000000000016e+01
1.604550000000000054e+01
1.610249999999999915e+01
1.615950000000000131e+01
1.621649999999999991e+01
1.627349999999999852e+01
1.633050000000000068e+01
1.638750000000000284e+01
1.644449999999999790e+01
1.650150000000000006e+01
1.655850000000000222e+01
1.661549999999999727e+01
1.667249999999999943e+01
1.672950000000000159e+01
1.678650000000000020e+01
1.684349999999999881e+01
1.690050000000000097e+01
1.695749999999999957e+01
1.701449999999999818e+01
1.707150000000000034e+01
1.712850000000000250e+01
1.718549999999999756e+01
1.724249999999999972e+01
1.729950000000000188e+01
1.735650000000000048e+01
1.741349999999999909e+01
1.747050000000000125e+01
1.752749999999999986e+01
1.758449999999999847e+01
1.764150000000000063e+01
1.769850000000000279e+01
1.775549999999999784e+01
1.781250000000000000e+01
1.786950000000000216e+01
1.792649999999999721e+01
1.798349999999999937e+01
1.804050000000000153e+01
1.809750000000000014e+01
1.815449999999999875e+01
1.821150000000000091e+01
1.826849999999999952e+01
1.832549999999999812e+01
1.838250000000000028e+01
1.843950000000000244e+01
1.849649999999999750e+01
1.855349999999999966e+01
1.861050000000000182e+01
1.866750000000000043e+01
1.872449999999999903e+01
1.878150000000000119e+01
1.883849999999999980e+01
1.889549999999999841e+01
1.895250000000000057e+01
1.900950000000000273e+01
1.906649999999999778e+01
1.912349999999999994e+01
1.918050000000000210e+01
1.923749999999999716e+01
1.929449999999999932e+01
1.935150000000000148e+01
1.940850000000000009e+01
1.946549999999999869e+01
1.952250000000000085e+01
1.957949999999999946e+01
1.963649999999999807e+01
1.969350000000000023e+01
1.975050000000000239e+01
1.980749999999999744e+01
1.986449999999999960e+01
1.992150000000000176e+01
1.997850000000000037e+01
2.003549999999999898e+01
2.009250000000000114e+01
2.014949999999999974e+01
2.020649999999999835e+01
2.026350000000000051e+01
2.032050000000000267e+01
2.037749999999999773e+01
2.043449999999999989e+01
2.049150000000000205e+01
2.054850000000000065e+01
2.060549999999999926e+01
2.066250000000000142e+01
2.071950000000000003e+01
2.077649999999999864e+01
2.083350000000000080e+01
2.089049999999999940e+01
2.094749999999999801e+01
2.100450000000000017e+01
2.106150000000000233e+01
2.111849999999999739e+01
2.117549999999999955e+01
2.123250000000000171e+01
2.128950000000000031e+01
2.134649999999999892e+01
2.140350000000000108e+01
2.146049999999999969e+01
2.151749999999999829e+01
2.157450000000000045e+01
2.163150000000000261e+01
2.168849999999999767e+01
2.174549999999999983e+01
2.180250000000000199e+01
2.185950000000000060e+01
2.191649999999999920e+01
2.197350000000000136e+01
2.203049999999999997e+01
2.208749999999999858e+01
2.214450000000000074e+01
2.220149999999999935e+01
2.225849999999999795e+01
2.231550000000000011e+01
2.237250000000000227e+01
2.242949999999999733e+01
2.248649999999999949e+01
2.254350000000000165e+01
2.260050000000000026e+01
2.265749999999999886e+01
2.271450000000000102e+01
2.277149999999999963e+01
2.282849999999999824e+01
2.288550000000000040e+01
2.294250000000000256e+01
2.299949999999999761e+01
2.305649999999999977e+01
2.311350000000000193e+01
2.317050000000000054e+01
2.322749999999999915e+01
2.328450000000000131e+01
2.334149999999999991e+01
2.339849999999999852e+01
2.345550000000000068e+01
2.351250000000000284e+01
2.356949999999999790e+01
2.362650000000000006e+01
2.368350000000000222e+01
2.374049999999999727e+01
2.379749999999999943e+01
2.385450000000000159e+01
2.391150000000000020e+01
2.396849999999999881e+01
2.402550000000000097e+01
2.408249999999999957e+01
2.413949999999999818e+01
2.419650000000000034e+01
2.425350000000000250e+01
2.431049999999999756e+01
2.436749999999999972e+01
2.442450000000000188e+01
2.448150000000000048e+01
2.453849999999999909e+01
2.459550000000000125e+01
2.465249999999999986e+01
2.470949999999999847e+01
2.476650000000000063e+01
2.482350000000000279e+01
2.488049999999999784e+01
2.493750000000000000e+01
2.499450000000000216e+01
2.505149999999999721e+01
2.510849999999999937e+01
2.516550000000000153e+01
2.522250000000000014e+01
2.527949999999999875e+01
