205964808572616
179053440914263
156699642981366
138773569132187
118838996829867
106460787375796
97658167040375
89784139272913
76162827431824
68737501704379
63448724705814
59567705356075
53299865741615
50607408606718
44054369552284
42426668662974
38413763873421
34759254470871
30978202103428
29366681921617
28393886607749
26680956031987
24183082170021
21154723954653
19678267250942
18442568377479
16855816473724
17563487814272
16078236730144
14829968905799
13340487622113
13147081664535
12349009633332
11909339031534
10206211893444
9725355946457
9632869047800
7506621205232
7772372650673
8797511564896
8125276326500
8292217842070
6981131544436
6770650309297
6110920932748
5405328001031
6322767755302
5526390828544
5450762453152
4685428829773
4099261801812
4463007011680
4634528970803
4020116376797
3404592984709
3390275732713
3439564873298
3648019466338
3318573245229
3639532737173
3624204441889
2846852420476
3030485729817
2590557684275
2469063363843
3095061046082
3294079375172
2660847608426
2992017673714
2179377481573
2677720391199
2773043415662
1975163935660
2720510904478
2021574840168
2418910161243
2105800713420
2155424387340
2103500551907
2235924391970
2226180791581
1590698596588
2226542315167
1957346378280
2092293087418
2051700798227
1830384285634
1644866487435
1489488094849
1812806463509
1409288123455
1847850182322
1312287048889
1023038067803
1686571290634
2222995428546
1393253383057
1181270191847
1233331742911
1388526685772
1360453744743
1883875346488
1507930532665
1109053181872
1562037345632
1667147807422
1210088641425
1002663093479
1604605642831
1226019427420
1381263156145
731214272637
790023580658
1465684784172
980603143394
1286706855950
999133667675
1282983727108
995570129292
1286580837421
1041753852525
818093337387
949828788785
818153610035
850136394126
829723433989
646593297681
708358958642
1182436929304
674338150000
897337785265
1258453795042
914906834625
951367191421
505335434255
907999740673
967858207356
1018243988174
774288722014
879628449555
925634153070
686550437322
794012509438
673041214724
836916073011
459208756391
1130635189762
959083223853
478592273143
567156706480
760857393608
713966403266
607376568051
840527433996
462341252557
346031372886
907654221917
477008964474
387725900971
695767798860
1233111575684
638064112650
796692377462
586009708687
336829880041
536800468295
586030474067
546472058607
600099127769
817671195261
381217682383
577660135650
754597155364
401013577558
663983797068
481886574779
607052217925
330481839180
418469381150
1009641264095
150075775049
693441627647
439767370591
553229875371
327236970076
388391004642
559675873605
865775899425
653572649064
453365063886
672308017225
479063963048
452901922675
794189754422
505082921204
573687837695
616726249531
446936788357
444529929760
518061154271
397767154636
664853333748
318835205056
689651363045
338099874830
490446535194
599912678338
144328910085
314880189224
84614874650
477466461124
312146283950
587184762415
424789352131
720625699588
358982186683
329443560743
393019763797
492297098397
370239054486
668169421561
210533319136
562178634221
195323908899
346832085051
374949655250
370599211084
276575263021
285656407757
184274780067
332177088578
506608023650
461090448380
832752578221
133365695823
341754199374
253011069380
96444866767
323110321628
503427639827
80255698571
242266799071
528042149268
441211777165
552848687173
33692265362
420396488118
214137599489
478463983535
159590755483
187390233413
295007424716
399129131718
587776208204
532269214245
50923608470
418653291839
408270262506
705435316330
400793212874
302634541260
209183790877
575822396190
519644003577
223998684998
375226929279
540277861716
104677127223
155125631519
248093333752
426367064895
233951098787
101592803300
147432555395
37088048331
129331481268
263009287869
136050254771
539594548232
158606250411
48824806981
347229995229
587110804582
354901122927
188339984206
401024922995
93526505908
157168193000
247652000402
404860328082
111561224833
360040394857
184576464633
257531308577
412279104211
43859204386
498010083488
49117892420
421028713779
438950505228
391930404743
118598282883
341119087018
203896027164
107313523892
119109371660
310248219662
112697324214
288189529694
100726596565
15839302174
107815839251
203330253120
92880582105
141847628288
522057513225
579406204328
206443817182
448395492283
563910807130
29317316294
240881013459
271547175240
284616092619
36130843664
483100810347
147806232961
279258677502
226327586717
203908764698
452282641218
356670405583
124017511512
217220018359
166673669653
18699594549
312318158044
24360171647
290924605656
82238888531
145951983866
61032683754
343927414364
84582830465
176918816068
551626057585
223007390928
7423707367
75723591640
145471304225
381122332890
133813913195
146194856019
290687619340
192100251667
92523552922
210027324917
354767149940
328845689140
6595143345
429658516868
98049579788
74601395042
177033494727
257547631960
255716470280
191052984196
329020037142
37804338293
265718503348
194808874835
140955966471
200982051045
118193402648
103356853700
373176188133
166200930195
412766510192
282654275162
456255978732
794728004981
134659185616
8559861372
316697131258
15005638178
96971409053
139585382626
92386469044
369153559270
285771266015
290578058386
138095703175
4646231736
153248088372
224859488537
3143495025
170169768851
46534507217
3158325403
101591398366
86466106670
304953317761
181526153191
20304747765
136440192882
134256709091
203182104073
70827441953
88771708065
78452478547
270055234610
194700794876
111261237712
197830093378
90221875940
140357615719
188603933190
67229855131
178514201814
137206551891
5241622749
207078610050
138586044424
81634088612
72346571234
211381061917
310235993721
116212383066
57571741400
11646608399
314718279988
14899864238
79066446880
265296907815
507870623104
166752796340
182267594788
89624556249
73083015528
7222196888
126733043083
212804621709
136692821314
360157132521
12457825281
84206360887
83712211138
