59.675000
63.525000
67.375000
71.225000
75.075000
78.925000
82.775000
86.625000
90.475000
94.325000
98.175000
102.025000
105.875000
109.725000
113.575000
117.425000
121.275000
125.125000
128.975000
132.825000
136.675000
140.525000
144.375000
148.225000
152.075000
155.925000
159.775000
163.625000
167.475000
171.325000
175.175000
179.025000
182.875000
186.725000
190.575000
194.425000
198.275000
202.125000
205.975000
209.825000
213.675000
217.525000
221.375000
225.225000
229.075000
232.925000
236.775000
240.625000
244.475000
248.325000
252.175000
256.025000
259.875000
263.725000
267.575000
271.425000
275.275000
279.125000
282.975000
286.825000
290.675000
294.525000
298.375000
302.225000
306.075000
309.925000
313.775000
317.625000
321.475000
325.325000
329.175000
333.025000
336.875000
340.725000
344.575000
348.425000
352.275000
356.125000
359.975000
363.825000
367.675000
371.525000
375.375000
379.225000
383.075000
386.925000
390.775000
394.625000
398.475000
402.325000
406.175000
410.025000
413.875000
417.725000
421.575000
425.425000
429.275000
433.125000
436.975000
440.825000
444.675000
448.525000
452.375000
456.225000
460.075000
463.925000
467.775000
471.625000
475.475000
479.325000
483.175000
487.025000
490.875000
494.725000
498.575000
502.425000
506.275000
510.125000
513.975000
517.825000
521.675000
525.525000
529.375000
533.225000
537.075000
540.925000
544.775000
548.625000
552.475000
556.325000
560.175000
564.025000
567.875000
571.725000
575.575000
579.425000
583.275000
587.125000
590.975000
594.825000
598.675000
602.525000
606.375000
610.225000
614.075000
617.925000
621.775000
625.625000
629.475000
633.325000
637.175000
641.025000
644.875000
648.725000
652.575000
656.425000
660.275000
664.125000
667.975000
671.825000
675.675000
679.525000
683.375000
687.225000
691.075000
694.925000
698.775000
702.625000
706.475000
710.325000
714.175000
718.025000
721.875000
725.725000
729.575000
733.425000
737.275000
741.125000
744.975000
748.825000
752.675000
756.525000
760.375000
764.225000
768.075000
771.925000
775.775000
779.625000
783.475000
787.325000
791.175000
795.025000
798.875000
802.725000
806.575000
810.425000
814.275000
818.125000
821.975000
825.825000
829.675000
833.525000
837.375000
841.225000
845.075000
848.925000
852.775000
856.625000
860.475000
864.325000
868.175000
872.025000
875.875000
879.725000
883.575000
887.425000
891.275000
895.125000
898.975000
902.825000
906.675000
910.525000
914.375000
918.225000
922.075000
925.925000
929.775000
933.625000
937.475000
941.325000
945.175000
949.025000
952.875000
956.725000
960.575000
964.425000
968.275000
972.125000
975.975000
979.825000
983.675000
987.525000
991.375000
995.225000
999.075000
1002.925000
1006.775000
1010.625000
1014.475000
1018.325000
1022.175000
1026.025000
1029.875000
1033.725000
1037.575000
1041.425000
1045.275000
1049.125000
1052.975000
1056.825000
1060.675000
1064.525000
1068.375000
1072.225000
1076.075000
1079.925000
1083.775000
1087.625000
1091.475000
1095.325000
1099.175000
1103.025000
1106.875000
1110.725000
1114.575000
1118.425000
1122.275000
1126.125000
1129.975000
1133.825000
1137.675000
1141.525000
1145.375000
1149.225000
1153.075000
1156.925000
1160.775000
1164.625000
1168.475000
1172.325000
1176.175000
1180.025000
1183.875000
1187.725000
1191.575000
1195.425000
1199.275000
1203.125000
1206.975000
1210.825000
1214.675000
1218.525000
1222.375000
1226.225000
1230.075000
1233.925000
1237.775000
1241.625000
1245.475000
1249.325000
1253.175000
1257.025000
1260.875000
1264.725000
1268.575000
1272.425000
1276.275000
1280.125000
1283.975000
1287.825000
1291.675000
1295.525000
1299.375000
1303.225000
1307.075000
1310.925000
1314.775000
1318.625000
1322.475000
1326.325000
1330.175000
1334.025000
1337.875000
1341.725000
1345.575000
1349.425000
1353.275000
1357.125000
1360.975000
1364.825000
1368.675000
1372.525000
1376.375000
1380.225000
1384.075000
1387.925000
1391.775000
1395.625000
1399.475000
1403.325000
1407.175000
1411.025000
1414.875000
1418.725000
1422.575000
1426.425000
1430.275000
1434.125000
1437.975000
1441.825000
1445.675000
1449.525000
1453.375000
1457.225000
1461.075000
1464.925000
1468.775000
1472.625000
1476.475000
1480.325000
1484.175000
1488.025000
1491.875000
1495.725000
1499.575000
1503.425000
1507.275000
1511.125000
1514.975000
1518.825000
1522.675000
1526.525000
1530.375000
1534.225000
1538.075000
1541.925000
1545.775000
1549.625000
1553.475000
1557.325000
1561.175000
1565.025000
1568.875000
1572.725000
1576.575000
1580.425000
1584.275000
1588.125000
1591.975000
1595.825000
1599.675000
1603.525000
1607.375000
1611.225000
1615.075000
1618.925000
1622.775000
1626.625000
1630.475000
1634.325000
1638.175000
1642.025000
1645.875000
1649.725000
1653.575000
1657.425000
1661.275000
1665.125000
1668.975000
1672.825000
1676.675000
1680.525000
1684.375000
1688.225000
1692.075000
1695.925000
1699.775000
1703.625000
1707.475000
1711.325000
1715.175000
1719.025000
1722.875000
1726.725000
1730.575000
1734.425000
1738.275000
1742.125000
1745.975000
1749.825000
1753.675000
1757.525000
1761.375000
1765.225000
1769.075000
1772.925000
1776.775000
1780.625000
1784.475000
1788.325000
1792.175000
1796.025000
1799.875000
1803.725000
1807.575000
1811.425000
1815.275000
1819.125000
1822.975000
1826.825000
1830.675000
1834.525000
1838.375000
1842.225000
1846.075000
1849.925000
1853.775000
1857.625000
1861.475000
1865.325000
1869.175000
1873.025000
1876.875000
1880.725000
1884.575000
1888.425000
1892.275000
1896.125000
1899.975000
1903.825000
1907.675000
1911.525000
1915.375000
1919.225000
1923.075000
1926.925000
1930.775000
1934.625000
1938.475000
1942.325000
1946.175000
1950.025000
1953.875000
1957.725000
1961.575000
1965.425000
1969.275000
1973.125000
1976.975000
1980.825000
1984.675000
1988.525000
1992.375000
1996.225000
2000.075000
2003.925000
2007.775000
2011.625000
2015.475000
2019.325000
2023.175000
2027.025000
2030.875000
2034.725000
2038.575000
2042.425000
2046.275000
2050.125000
2053.975000
2057.825000
2061.675000
2065.525000
2069.375000
2073.225000
2077.075000
2080.925000
2084.775000
2088.625000
2092.475000
2096.325000
2100.175000
2104.025000
2107.875000
2111.725000
2115.575000
2119.425000
2123.275000
2127.125000
2130.975000
2134.825000
2138.675000
2142.525000
2146.375000
2150.225000
2154.075000
2157.925000
2161.775000
2165.625000
2169.475000
2173.325000
2177.175000
2181.025000
2184.875000
2188.725000
2192.575000
2196.425000
2200.275000
2204.125000
2207.975000
2211.825000
2215.675000
2219.525000
2223.375000
2227.225000
2231.075000
2234.925000
2238.775000
2242.625000
2246.475000
2250.325000
2254.175000
2258.025000
2261.875000
2265.725000
2269.575000
2273.425000
2277.275000
2281.125000
2284.975000
2288.825000
2292.675000
2296.525000
2300.375000
2304.225000
2308.075000
2311.925000
2315.775000
2319.625000
2323.475000
2327.325000
2331.175000
2335.025000
2338.875000
2342.725000
2346.575000
2350.425000
2354.275000
2358.125000
2361.975000
2365.825000
2369.675000
2373.525000
2377.375000
2381.225000
2385.075000
2388.925000
2392.775000
2396.625000
2400.475000
2404.325000
2408.175000
2412.025000
2415.875000
2419.725000
2423.575000
2427.425000
2431.275000
2435.125000
2438.975000
2442.825000
2446.675000
2450.525000
2454.375000
2458.225000
2462.075000
2465.925000
2469.775000
2473.625000
2477.475000
2481.325000
2485.175000
2489.025000
2492.875000
2496.725000
2500.575000
2504.425000
2508.275000
2512.125000
2515.975000
2519.825000
2523.675000
2527.525000
2531.375000
2535.225000
2539.075000
2542.925000
2546.775000
2550.625000
2554.475000
2558.325000
2562.175000
2566.025000
2569.875000
2573.725000
2577.575000
2581.425000
2585.275000
2589.125000
2592.975000
2596.825000
2600.675000
2604.525000
2608.375000
2612.225000
2616.075000
2619.925000
2623.775000
2627.625000
2631.475000
2635.325000
2639.175000
2643.025000
2646.875000
2650.725000
2654.575000
2658.425000
2662.275000
2666.125000
2669.975000
2673.825000
2677.675000
2681.525000
2685.375000
2689.225000
2693.075000
2696.925000
2700.775000
2704.625000
2708.475000
2712.325000
2716.175000
2720.025000
2723.875000
2727.725000
2731.575000
2735.425000
2739.275000
2743.125000
2746.975000
2750.825000
2754.675000
2758.525000
2762.375000
2766.225000
2770.075000
2773.925000
2777.775000
2781.625000
2785.475000
2789.325000
2793.175000
2797.025000
2800.875000
2804.725000
2808.575000
2812.425000
2816.275000
2820.125000
2823.975000
2827.825000
2831.675000
2835.525000
2839.375000
2843.225000
2847.075000
2850.925000
2854.775000
2858.625000
2862.475000
2866.325000
2870.175000
2874.025000
2877.875000
2881.725000
2885.575000
2889.425000
2893.275000
2897.125000
2900.975000
2904.825000
2908.675000
2912.525000
2916.375000
2920.225000
2927.925000
2931.775000
2935.625000
2939.475000
2943.325000
2947.175000
2951.025000
2954.875000
2958.725000
2962.575000
2966.425000
2970.275000
2974.125000
2977.975000
2981.825000
2985.675000
2989.525000
2993.375000
2997.225000
