0.000000
0.364000
0.728000
1.092000
1.456000
1.820000
2.184000
2.548000
2.912000
3.276000
3.640000
4.004000
4.368000
4.732000
5.096000
5.460000
5.824000
6.188000
6.552000
6.916000
7.280000
7.644000
8.008000
8.372000
8.736000
9.100000
9.464000
9.828000
10.192000
10.556000
10.920000
11.284000
11.648000
12.012000
12.376000
12.740000
13.104000
13.468000
13.832000
14.196000
14.560000
14.924000
15.288000
15.652000
16.016000
16.380000
16.744000
17.108000
17.472000
17.836000
18.200000
18.564000
18.928000
19.292000
19.656000
20.020000
20.384000
20.748000
21.112000
21.476000
21.840000
22.204000
22.568000
22.932000
23.296000
23.660000
24.024000
24.388000
24.752000
25.116000
25.480000
25.844000
26.208000
26.572000
26.936000
27.300000
27.664000
28.028000
28.392000
28.756000
29.120000
29.484000
29.848000
30.212000
30.576000
30.940000
31.304000
31.668000
32.032000
32.396000
32.760000
33.124000
33.488000
33.852000
34.216000
34.580000
34.944000
35.308000
35.672000
36.036000
36.400000
36.764000
37.128000
37.492000
37.856000
38.220000
38.584000
38.948000
39.312000
39.676000
40.040000
40.404000
40.768000
41.132000
41.496000
41.860000
42.224000
42.588000
42.952000
43.316000
43.680000
44.044000
44.408000
44.772000
45.136000
45.500000
45.864000
46.228000
46.592000
46.956000
47.320000
47.684000
48.048000
48.412000
48.776000
49.140000
49.504000
49.868000
50.232000
50.596000
50.960000
51.324000
51.688000
52.052000
52.416000
52.780000
53.144000
53.508000
53.872000
54.236000
54.600000
54.964000
55.328000
55.692000
56.056000
56.420000
56.784000
57.148000
57.512000
57.876000
58.240000
58.604000
58.968000
59.332000
59.696000
60.060000
60.424000
60.788000
61.152000
61.516000
61.880000
62.244000
62.608000
62.972000
63.336000
63.700000
64.064000
64.428000
64.792000
65.156000
65.520000
65.884000
66.248000
66.612000
66.976000
67.340000
67.704000
68.068000
68.432000
68.796000
69.160000
69.524000
69.888000
70.252000
70.616000
70.980000
71.344000
71.708000
72.072000
72.436000
72.800000
73.164000
73.528000
73.892000
74.256000
74.620000
74.984000
75.348000
75.712000
76.076000
76.440000
76.804000
77.168000
77.532000
77.896000
78.260000
78.624000
78.988000
79.352000
79.716000
80.080000
80.444000
80.808000
81.172000
81.536000
81.900000
82.264000
82.628000
82.992000
83.356000
83.720000
84.084000
84.448000
84.812000
85.176000
85.540000
85.904000
86.268000
86.632000
86.996000
87.360000
87.724000
88.088000
88.452000
88.816000
89.180000
89.544000
89.908000
90.272000
90.636000
91.000000
91.364000
91.728000
92.092000
92.456000
92.820000
93.184000
93.548000
93.912000
94.276000
94.640000
95.004000
95.368000
95.732000
96.096000
96.460000
96.824000
97.188000
97.552000
97.916000
98.280000
98.644000
99.008000
99.372000
99.736000
100.100000
100.464000
100.828000
101.192000
101.556000
101.920000
102.284000
102.648000
103.012000
103.376000
103.740000
104.104000
104.468000
104.832000
105.196000
105.560000
105.924000
106.288000
106.652000
107.016000
107.380000
107.744000
108.108000
108.472000
108.836000
109.200000
109.564000
109.928000
110.292000
110.656000
111.020000
111.384000
111.748000
112.112000
112.476000
112.840000
113.204000
113.568000
113.932000
114.296000
114.660000
115.024000
115.388000
115.752000
116.116000
116.480000
116.844000
117.208000
117.572000
117.936000
118.300000
118.664000
119.028000
119.392000
119.756000
120.120000
120.484000
120.848000
121.212000
121.576000
121.940000
122.304000
122.668000
123.032000
123.396000
123.760000
124.124000
124.488000
124.852000
125.216000
125.580000
125.944000
126.308000
126.672000
127.036000
127.400000
127.764000
128.128000
128.492000
128.856000
129.220000
129.584000
129.948000
130.312000
130.676000
131.040000
131.404000
131.768000
132.132000
132.496000
132.860000
133.224000
133.588000
133.952000
134.316000
134.680000
135.044000
135.408000
135.772000
136.136000
136.500000
136.864000
137.228000
137.592000
137.956000
138.320000
138.684000
139.048000
139.412000
139.776000
140.140000
140.504000
140.868000
141.232000
141.596000
141.960000
142.324000
142.688000
143.052000
143.416000
143.780000
144.144000
144.508000
144.872000
145.236000
145.600000
145.964000
146.328000
146.692000
147.056000
147.420000
147.784000
148.148000
148.512000
148.876000
149.240000
149.604000
149.968000
150.332000
150.696000
151.060000
151.424000
151.788000
152.152000
152.516000
152.880000
153.244000
153.608000
153.972000
154.336000
154.700000
155.064000
155.428000
155.792000
156.156000
156.520000
156.884000
157.248000
157.612000
157.976000
158.340000
158.704000
159.068000
159.432000
159.796000
160.160000
160.524000
160.888000
161.252000
161.616000
161.980000
162.344000
162.708000
163.072000
163.436000
163.800000
164.164000
164.528000
164.892000
165.256000
165.620000
165.984000
166.348000
166.712000
167.076000
167.440000
167.804000
168.168000
168.532000
168.896000
169.260000
169.624000
169.988000
170.352000
170.716000
171.080000
171.444000
171.808000
172.172000
172.536000
172.900000
173.264000
173.628000
173.992000
174.356000
174.720000
175.084000
175.448000
175.812000
176.176000
176.540000
176.904000
177.268000
177.632000
177.996000
178.360000
178.724000
179.088000
179.452000
179.816000
180.180000
180.544000
180.908000
181.272000
181.636000
182.000000
182.364000
182.728000
183.092000
183.456000
183.820000
184.184000
184.548000
184.912000
185.276000
185.640000
186.004000
186.368000
186.732000
187.096000
187.460000
187.824000
188.188000
188.552000
188.916000
189.280000
189.644000
190.008000
190.372000
190.736000
191.100000
191.464000
191.828000
192.192000
192.556000
192.920000
193.284000
193.648000
194.012000
194.376000
194.740000
195.104000
195.468000
195.832000
196.196000
196.560000
196.924000
197.288000
197.652000
198.016000
198.380000
198.744000
199.108000
199.472000
199.836000
200.200000
200.564000
200.928000
201.292000
201.656000
202.020000
202.384000
202.748000
203.112000
203.476000
203.840000
204.204000
204.568000
204.932000
205.296000
205.660000
206.024000
206.388000
206.752000
207.116000
207.480000
207.844000
208.208000
208.572000
208.936000
209.300000
209.664000
210.028000
210.392000
210.756000
211.120000
211.484000
211.848000
212.212000
212.576000
212.940000
213.304000
213.668000
214.032000
214.396000
214.760000
215.124000
215.488000
215.852000
216.216000
216.580000
216.944000
217.308000
217.672000
218.036000
218.400000
218.764000
219.128000
219.492000
219.856000
220.220000
220.584000
220.948000
221.312000
221.676000
222.040000
222.404000
222.768000
223.132000
223.496000
223.860000
224.224000
224.588000
224.952000
225.316000
225.680000
226.044000
226.408000
226.772000
227.136000
227.500000
227.864000
228.228000
228.592000
228.956000
229.320000
229.684000
230.048000
230.412000
230.776000
231.140000
231.504000
231.868000
232.232000
232.596000
232.960000
233.324000
233.688000
234.052000
234.416000
234.780000
235.144000
235.508000
235.872000
236.236000
236.600000
236.964000
237.328000
237.692000
238.056000
238.420000
238.784000
239.148000
239.512000
239.876000
240.240000
240.604000
240.968000
241.332000
241.696000
242.060000
242.424000
242.788000
243.152000
243.516000
243.880000
244.244000
244.608000
244.972000
245.336000
245.700000
246.064000
246.428000
246.792000
247.156000
247.520000
247.884000
248.248000
248.612000
248.976000
249.340000
249.704000
250.068000
250.432000
250.796000
251.160000
251.524000
251.888000
252.252000
252.616000
252.980000
253.344000
253.708000
254.072000
254.436000
254.800000
255.164000
255.528000
255.892000
256.256000
256.620000
256.984000
257.348000
257.712000
258.076000
258.440000
258.804000
259.168000
259.532000
259.896000
260.260000
260.624000
260.988000
261.352000
261.716000
262.080000
262.444000
262.808000
263.172000
263.536000
263.900000
264.264000
264.628000
264.992000
265.356000
265.720000
266.084000
266.448000
266.812000
267.176000
267.540000
267.904000
268.268000
268.632000
268.996000
269.360000
269.724000
270.088000
270.452000
270.816000
271.180000
271.544000
271.908000
272.272000
272.636000
273.000000
273.364000
273.728000
274.092000
274.456000
274.820000
275.184000
275.548000
275.912000
276.276000
276.640000
277.004000
277.368000
277.732000
278.096000
278.460000
278.824000
279.188000
279.552000
279.916000
280.280000
280.644000
281.008000
281.372000
281.736000
282.100000
282.464000
282.828000
283.192000
283.556000
283.920000
284.284000
284.648000
285.012000
285.376000
285.740000
286.104000
286.468000
286.832000
287.196000
287.560000
287.924000
288.288000
288.652000
289.016000
289.380000
289.744000
290.108000
290.472000
290.836000
291.200000
291.564000
291.928000
292.292000
292.656000
293.020000
293.384000
293.748000
294.112000
294.476000
294.840000
295.204000
295.568000
295.932000
296.296000
296.660000
297.024000
297.388000
297.752000
298.116000
298.480000
298.844000
299.208000
299.572000
299.936000
300.300000
300.664000
301.028000
301.392000
301.756000
302.120000
302.484000
302.848000
303.212000
303.576000
303.940000
304.304000
304.668000
305.032000
305.396000
305.760000
306.124000
306.488000
306.852000
307.216000
307.580000
307.944000
308.308000
308.672000
309.036000
309.400000
309.764000
310.128000
310.492000
310.856000
311.220000
311.584000
311.948000
312.312000
312.676000
313.040000
313.404000
313.768000
314.132000
314.496000
314.860000
315.224000
315.588000
315.952000
316.316000
316.680000
317.044000
317.408000
317.772000
318.136000
318.500000
318.864000
319.228000
319.592000
319.956000
320.320000
320.684000
321.048000
321.412000
321.776000
322.140000
322.504000
322.868000
323.232000
323.596000
323.960000
324.324000
324.688000
325.052000
325.416000
325.780000
326.144000
326.508000
326.872000
327.236000
327.600000
327.964000
328.328000
328.692000
329.056000
329.420000
329.784000
330.148000
330.512000
330.876000
331.240000
331.604000
331.968000
332.332000
332.696000
333.060000
333.424000
333.788000
334.152000
334.516000
334.880000
335.244000
335.608000
335.972000
336.336000
336.700000
337.064000
337.428000
337.792000
338.156000
338.520000
338.884000
339.248000
339.612000
339.976000
340.340000
340.704000
341.068000
341.432000
341.796000
342.160000
342.524000
342.888000
343.252000
343.616000
343.980000
344.344000
344.708000
345.072000
345.436000
345.800000
346.164000
346.528000
346.892000
347.256000
347.620000
347.984000
348.348000
348.712000
349.076000
349.440000
349.804000
350.168000
350.532000
350.896000
351.260000
351.624000
351.988000
352.352000
352.716000
353.080000
353.444000
353.808000
354.172000
354.536000
354.900000
355.264000
355.628000
355.992000
356.356000
356.720000
357.084000
357.448000
357.812000
358.176000
358.540000
358.904000
359.268000
359.632000
359.996000
360.360000
360.724000
361.088000
361.452000
361.816000
362.180000
362.544000
362.908000
363.272000
363.636000
364.000000
