1.299500000000000099e+00
1.322500000000000009e+00
1.345499999999999918e+00
1.368500000000000050e+00
1.391499999999999959e+00
1.414499999999999869e+00
1.437500000000000000e+00
1.460500000000000131e+00
1.483500000000000041e+00
1.506499999999999950e+00
1.529500000000000082e+00
1.552499999999999991e+00
1.575499999999999901e+00
1.598500000000000032e+00
1.621500000000000163e+00
1.644499999999999851e+00
1.667499999999999982e+00
1.690500000000000114e+00
1.713500000000000023e+00
1.736499999999999932e+00
1.759500000000000064e+00
1.782499999999999973e+00
1.805499999999999883e+00
1.828500000000000014e+00
1.851500000000000146e+00
1.874499999999999833e+00
1.897499999999999964e+00
1.920500000000000096e+00
1.943500000000000005e+00
1.966499999999999915e+00
1.989500000000000046e+00
2.012500000000000178e+00
2.035499999999999865e+00
2.058499999999999996e+00
2.081500000000000128e+00
2.104499999999999815e+00
2.127499999999999947e+00
2.150500000000000078e+00
2.173499999999999766e+00
2.196500000000000341e+00
2.219500000000000028e+00
2.242499999999999716e+00
2.265500000000000291e+00
2.288499999999999979e+00
2.311499999999999666e+00
2.334500000000000242e+00
2.357499999999999929e+00
2.380500000000000060e+00
2.403500000000000192e+00
2.426499999999999879e+00
2.449500000000000011e+00
2.472500000000000142e+00
2.495499999999999829e+00
2.518499999999999961e+00
2.541500000000000092e+00
2.564499999999999780e+00
2.587500000000000355e+00
2.610500000000000043e+00
2.633499999999999730e+00
2.656500000000000306e+00
2.679499999999999993e+00
2.702499999999999680e+00
2.725500000000000256e+00
2.748499999999999943e+00
2.771499999999999631e+00
2.794500000000000206e+00
2.817499999999999893e+00
2.840500000000000025e+00
2.863500000000000156e+00
2.886499999999999844e+00
2.909499999999999975e+00
2.932500000000000107e+00
2.955499999999999794e+00
2.978500000000000369e+00
3.001500000000000057e+00
3.024499999999999744e+00
3.047500000000000320e+00
3.070500000000000007e+00
3.093499999999999694e+00
3.116500000000000270e+00
3.139499999999999957e+00
3.162499999999999645e+00
3.185500000000000220e+00
3.208499999999999908e+00
3.231500000000000039e+00
3.254500000000000171e+00
3.277499999999999858e+00
3.300499999999999989e+00
3.323500000000000121e+00
3.346499999999999808e+00
3.369499999999999940e+00
3.392500000000000071e+00
3.415499999999999758e+00
3.438500000000000334e+00
3.461500000000000021e+00
3.484499999999999709e+00
3.507500000000000284e+00
3.530499999999999972e+00
3.553499999999999659e+00
3.576500000000000234e+00
3.599499999999999922e+00
3.622500000000000053e+00
3.645500000000000185e+00
3.668499999999999872e+00
3.691500000000000004e+00
3.714500000000000135e+00
3.737499999999999822e+00
3.760499999999999954e+00
3.783500000000000085e+00
3.806499999999999773e+00
3.829500000000000348e+00
3.852500000000000036e+00
3.875499999999999723e+00
3.898500000000000298e+00
3.921499999999999986e+00
3.944499999999999673e+00
3.967500000000000249e+00
3.990499999999999936e+00
4.013500000000000512e+00
4.036500000000000199e+00
4.059499999999999886e+00
4.082499999999999574e+00
4.105500000000000149e+00
4.128499999999999837e+00
4.151500000000000412e+00
4.174500000000000099e+00
4.197499999999999787e+00
4.220499999999999474e+00
4.243500000000000050e+00
4.266499999999999737e+00
4.289500000000000313e+00
4.312500000000000000e+00
4.335499999999999687e+00
4.358500000000000263e+00
4.381499999999999950e+00
4.404500000000000526e+00
4.427500000000000213e+00
4.450499999999999901e+00
4.473499999999999588e+00
4.496500000000000163e+00
4.519499999999999851e+00
4.542500000000000426e+00
4.565500000000000114e+00
4.588499999999999801e+00
4.611499999999999488e+00
4.634500000000000064e+00
4.657499999999999751e+00
4.680500000000000327e+00
4.703500000000000014e+00
4.726499999999999702e+00
4.749500000000000277e+00
4.772499999999999964e+00
4.795500000000000540e+00
4.818500000000000227e+00
4.841499999999999915e+00
4.864499999999999602e+00
4.887500000000000178e+00
4.910499999999999865e+00
4.933500000000000441e+00
4.956500000000000128e+00
4.979499999999999815e+00
5.002499999999999503e+00
5.025500000000000078e+00
5.048499999999999766e+00
5.071500000000000341e+00
5.094500000000000028e+00
5.117499999999999716e+00
5.140499999999999403e+00
5.163499999999999979e+00
5.186500000000000554e+00
5.209500000000000242e+00
5.232499999999999929e+00
5.255499999999999616e+00
5.278500000000000192e+00
5.301499999999999879e+00
5.324500000000000455e+00
5.347500000000000142e+00
5.370499999999999829e+00
5.393499999999999517e+00
5.416500000000000092e+00
5.439499999999999780e+00
5.462500000000000355e+00
5.485500000000000043e+00
5.508499999999999730e+00
5.531499999999999417e+00
5.554499999999999993e+00
5.577500000000000568e+00
5.600500000000000256e+00
