0.000000
3.934000
7.868000
11.802000
15.736000
19.670000
23.604000
27.538000
31.472000
35.406000
39.340000
43.274000
47.208000
51.142000
55.076000
59.010000
62.944000
66.878000
70.812000
74.746000
78.680000
82.614000
86.548000
90.482000
94.416000
98.350000
102.284000
106.218000
110.152000
114.086000
118.020000
121.954000
125.888000
129.822000
133.756000
137.690000
141.624000
145.558000
149.492000
153.426000
157.360000
161.294000
165.228000
169.162000
173.096000
177.030000
180.964000
184.898000
188.832000
192.766000
196.700000
200.634000
204.568000
208.502000
212.436000
216.370000
220.304000
224.238000
228.172000
232.106000
236.040000
239.974000
243.908000
247.842000
251.776000
255.710000
259.644000
263.578000
267.512000
271.446000
275.380000
279.314000
283.248000
287.182000
291.116000
295.050000
298.984000
302.918000
306.852000
310.786000
314.720000
318.654000
322.588000
326.522000
330.456000
334.390000
338.324000
342.258000
346.192000
350.126000
354.060000
357.994000
361.928000
365.862000
369.796000
373.730000
377.664000
381.598000
385.532000
389.466000
393.400000
397.334000
401.268000
405.202000
409.136000
413.070000
417.004000
420.938000
424.872000
428.806000
432.740000
436.674000
440.608000
444.542000
448.476000
452.410000
456.344000
460.278000
464.212000
468.146000
472.080000
476.014000
479.948000
483.882000
487.816000
491.750000
495.684000
499.618000
503.552000
507.486000
511.420000
515.354000
519.288000
523.222000
527.156000
531.090000
535.024000
538.958000
542.892000
546.826000
550.760000
554.694000
558.628000
562.562000
566.496000
570.430000
574.364000
578.298000
582.232000
586.166000
590.100000
594.034000
597.968000
601.902000
605.836000
609.770000
613.704000
617.638000
621.572000
625.506000
629.440000
633.374000
637.308000
641.242000
645.176000
649.110000
653.044000
656.978000
660.912000
664.846000
668.780000
672.714000
676.648000
680.582000
684.516000
688.450000
692.384000
696.318000
700.252000
704.186000
708.120000
712.054000
715.988000
719.922000
723.856000
727.790000
731.724000
735.658000
739.592000
743.526000
747.460000
751.394000
755.328000
759.262000
763.196000
767.130000
771.064000
774.998000
778.932000
782.866000
786.800000
790.734000
794.668000
798.602000
802.536000
806.470000
810.404000
814.338000
818.272000
822.206000
826.140000
830.074000
834.008000
837.942000
841.876000
845.810000
849.744000
853.678000
857.612000
861.546000
865.480000
869.414000
873.348000
877.282000
881.216000
885.150000
889.084000
893.018000
896.952000
900.886000
904.820000
908.754000
912.688000
916.622000
920.556000
924.490000
928.424000
932.358000
936.292000
940.226000
944.160000
948.094000
952.028000
955.962000
959.896000
963.830000
967.764000
971.698000
975.632000
979.566000
983.500000
987.434000
991.368000
995.302000
999.236000
1003.170000
1007.104000
1011.038000
1014.972000
1018.906000
1022.840000
1026.774000
1030.708000
1034.642000
1038.576000
1042.510000
1046.444000
1050.378000
1054.312000
1058.246000
1062.180000
1066.114000
1070.048000
1073.982000
1077.916000
1081.850000
1085.784000
1089.718000
1093.652000
1097.586000
1101.520000
1105.454000
1109.388000
1113.322000
1117.256000
1121.190000
1125.124000
1129.058000
1132.992000
1136.926000
1140.860000
1144.794000
1148.728000
1152.662000
1156.596000
1160.530000
1164.464000
1168.398000
1172.332000
1176.266000
1180.200000
1184.134000
1188.068000
1192.002000
1195.936000
1199.870000
1203.804000
1207.738000
1211.672000
1215.606000
1219.540000
1223.474000
1227.408000
1231.342000
1235.276000
1239.210000
1243.144000
1247.078000
1251.012000
1254.946000
1258.880000
1262.814000
1266.748000
1270.682000
1274.616000
1278.550000
1282.484000
1286.418000
1290.352000
1294.286000
1298.220000
1302.154000
1306.088000
1310.022000
1313.956000
1317.890000
1321.824000
1325.758000
1329.692000
1333.626000
1337.560000
1341.494000
1345.428000
1349.362000
1353.296000
1357.230000
1361.164000
1365.098000
1369.032000
1372.966000
1376.900000
1380.834000
1384.768000
1388.702000
1392.636000
1396.570000
1400.504000
1404.438000
1408.372000
1412.306000
1416.240000
1420.174000
1424.108000
1428.042000
1431.976000
1435.910000
1439.844000
1443.778000
1447.712000
1451.646000
1455.580000
1459.514000
1463.448000
1467.382000
1471.316000
1475.250000
1479.184000
1483.118000
1487.052000
1490.986000
1494.920000
1498.854000
1502.788000
1506.722000
1510.656000
1514.590000
1518.524000
1522.458000
1526.392000
1530.326000
1534.260000
1538.194000
1542.128000
1546.062000
1549.996000
1553.930000
1557.864000
1561.798000
1565.732000
1569.666000
1573.600000
1577.534000
1581.468000
1585.402000
1589.336000
1593.270000
1597.204000
1601.138000
1605.072000
1609.006000
1612.940000
1616.874000
1620.808000
1624.742000
1628.676000
1632.610000
1636.544000
1640.478000
1644.412000
1648.346000
1652.280000
1656.214000
1660.148000
1664.082000
1668.016000
1671.950000
1675.884000
1679.818000
1683.752000
1687.686000
1691.620000
1695.554000
1699.488000
1703.422000
1707.356000
1711.290000
1715.224000
1719.158000
1723.092000
1727.026000
1730.960000
1734.894000
1738.828000
1742.762000
1746.696000
1750.630000
1754.564000
1758.498000
1762.432000
1766.366000
1770.300000
1774.234000
1778.168000
1782.102000
1786.036000
1789.970000
1793.904000
1797.838000
1801.772000
1805.706000
1809.640000
1813.574000
1817.508000
1821.442000
1825.376000
1829.310000
1833.244000
1837.178000
1841.112000
1845.046000
1848.980000
1852.914000
1856.848000
1860.782000
1864.716000
1868.650000
1872.584000
1876.518000
1880.452000
1884.386000
1888.320000
1892.254000
1896.188000
1900.122000
1904.056000
1907.990000
1911.924000
1915.858000
1919.792000
1923.726000
1927.660000
1931.594000
1935.528000
1939.462000
1943.396000
1947.330000
1951.264000
1955.198000
1959.132000
1963.066000
1967.000000
1970.934000
1974.868000
1978.802000
1982.736000
1986.670000
1990.604000
1994.538000
1998.472000
2002.406000
2006.340000
2010.274000
2014.208000
2018.142000
2022.076000
2026.010000
2029.944000
2033.878000
2037.812000
2041.746000
2045.680000
2049.614000
2053.548000
2057.482000
2061.416000
2065.350000
2069.284000
2073.218000
2077.152000
2081.086000
2085.020000
2088.954000
2092.888000
2096.822000
2100.756000
2104.690000
2108.624000
2112.558000
2116.492000
2120.426000
2124.360000
2128.294000
2132.228000
2136.162000
2140.096000
2144.030000
2147.964000
2151.898000
2155.832000
2159.766000
2163.700000
2167.634000
2171.568000
2175.502000
2179.436000
2183.370000
2187.304000
2191.238000
2195.172000
2199.106000
2203.040000
2206.974000
2210.908000
2214.842000
2218.776000
2222.710000
2226.644000
2230.578000
2234.512000
2238.446000
2242.380000
2246.314000
2250.248000
2254.182000
2258.116000
2262.050000
2265.984000
2269.918000
2273.852000
2277.786000
2281.720000
2285.654000
2289.588000
2293.522000
2297.456000
2301.390000
2305.324000
2309.258000
2313.192000
2317.126000
2321.060000
2324.994000
2328.928000
2332.862000
2336.796000
2340.730000
2344.664000
2348.598000
2352.532000
2356.466000
2360.400000
2364.334000
2368.268000
2372.202000
2376.136000
2380.070000
2384.004000
2387.938000
2391.872000
2395.806000
2399.740000
2403.674000
2407.608000
2411.542000
2415.476000
2419.410000
2423.344000
2427.278000
2431.212000
2435.146000
2439.080000
2443.014000
2446.948000
2450.882000
2454.816000
2458.750000
2462.684000
2466.618000
2470.552000
2474.486000
2478.420000
2482.354000
2486.288000
2490.222000
2494.156000
2498.090000
2502.024000
2505.958000
2509.892000
2513.826000
2517.760000
2521.694000
2525.628000
2529.562000
2533.496000
2537.430000
2541.364000
2545.298000
2549.232000
2553.166000
2557.100000
2561.034000
2564.968000
2568.902000
2572.836000
2576.770000
2580.704000
2584.638000
2588.572000
2592.506000
2596.440000
2600.374000
2604.308000
2608.242000
2612.176000
2616.110000
2620.044000
2623.978000
2627.912000
2631.846000
2635.780000
2639.714000
2643.648000
2647.582000
2651.516000
2655.450000
2659.384000
2663.318000
2667.252000
2671.186000
2675.120000
2679.054000
2682.988000
2686.922000
2690.856000
2694.790000
2698.724000
2702.658000
2706.592000
2710.526000
2714.460000
2718.394000
2722.328000
2726.262000
2730.196000
2734.130000
2738.064000
2741.998000
2745.932000
2749.866000
2753.800000
2757.734000
2761.668000
2765.602000
2769.536000
2773.470000
2777.404000
2781.338000
2785.272000
2789.206000
2793.140000
2797.074000
2801.008000
2804.942000
2808.876000
2812.810000
2816.744000
2820.678000
2824.612000
2828.546000
2832.480000
2836.414000
2840.348000
2844.282000
2848.216000
2852.150000
2856.084000
2860.018000
2863.952000
2867.886000
2871.820000
2875.754000
2879.688000
2883.622000
2887.556000
2891.490000
2895.424000
2899.358000
2903.292000
2907.226000
2911.160000
2915.094000
2919.028000
2922.962000
2926.896000
2930.830000
2934.764000
2938.698000
2942.632000
2946.566000
2950.500000
2954.434000
2958.368000
2962.302000
2966.236000
2970.170000
2974.104000
2978.038000
2981.972000
2985.906000
2989.840000
2993.774000
2997.708000
3001.642000
3005.576000
3009.510000
3013.444000
3017.378000
3021.312000
3025.246000
3029.180000
3033.114000
3037.048000
3040.982000
3044.916000
3048.850000
3052.784000
3056.718000
3060.652000
3064.586000
3068.520000
3072.454000
3076.388000
3080.322000
3084.256000
3088.190000
3092.124000
3096.058000
3099.992000
3103.926000
3107.860000
3111.794000
3115.728000
3119.662000
3123.596000
3127.530000
3131.464000
3135.398000
3139.332000
3143.266000
3147.200000
3151.134000
3155.068000
3159.002000
3162.936000
3166.870000
3170.804000
3174.738000
3178.672000
3182.606000
3186.540000
3190.474000
3194.408000
3198.342000
3202.276000
3206.210000
3210.144000
3214.078000
3218.012000
3221.946000
3225.880000
3229.814000
3233.748000
3237.682000
3241.616000
3245.550000
3249.484000
3253.418000
3257.352000
3261.286000
3265.220000
3269.154000
3273.088000
3277.022000
3280.956000
3284.890000
3288.824000
3292.758000
3296.692000
3300.626000
3304.560000
3308.494000
3312.428000
3316.362000
3320.296000
3324.230000
3328.164000
3332.098000
3336.032000
3339.966000
3343.900000
3347.834000
3351.768000
3355.702000
3359.636000
3363.570000
3367.504000
3371.438000
3375.372000
3379.306000
3383.240000
3387.174000
3391.108000
3395.042000
3398.976000
3402.910000
3406.844000
3410.778000
3414.712000
3418.646000
3422.580000
3426.514000
3430.448000
3434.382000
3438.316000
3442.250000
3446.184000
3450.118000
3454.052000
3457.986000
3461.920000
3465.854000
3469.788000
3473.722000
3477.656000
3481.590000
3485.524000
3489.458000
3493.392000
3497.326000
3501.260000
3505.194000
3509.128000
3513.062000
3516.996000
3520.930000
3524.864000
3528.798000
3532.732000
3536.666000
3540.600000
3544.534000
3548.468000
3552.402000
3556.336000
3560.270000
3564.204000
3568.138000
3572.072000
3576.006000
3579.940000
3583.874000
3587.808000
3591.742000
3595.676000
3599.610000
3603.544000
3607.478000
3611.412000
3615.346000
3619.280000
3623.214000
3627.148000
3631.082000
3635.016000
3638.950000
3642.884000
3646.818000
3650.752000
3654.686000
3658.620000
3662.554000
3666.488000
3670.422000
3674.356000
3678.290000
3682.224000
3686.158000
3690.092000
3694.026000
3697.960000
3701.894000
3705.828000
3709.762000
3713.696000
3717.630000
3721.564000
3725.498000
3729.432000
3733.366000
3737.300000
3741.234000
3745.168000
3749.102000
3753.036000
3756.970000
3760.904000
3764.838000
3768.772000
3772.706000
3776.640000
3780.574000
3784.508000
3788.442000
3792.376000
3796.310000
3800.244000
3804.178000
3808.112000
3812.046000
3815.980000
3819.914000
3823.848000
3827.782000
3831.716000
3835.650000
3839.584000
3843.518000
3847.452000
3851.386000
3855.320000
3859.254000
3863.188000
3867.122000
3871.056000
3874.990000
3878.924000
3882.858000
3886.792000
3890.726000
3894.660000
3898.594000
3902.528000
3906.462000
3910.396000
3914.330000
3918.264000
3922.198000
3926.132000
3930.066000
3934.000000
