5.174181625156363000e+15
4.700117542896815000e+15
4.269101259478740000e+15
3.924112241159286000e+15
3.542517712715637000e+15
3.300639325125301000e+15
3.069261118875054000e+15
2.816075991092194000e+15
2.654470642689484000e+15
2.478629240735470000e+15
2.341082938470032000e+15
2.138558840428446000e+15
2.050363229370916000e+15
1.966907793513398000e+15
1.848610591330080000e+15
1.755675375975520000e+15
1.665337449351297000e+15
1.593943427540492000e+15
1.543542344491261000e+15
1.463507859175964000e+15
1.334402440838803000e+15
1.330217800205683000e+15
1.285771687831024000e+15
1.217697040048744000e+15
1.161849550114719000e+15
1.121622402281130000e+15
1.090213738278096000e+15
1.034718037862292000e+15
9.923302645219540000e+14
9.542825327566570000e+14
9.191318127494020000e+14
8.709711594294950000e+14
8.747918912107250000e+14
8.628001828874870000e+14
8.128926805034640000e+14
7.831146794922280000e+14
7.433847941130310000e+14
7.307254141516830000e+14
7.093445910498360000e+14
6.821547738793590000e+14
6.641552246804980000e+14
6.494997441620410000e+14
6.444998361698380000e+14
6.295263173502790000e+14
5.830077012539150000e+14
5.560628821205760000e+14
5.621837640670930000e+14
5.527997903389480000e+14
5.257491048227310000e+14
5.271939756228520000e+14
4.920026262658140000e+14
4.903271787076670000e+14
4.757512393678410000e+14
4.470759231518530000e+14
4.391840828980640000e+14
4.487435529334640000e+14
4.201412160874980000e+14
4.176863583543290000e+14
3.904673570721850000e+14
3.979429724857910000e+14
3.804123496830210000e+14
3.897712536929070000e+14
3.728812654107460000e+14
3.665807007804880000e+14
3.426325681366840000e+14
3.368344235076620000e+14
3.473246752551580000e+14
3.304066647642140000e+14
3.245117558179230000e+14
3.130426903481550000e+14
3.116977531810250000e+14
2.992012879420770000e+14
2.850586060294330000e+14
2.910515439089600000e+14
2.810053363891280000e+14
2.743638644118940000e+14
2.857543078492290000e+14
2.536983420183710000e+14
2.571506401660680000e+14
2.399867298607750000e+14
2.446892058553280000e+14
2.403349090168770000e+14
2.453320050851630000e+14
2.324428447829550000e+14
2.308706647231700000e+14
2.240582592724380000e+14
2.081237545256480000e+14
2.055236383257960000e+14
2.135535974435090000e+14
1.929795862459480000e+14
1.944586245225860000e+14
1.849048411422590000e+14
1.991950402917670000e+14
1.906769236653230000e+14
1.902817189259810000e+14
1.803203366182440000e+14
1.624838065493480000e+14
1.673528407711390000e+14
1.763018717008660000e+14
1.566004422542710000e+14
1.674417961529250000e+14
1.671832614935770000e+14
1.621308876399200000e+14
1.475305201520390000e+14
1.580365834929890000e+14
1.430830962143750000e+14
1.559661293471230000e+14
1.466477227718690000e+14
1.518648935436830000e+14
1.397716929959910000e+14
1.385329907541000000e+14
1.328232769465530000e+14
1.375813762034120000e+14
1.371606743542970000e+14
1.309366383859310000e+14
1.293292669824610000e+14
1.269059396545730000e+14
1.249111490939940000e+14
1.141703716161990000e+14
1.173289216413350000e+14
1.183553236619960000e+14
1.172321421416190000e+14
1.029412973555690000e+14
1.088121847830540000e+14
1.088879351065530000e+14
1.147825467611790000e+14
1.044455512805990000e+14
9.764199438540400000e+13
1.037064129733310000e+14
9.665561557175200000e+13
9.863662601044100000e+13
9.499436187677300000e+13
9.379633187126900000e+13
9.527515539318100000e+13
8.381193747886300000e+13
9.197187931032200000e+13
8.790668947217000000e+13
8.791925368446600000e+13
8.234197244891300000e+13
7.466250446091300000e+13
8.134116584146900000e+13
8.180530252968700000e+13
8.125234882892700000e+13
7.639285855911400000e+13
8.178959824614000000e+13
7.166446890369300000e+13
7.067940738187300000e+13
7.959020050644300000e+13
6.922584072465900000e+13
6.668203939369900000e+13
6.862509088371300000e+13
6.491040128813300000e+13
6.914881140047700000e+13
6.432767582512000000e+13
5.959681772053900000e+13
6.569059123398000000e+13
6.426458483075600000e+13
6.639367724431900000e+13
6.271121520619800000e+13
6.008715911606400000e+13
5.997109928904800000e+13
5.742094581425700000e+13
5.808833378928000000e+13
5.745357418478700000e+13
5.645196313337200000e+13
5.336838101020600000e+13
5.666844580655000000e+13
4.699257430231500000e+13
5.312680593895900000e+13
5.524318641119900000e+13
4.599718036832700000e+13
4.348840429516100000e+13
4.371776718302800000e+13
5.105623696181700000e+13
4.769318119230400000e+13
4.520333981146500000e+13
4.859698138738500000e+13
4.560992609737300000e+13
4.353363719238600000e+13
4.362664552334000000e+13
3.922988755668100000e+13
3.620975414970500000e+13
4.866204851588500000e+13
3.883393041931900000e+13
4.201514281045100000e+13
3.661275922670700000e+13
3.616400793586200000e+13
3.590141622925400000e+13
3.666079149078200000e+13
3.526728411852200000e+13
3.324771860624600000e+13
3.668933892748800000e+13
3.558530334397900000e+13
3.168992904873200000e+13
3.376879671965800000e+13
3.261318384224000000e+13
3.453979761740600000e+13
3.194083432687500000e+13
3.445212209528900000e+13
3.375599245263700000e+13
3.062572015769500000e+13
3.116378941981800000e+13
2.856174181656700000e+13
2.762770663032600000e+13
2.960921075353200000e+13
2.621634855032100000e+13
2.451886261876900000e+13
2.461887610805300000e+13
2.919636474552100000e+13
2.445453047738300000e+13
2.956963974788700000e+13
2.630706164222000000e+13
2.614644731852000000e+13
2.197510158102900000e+13
2.473381343318200000e+13
2.265589501107900000e+13
2.453013991826500000e+13
2.449849213742300000e+13
2.102897451649700000e+13
2.361793012588900000e+13
1.940412133633700000e+13
1.921738289326800000e+13
2.131751463584200000e+13
2.124953484762700000e+13
2.185703333697100000e+13
2.059031291080800000e+13
1.850148199421700000e+13
1.971807701338500000e+13
2.443606684195800000e+13
2.376023647662500000e+13
1.608209190783000000e+13
1.807808703968400000e+13
1.477205423673800000e+13
1.636819497222400000e+13
1.782278243603900000e+13
1.497041733217800000e+13
1.860738742720600000e+13
1.813464665866800000e+13
1.470820472081400000e+13
1.636334580286100000e+13
1.436038985386000000e+13
1.873140147956800000e+13
1.926824567740100000e+13
1.797737818578400000e+13
1.413640008816700000e+13
1.591603539769000000e+13
1.446621539963900000e+13
1.149671137320000000e+13
1.366392651098500000e+13
1.246579380813100000e+13
1.236777228972500000e+13
1.288964406585900000e+13
1.318623507712900000e+13
1.373004827318300000e+13
1.193319081111400000e+13
1.274628203594200000e+13
1.098890858046100000e+13
1.378870067592700000e+13
1.039718965407200000e+13
9.072201630537000000e+12
1.120618876027000000e+13
1.344518122981400000e+13
1.167829668823000000e+13
1.071358114124000000e+13
1.151912902667800000e+13
1.152109105299000000e+13
9.861107887967000000e+12
1.066849771863900000e+13
9.259116085578000000e+12
1.189359927324700000e+13
1.000294385925200000e+13
1.003956814660300000e+13
8.104158689631000000e+12
7.836022181713000000e+12
9.272853113440000000e+12
7.547431197894000000e+12
9.561506989192000000e+12
7.155815947768000000e+12
8.545568807558000000e+12
8.956295213061000000e+12
7.782004545616000000e+12
7.277581813403000000e+12
7.510915945415000000e+12
6.636952743278000000e+12
5.154464336471000000e+12
6.775125792624000000e+12
8.859112002301000000e+12
6.722533649535000000e+12
5.770901867062000000e+12
7.145200096490000000e+12
8.919726916522000000e+12
6.444684575988000000e+12
4.518045961487000000e+12
6.042354844207000000e+12
8.679868457092000000e+12
6.071192607265000000e+12
7.909626897097000000e+12
6.481554249682000000e+12
7.090982611836000000e+12
5.667143097584000000e+12
6.080570302610000000e+12
7.830529081431000000e+12
6.179464666947000000e+12
4.851560006029000000e+12
7.506917681020000000e+12
5.459424063399000000e+12
4.413217456986000000e+12
3.188755973289000000e+12
5.244336188325000000e+12
4.225870639994000000e+12
4.169529983747000000e+12
6.866686891122000000e+12
3.510055636574000000e+12
5.006642608937000000e+12
5.644845474386000000e+12
4.660118355073000000e+12
6.851419570966000000e+12
3.687245674224000000e+12
4.371675122212000000e+12
5.174821856654000000e+12
4.698450585248000000e+12
5.014967074720000000e+12
4.104473100995000000e+12
4.582269890513000000e+12
5.652868717074000000e+12
3.619492270492000000e+12
4.489187832576000000e+12
4.355775243771000000e+12
4.362313617302000000e+12
3.159177183752000000e+12
2.345071711924000000e+12
4.016664354168000000e+12
5.546782599370000000e+12
3.422650886679000000e+12
4.293824643943000000e+12
3.049834925145000000e+12
2.909260383213000000e+12
2.633677147147000000e+12
4.469645126126000000e+12
2.945751191579000000e+12
3.102289993544000000e+12
3.421982880136000000e+12
3.665793877249000000e+12
2.697613951043000000e+12
2.609496986749000000e+12
3.505836573949000000e+12
3.076665743855000000e+12
2.620807483411000000e+12
3.410679259359000000e+12
2.754350189051000000e+12
1.865275819751000000e+12
1.924201010619000000e+12
2.814198810755000000e+12
1.982931553623000000e+12
2.602981221643000000e+12
3.050565864328000000e+12
3.031503731033000000e+12
3.022880959118000000e+12
2.877444245553000000e+12
1.757555246593000000e+12
1.878784017442000000e+12
2.380458208431000000e+12
2.627868711121000000e+12
1.800315905794000000e+12
2.806500014615000000e+12
2.631736321196000000e+12
2.326003220721000000e+12
2.107698714648000000e+12
2.276379944250000000e+12
2.433013958923000000e+12
2.971118748427000000e+12
2.351795360655000000e+12
1.572170128469000000e+12
2.289304752372000000e+12
2.134163685740000000e+12
1.520188207726000000e+12
1.170340961642000000e+12
2.024048563132000000e+12
1.252751589300000000e+12
1.556588802895000000e+12
1.324983556994000000e+12
3.307213901598000000e+12
2.017419429300000000e+12
2.857697667191000000e+12
1.467964721672000000e+12
1.881860315835000000e+12
1.796554519115000000e+12
1.195339307698000000e+12
2.123865714496000000e+12
2.413044138747000000e+12
2.504240333679000000e+12
2.400529035576000000e+12
2.224360363044000000e+12
7.061975394910000000e+11
1.265978532456000000e+12
3.870314099107000000e+12
2.355424372165000000e+12
1.890374598265000000e+12
7.107880421530000000e+11
1.776170127595000000e+12
9.639578105050000000e+11
2.034936436692000000e+12
1.389095591408000000e+12
1.202979969444000000e+12
1.375991032491000000e+12
6.518406482910000000e+11
1.773372853327000000e+12
2.020326715616000000e+12
1.129183033674000000e+12
1.852065449737000000e+12
9.255750772960000000e+11
1.017421201698000000e+12
1.612004292382000000e+12
6.837363788470000000e+11
2.067956295779000000e+12
1.191483017257000000e+12
1.642585050952000000e+12
3.582051593050000000e+11
8.374919201780000000e+11
1.443114438269000000e+12
1.007138444325000000e+12
1.534561908784000000e+12
2.049796351996000000e+12
9.526298630410000000e+11
8.237294342540000000e+11
1.734115924904000000e+12
4.715479217590000000e+11
6.030865401250000000e+11
1.608694375999000000e+12
8.930155672920000000e+11
1.134729149335000000e+12
1.679052328265000000e+12
4.198461879850000000e+11
5.795524464760000000e+11
5.691872447280000000e+11
1.669423067892000000e+12
1.164167920985000000e+12
4.298877011760000000e+11
1.911286371920000000e+11
6.365099216950000000e+11
1.419934215458000000e+12
2.336366761430000000e+11
8.189235403640000000e+11
8.604403475140000000e+11
1.502750631250000000e+11
4.272320507700000000e+11
5.126958211500000000e+11
7.427653799350000000e+11
1.600121965641000000e+12
6.833970682460000000e+11
1.482086345876000000e+12
8.563808719730000000e+11
1.881106412748000000e+12
6.922020389230000000e+11
3.951417616420000000e+11
7.097033000190000000e+11
2.911511366810000000e+11
1.493416618600000000e+11
5.138866862330000000e+11
3.954609302780000000e+11
1.532797545890000000e+11
4.316759804210000000e+11
1.038211165947000000e+12
1.282817210677000000e+12
1.018175049305000000e+12
1.380988078120000000e+11
3.842674820800000000e+11
9.554762894810000000e+11
1.332323686470000000e+11
5.375313177890000000e+11
7.912000903770000000e+11
3.677743453300000000e+11
1.197863609380000000e+11
1.044756337220000000e+12
8.164217143430000000e+11
2.296670418420000000e+11
3.950186884640000000e+11
4.040036791890000000e+11
1.958811867430000000e+11
1.090394389630000000e+11
1.396287275800000000e+11
4.200078520360000000e+11
7.476272850290000000e+11
1.459705577300000000e+11
2.048675053570000000e+11
8.551577993610000000e+11
1.472407978420000000e+11
9.523998098800000000e+10
5.347690650330000000e+11
4.304721584120000000e+11
7.041314890280000000e+11
6.760343423610000000e+11
7.269034353100000000e+11
7.310625710250000000e+11
2.598769645060000000e+11
1.137276196590000000e+11
8.675765542200000000e+10
4.791650972700000000e+10
4.331750177590000000e+11
1.007380382171000000e+12
1.565788684780000000e+11
2.128825195820000000e+11
8.487095246140000000e+11
8.277342109800000000e+10
4.348572949580000000e+11
1.695997867760000000e+11
5.528201239760000000e+11
5.932007736860000000e+11
8.931437210300000000e+10
4.200219230630000000e+11
5.794922641970000000e+11
9.995588686900000000e+11
1.127976439160000000e+11
3.240867943030000000e+11
6.529494928780000000e+11
5.211784115100000000e+10
1.134371925650000000e+11
5.889790702900000000e+10
4.132891921000000000e+10
8.931690677400000000e+10
5.138793929700000000e+10
9.329678745300000000e+10
6.696654837910000000e+11
3.492985975300000000e+10
3.067280185620000000e+11
4.472981540020000000e+11
6.159814645470000000e+11
1.010740196620000000e+11
8.856977747400000000e+10
3.070645874370000000e+11
3.413820230620000000e+11
3.837241593250000000e+11
3.496971964660000000e+11
2.991886390480000000e+11
6.941611583300000000e+10
3.960754951800000000e+10
3.277653722630000000e+11
1.100391468510000000e+11
1.956698240990000000e+11
3.270027232910000000e+11
9.156104819300000000e+10
3.797071621300000000e+10
3.223395420600000000e+10
1.239670346170000000e+11
2.542665348380000000e+11
5.768941517900000000e+10
3.559895659600000000e+10
1.415851124390000000e+11
1.990583814100000000e+10
3.130802644000000000e+11
4.480046016300000000e+10
3.392739889510000000e+11
4.542805525600000000e+10
1.018813125900000000e+10
5.138038004600000000e+10
1.428606981300000000e+10
1.548742620100000000e+10
1.461630512200000000e+10
3.000622189460000000e+11
1.308386669300000000e+10
1.911600362020000000e+11
2.926958030600000000e+10
5.666624062300000000e+10
1.782935275100000000e+10
2.479815611700000000e+10
