49.445000
52.635000
55.825000
59.015000
62.205000
65.395000
68.585000
71.775000
74.965000
78.155000
81.345000
84.535000
87.725000
90.915000
94.105000
97.295000
100.485000
103.675000
106.865000
110.055000
113.245000
116.435000
119.625000
122.815000
126.005000
129.195000
132.385000
135.575000
138.765000
141.955000
145.145000
148.335000
151.525000
154.715000
157.905000
161.095000
164.285000
167.475000
170.665000
173.855000
177.045000
180.235000
183.425000
186.615000
189.805000
192.995000
196.185000
199.375000
202.565000
205.755000
208.945000
212.135000
215.325000
218.515000
221.705000
224.895000
228.085000
231.275000
234.465000
237.655000
240.845000
244.035000
247.225000
250.415000
253.605000
256.795000
259.985000
263.175000
266.365000
269.555000
272.745000
275.935000
279.125000
282.315000
285.505000
288.695000
291.885000
295.075000
298.265000
301.455000
304.645000
307.835000
311.025000
314.215000
317.405000
320.595000
323.785000
326.975000
330.165000
333.355000
336.545000
339.735000
342.925000
346.115000
349.305000
352.495000
355.685000
358.875000
362.065000
365.255000
368.445000
371.635000
374.825000
378.015000
381.205000
384.395000
387.585000
390.775000
393.965000
397.155000
400.345000
403.535000
406.725000
409.915000
413.105000
416.295000
419.485000
422.675000
425.865000
429.055000
432.245000
435.435000
438.625000
441.815000
445.005000
448.195000
451.385000
454.575000
457.765000
460.955000
464.145000
467.335000
470.525000
473.715000
476.905000
480.095000
483.285000
486.475000
489.665000
492.855000
496.045000
499.235000
502.425000
505.615000
508.805000
511.995000
515.185000
518.375000
521.565000
524.755000
527.945000
531.135000
534.325000
537.515000
540.705000
543.895000
547.085000
550.275000
553.465000
556.655000
559.845000
563.035000
566.225000
569.415000
572.605000
575.795000
578.985000
582.175000
585.365000
588.555000
591.745000
594.935000
598.125000
601.315000
604.505000
607.695000
610.885000
614.075000
617.265000
620.455000
623.645000
626.835000
630.025000
633.215000
636.405000
639.595000
642.785000
645.975000
649.165000
652.355000
655.545000
658.735000
661.925000
665.115000
668.305000
671.495000
674.685000
677.875000
681.065000
684.255000
687.445000
690.635000
693.825000
697.015000
700.205000
703.395000
706.585000
709.775000
712.965000
716.155000
719.345000
722.535000
725.725000
728.915000
732.105000
735.295000
738.485000
741.675000
744.865000
748.055000
751.245000
754.435000
757.625000
760.815000
764.005000
767.195000
770.385000
773.575000
776.765000
779.955000
783.145000
786.335000
789.525000
792.715000
795.905000
799.095000
802.285000
805.475000
808.665000
811.855000
815.045000
818.235000
821.425000
824.615000
827.805000
830.995000
834.185000
837.375000
840.565000
843.755000
846.945000
850.135000
853.325000
856.515000
859.705000
862.895000
866.085000
869.275000
872.465000
875.655000
878.845000
882.035000
885.225000
888.415000
891.605000
894.795000
897.985000
901.175000
904.365000
907.555000
910.745000
913.935000
917.125000
920.315000
923.505000
926.695000
929.885000
933.075000
936.265000
939.455000
942.645000
945.835000
949.025000
952.215000
955.405000
958.595000
961.785000
964.975000
968.165000
971.355000
974.545000
977.735000
980.925000
984.115000
987.305000
990.495000
993.685000
996.875000
1000.065000
1003.255000
1006.445000
1009.635000
1012.825000
1016.015000
1019.205000
1022.395000
1025.585000
1028.775000
1031.965000
1035.155000
1038.345000
1041.535000
1044.725000
1047.915000
1051.105000
1054.295000
1057.485000
1060.675000
1063.865000
1067.055000
1070.245000
1073.435000
1076.625000
1079.815000
1083.005000
1086.195000
1089.385000
1092.575000
1095.765000
1098.955000
1102.145000
1105.335000
1108.525000
1111.715000
1114.905000
1118.095000
1121.285000
1124.475000
1127.665000
1130.855000
1134.045000
1137.235000
1140.425000
1143.615000
1146.805000
1149.995000
1153.185000
1156.375000
1159.565000
1162.755000
1165.945000
1169.135000
1172.325000
1175.515000
1178.705000
1181.895000
1185.085000
1188.275000
1191.465000
1194.655000
1197.845000
1201.035000
1204.225000
1207.415000
1210.605000
1213.795000
1216.985000
1220.175000
1223.365000
1226.555000
1229.745000
1232.935000
1236.125000
1239.315000
1242.505000
1245.695000
1248.885000
1252.075000
1255.265000
1258.455000
1261.645000
1264.835000
1268.025000
1271.215000
1274.405000
1277.595000
1280.785000
1283.975000
1287.165000
1290.355000
1293.545000
1296.735000
1299.925000
1303.115000
1306.305000
1309.495000
1312.685000
1315.875000
1319.065000
1322.255000
1325.445000
1328.635000
1331.825000
1335.015000
1338.205000
1341.395000
1344.585000
1347.775000
1350.965000
1354.155000
1357.345000
1360.535000
1363.725000
1366.915000
1370.105000
1373.295000
1376.485000
1379.675000
1382.865000
1386.055000
1389.245000
1392.435000
1395.625000
1398.815000
1402.005000
1405.195000
1408.385000
1411.575000
1414.765000
1417.955000
1421.145000
1424.335000
1427.525000
1430.715000
1433.905000
1437.095000
1440.285000
1443.475000
1446.665000
1449.855000
1453.045000
1456.235000
1459.425000
1462.615000
1465.805000
1468.995000
1472.185000
1475.375000
1478.565000
1481.755000
1484.945000
1488.135000
1491.325000
1494.515000
1497.705000
1500.895000
1504.085000
1507.275000
1510.465000
1513.655000
1516.845000
1520.035000
1523.225000
1526.415000
1529.605000
1532.795000
1535.985000
1539.175000
1542.365000
1545.555000
1548.745000
1551.935000
1555.125000
1558.315000
1561.505000
1564.695000
1567.885000
1571.075000
1574.265000
1577.455000
1580.645000
1583.835000
1587.025000
1590.215000
1593.405000
1596.595000
1599.785000
1602.975000
1606.165000
1609.355000
1612.545000
1615.735000
1618.925000
1622.115000
1625.305000
1628.495000
1631.685000
1634.875000
1638.065000
1641.255000
1644.445000
1647.635000
1650.825000
1654.015000
1657.205000
1660.395000
1663.585000
1666.775000
1669.965000
1673.155000
1676.345000
1679.535000
1682.725000
1685.915000
1689.105000
1692.295000
1695.485000
1698.675000
1701.865000
1705.055000
1708.245000
1711.435000
1714.625000
1717.815000
1721.005000
1724.195000
1727.385000
1730.575000
1733.765000
1736.955000
1740.145000
1743.335000
1746.525000
1749.715000
1752.905000
1756.095000
1759.285000
1762.475000
1765.665000
1768.855000
1772.045000
1775.235000
1778.425000
1781.615000
1784.805000
1787.995000
1791.185000
1794.375000
1797.565000
1800.755000
1803.945000
1807.135000
1810.325000
1813.515000
1816.705000
1819.895000
1823.085000
1826.275000
1829.465000
1832.655000
1835.845000
1839.035000
1842.225000
1845.415000
1848.605000
1851.795000
1854.985000
1858.175000
1861.365000
1864.555000
1867.745000
1870.935000
1874.125000
1877.315000
1880.505000
1883.695000
1886.885000
1890.075000
1893.265000
1896.455000
1899.645000
1902.835000
1906.025000
1909.215000
1912.405000
1915.595000
1918.785000
1921.975000
1925.165000
1928.355000
1931.545000
1934.735000
1937.925000
1941.115000
1944.305000
1947.495000
1950.685000
1953.875000
1957.065000
1960.255000
1963.445000
1966.635000
1969.825000
1973.015000
1976.205000
1979.395000
1982.585000
1985.775000
1988.965000
1992.155000
1995.345000
1998.535000
2001.725000
2004.915000
2008.105000
2011.295000
2014.485000
2017.675000
2020.865000
2024.055000
2027.245000
2030.435000
2033.625000
2036.815000
2040.005000
2043.195000
2046.385000
2049.575000
2052.765000
2055.955000
2059.145000
2062.335000
2065.525000
2068.715000
2071.905000
2075.095000
2078.285000
2081.475000
2084.665000
2087.855000
2091.045000
2094.235000
2097.425000
2100.615000
2103.805000
2106.995000
2110.185000
2113.375000
2116.565000
2119.755000
2122.945000
2126.135000
2129.325000
2132.515000
2135.705000
2138.895000
2142.085000
2145.275000
2148.465000
2151.655000
2154.845000
2158.035000
2161.225000
2164.415000
2167.605000
2170.795000
2173.985000
2177.175000
2180.365000
2183.555000
2186.745000
2189.935000
2193.125000
2196.315000
2199.505000
2202.695000
2205.885000
2209.075000
2212.265000
2215.455000
2218.645000
2221.835000
2225.025000
2228.215000
2231.405000
2234.595000
2237.785000
2240.975000
2244.165000
2247.355000
2250.545000
2253.735000
2256.925000
2260.115000
2263.305000
2266.495000
2269.685000
2272.875000
2276.065000
2279.255000
2282.445000
2285.635000
2288.825000
2292.015000
2295.205000
2298.395000
2301.585000
2304.775000
2307.965000
2311.155000
2314.345000
2317.535000
2320.725000
2323.915000
2327.105000
2330.295000
2333.485000
2336.675000
2339.865000
2343.055000
2346.245000
2349.435000
2352.625000
2355.815000
2359.005000
2362.195000
2365.385000
2368.575000
2371.765000
2374.955000
2378.145000
2381.335000
2384.525000
2387.715000
2390.905000
2394.095000
2397.285000
2400.475000
2403.665000
2406.855000
2410.045000
2413.235000
2416.425000
2419.615000
2422.805000
2425.995000
2429.185000
2432.375000
2435.565000
2438.755000
2441.945000
2445.135000
2448.325000
2451.515000
2454.705000
2457.895000
2461.085000
2464.275000
2467.465000
2470.655000
2473.845000
2477.035000
2480.225000
2483.415000
2486.605000
2489.795000
2492.985000
2496.175000
2499.365000
2502.555000
2505.745000
2508.935000
2512.125000
2515.315000
2518.505000
2521.695000
2524.885000
2528.075000
2534.455000
2537.645000
2540.835000
2544.025000
2547.215000
2550.405000
2553.595000
2556.785000
2559.975000
2563.165000
2566.355000
2572.735000
2575.925000
2579.115000
2582.305000
2585.495000
2588.685000
2591.875000
2595.065000
2598.255000
2601.445000
2604.635000
2607.825000
2614.205000
2617.395000
2626.965000
2630.155000
2633.345000
2636.535000
2639.725000
2642.915000
2649.295000
2652.485000
2655.675000
2658.865000
2662.055000
2665.245000
2668.435000
2671.625000
2674.815000
2678.005000
2681.195000
2687.575000
2690.765000
2697.145000
2703.525000
2709.905000
2713.095000
2716.285000
2722.665000
2725.855000
2729.045000
2735.425000
2738.615000
2741.805000
