0
0
6265154518996242
7008205688251667
3636136647995495
2227188664763530
1506038671320326
1113683035552141
888669992043538
718853227941815
600113744389660
512682197723810
455142677710947
394617757851546
350615150866593
312098702820795
279789394907773
254620727783633
229633660779943
209141229252471
193244076964756
170606704582679
160911961641120
150316448666502
136886825477833
128485488544433
119272030560591
110639985417951
108527156692981
98921872447617
90730853030132
91076346179507
83954453968476
82450226848947
76965799431994
72990384064319
66552427559503
64783777806556
65992860471778
60399165490362
62923437335441
58019957173238
56096717777389
54438197127756
50053488452173
49637321546261
47350127217724
45422857894534
43144726321357
43060389719866
47490351637726
37326570510391
41900884096249
40248250667458
36606788851761
35620571761538
37165920099710
37996394791915
34893545788587
31576810405227
33919797723817
33152466121781
31729990917833
29583542867742
29041887638209
33177824202038
27636691476929
28430550987572
29095974796579
28770564501365
25435630271222
29520411894104
26104806281782
26598995142598
28024466325246
23609383508954
22616303998245
22572968102311
25200868408190
23336311312179
22512295367201
21928711079900
22768467776758
22835295381499
21082704764465
21906599424834
20159738287039
20267549956178
19764741096924
21156687477212
18715677662727
19420460638254
20706774936160
20252914863357
18781846408259
18337921022387
18016346930765
17412059754506
18340059509478
17634548563520
18248384609317
15910306093460
16604456364015
18607362557246
18129788271627
16822008428326
14772747846864
14447213702490
15620468534065
16893351342169
15978211696294
14957887556123
14439579901084
16755527020179
15099666738870
13830013221315
15181464283981
14633546642724
13588454398446
14191259522690
13576422568771
12410455381060
14819140610252
15069935886237
15237257131029
14375083259328
12787732810159
11739450408763
13902258355344
13844798646024
13402318240846
11017056652137
13761619673037
12102669227821
10963378991144
12756801746414
13893214654955
11762977140362
10362069644585
11508897643808
10718813259263
11802600555590
11872235984572
10088827436737
10762289187815
11828986447892
11750852375181
10984606234765
9127869687114
11008544984906
9528252597626
8871808328104
11546618368818
8478347176117
10357633361854
7810655934752
9909052538152
9711923834516
10193095099346
9586955280016
10140978417768
8789550817104
9781995678897
7455719328191
8421017119086
9263525184520
9843575791311
9670763589545
10028917944845
7974518357712
6550456093092
10538747257199
8040355725092
7369711289998
8281681324260
9103632196994
7848342116571
7421273639738
8848872133273
7988248900645
7717739635016
7215000406300
7248775015623
8604857936107
7115092380786
7657765201008
7114282664531
7781656238610
8928851356219
7648663171812
6019846077172
7515942235362
8044898422606
7621065705689
7527147710989
6823511163299
5722464883856
5550874115174
6808072130067
7053459921725
7320574498469
6534553401990
6429076020506
6882213563229
6226747028574
7361541014343
4495787976816
6052557592447
6653470508955
6454520169445
5760223103653
5839813603575
6343877686981
5791792968857
5875748766569
6988130337010
6718549455979
5428249740332
7724277382524
6168151803766
5591003730683
4897215109728
4401998485406
6098651520547
4917600326911
5890747033914
6697490800582
4977458419616
6669438312469
5849319546661
6018092217505
5608771767105
5164177331376
4611097845382
4231215477645
4876599637117
5496269772806
5220012263134
4106309184861
4541190342058
5812958160897
4425332451488
4438815779228
3726840680878
4267633332536
5766562218415
4828722845528
5058898156581
5201381062441
4449319437174
3963607202033
4334722301707
4835467332355
3827810716628
3992606760315
4458828290550
4839624714973
4809741683327
4772074600657
4103257695767
3590134414178
4274134541768
4257642792598
4122611712562
5117650573455
4697709766666
2816022123592
3661990336163
3142504141591
3091032762069
5042895294620
4156706803929
3120099637883
4393872011540
3663715308760
4495973684085
4473212029399
3082442082976
3284532787784
3391177693169
3513881648263
2762273456766
3304270181727
2574237948658
2960903081527
3257545397012
3192629321542
2410559561688
3119972370884
2930664001393
2921479254557
2061392625876
3687271775568
4324929220260
2047258667428
3261760545782
2170921784678
2610932439833
2093616818116
2344155955657
2091924893252
3461193170258
3217710200891
2212131249839
2692601047338
2481460867596
2263757726136
2693870420138
2613887447256
2482493747943
2640874589324
2596019812301
2063348620040
2488797509366
2301071457311
2934045077500
2291466511533
2147386489117
2156443057369
1542975301953
1853247073719
2408518264691
2201714605905
2806135485351
2977054135604
1780993593939
3140427092717
2337586810233
2515957668835
2838280460966
2552653564668
1455501078282
2187611612472
1432709811531
1886365495203
2698841367146
2102051522125
3320664149718
1303139453861
1776779792615
1569855003012
1414979176420
1821824382189
1563451339107
2659097464187
1535085432807
2090274711616
2421089210498
2078547216288
1711132798693
2373787754602
1687536034005
1824401345309
1826147758510
1377419032465
1916337610569
2703517031630
1639106000040
1694065279025
1480670169930
1817953850778
1552930470024
1508733150145
2855819371085
906349271423
1051749840302
1063097287227
1861951427888
1126119373263
1733435865164
2115693133174
402466296254
1841374689596
1172485507437
1347281300906
1790844434667
789358423016
1453888868332
1444561639184
1703482714179
1801277601634
1183284940493
2118242162726
1507157771720
1243000939612
1823686030596
1004469061046
1388188065078
1582458168640
1389395206596
901582222864
2043397417648
1527595649536
1354731638610
685208950139
1615384436327
1428598088185
601575794731
872485146672
1229128615644
784608278311
885770081651
979421219093
1617584745939
558632437056
831431109582
1276712196654
642991425698
983187866603
1106931262366
1134503071489
1003522050416
1489540821128
1290872448360
523222615555
1782929840588
1316302924314
850995903201
1012536367716
720928788580
1150948458383
1448984011274
723433455977
1016451895964
1018897525565
764804667720
512954337993
1106504930458
1119570684580
1444734670350
456618280868
1132367948348
1024828609736
682779782985
341707947782
1613011663323
1060833676735
132265533963
403084304000
380199129249
992913898797
589916889372
1447676275688
827444064672
638452079038
976658774217
1542781648429
710026917303
889500139928
718118953332
644156978093
394432518657
1094284402950
769181387974
797141466813
749303980830
893487273299
770897290025
761153858390
487017270729
483978380866
515128332070
577322616480
977279802927
738846367223
71924624432
765879093645
1067280432749
932842926810
896334502684
642690520221
371710021674
625432218715
602685432422
260413788106
693749616469
905117252145
356570367733
641475593207
636389819269
384841872085
762842019959
387629400049
639348826187
504048626945
665800530589
388546006497
392088257696
740800008791
928950121408
387455908984
717328429917
252125025063
551938623251
866809931748
613731371875
133033279364
8922758308
576335294748
644350400082
822481506405
374408527074
635080556734
519981278246
585056956336
791795514855
140339492482
128848388811
571482959963
446758934221
244158362394
538285947818
506283771533
614255674587
139668727753
94299544642
635141210365
674061620791
354825289064
254858241968
128106263968
191574316774
299080833794
204004506479
124566766093
380199129249
264536335128
129471447846
256408521179
254686803496
1366509038
2925519523
226056186478
222130426692
130870685487
171383176539
339293144788
571351869974
383288611574
126733043083
499570653698
466329413070
254861886894
383676699527
384322334777
348336491052
4111655175
464241245496
103426315822
2726108893
356989806869
129474030434
380199129249
383130863941
2826701711
129908352542
126733043083
126733043083
113878305030
3501508640
499779576012
128600328512
232183772472
4680889483
0
242435119270
256279883014
172624157234
133418615656
1366612774
0
105792454430
1375526681
0
128102366633
0
204343277125
1473688926
0
381590769380
380199129249
1410615237
1367632131
126733043083
1757712875
0
126733043083
254828959030
105008713511
128126388918
218012652688
0
326029078168
259599835098
0
0
68043634311
2780932012
126733043083
1597662098
4088409857
126733043083
254832521891
0
126733043083
106745582203
0
0
0
0
0
0
128215854962
253466086166
84383199420
126733043083
128083316257
126733043083
123239086798
108824798418
128902259391
128830782457
126733043083
0
0
0
0
239798063528
119192752075
0
126733043083
0
0
0
126077699946
253466086166
0
1497656024
0
0
0
128111416726
0
0
0
0
126733043083
0
0
0
0
171974810642
0
0
0
0
0
0
0
252791918907
126733043083
0
0
1366667555
0
0
0
0
0
0
0
0
0
1642704466
0
0
0
0
0
0
0
0
0
126733043083
0
0
0
0
0
0
0
0
0
0
0
0
0
0
0
0
0
0
0
0
126733043083
0
0
0
126559081696
0
0
0
0
0
0
0
0
0
126733043083
0
0
0
0
0
0
0
0
126733043083
0
0
0
0
0
0
0
0
0
0
0
0
0
0
126733043083
0
0
0
0
0
0
0
0
0
0
0
0
0
0
0
0
0
1748470036
0
0
0
0
0
0
0
0
126733043083
72364098645
0
0
0
0
0
0
0
0
0
0
0
0
0
0
0
0
0
0
0
0
0
0
0
0
0
0
0
0
126663567779
0
0
0
0
0
0
0
0
0
0
0
0
0
0
0
0
0
0
0
0
0
0
95663115499
0
0
0
0
0
0
0
0
0
126733043083
0
0
0
0
0
0
0
0
0
0
0
0
0
0
0
0
0
0
0
0
0
0
0
0
0
0
0
0
0
0
0
126733043083
0
0
0
0
0
0
0
0
0
0
0
0
0
0
0
0
0
0
0
0
0
0
0
0
0
0
0
0
0
0
0
0
0
0
0
0
0
0
0
0
0
0
0
0
0
0
0
0
0
0
0
0
0
0
0
0
0
0
0
0
0
0
0
0
0
0
0
0
0
0
0
0
0
0
0
0
0
0
0
0
0
0
0
0
0
0
0
0
0
0
0
0
0
0
0
0
0
0
0
0
0
0
0
0
0
0
0
0
0
0
0
0
0
0
0
0
0
0
0
0
0
0
0
0
0
0
0
0
0
0
0
0
0
0
0
