0.000000
2.234000
4.468000
6.702000
8.936000
11.170000
13.404000
15.638000
17.872000
20.106000
22.340000
24.574000
26.808000
29.042000
31.276000
33.510000
35.744000
37.978000
40.212000
42.446000
44.680000
46.914000
49.148000
51.382000
53.616000
55.850000
58.084000
60.318000
62.552000
64.786000
67.020000
69.254000
71.488000
73.722000
75.956000
78.190000
80.424000
82.658000
84.892000
87.126000
89.360000
91.594000
93.828000
96.062000
98.296000
100.530000
102.764000
104.998000
107.232000
109.466000
111.700000
113.934000
116.168000
118.402000
120.636000
122.870000
125.104000
127.338000
129.572000
131.806000
134.040000
136.274000
138.508000
140.742000
142.976000
145.210000
147.444000
149.678000
151.912000
154.146000
156.380000
158.614000
160.848000
163.082000
165.316000
167.550000
169.784000
172.018000
174.252000
176.486000
178.720000
180.954000
183.188000
185.422000
187.656000
189.890000
192.124000
194.358000
196.592000
198.826000
201.060000
203.294000
205.528000
207.762000
209.996000
212.230000
214.464000
216.698000
218.932000
221.166000
223.400000
225.634000
227.868000
230.102000
232.336000
234.570000
236.804000
239.038000
241.272000
243.506000
245.740000
247.974000
250.208000
252.442000
254.676000
256.910000
259.144000
261.378000
263.612000
265.846000
268.080000
270.314000
272.548000
274.782000
277.016000
279.250000
281.484000
283.718000
285.952000
288.186000
290.420000
292.654000
294.888000
297.122000
299.356000
301.590000
303.824000
306.058000
308.292000
310.526000
312.760000
314.994000
317.228000
319.462000
321.696000
323.930000
326.164000
328.398000
330.632000
332.866000
335.100000
337.334000
339.568000
341.802000
344.036000
346.270000
348.504000
350.738000
352.972000
355.206000
357.440000
359.674000
361.908000
364.142000
366.376000
368.610000
370.844000
373.078000
375.312000
377.546000
379.780000
382.014000
384.248000
386.482000
388.716000
390.950000
393.184000
395.418000
397.652000
399.886000
402.120000
404.354000
406.588000
408.822000
411.056000
413.290000
415.524000
417.758000
419.992000
422.226000
424.460000
426.694000
428.928000
431.162000
433.396000
435.630000
437.864000
440.098000
442.332000
444.566000
446.800000
449.034000
451.268000
453.502000
455.736000
457.970000
460.204000
462.438000
464.672000
466.906000
469.140000
471.374000
473.608000
475.842000
478.076000
480.310000
482.544000
484.778000
487.012000
489.246000
491.480000
493.714000
495.948000
498.182000
500.416000
502.650000
504.884000
507.118000
509.352000
511.586000
513.820000
516.054000
518.288000
520.522000
522.756000
524.990000
527.224000
529.458000
531.692000
533.926000
536.160000
538.394000
540.628000
542.862000
545.096000
547.330000
549.564000
551.798000
554.032000
556.266000
558.500000
560.734000
562.968000
565.202000
567.436000
569.670000
571.904000
574.138000
576.372000
578.606000
580.840000
583.074000
585.308000
587.542000
589.776000
592.010000
594.244000
596.478000
598.712000
600.946000
603.180000
605.414000
607.648000
609.882000
612.116000
614.350000
616.584000
618.818000
621.052000
623.286000
625.520000
627.754000
629.988000
632.222000
634.456000
636.690000
638.924000
641.158000
643.392000
645.626000
647.860000
650.094000
652.328000
654.562000
656.796000
659.030000
661.264000
663.498000
665.732000
667.966000
670.200000
672.434000
674.668000
676.902000
679.136000
681.370000
683.604000
685.838000
688.072000
690.306000
692.540000
694.774000
697.008000
699.242000
701.476000
703.710000
705.944000
708.178000
710.412000
712.646000
714.880000
717.114000
719.348000
721.582000
723.816000
726.050000
728.284000
730.518000
732.752000
734.986000
737.220000
739.454000
741.688000
743.922000
746.156000
748.390000
750.624000
752.858000
755.092000
757.326000
759.560000
761.794000
764.028000
766.262000
768.496000
770.730000
772.964000
775.198000
777.432000
779.666000
781.900000
784.134000
786.368000
788.602000
790.836000
793.070000
795.304000
797.538000
799.772000
802.006000
804.240000
806.474000
808.708000
810.942000
813.176000
815.410000
817.644000
819.878000
822.112000
824.346000
826.580000
828.814000
831.048000
833.282000
835.516000
837.750000
839.984000
842.218000
844.452000
846.686000
848.920000
851.154000
853.388000
855.622000
857.856000
860.090000
862.324000
864.558000
866.792000
869.026000
871.260000
873.494000
875.728000
877.962000
880.196000
882.430000
884.664000
886.898000
889.132000
891.366000
893.600000
895.834000
898.068000
900.302000
902.536000
904.770000
907.004000
909.238000
911.472000
913.706000
915.940000
918.174000
920.408000
922.642000
924.876000
927.110000
929.344000
931.578000
933.812000
936.046000
938.280000
940.514000
942.748000
944.982000
947.216000
949.450000
951.684000
953.918000
956.152000
958.386000
960.620000
962.854000
965.088000
967.322000
969.556000
971.790000
974.024000
976.258000
978.492000
980.726000
982.960000
985.194000
987.428000
989.662000
991.896000
994.130000
996.364000
998.598000
1000.832000
1003.066000
1005.300000
1007.534000
1009.768000
1012.002000
1014.236000
1016.470000
1018.704000
1020.938000
1023.172000
1025.406000
1027.640000
1029.874000
1032.108000
1034.342000
1036.576000
1038.810000
1041.044000
1043.278000
1045.512000
1047.746000
1049.980000
1052.214000
1054.448000
1056.682000
1058.916000
1061.150000
1063.384000
1065.618000
1067.852000
1070.086000
1072.320000
1074.554000
1076.788000
1079.022000
1081.256000
1083.490000
1085.724000
1087.958000
1090.192000
1092.426000
1094.660000
1096.894000
1099.128000
1101.362000
1103.596000
1105.830000
1108.064000
1110.298000
1112.532000
1114.766000
1117.000000
1119.234000
1121.468000
1123.702000
1125.936000
1128.170000
1130.404000
1132.638000
1134.872000
1137.106000
1139.340000
1141.574000
1143.808000
1146.042000
1148.276000
1150.510000
1152.744000
1154.978000
1157.212000
1159.446000
1161.680000
1163.914000
1166.148000
1168.382000
1170.616000
1172.850000
1175.084000
1177.318000
1179.552000
1181.786000
1184.020000
1186.254000
1188.488000
1190.722000
1192.956000
1195.190000
1197.424000
1199.658000
1201.892000
1204.126000
1206.360000
1208.594000
1210.828000
1213.062000
1215.296000
1217.530000
1219.764000
1221.998000
1224.232000
1226.466000
1228.700000
1230.934000
1233.168000
1235.402000
1237.636000
1239.870000
1242.104000
1244.338000
1246.572000
1248.806000
1251.040000
1253.274000
1255.508000
1257.742000
1259.976000
1262.210000
1264.444000
1266.678000
1268.912000
1271.146000
1273.380000
1275.614000
1277.848000
1280.082000
1282.316000
1284.550000
1286.784000
1289.018000
1291.252000
1293.486000
1295.720000
1297.954000
1300.188000
1302.422000
1304.656000
1306.890000
1309.124000
1311.358000
1313.592000
1315.826000
1318.060000
1320.294000
1322.528000
1324.762000
1326.996000
1329.230000
1331.464000
1333.698000
1335.932000
1338.166000
1340.400000
1342.634000
1344.868000
1347.102000
1349.336000
1351.570000
1353.804000
1356.038000
1358.272000
1360.506000
1362.740000
1364.974000
1367.208000
1369.442000
1371.676000
1373.910000
1376.144000
1378.378000
1380.612000
1382.846000
1385.080000
1387.314000
1389.548000
1391.782000
1394.016000
1396.250000
1398.484000
1400.718000
1402.952000
1405.186000
1407.420000
1409.654000
1411.888000
1414.122000
1416.356000
1418.590000
1420.824000
1423.058000
1425.292000
1427.526000
1429.760000
1431.994000
1434.228000
1436.462000
1438.696000
1440.930000
1443.164000
1445.398000
1447.632000
1449.866000
1452.100000
1454.334000
1456.568000
1458.802000
1461.036000
1463.270000
1465.504000
1467.738000
1469.972000
1472.206000
1474.440000
1476.674000
1478.908000
1481.142000
1483.376000
1485.610000
1487.844000
1490.078000
1492.312000
1494.546000
1496.780000
1499.014000
1501.248000
1503.482000
1505.716000
1507.950000
1510.184000
1512.418000
1514.652000
1516.886000
1519.120000
1521.354000
1523.588000
1525.822000
1528.056000
1530.290000
1532.524000
1534.758000
1536.992000
1539.226000
1541.460000
1543.694000
1545.928000
1548.162000
1550.396000
1552.630000
1554.864000
1557.098000
1559.332000
1561.566000
1563.800000
1566.034000
1568.268000
1570.502000
1572.736000
1574.970000
1577.204000
1579.438000
1581.672000
1583.906000
1586.140000
1588.374000
1590.608000
1592.842000
1595.076000
1597.310000
1599.544000
1601.778000
1604.012000
1606.246000
1608.480000
1610.714000
1612.948000
1615.182000
1617.416000
1619.650000
1621.884000
1624.118000
1626.352000
1628.586000
1630.820000
1633.054000
1635.288000
1637.522000
1639.756000
1641.990000
1644.224000
1646.458000
1648.692000
1650.926000
1653.160000
1655.394000
1657.628000
1659.862000
1662.096000
1664.330000
1666.564000
1668.798000
1671.032000
1673.266000
1675.500000
1677.734000
1679.968000
1682.202000
1684.436000
1686.670000
1688.904000
1691.138000
1693.372000
1695.606000
1697.840000
1700.074000
1702.308000
1704.542000
1706.776000
1709.010000
1711.244000
1713.478000
1715.712000
1717.946000
1720.180000
1722.414000
1724.648000
1726.882000
1729.116000
1731.350000
1733.584000
1735.818000
1738.052000
1740.286000
1742.520000
1744.754000
1746.988000
1749.222000
1751.456000
1753.690000
1755.924000
1758.158000
1760.392000
1762.626000
1764.860000
1767.094000
1769.328000
1771.562000
1773.796000
1776.030000
1778.264000
1780.498000
1782.732000
1784.966000
1787.200000
1789.434000
1791.668000
1793.902000
1796.136000
1798.370000
1800.604000
1802.838000
1805.072000
1807.306000
1809.540000
1811.774000
1814.008000
1816.242000
1818.476000
1820.710000
1822.944000
1825.178000
1827.412000
1829.646000
1831.880000
1834.114000
1836.348000
1838.582000
1840.816000
1843.050000
1845.284000
1847.518000
1849.752000
1851.986000
1854.220000
1856.454000
1858.688000
1860.922000
1863.156000
1865.390000
1867.624000
1869.858000
1872.092000
1874.326000
1876.560000
1878.794000
1881.028000
1883.262000
1885.496000
1887.730000
1889.964000
1892.198000
1894.432000
1896.666000
1898.900000
1901.134000
1903.368000
1905.602000
1907.836000
1910.070000
1912.304000
1914.538000
1916.772000
1919.006000
1921.240000
1923.474000
1925.708000
1927.942000
1930.176000
1932.410000
1934.644000
1936.878000
1939.112000
1941.346000
1943.580000
1945.814000
1948.048000
1950.282000
1952.516000
1954.750000
1956.984000
1959.218000
1961.452000
1963.686000
1965.920000
1968.154000
1970.388000
1972.622000
1974.856000
1977.090000
1979.324000
1981.558000
1983.792000
1986.026000
1988.260000
1990.494000
1992.728000
1994.962000
1997.196000
1999.430000
2001.664000
2003.898000
2006.132000
2008.366000
2010.600000
2012.834000
2015.068000
2017.302000
2019.536000
2021.770000
2024.004000
2026.238000
2028.472000
2030.706000
2032.940000
2035.174000
2037.408000
2039.642000
2041.876000
2044.110000
2046.344000
2048.578000
2050.812000
2053.046000
2055.280000
2057.514000
2059.748000
2061.982000
2064.216000
2066.450000
2068.684000
2070.918000
2073.152000
2075.386000
2077.620000
2079.854000
2082.088000
2084.322000
2086.556000
2088.790000
2091.024000
2093.258000
2095.492000
2097.726000
2099.960000
2102.194000
2104.428000
2106.662000
2108.896000
2111.130000
2113.364000
2115.598000
2117.832000
2120.066000
2122.300000
2124.534000
2126.768000
2129.002000
2131.236000
2133.470000
2135.704000
2137.938000
2140.172000
2142.406000
2144.640000
2146.874000
2149.108000
2151.342000
2153.576000
2155.810000
2158.044000
2160.278000
2162.512000
2164.746000
2166.980000
2169.214000
2171.448000
2173.682000
2175.916000
2178.150000
2180.384000
2182.618000
2184.852000
2187.086000
2189.320000
2191.554000
2193.788000
2196.022000
2198.256000
2200.490000
2202.724000
2204.958000
2207.192000
2209.426000
2211.660000
2213.894000
2216.128000
2218.362000
2220.596000
2222.830000
2225.064000
2227.298000
2229.532000
2231.766000
2234.000000
