8.234999999999999432e+00
8.600999999999999091e+00
8.967000000000000526e+00
9.333000000000000185e+00
9.698999999999999844e+00
1.006499999999999950e+01
1.043100000000000094e+01
1.079700000000000060e+01
1.116300000000000026e+01
1.152899999999999991e+01
1.189499999999999957e+01
1.226099999999999923e+01
1.262700000000000067e+01
1.299300000000000033e+01
1.335899999999999999e+01
1.372499999999999964e+01
1.409099999999999930e+01
1.445700000000000074e+01
1.482300000000000040e+01
1.518900000000000006e+01
1.555499999999999972e+01
1.592099999999999937e+01
1.628699999999999903e+01
1.665299999999999869e+01
1.701899999999999835e+01
1.738500000000000156e+01
1.775100000000000122e+01
1.811700000000000088e+01
1.848300000000000054e+01
1.884900000000000020e+01
1.921499999999999986e+01
1.958099999999999952e+01
1.994699999999999918e+01
2.031299999999999883e+01
2.067899999999999849e+01
2.104500000000000171e+01
2.141100000000000136e+01
2.177700000000000102e+01
2.214300000000000068e+01
2.250900000000000034e+01
2.287500000000000000e+01
2.324099999999999966e+01
2.360699999999999932e+01
2.397299999999999898e+01
2.433899999999999864e+01
2.470499999999999829e+01
2.507100000000000151e+01
2.543700000000000117e+01
2.580300000000000082e+01
2.616900000000000048e+01
2.653500000000000014e+01
2.690099999999999980e+01
2.726699999999999946e+01
2.763299999999999912e+01
2.799899999999999878e+01
2.836499999999999844e+01
2.873100000000000165e+01
2.909700000000000131e+01
2.946300000000000097e+01
2.982900000000000063e+01
3.019500000000000028e+01
3.056099999999999994e+01
3.092699999999999960e+01
3.129299999999999926e+01
3.165899999999999892e+01
3.202499999999999858e+01
3.239099999999999824e+01
3.275699999999999790e+01
3.312299999999999756e+01
3.348899999999999721e+01
3.385499999999999687e+01
3.422100000000000364e+01
3.458700000000000330e+01
3.495300000000000296e+01
3.531900000000000261e+01
3.568500000000000227e+01
3.605100000000000193e+01
3.641700000000000159e+01
3.678300000000000125e+01
3.714900000000000091e+01
3.751500000000000057e+01
3.788100000000000023e+01
3.824699999999999989e+01
3.861299999999999955e+01
3.897899999999999920e+01
3.934499999999999886e+01
3.971099999999999852e+01
4.007699999999999818e+01
4.044299999999999784e+01
4.080899999999999750e+01
4.117499999999999716e+01
4.154099999999999682e+01
4.190699999999999648e+01
4.227300000000000324e+01
4.263900000000000290e+01
4.300500000000000256e+01
4.337100000000000222e+01
4.373700000000000188e+01
4.410300000000000153e+01
4.446900000000000119e+01
4.483500000000000085e+01
4.520100000000000051e+01
4.556700000000000017e+01
4.593299999999999983e+01
4.629899999999999949e+01
4.666499999999999915e+01
4.703099999999999881e+01
4.739699999999999847e+01
4.776299999999999812e+01
4.812899999999999778e+01
4.849499999999999744e+01
4.886099999999999710e+01
4.922699999999999676e+01
4.959300000000000352e+01
4.995900000000000318e+01
5.032500000000000284e+01
5.069100000000000250e+01
5.105700000000000216e+01
5.142300000000000182e+01
5.178900000000000148e+01
5.215500000000000114e+01
5.252100000000000080e+01
5.288700000000000045e+01
5.325300000000000011e+01
5.361899999999999977e+01
5.398499999999999943e+01
5.435099999999999909e+01
5.471699999999999875e+01
5.508299999999999841e+01
5.544899999999999807e+01
5.581499999999999773e+01
5.618099999999999739e+01
5.654699999999999704e+01
5.691299999999999670e+01
5.727899999999999636e+01
5.764500000000000313e+01
5.801100000000000279e+01
5.837700000000000244e+01
5.874300000000000210e+01
5.910900000000000176e+01
5.947500000000000142e+01
5.984100000000000108e+01
6.020700000000000074e+01
6.057300000000000040e+01
6.093900000000000006e+01
6.130499999999999972e+01
6.167099999999999937e+01
6.203699999999999903e+01
6.240299999999999869e+01
6.276899999999999835e+01
6.313499999999999801e+01
6.350099999999999767e+01
6.386699999999999733e+01
6.423300000000000409e+01
6.459899999999998954e+01
6.496500000000000341e+01
6.533099999999998886e+01
6.569700000000000273e+01
6.606299999999998818e+01
6.642900000000000205e+01
6.679499999999998749e+01
6.716100000000000136e+01
6.752699999999998681e+01
6.789300000000000068e+01
6.825899999999998613e+01
6.862500000000000000e+01
6.899100000000001387e+01
6.935699999999999932e+01
6.972300000000001319e+01
7.008899999999999864e+01
7.045500000000001251e+01
7.082099999999999795e+01
7.118700000000001182e+01
7.155299999999999727e+01
7.191900000000001114e+01
7.228499999999999659e+01
7.265100000000001046e+01
7.301699999999999591e+01
7.338300000000000978e+01
7.374899999999999523e+01
7.411500000000000909e+01
7.448099999999999454e+01
7.484700000000000841e+01
7.521299999999999386e+01
7.557900000000000773e+01
7.594499999999999318e+01
7.631100000000000705e+01
7.667699999999999250e+01
7.704300000000000637e+01
7.740899999999999181e+01
7.777500000000000568e+01
7.814099999999999113e+01
7.850700000000000500e+01
7.887299999999999045e+01
7.923900000000000432e+01
7.960499999999998977e+01
7.997100000000000364e+01
8.033699999999998909e+01
8.070300000000000296e+01
8.106899999999998840e+01
8.143500000000000227e+01
8.180099999999998772e+01
8.216700000000000159e+01
8.253299999999998704e+01
8.289900000000000091e+01
8.326499999999998636e+01
8.363100000000000023e+01
8.399699999999999989e+01
8.436299999999999955e+01
8.472900000000001342e+01
8.509499999999999886e+01
8.546100000000001273e+01
8.582699999999999818e+01
8.619300000000001205e+01
8.655899999999999750e+01
8.692500000000001137e+01
8.729099999999999682e+01
8.765700000000001069e+01
8.802299999999999613e+01
8.838900000000001000e+01
8.875499999999999545e+01
8.912100000000000932e+01
8.948699999999999477e+01
8.985300000000000864e+01
9.021899999999999409e+01
9.058500000000000796e+01
9.095099999999999341e+01
9.131700000000000728e+01
9.168299999999999272e+01
9.204900000000000659e+01
9.241499999999999204e+01
9.278100000000000591e+01
9.314699999999999136e+01
9.351300000000000523e+01
9.387899999999999068e+01
9.424500000000000455e+01
9.461099999999999000e+01
9.497700000000000387e+01
9.534299999999998931e+01
9.570900000000000318e+01
9.607499999999998863e+01
9.644100000000000250e+01
9.680699999999998795e+01
9.717300000000000182e+01
9.753899999999998727e+01
9.790500000000000114e+01
9.827099999999998658e+01
9.863700000000000045e+01
9.900300000000000011e+01
9.936899999999999977e+01
9.973500000000001364e+01
1.001009999999999991e+02
1.004670000000000130e+02
1.008329999999999984e+02
1.011990000000000123e+02
1.015649999999999977e+02
1.019310000000000116e+02
1.022969999999999970e+02
1.026630000000000109e+02
1.030289999999999964e+02
1.033950000000000102e+02
1.037609999999999957e+02
1.041270000000000095e+02
1.044929999999999950e+02
1.048590000000000089e+02
1.052249999999999943e+02
1.055910000000000082e+02
1.059569999999999936e+02
1.063230000000000075e+02
1.066889999999999930e+02
1.070550000000000068e+02
1.074209999999999923e+02
1.077870000000000061e+02
1.081529999999999916e+02
1.085190000000000055e+02
1.088849999999999909e+02
1.092510000000000048e+02
1.096169999999999902e+02
1.099830000000000041e+02
1.103489999999999895e+02
1.107150000000000034e+02
1.110809999999999889e+02
1.114470000000000027e+02
1.118129999999999882e+02
1.121790000000000020e+02
1.125449999999999875e+02
1.129110000000000014e+02
1.132769999999999868e+02
1.136430000000000007e+02
1.140089999999999861e+02
1.143750000000000000e+02
1.147410000000000139e+02
1.151069999999999993e+02
1.154730000000000132e+02
1.158389999999999986e+02
1.162050000000000125e+02
1.165709999999999980e+02
1.169370000000000118e+02
1.173029999999999973e+02
1.176690000000000111e+02
1.180349999999999966e+02
1.184010000000000105e+02
1.187669999999999959e+02
1.191330000000000098e+02
1.194989999999999952e+02
1.198650000000000091e+02
1.202309999999999945e+02
1.205970000000000084e+02
1.209629999999999939e+02
1.213290000000000077e+02
1.216949999999999932e+02
1.220610000000000070e+02
1.224269999999999925e+02
1.227930000000000064e+02
1.231589999999999918e+02
1.235250000000000057e+02
1.238909999999999911e+02
1.242570000000000050e+02
1.246229999999999905e+02
1.249890000000000043e+02
1.253549999999999898e+02
1.257210000000000036e+02
1.260869999999999891e+02
1.264530000000000030e+02
1.268189999999999884e+02
1.271850000000000023e+02
1.275509999999999877e+02
1.279170000000000016e+02
1.282830000000000155e+02
1.286490000000000009e+02
1.290149999999999864e+02
1.293810000000000002e+02
1.297470000000000141e+02
1.301129999999999995e+02
1.304789999999999850e+02
1.308449999999999989e+02
1.312110000000000127e+02
1.315769999999999982e+02
1.319429999999999836e+02
1.323089999999999975e+02
1.326750000000000114e+02
1.330409999999999968e+02
1.334069999999999823e+02
1.337729999999999961e+02
1.341390000000000100e+02
1.345049999999999955e+02
1.348709999999999809e+02
1.352369999999999948e+02
1.356030000000000086e+02
1.359689999999999941e+02
1.363349999999999795e+02
1.367009999999999934e+02
1.370670000000000073e+02
1.374329999999999927e+02
1.377990000000000066e+02
1.381650000000000205e+02
1.385310000000000059e+02
1.388969999999999914e+02
1.392630000000000052e+02
1.396290000000000191e+02
1.399950000000000045e+02
1.403609999999999900e+02
1.407270000000000039e+02
1.410930000000000177e+02
1.414590000000000032e+02
1.418249999999999886e+02
1.421910000000000025e+02
1.425570000000000164e+02
1.429230000000000018e+02
1.432889999999999873e+02
1.436550000000000011e+02
1.440210000000000150e+02
1.443870000000000005e+02
1.447529999999999859e+02
1.451189999999999998e+02
1.454850000000000136e+02
1.458509999999999991e+02
1.462169999999999845e+02
1.465829999999999984e+02
1.469490000000000123e+02
1.473149999999999977e+02
1.476809999999999832e+02
1.480469999999999970e+02
1.484130000000000109e+02
1.487789999999999964e+02
1.491449999999999818e+02
1.495109999999999957e+02
1.498770000000000095e+02
1.502429999999999950e+02
1.506089999999999804e+02
1.509749999999999943e+02
1.513410000000000082e+02
1.517069999999999936e+02
1.520729999999999791e+02
1.524390000000000214e+02
1.528050000000000068e+02
1.531709999999999923e+02
1.535370000000000061e+02
1.539030000000000200e+02
1.542690000000000055e+02
1.546349999999999909e+02
1.550010000000000048e+02
1.553670000000000186e+02
1.557330000000000041e+02
1.560989999999999895e+02
1.564650000000000034e+02
1.568310000000000173e+02
1.571970000000000027e+02
1.575629999999999882e+02
1.579290000000000020e+02
1.582950000000000159e+02
1.586610000000000014e+02
1.590269999999999868e+02
1.593930000000000007e+02
1.597590000000000146e+02
1.601250000000000000e+02
1.604909999999999854e+02
1.608569999999999993e+02
1.612230000000000132e+02
1.615889999999999986e+02
1.619549999999999841e+02
1.623209999999999980e+02
1.626870000000000118e+02
1.630529999999999973e+02
1.634189999999999827e+02
1.637849999999999966e+02
1.641510000000000105e+02
1.645169999999999959e+02
1.648829999999999814e+02
1.652489999999999952e+02
1.656150000000000091e+02
1.659809999999999945e+02
1.663469999999999800e+02
1.667129999999999939e+02
1.670790000000000077e+02
1.674449999999999932e+02
1.678109999999999786e+02
1.681770000000000209e+02
1.685430000000000064e+02
1.689089999999999918e+02
1.692750000000000057e+02
1.696410000000000196e+02
1.700070000000000050e+02
1.703729999999999905e+02
1.707390000000000043e+02
1.711050000000000182e+02
1.714710000000000036e+02
1.718369999999999891e+02
1.722030000000000030e+02
1.725690000000000168e+02
1.729350000000000023e+02
1.733009999999999877e+02
1.736670000000000016e+02
1.740330000000000155e+02
1.743990000000000009e+02
1.747649999999999864e+02
1.751310000000000002e+02
1.754970000000000141e+02
1.758629999999999995e+02
1.762289999999999850e+02
1.765949999999999989e+02
1.769610000000000127e+02
1.773269999999999982e+02
1.776929999999999836e+02
1.780589999999999975e+02
1.784250000000000114e+02
1.787909999999999968e+02
1.791569999999999823e+02
1.795229999999999961e+02
1.798890000000000100e+02
1.802549999999999955e+02
1.806209999999999809e+02
1.809869999999999948e+02
1.813530000000000086e+02
1.817189999999999941e+02
1.820849999999999795e+02
1.824509999999999934e+02
1.828170000000000073e+02
1.831829999999999927e+02
1.835490000000000066e+02
1.839150000000000205e+02
1.842810000000000059e+02
