1.988750000000000284e+01
2.081250000000000000e+01
2.173749999999999716e+01
2.266250000000000142e+01
2.358749999999999858e+01
2.451250000000000284e+01
2.543750000000000000e+01
2.636249999999999716e+01
2.728750000000000142e+01
2.821249999999999858e+01
2.913750000000000284e+01
3.006250000000000000e+01
3.098749999999999716e+01
3.191250000000000142e+01
3.283749999999999858e+01
3.376250000000000284e+01
3.468750000000000000e+01
3.561249999999999716e+01
3.653750000000000142e+01
3.746249999999999858e+01
3.838750000000000284e+01
3.931250000000000000e+01
4.023749999999999716e+01
4.116250000000000142e+01
4.208749999999999858e+01
4.301250000000000284e+01
4.393750000000000000e+01
4.486249999999999716e+01
4.578750000000000142e+01
4.671249999999999858e+01
4.763750000000000284e+01
4.856250000000000000e+01
4.948749999999999716e+01
5.041250000000000142e+01
5.133749999999999858e+01
5.226250000000000284e+01
5.318750000000000000e+01
5.411249999999999716e+01
5.503750000000000142e+01
5.596249999999999858e+01
5.688750000000000284e+01
5.781250000000000000e+01
5.873749999999999716e+01
5.966250000000000142e+01
6.058749999999999858e+01
6.151250000000000284e+01
6.243750000000000000e+01
6.336249999999999716e+01
6.428749999999999432e+01
6.521250000000000568e+01
6.613749999999998863e+01
6.706250000000000000e+01
6.798750000000001137e+01
6.891249999999999432e+01
6.983750000000000568e+01
7.076249999999998863e+01
7.168750000000000000e+01
7.261250000000001137e+01
7.353749999999999432e+01
7.446250000000000568e+01
7.538749999999998863e+01
7.631250000000000000e+01
7.723750000000001137e+01
7.816249999999999432e+01
7.908750000000000568e+01
8.001249999999998863e+01
8.093750000000000000e+01
8.186250000000001137e+01
8.278749999999999432e+01
8.371250000000000568e+01
8.463749999999998863e+01
8.556250000000000000e+01
8.648750000000001137e+01
8.741249999999999432e+01
8.833750000000000568e+01
8.926249999999998863e+01
9.018750000000000000e+01
9.111250000000001137e+01
9.203749999999999432e+01
9.296250000000000568e+01
9.388749999999998863e+01
9.481250000000000000e+01
9.573750000000001137e+01
9.666249999999999432e+01
9.758750000000000568e+01
9.851249999999998863e+01
9.943750000000000000e+01
1.003625000000000114e+02
1.012874999999999943e+02
1.022125000000000057e+02
1.031374999999999886e+02
1.040625000000000000e+02
1.049875000000000114e+02
1.059124999999999943e+02
1.068375000000000057e+02
1.077624999999999886e+02
1.086875000000000000e+02
1.096125000000000114e+02
1.105374999999999943e+02
1.114625000000000057e+02
1.123874999999999886e+02
1.133125000000000000e+02
1.142375000000000114e+02
1.151624999999999943e+02
1.160875000000000057e+02
1.170124999999999886e+02
1.179375000000000000e+02
1.188625000000000114e+02
1.197874999999999943e+02
1.207125000000000057e+02
1.216374999999999886e+02
1.225625000000000000e+02
1.234875000000000114e+02
1.244124999999999943e+02
1.253375000000000057e+02
1.262624999999999886e+02
1.271875000000000000e+02
1.281125000000000114e+02
1.290374999999999943e+02
1.299625000000000057e+02
1.308874999999999886e+02
1.318125000000000000e+02
1.327375000000000114e+02
1.336624999999999943e+02
1.345875000000000057e+02
1.355124999999999886e+02
1.364375000000000000e+02
1.373625000000000114e+02
1.382874999999999943e+02
1.392125000000000057e+02
1.401374999999999886e+02
1.410625000000000000e+02
1.419875000000000114e+02
1.429124999999999943e+02
1.438375000000000057e+02
1.447624999999999886e+02
1.456875000000000000e+02
1.466125000000000114e+02
1.475374999999999943e+02
1.484625000000000057e+02
1.493874999999999886e+02
1.503125000000000000e+02
1.512375000000000114e+02
1.521624999999999943e+02
1.530875000000000057e+02
1.540124999999999886e+02
1.549375000000000000e+02
1.558625000000000114e+02
1.567874999999999943e+02
1.577125000000000057e+02
1.586374999999999886e+02
1.595625000000000000e+02
1.604875000000000114e+02
1.614124999999999943e+02
1.623375000000000057e+02
1.632624999999999886e+02
1.641875000000000000e+02
1.651125000000000114e+02
1.660374999999999943e+02
1.669625000000000057e+02
1.678874999999999886e+02
1.688125000000000000e+02
1.697375000000000114e+02
1.706624999999999943e+02
1.715875000000000057e+02
1.725124999999999886e+02
1.734375000000000000e+02
1.743625000000000114e+02
1.752874999999999943e+02
1.762125000000000057e+02
1.771374999999999886e+02
1.780625000000000000e+02
1.789875000000000114e+02
1.799124999999999943e+02
1.808375000000000057e+02
1.817624999999999886e+02
1.826875000000000000e+02
1.836125000000000114e+02
1.845374999999999943e+02
1.854625000000000057e+02
1.863874999999999886e+02
1.873125000000000000e+02
1.882375000000000114e+02
1.891624999999999943e+02
1.900875000000000057e+02
1.910124999999999886e+02
1.919375000000000000e+02
1.928625000000000114e+02
1.937874999999999943e+02
1.947125000000000057e+02
1.956374999999999886e+02
1.965625000000000000e+02
1.974875000000000114e+02
1.984124999999999943e+02
1.993375000000000057e+02
2.002624999999999886e+02
2.011875000000000000e+02
2.021125000000000114e+02
2.030374999999999943e+02
2.039625000000000057e+02
2.048874999999999886e+02
2.058125000000000000e+02
2.067375000000000114e+02
2.076624999999999943e+02
2.085875000000000057e+02
2.095124999999999886e+02
2.104375000000000000e+02
2.113625000000000114e+02
2.122874999999999943e+02
2.132125000000000057e+02
2.141374999999999886e+02
2.150625000000000000e+02
2.159875000000000114e+02
2.169124999999999943e+02
2.178375000000000057e+02
2.187624999999999886e+02
2.196875000000000000e+02
2.206125000000000114e+02
2.215374999999999943e+02
2.224625000000000057e+02
2.233874999999999886e+02
2.243125000000000000e+02
2.252375000000000114e+02
2.261624999999999943e+02
2.270875000000000057e+02
2.280124999999999886e+02
2.289375000000000000e+02
2.298625000000000114e+02
2.307874999999999943e+02
2.317125000000000057e+02
2.326374999999999886e+02
2.335625000000000000e+02
2.344875000000000114e+02
2.354124999999999943e+02
2.363375000000000057e+02
2.372624999999999886e+02
2.381875000000000000e+02
2.391125000000000114e+02
2.400374999999999943e+02
2.409625000000000057e+02
2.418874999999999886e+02
2.428125000000000000e+02
2.437375000000000114e+02
2.446624999999999943e+02
2.455875000000000057e+02
2.465124999999999886e+02
2.474375000000000000e+02
2.483625000000000114e+02
2.492874999999999943e+02
2.502125000000000057e+02
2.511374999999999886e+02
2.520625000000000000e+02
2.529875000000000114e+02
2.539124999999999943e+02
2.548375000000000057e+02
2.557625000000000171e+02
2.566875000000000000e+02
2.576124999999999545e+02
2.585375000000000227e+02
2.594624999999999773e+02
2.603875000000000455e+02
2.613125000000000000e+02
2.622374999999999545e+02
2.631625000000000227e+02
2.640874999999999773e+02
2.650125000000000455e+02
2.659375000000000000e+02
2.668624999999999545e+02
2.677875000000000227e+02
2.687124999999999773e+02
2.696375000000000455e+02
2.705625000000000000e+02
2.714874999999999545e+02
2.724125000000000227e+02
2.733374999999999773e+02
2.742625000000000455e+02
2.751875000000000000e+02
2.761124999999999545e+02
2.770375000000000227e+02
2.779624999999999773e+02
2.788875000000000455e+02
2.798125000000000000e+02
2.807374999999999545e+02
2.816625000000000227e+02
2.825874999999999773e+02
2.835125000000000455e+02
2.844375000000000000e+02
2.853624999999999545e+02
2.862875000000000227e+02
2.872124999999999773e+02
2.881375000000000455e+02
2.890625000000000000e+02
2.899874999999999545e+02
2.909125000000000227e+02
2.918374999999999773e+02
2.927625000000000455e+02
2.936875000000000000e+02
2.946124999999999545e+02
2.955375000000000227e+02
2.964624999999999773e+02
2.973875000000000455e+02
2.983125000000000000e+02
2.992374999999999545e+02
3.001625000000000227e+02
3.010874999999999773e+02
3.020125000000000455e+02
3.029375000000000000e+02
3.038624999999999545e+02
3.047875000000000227e+02
3.057124999999999773e+02
3.066375000000000455e+02
3.075625000000000000e+02
3.084874999999999545e+02
3.094125000000000227e+02
3.103374999999999773e+02
3.112625000000000455e+02
3.121875000000000000e+02
3.131124999999999545e+02
3.140375000000000227e+02
3.149624999999999773e+02
3.158875000000000455e+02
3.168125000000000000e+02
3.177374999999999545e+02
3.186625000000000227e+02
3.195874999999999773e+02
3.205125000000000455e+02
3.214375000000000000e+02
3.223624999999999545e+02
3.232875000000000227e+02
3.242124999999999773e+02
3.251375000000000455e+02
3.260625000000000000e+02
3.269874999999999545e+02
3.279125000000000227e+02
3.288374999999999773e+02
3.297625000000000455e+02
3.306875000000000000e+02
3.316124999999999545e+02
3.325375000000000227e+02
3.334624999999999773e+02
3.343875000000000455e+02
3.353125000000000000e+02
3.362374999999999545e+02
3.371625000000000227e+02
3.380874999999999773e+02
3.390125000000000455e+02
3.399375000000000000e+02
3.408624999999999545e+02
3.417875000000000227e+02
3.427124999999999773e+02
3.436375000000000455e+02
3.445625000000000000e+02
3.454874999999999545e+02
3.464125000000000227e+02
3.473374999999999773e+02
3.482625000000000455e+02
3.491875000000000000e+02
3.501124999999999545e+02
3.510375000000000227e+02
3.519624999999999773e+02
3.528875000000000455e+02
3.538125000000000000e+02
3.547374999999999545e+02
3.556625000000000227e+02
3.565874999999999773e+02
3.575125000000000455e+02
3.584375000000000000e+02
3.593624999999999545e+02
3.602875000000000227e+02
3.612124999999999773e+02
3.621375000000000455e+02
3.630625000000000000e+02
3.639874999999999545e+02
3.649125000000000227e+02
3.658374999999999773e+02
3.667625000000000455e+02
3.676875000000000000e+02
3.686124999999999545e+02
3.695375000000000227e+02
3.704624999999999773e+02
3.713875000000000455e+02
3.723125000000000000e+02
3.732374999999999545e+02
3.741625000000000227e+02
3.750874999999999773e+02
3.760125000000000455e+02
3.769375000000000000e+02
3.778624999999999545e+02
3.787875000000000227e+02
3.797124999999999773e+02
3.806375000000000455e+02
3.815625000000000000e+02
3.824874999999999545e+02
3.834125000000000227e+02
3.843374999999999773e+02
3.852625000000000455e+02
3.861875000000000000e+02
3.871124999999999545e+02
3.880375000000000227e+02
3.889624999999999773e+02
3.898875000000000455e+02
3.908125000000000000e+02
3.917374999999999545e+02
3.926625000000000227e+02
3.935874999999999773e+02
3.945125000000000455e+02
3.954375000000000000e+02
3.963624999999999545e+02
3.972875000000000227e+02
3.982124999999999773e+02
3.991375000000000455e+02
4.000625000000000000e+02
4.009874999999999545e+02
4.019125000000000227e+02
4.028374999999999773e+02
4.037625000000000455e+02
4.046875000000000000e+02
4.056124999999999545e+02
4.065375000000000227e+02
4.074624999999999773e+02
4.083875000000000455e+02
4.093125000000000000e+02
4.102374999999999545e+02
4.111625000000000227e+02
4.120874999999999773e+02
4.130125000000000455e+02
4.139375000000000000e+02
4.148624999999999545e+02
4.157875000000000227e+02
4.167124999999999773e+02
4.176375000000000455e+02
4.185625000000000000e+02
4.194874999999999545e+02
4.204125000000000227e+02
4.213374999999999773e+02
4.222625000000000455e+02
4.231875000000000000e+02
4.241124999999999545e+02
4.250375000000000227e+02
4.259624999999999773e+02
4.268875000000000455e+02
4.278125000000000000e+02
4.287374999999999545e+02
4.296625000000000227e+02
4.305874999999999773e+02
4.315125000000000455e+02
4.324375000000000000e+02
4.333624999999999545e+02
4.342875000000000227e+02
4.352124999999999773e+02
4.361375000000000455e+02
4.370625000000000000e+02
4.379874999999999545e+02
4.389125000000000227e+02
4.398374999999999773e+02
4.407625000000000455e+02
4.416875000000000000e+02
4.426124999999999545e+02
4.435375000000000227e+02
4.444624999999999773e+02
4.453875000000000455e+02
4.463125000000000000e+02
4.472374999999999545e+02
4.481625000000000227e+02
4.490874999999999773e+02
4.500125000000000455e+02
4.509375000000000000e+02
4.518624999999999545e+02
4.527875000000000227e+02
4.537124999999999773e+02
4.546375000000000455e+02
4.555625000000000000e+02
4.564874999999999545e+02
4.574125000000000227e+02
4.583374999999999773e+02
4.592625000000000455e+02
4.601875000000000000e+02
4.611124999999999545e+02
4.620375000000000227e+02
4.629624999999999773e+02
4.638875000000000455e+02
4.648125000000000000e+02
4.657374999999999545e+02
4.666625000000000227e+02
4.675874999999999773e+02
4.685125000000000455e+02
4.694375000000000000e+02
4.703624999999999545e+02
4.712875000000000227e+02
4.722124999999999773e+02
4.731375000000000455e+02
4.740625000000000000e+02
4.749874999999999545e+02
4.759125000000000227e+02
4.768374999999999773e+02
4.777625000000000455e+02
4.786875000000000000e+02
4.796124999999999545e+02
4.805375000000000227e+02
4.814624999999999773e+02
4.823875000000000455e+02
4.833125000000000000e+02
4.842374999999999545e+02
4.851625000000000227e+02
4.860874999999999773e+02
4.870125000000000455e+02
4.879375000000000000e+02
4.888624999999999545e+02
4.897875000000000227e+02
4.907124999999999773e+02
4.916375000000000455e+02
4.925625000000000000e+02
4.934874999999999545e+02
4.944125000000000227e+02
4.953374999999999773e+02
4.962625000000000455e+02
4.971875000000000000e+02
4.981124999999999545e+02
4.990375000000000227e+02
4.999624999999999773e+02
5.008875000000000455e+02
5.018125000000000000e+02
5.027374999999999545e+02
5.036625000000000227e+02
5.045874999999999773e+02
5.055125000000000455e+02
5.064375000000000000e+02
5.073624999999999545e+02
5.082875000000000227e+02
5.092124999999999773e+02
5.101375000000000455e+02
5.110625000000000000e+02
5.119875000000000114e+02
5.129125000000000227e+02
5.138374999999999773e+02
5.147625000000000455e+02
5.156875000000000000e+02
5.166124999999999545e+02
5.175375000000000227e+02
5.184624999999999773e+02
5.193875000000000455e+02
5.203125000000000000e+02
5.212374999999999545e+02
5.221625000000000227e+02
5.230874999999999773e+02
5.240125000000000455e+02
5.249375000000000000e+02
5.258624999999999545e+02
5.267875000000000227e+02
5.277124999999999773e+02
5.286375000000000455e+02
5.295625000000000000e+02
5.304874999999999545e+02
5.314125000000000227e+02
5.323374999999999773e+02
5.332625000000000455e+02
5.341875000000000000e+02
5.351124999999999545e+02
5.360375000000000227e+02
5.369624999999999773e+02
5.378875000000000455e+02
5.388125000000000000e+02
5.397374999999999545e+02
5.406625000000000227e+02
5.415874999999999773e+02
5.425125000000000455e+02
5.434375000000000000e+02
5.443624999999999545e+02
5.452875000000000227e+02
5.462124999999999773e+02
5.471375000000000455e+02
5.480625000000000000e+02
5.489874999999999545e+02
5.499125000000000227e+02
5.508374999999999773e+02
5.517625000000000455e+02
5.526875000000000000e+02
5.536124999999999545e+02
5.545375000000000227e+02
5.554624999999999773e+02
5.563875000000000455e+02
5.573125000000000000e+02
5.582374999999999545e+02
5.591625000000000227e+02
5.600874999999999773e+02
5.610125000000000455e+02
5.619375000000000000e+02
5.628624999999999545e+02
5.637875000000000227e+02
5.647124999999999773e+02
5.656375000000000455e+02
5.665625000000000000e+02
5.674874999999999545e+02
5.684125000000000227e+02
5.693374999999999773e+02
5.702625000000000455e+02
5.711875000000000000e+02
5.721124999999999545e+02
5.730375000000000227e+02
5.739624999999999773e+02
5.748875000000000455e+02
5.758125000000000000e+02
5.767374999999999545e+02
5.776625000000000227e+02
5.785874999999999773e+02
5.795125000000000455e+02
5.804375000000000000e+02
5.813624999999999545e+02
5.822875000000000227e+02
5.832124999999999773e+02
5.841375000000000455e+02
5.850625000000000000e+02
5.859874999999999545e+02
5.869125000000000227e+02
5.878374999999999773e+02
5.887625000000000455e+02
