179526322937210
153756761686163
143884185309033
124114180346289
113176903034097
111544059242595
92868114743673
90955873587433
84670030360749
74519023163854
73760861663480
65669315212204
63518534219898
59596942297900
55072600905281
49378434352348
51047861666405
47224721202696
44922490448160
41937154835821
37871283583299
37808764373631
33741569539088
36075900353053
34111330349157
31492610667547
31654853139454
29935825755098
26998369922937
28382922192399
24793695389132
26811978438223
21933112648917
24495101660424
23945084468019
21663035007475
18392684193238
21400939878200
18425757330673
17407494101396
16902680841674
15775132467009
16713394543704
16370581668762
18184790950417
16093615190356
13585874558296
14328559983115
13512502108221
11472800609566
11386459845394
12190614829907
12977505075579
10644703397707
12107129275311
11454967177532
11701740142483
11176434923940
11726937137951
10065185414588
9917082199156
9726825879384
9427540978850
8750893933986
9204215494688
8889726631314
8576145543819
7040794160167
8532162389736
9177171362568
7408911420770
8363970813484
5380940692970
7171656258017
4891855355083
7191302828479
6631079476829
6116837806431
6234183950212
5859123945829
5552308176018
5763621871964
6101526553840
5966708600620
4918011265066
5547483759146
4647307190336
4191520171766
4705303161021
3254513364220
4842153790663
4092670072369
5600045063844
4470483185961
4172627175142
3546709147618
3799805958419
4054787650136
3250093704026
3383827967594
3265608325311
3884968152407
2995169569931
2400511808228
2553328113545
2827705365374
3773164162562
2727487782282
3655320127124
2696071006001
3239472997394
2763485643298
3080219779759
1735402559171
2578427674807
2389384648659
2605925710253
2046579868201
2878326143024
2297615592615
2027867052124
2614243035762
2630907565898
2371280473842
2664586843000
2047894810576
1813231881859
2152629108307
1965286245683
2158002625540
1859785915736
2639272546544
1542190581888
2367511087345
1795597806429
1434835088112
1913687964390
1108256494203
870580690656
907223556286
2519818498738
1800521520686
1755236868110
1907365768891
1769555322979
2039225677582
1878146053917
1340156944212
884203624944
1284027737522
1908216186392
1114341363642
1130027149356
690727226235
1852923302959
585130160356
1156693250159
813456093383
1117161199134
1589336947841
1242385451003
364505775577
998272610990
711863726687
1161525410873
1388011971649
1239081221811
1260831691391
1699820934306
1693141057290
1566932399990
793765706669
896154844971
592640311415
1097602320085
938443694209
903752623081
911739990117
705772899301
708883858312
799452443986
606441287567
500105575491
639857787030
583509085626
1282590876119
550117543414
695860803137
233740007012
236682401044
655730913338
340292973901
580791268759
640746127408
1100212924173
667534041148
250291633482
205564999436
611910307618
428687132226
1328262347973
400019288011
357026640781
539647298852
54488247179
245471320200
682251278581
358204296133
197047536502
534437352007
316643574539
229624003032
127797937803
395739181202
211783897537
485933798557
793130143540
502271746162
523534641265
721559441345
335591826320
201226442176
249343496574
226911643663
187887862322
573189534066
42957842177
621349922160
391772195690
118026960359
283042020048
176665663402
248524467313
45508864623
222878227420
199564542581
202360117678
25089360526
191353999587
469009238224
48055893597
331970212741
348822064286
214647731755
329056002486
176878518469
172620837338
781514475292
486487130697
172944707104
178489723212
343141797737
354129962420
25259853645
194332488791
188032609501
28886980031
44462385990
647828347505
69567987581
38452915333
29557615579
333206567679
166816315495
40709759272
17439607899
171042213371
23345883375
335674637305
415369989112
20985590927
175496879469
68784872540
184822185274
166837740711
38826785104
172737030181
461077192825
51279922282
326029190939
18131547147
13931108936
319189915054
9107667404
187369331988
23148111222
313907628099
59303706491
18518189400
336669118572
28946006466
16519380563
175415098440
10068260439
32773069658
466977299277
178867222162
178523202086
12714846633
28912970021
6440762000
198582961687
38119097981
39877307871
5711296667
164606561757
50851939778
18443325128
333615442292
16580631543
23371461676
14700872682
169287842497
90682405146
29685601747
21631234401
369305084551
167314116909
28646844089
12419365053
23852254924
2138579438
45006500196
129139131199
11173292810
18456899902
169857631279
13116177383
163114458283
8198580353
170304460752
195942794041
165654931495
22689357860
2309234476
15559209152
27747205983
10382014354
6893022196
180068708983
13805538341
13454309662
8815583877
26700809834
10952300333
16783403911
4095542646
176127616233
10294255389
163838395415
164908410047
161712579122
19876953706
22892447917
153322022567
163947224160
9960361767
5882202916
10714780845
11864490749
5545712631
9707916996
28252833853
311990175862
22084399417
7452105747
16301786281
16030743092
163469265224
7018028929
10058842054
20250033988
14399026108
23826249720
150042162973
20897408776
152568618847
158183890666
17935767853
4629422265
21636518682
5500198426
6491335439
18966825179
4548623588
15893351721
15401727449
11237759326
170531880711
8092100404
19522952081
25812457351
18065266622
244391709850
10214238196
14123819766
167629002803
7272856073
6427765283
4427838879
12910655689
5100999545
14797227562
3300614380
11661098074
3022846858
5403813762
18064890326
22182875685
6970692361
11588859901
24220414152
11557004915
9589100680
5719358501
13331165879
4273936634
156558620080
11950211671
9503023771
3134978698
8688008258
2135891644
2284030954
14033576655
22197490071
6996723998
6734288966
6780650057
11393095939
8923646383
8389838816
2881575456
13879010085
16581544038
4620440231
11564892148
32629798312
7549819550
6688752269
2285441699
2897280706
2245575249
12748539763
193218080716
15473408842
3166648292
2129611532
7551708858
5098512552
15867726843
161403133632
14780462631
23003049950
9645104049
7063272492
24759300628
2260499651
7306481178
5256687117
6556867369
6507398177
4773981761
39032301870
2218764027
4726645768
9435283346
16716292146
18241004565
3066592723
4346389846
2634140149
3302937458
2779708698
7485066148
2264442679
13463965100
2667338019
16362650787
2562608720
2751921599
2263467851
10013238327
2300237878
14754682172
23556644734
21927192722
2123470482
2176488815
8638141928
12168158824
7525724965
11692949219
4570724398
7659950284
3824007712
3765644458
2563752023
8049576230
152179175932
2194785215
2109198121
6793760810
7581995622
16305836803
2264469767
2116516092
9310956944
2716500001
14330422993
4253617009
150042162973
2823572607
164391792793
5143330887
212083152221
2325893649
7710210812
2493209665
2871592165
9433235607
9502845053
2128411473
4713871285
6293737294
2881240108
2701028952
16937885650
8104586478
2935929466
2817784895
5606830857
5244278317
4992666374
2761401628
16502412043
2478428717
2231841367
23933924170
7534050174
2220038529
150042162973
4391617298
4367683884
154710494083
4861544598
6297167076
8160210637
12000566972
2106220809
2152736133
7612180765
2107043798
4662293484
5360785364
6670362136
3693239599
14531275103
4828451388
2329811672
9852229933
32868151321
21063760838
2436046582
10980636763
19467345684
11401667636
13920731032
20133084086
10173650149
2638501676
5742769117
2187399708
2366344239
