0.000000
5.878000
11.756000
17.634000
23.512000
29.390000
35.268000
41.146000
47.024000
52.902000
58.780000
64.658000
70.536000
76.414000
82.292000
88.170000
94.048000
99.926000
105.804000
111.682000
117.560000
123.438000
129.316000
135.194000
141.072000
146.950000
152.828000
158.706000
164.584000
170.462000
176.340000
182.218000
188.096000
193.974000
199.852000
205.730000
211.608000
217.486000
223.364000
229.242000
235.120000
240.998000
246.876000
252.754000
258.632000
264.510000
270.388000
276.266000
282.144000
288.022000
293.900000
299.778000
305.656000
311.534000
317.412000
323.290000
329.168000
335.046000
340.924000
346.802000
352.680000
358.558000
364.436000
370.314000
376.192000
382.070000
387.948000
393.826000
399.704000
405.582000
411.460000
417.338000
423.216000
429.094000
434.972000
440.850000
446.728000
452.606000
458.484000
464.362000
470.240000
476.118000
481.996000
487.874000
493.752000
499.630000
505.508000
511.386000
517.264000
523.142000
529.020000
534.898000
540.776000
546.654000
552.532000
558.410000
564.288000
570.166000
576.044000
581.922000
587.800000
593.678000
599.556000
605.434000
611.312000
617.190000
623.068000
628.946000
634.824000
640.702000
646.580000
652.458000
658.336000
664.214000
670.092000
675.970000
681.848000
687.726000
693.604000
699.482000
705.360000
711.238000
717.116000
722.994000
728.872000
734.750000
740.628000
746.506000
752.384000
758.262000
764.140000
770.018000
775.896000
781.774000
787.652000
793.530000
799.408000
805.286000
811.164000
817.042000
822.920000
828.798000
834.676000
840.554000
846.432000
852.310000
858.188000
864.066000
869.944000
875.822000
881.700000
887.578000
893.456000
899.334000
905.212000
911.090000
916.968000
922.846000
928.724000
934.602000
940.480000
946.358000
952.236000
958.114000
963.992000
969.870000
975.748000
981.626000
987.504000
993.382000
999.260000
1005.138000
1011.016000
1016.894000
1022.772000
1028.650000
1034.528000
1040.406000
1046.284000
1052.162000
1058.040000
1063.918000
1069.796000
1075.674000
1081.552000
1087.430000
1093.308000
1099.186000
1105.064000
1110.942000
1116.820000
1122.698000
1128.576000
1134.454000
1140.332000
1146.210000
1152.088000
1157.966000
1163.844000
1169.722000
1175.600000
1181.478000
1187.356000
1193.234000
1199.112000
1204.990000
1210.868000
1216.746000
1222.624000
1228.502000
1234.380000
1240.258000
1246.136000
1252.014000
1257.892000
1263.770000
1269.648000
1275.526000
1281.404000
1287.282000
1293.160000
1299.038000
1304.916000
1310.794000
1316.672000
1322.550000
1328.428000
1334.306000
1340.184000
1346.062000
1351.940000
1357.818000
1363.696000
1369.574000
1375.452000
1381.330000
1387.208000
1393.086000
1398.964000
1404.842000
1410.720000
1416.598000
1422.476000
1428.354000
1434.232000
1440.110000
1445.988000
1451.866000
1457.744000
1463.622000
1469.500000
1475.378000
1481.256000
1487.134000
1493.012000
1498.890000
1504.768000
1510.646000
1516.524000
1522.402000
1528.280000
1534.158000
1540.036000
1545.914000
1551.792000
1557.670000
1563.548000
1569.426000
1575.304000
1581.182000
1587.060000
1592.938000
1598.816000
1604.694000
1610.572000
1616.450000
1622.328000
1628.206000
1634.084000
1639.962000
1645.840000
1651.718000
1657.596000
1663.474000
1669.352000
1675.230000
1681.108000
1686.986000
1692.864000
1698.742000
1704.620000
1710.498000
1716.376000
1722.254000
1728.132000
1734.010000
1739.888000
1745.766000
1751.644000
1757.522000
1763.400000
1769.278000
1775.156000
1781.034000
1786.912000
1792.790000
1798.668000
1804.546000
1810.424000
1816.302000
1822.180000
1828.058000
1833.936000
1839.814000
1845.692000
1851.570000
1857.448000
1863.326000
1869.204000
1875.082000
1880.960000
1886.838000
1892.716000
1898.594000
1904.472000
1910.350000
1916.228000
1922.106000
1927.984000
1933.862000
1939.740000
1945.618000
1951.496000
1957.374000
1963.252000
1969.130000
1975.008000
1980.886000
1986.764000
1992.642000
1998.520000
2004.398000
2010.276000
2016.154000
2022.032000
2027.910000
2033.788000
2039.666000
2045.544000
2051.422000
2057.300000
2063.178000
2069.056000
2074.934000
2080.812000
2086.690000
2092.568000
2098.446000
2104.324000
2110.202000
2116.080000
2121.958000
2127.836000
2133.714000
2139.592000
2145.470000
2151.348000
2157.226000
2163.104000
2168.982000
2174.860000
2180.738000
2186.616000
2192.494000
2198.372000
2204.250000
2210.128000
2216.006000
2221.884000
2227.762000
2233.640000
2239.518000
2245.396000
2251.274000
2257.152000
2263.030000
2268.908000
2274.786000
2280.664000
2286.542000
2292.420000
2298.298000
2304.176000
2310.054000
2315.932000
2321.810000
2327.688000
2333.566000
2339.444000
2345.322000
2351.200000
2357.078000
2362.956000
2368.834000
2374.712000
2380.590000
2386.468000
2392.346000
2398.224000
2404.102000
2409.980000
2415.858000
2421.736000
2427.614000
2433.492000
2439.370000
2445.248000
2451.126000
2457.004000
2462.882000
2468.760000
2474.638000
2480.516000
2486.394000
2492.272000
2498.150000
2504.028000
2509.906000
2515.784000
2521.662000
2527.540000
2533.418000
2539.296000
2545.174000
2551.052000
2556.930000
2562.808000
2568.686000
2574.564000
2580.442000
2586.320000
2592.198000
2598.076000
2603.954000
2609.832000
2615.710000
2621.588000
2627.466000
2633.344000
2639.222000
2645.100000
2650.978000
2656.856000
2662.734000
2668.612000
2674.490000
2680.368000
2686.246000
2692.124000
2698.002000
2703.880000
2709.758000
2715.636000
2721.514000
2727.392000
2733.270000
2739.148000
2745.026000
2750.904000
2756.782000
2762.660000
2768.538000
2774.416000
2780.294000
2786.172000
2792.050000
2797.928000
2803.806000
2809.684000
2815.562000
2821.440000
2827.318000
2833.196000
2839.074000
2844.952000
2850.830000
2856.708000
2862.586000
2868.464000
2874.342000
2880.220000
2886.098000
2891.976000
2897.854000
2903.732000
2909.610000
2915.488000
2921.366000
2927.244000
2933.122000
2939.000000
2944.878000
2950.756000
2956.634000
2962.512000
2968.390000
2974.268000
2980.146000
2986.024000
2991.902000
2997.780000
3003.658000
3009.536000
3015.414000
3021.292000
3027.170000
3033.048000
3038.926000
3044.804000
3050.682000
3056.560000
3062.438000
3068.316000
3074.194000
3080.072000
3085.950000
3091.828000
3097.706000
3103.584000
3109.462000
3115.340000
3121.218000
3127.096000
3132.974000
3138.852000
3144.730000
3150.608000
3156.486000
3162.364000
3168.242000
3174.120000
3179.998000
3185.876000
3191.754000
3197.632000
3203.510000
3209.388000
3215.266000
3221.144000
3227.022000
3232.900000
3238.778000
3244.656000
3250.534000
3256.412000
3262.290000
3268.168000
3274.046000
3279.924000
3285.802000
3291.680000
3297.558000
3303.436000
3309.314000
3315.192000
3321.070000
3326.948000
3332.826000
3338.704000
3344.582000
3350.460000
3356.338000
3362.216000
3368.094000
3373.972000
3379.850000
3385.728000
3391.606000
3397.484000
3403.362000
3409.240000
3415.118000
3420.996000
3426.874000
3432.752000
3438.630000
3444.508000
3450.386000
3456.264000
3462.142000
3468.020000
3473.898000
3479.776000
3485.654000
3491.532000
3497.410000
3503.288000
3509.166000
3515.044000
3520.922000
3526.800000
3532.678000
3538.556000
3544.434000
3550.312000
3556.190000
3562.068000
3567.946000
3573.824000
3579.702000
3585.580000
3591.458000
3597.336000
3603.214000
3609.092000
3614.970000
3620.848000
3626.726000
3632.604000
3638.482000
3644.360000
3650.238000
3656.116000
3661.994000
3667.872000
3673.750000
3679.628000
3685.506000
3691.384000
3697.262000
3703.140000
3709.018000
3714.896000
3720.774000
3726.652000
3732.530000
3738.408000
3744.286000
3750.164000
3756.042000
3761.920000
3767.798000
3773.676000
3779.554000
3785.432000
3791.310000
3797.188000
3803.066000
3808.944000
3814.822000
3820.700000
3826.578000
3832.456000
3838.334000
3844.212000
3850.090000
3855.968000
3861.846000
3867.724000
3873.602000
3879.480000
3885.358000
3891.236000
3897.114000
3902.992000
3908.870000
3914.748000
3920.626000
3926.504000
3932.382000
3938.260000
3944.138000
3950.016000
3955.894000
3961.772000
3967.650000
3973.528000
3979.406000
3985.284000
3991.162000
3997.040000
4002.918000
4008.796000
4014.674000
4020.552000
4026.430000
4032.308000
4038.186000
4044.064000
4049.942000
4055.820000
4061.698000
4067.576000
4073.454000
4079.332000
4085.210000
4091.088000
4096.966000
4102.844000
4108.722000
4114.600000
4120.478000
4126.356000
4132.234000
4138.112000
4143.990000
4149.868000
4155.746000
4161.624000
4167.502000
4173.380000
4179.258000
4185.136000
4191.014000
4196.892000
4202.770000
4208.648000
4214.526000
4220.404000
4226.282000
4232.160000
4238.038000
4243.916000
4249.794000
4255.672000
4261.550000
4267.428000
4273.306000
4279.184000
4285.062000
4290.940000
4296.818000
4302.696000
4308.574000
4314.452000
4320.330000
4326.208000
4332.086000
4337.964000
4343.842000
4349.720000
4355.598000
4361.476000
4367.354000
4373.232000
4379.110000
4384.988000
4390.866000
4396.744000
4402.622000
4408.500000
4414.378000
4420.256000
4426.134000
4432.012000
4437.890000
4443.768000
4449.646000
4455.524000
4461.402000
4467.280000
4473.158000
4479.036000
4484.914000
4490.792000
4496.670000
4502.548000
4508.426000
4514.304000
4520.182000
4526.060000
4531.938000
4537.816000
4543.694000
4549.572000
4555.450000
4561.328000
4567.206000
4573.084000
4578.962000
4584.840000
4590.718000
4596.596000
4602.474000
4608.352000
4614.230000
4620.108000
4625.986000
4631.864000
4637.742000
4643.620000
4649.498000
4655.376000
4661.254000
4667.132000
4673.010000
4678.888000
4684.766000
4690.644000
4696.522000
4702.400000
4708.278000
4714.156000
4720.034000
4725.912000
4731.790000
4737.668000
4743.546000
4749.424000
4755.302000
4761.180000
4767.058000
4772.936000
4778.814000
4784.692000
4790.570000
4796.448000
4802.326000
4808.204000
4814.082000
4819.960000
4825.838000
4831.716000
4837.594000
4843.472000
4849.350000
4855.228000
4861.106000
4866.984000
4872.862000
4878.740000
4884.618000
4890.496000
4896.374000
4902.252000
4908.130000
4914.008000
4919.886000
4925.764000
4931.642000
4937.520000
4943.398000
4949.276000
4955.154000
4961.032000
4966.910000
4972.788000
4978.666000
4984.544000
4990.422000
4996.300000
5002.178000
5008.056000
5013.934000
5019.812000
5025.690000
5031.568000
5037.446000
5043.324000
5049.202000
5055.080000
5060.958000
5066.836000
5072.714000
5078.592000
5084.470000
5090.348000
5096.226000
5102.104000
5107.982000
5113.860000
5119.738000
5125.616000
5131.494000
5137.372000
5143.250000
5149.128000
5155.006000
5160.884000
5166.762000
5172.640000
5178.518000
5184.396000
5190.274000
5196.152000
5202.030000
5207.908000
5213.786000
5219.664000
5225.542000
5231.420000
5237.298000
5243.176000
5249.054000
5254.932000
5260.810000
5266.688000
5272.566000
5278.444000
5284.322000
5290.200000
5296.078000
5301.956000
5307.834000
5313.712000
5319.590000
5325.468000
5331.346000
5337.224000
5343.102000
5348.980000
5354.858000
5360.736000
5366.614000
5372.492000
5378.370000
5384.248000
5390.126000
5396.004000
5401.882000
5407.760000
5413.638000
5419.516000
5425.394000
5431.272000
5437.150000
5443.028000
5448.906000
5454.784000
5460.662000
5466.540000
5472.418000
5478.296000
5484.174000
5490.052000
5495.930000
5501.808000
5507.686000
5513.564000
5519.442000
5525.320000
5531.198000
5537.076000
5542.954000
5548.832000
5554.710000
5560.588000
5566.466000
5572.344000
5578.222000
5584.100000
5589.978000
5595.856000
5601.734000
5607.612000
5613.490000
5619.368000
5625.246000
5631.124000
5637.002000
5642.880000
5648.758000
5654.636000
5660.514000
5666.392000
5672.270000
5678.148000
5684.026000
5689.904000
5695.782000
5701.660000
5707.538000
5713.416000
5719.294000
5725.172000
5731.050000
5736.928000
5742.806000
5748.684000
5754.562000
5760.440000
5766.318000
5772.196000
5778.074000
5783.952000
5789.830000
5795.708000
5801.586000
5807.464000
5813.342000
5819.220000
5825.098000
5830.976000
5836.854000
5842.732000
5848.610000
5854.488000
5860.366000
5866.244000
5872.122000
5878.000000
