24.908500
26.515500
28.122500
29.729500
31.336500
32.943500
34.550500
36.157500
37.764500
39.371500
40.978500
42.585500
44.192500
45.799500
47.406500
49.013500
50.620500
52.227500
53.834500
55.441500
57.048500
58.655500
60.262500
61.869500
63.476500
65.083500
66.690500
68.297500
69.904500
71.511500
73.118500
74.725500
76.332500
77.939500
79.546500
81.153500
82.760500
84.367500
85.974500
87.581500
89.188500
90.795500
92.402500
94.009500
95.616500
97.223500
98.830500
100.437500
102.044500
103.651500
105.258500
106.865500
108.472500
110.079500
111.686500
113.293500
114.900500
116.507500
118.114500
119.721500
121.328500
122.935500
124.542500
126.149500
127.756500
129.363500
130.970500
132.577500
134.184500
135.791500
137.398500
139.005500
140.612500
142.219500
143.826500
145.433500
147.040500
148.647500
150.254500
151.861500
153.468500
155.075500
156.682500
158.289500
159.896500
161.503500
163.110500
164.717500
166.324500
167.931500
169.538500
171.145500
172.752500
174.359500
175.966500
177.573500
179.180500
180.787500
182.394500
184.001500
185.608500
187.215500
188.822500
190.429500
192.036500
193.643500
195.250500
196.857500
198.464500
200.071500
201.678500
203.285500
204.892500
206.499500
208.106500
209.713500
211.320500
212.927500
214.534500
216.141500
217.748500
219.355500
220.962500
222.569500
224.176500
225.783500
227.390500
228.997500
230.604500
232.211500
233.818500
235.425500
237.032500
238.639500
240.246500
241.853500
243.460500
245.067500
246.674500
248.281500
249.888500
251.495500
253.102500
254.709500
256.316500
257.923500
259.530500
261.137500
262.744500
264.351500
265.958500
267.565500
269.172500
270.779500
272.386500
273.993500
275.600500
277.207500
278.814500
280.421500
282.028500
283.635500
285.242500
286.849500
288.456500
290.063500
291.670500
293.277500
294.884500
296.491500
298.098500
299.705500
301.312500
302.919500
304.526500
306.133500
307.740500
309.347500
310.954500
312.561500
314.168500
315.775500
317.382500
318.989500
320.596500
322.203500
323.810500
325.417500
327.024500
328.631500
330.238500
331.845500
333.452500
335.059500
336.666500
338.273500
339.880500
341.487500
343.094500
344.701500
346.308500
347.915500
349.522500
351.129500
352.736500
354.343500
355.950500
357.557500
359.164500
360.771500
362.378500
363.985500
365.592500
367.199500
368.806500
370.413500
372.020500
373.627500
375.234500
376.841500
378.448500
380.055500
381.662500
383.269500
384.876500
386.483500
388.090500
389.697500
391.304500
392.911500
394.518500
396.125500
397.732500
399.339500
400.946500
402.553500
404.160500
405.767500
407.374500
408.981500
410.588500
412.195500
413.802500
415.409500
417.016500
418.623500
420.230500
421.837500
423.444500
425.051500
426.658500
428.265500
429.872500
431.479500
433.086500
434.693500
436.300500
437.907500
439.514500
441.121500
442.728500
444.335500
445.942500
447.549500
449.156500
450.763500
452.370500
453.977500
455.584500
457.191500
458.798500
460.405500
462.012500
463.619500
465.226500
466.833500
468.440500
470.047500
471.654500
473.261500
474.868500
476.475500
478.082500
479.689500
481.296500
482.903500
484.510500
486.117500
487.724500
489.331500
490.938500
492.545500
494.152500
495.759500
497.366500
498.973500
500.580500
502.187500
503.794500
505.401500
507.008500
508.615500
510.222500
511.829500
513.436500
515.043500
516.650500
518.257500
519.864500
521.471500
523.078500
524.685500
526.292500
527.899500
529.506500
531.113500
532.720500
534.327500
535.934500
537.541500
539.148500
540.755500
542.362500
543.969500
545.576500
547.183500
548.790500
550.397500
552.004500
553.611500
555.218500
556.825500
558.432500
560.039500
561.646500
563.253500
564.860500
566.467500
568.074500
569.681500
571.288500
572.895500
574.502500
576.109500
577.716500
579.323500
580.930500
582.537500
584.144500
585.751500
587.358500
588.965500
590.572500
592.179500
593.786500
595.393500
597.000500
598.607500
600.214500
601.821500
603.428500
605.035500
606.642500
608.249500
609.856500
611.463500
613.070500
614.677500
616.284500
617.891500
619.498500
621.105500
622.712500
624.319500
625.926500
627.533500
629.140500
630.747500
632.354500
633.961500
635.568500
637.175500
638.782500
640.389500
641.996500
643.603500
645.210500
646.817500
648.424500
650.031500
651.638500
653.245500
654.852500
656.459500
658.066500
659.673500
661.280500
662.887500
664.494500
666.101500
667.708500
669.315500
670.922500
672.529500
674.136500
675.743500
677.350500
678.957500
680.564500
682.171500
683.778500
685.385500
686.992500
688.599500
690.206500
691.813500
693.420500
695.027500
696.634500
698.241500
699.848500
701.455500
703.062500
704.669500
706.276500
707.883500
709.490500
711.097500
712.704500
714.311500
715.918500
717.525500
719.132500
720.739500
722.346500
723.953500
725.560500
727.167500
728.774500
730.381500
731.988500
733.595500
735.202500
736.809500
738.416500
740.023500
741.630500
743.237500
744.844500
746.451500
748.058500
749.665500
751.272500
752.879500
754.486500
756.093500
757.700500
759.307500
760.914500
762.521500
764.128500
765.735500
767.342500
768.949500
770.556500
772.163500
773.770500
775.377500
776.984500
778.591500
780.198500
781.805500
783.412500
785.019500
786.626500
788.233500
789.840500
791.447500
793.054500
794.661500
796.268500
797.875500
799.482500
801.089500
802.696500
804.303500
805.910500
807.517500
809.124500
810.731500
812.338500
813.945500
815.552500
817.159500
818.766500
820.373500
821.980500
823.587500
825.194500
826.801500
828.408500
830.015500
831.622500
833.229500
834.836500
836.443500
838.050500
839.657500
841.264500
842.871500
844.478500
846.085500
847.692500
849.299500
850.906500
852.513500
854.120500
855.727500
857.334500
858.941500
860.548500
862.155500
863.762500
865.369500
866.976500
868.583500
870.190500
871.797500
873.404500
875.011500
876.618500
878.225500
879.832500
881.439500
883.046500
884.653500
886.260500
887.867500
889.474500
891.081500
892.688500
894.295500
895.902500
897.509500
899.116500
900.723500
902.330500
903.937500
905.544500
907.151500
908.758500
910.365500
911.972500
913.579500
915.186500
916.793500
918.400500
920.007500
921.614500
923.221500
924.828500
926.435500
928.042500
929.649500
931.256500
932.863500
934.470500
936.077500
937.684500
939.291500
940.898500
942.505500
944.112500
945.719500
947.326500
948.933500
950.540500
952.147500
953.754500
955.361500
956.968500
958.575500
960.182500
961.789500
963.396500
965.003500
966.610500
968.217500
969.824500
971.431500
973.038500
974.645500
976.252500
977.859500
979.466500
981.073500
982.680500
984.287500
985.894500
987.501500
989.108500
990.715500
992.322500
993.929500
995.536500
997.143500
998.750500
1000.357500
1001.964500
1003.571500
1005.178500
1006.785500
1008.392500
1009.999500
1011.606500
1013.213500
1014.820500
1016.427500
1018.034500
1019.641500
1021.248500
1022.855500
1024.462500
1026.069500
1027.676500
1029.283500
1030.890500
1032.497500
1034.104500
1035.711500
1037.318500
1038.925500
1040.532500
1042.139500
1043.746500
1045.353500
1046.960500
1048.567500
1050.174500
1051.781500
1053.388500
1054.995500
1056.602500
1058.209500
1059.816500
1061.423500
1063.030500
1064.637500
1066.244500
1067.851500
1069.458500
1071.065500
1072.672500
1074.279500
1075.886500
1077.493500
1079.100500
1080.707500
1082.314500
1083.921500
1085.528500
1087.135500
1088.742500
1090.349500
1091.956500
1093.563500
1095.170500
1096.777500
1098.384500
1099.991500
1101.598500
1103.205500
1104.812500
1106.419500
1108.026500
1109.633500
1111.240500
1112.847500
1114.454500
1116.061500
1117.668500
1119.275500
1120.882500
1122.489500
1124.096500
1125.703500
1127.310500
1128.917500
1130.524500
1132.131500
1133.738500
1135.345500
1136.952500
1138.559500
1140.166500
1141.773500
1143.380500
1144.987500
1146.594500
1148.201500
1149.808500
1151.415500
1153.022500
1154.629500
1156.236500
1157.843500
1159.450500
1161.057500
1162.664500
1164.271500
1165.878500
1167.485500
1169.092500
1170.699500
1172.306500
1173.913500
1175.520500
1177.127500
1178.734500
1180.341500
1181.948500
1183.555500
1185.162500
1186.769500
1188.376500
1189.983500
1191.590500
1193.197500
1196.411500
1198.018500
1199.625500
1201.232500
1202.839500
1204.446500
1206.053500
1207.660500
1209.267500
1210.874500
1212.481500
1214.088500
1215.695500
1217.302500
1218.909500
1220.516500
1222.123500
1223.730500
1225.337500
1226.944500
1228.551500
1230.158500
1231.765500
1233.372500
1234.979500
1236.586500
1238.193500
1239.800500
1241.407500
1243.014500
1244.621500
1246.228500
1247.835500
1251.049500
1252.656500
1254.263500
1255.870500
1257.477500
1259.084500
1260.691500
1262.298500
1265.512500
1267.119500
1268.726500
1270.333500
1271.940500
1273.547500
1275.154500
1276.761500
1278.368500
1279.975500
