173408619561501
171647209493684
153127545515239
137538926193769
134740968452114
115571228697728
113088840776537
107812053504120
92962022616484
85130408654352
82813177300631
80268923921360
71758770836803
70059761536675
61103223944903
59167133924653
53820038902840
52632139956729
49650162937920
47766117344840
45521663416638
42133475480172
41044420763855
36398926211660
35379790947339
33508652957872
32908483680289
30741784287553
28546974535704
28329946907426
25920434844684
25958728384656
25563154385547
21103392779924
21703234683593
22911518305069
19459663567774
17021646420623
17997651916408
17497936870517
16913549217763
15288176366577
14944140492001
13482192820944
14220896633883
13326158739573
12465257303041
12553523878914
11891864245992
11033419965710
11044574232295
11284006478842
10336478986087
8833097728097
10736824602172
9119150754486
8169250568011
9151568432422
8205658371919
8958204218367
7137054247657
7641367086465
6614359171747
6073574304991
7528709648351
6227178634695
6159265989896
5413009265040
5363908933244
5945120582698
6020347301699
4925536038625
4817870162499
4880164970588
4413617475910
4244461589451
5149116112338
4682557745234
3249819395694
3294015864662
3909124357066
3641024881168
3447430305906
3371356502249
2960300854340
3092597560871
3109289876298
2286918127669
3146020403920
2351753050113
2616447730855
3045332060099
2133624229343
2321750318594
2356847976061
2125887348944
1397297922111
2349580744281
1858443251771
1759399141203
1689124013022
1298937870028
1751457869281
1305472816553
1817248226592
1442978719252
1452454556336
1592030864570
1509797702541
1564453141614
1238819676516
1228169206233
1124773727305
1499709118782
1197885270867
1208721185796
1170021505321
1730494180474
1136545306392
759960698180
1051816597833
847663754161
940602917628
930423675545
805119980474
1573504849069
688627790787
512039169447
798652705514
736543397232
863075150227
812078206181
883808984450
472086337423
618203388095
845678426966
759353728693
683624207062
400510570297
847545985425
585498352786
849890431264
544133184513
818347031355
537698551032
858843007800
638351040558
542260963910
505467228166
381209559720
299856854893
678299897535
736375181975
419261889194
578926081682
378021207565
353443381756
462423514996
387077103438
710999905179
376102111026
402420225565
211486222581
361628165374
519212850528
222301653179
376421928670
277072683519
188325622534
280242791287
314571562094
197151662831
318542747177
379519946521
158324037025
314210985024
153580919203
281807947507
266039753383
32066804849
220554292432
117687252014
385946726044
102118910346
306526864713
215818778774
320726449298
82217595613
39789287988
179451763788
137583660936
115258492720
189859660422
115367011181
150437435924
257624174351
237848654326
219930183044
220577854446
55943866426
130123708501
292677508224
221673306141
58442532278
90163048578
46172696793
83150943256
174405426168
238526665596
136883144928
78454066771
112926858570
109817562067
113173628070
292306983485
77583885778
104517914020
132873809218
229717982072
188809802725
160804365590
122280744099
157206859512
33104920184
81347974828
38669735921
96560787256
26648449805
21929150400
141419045112
76915067445
45877577971
74779631365
70428890192
55847988119
32507772182
66819761717
92639872291
83619164521
81419444268
146459646265
38882848153
103576709051
53807985868
54635372972
25019106304
11386641198
74836003113
69158881597
80546160978
30194868126
77382988476
79832097818
90031550585
43385659585
93146218153
37028959800
85019458233
38011869920
147027968097
7880677902
25813544139
13182213120
66836732960
30280019717
41423189106
34876829539
63421405722
58451692030
32776163796
22294948551
