1.917362387854051000e+15
1.809781567886208000e+15
1.697321201274254000e+15
1.586066163405733000e+15
1.482149068301864000e+15
1.432152847813081000e+15
1.309404433057647000e+15
1.300488968985317000e+15
1.228947046809184000e+15
1.141572799302599000e+15
1.108119630867334000e+15
1.040346096540685000e+15
1.016395259204935000e+15
9.748980581591130000e+14
9.173922555753040000e+14
8.672186215687540000e+14
8.432576025510030000e+14
8.070949363239560000e+14
7.844935404183730000e+14
7.956601018375070000e+14
7.005597708701050000e+14
7.030171524127390000e+14
6.728594991351610000e+14
6.541357469656420000e+14
6.221032430738730000e+14
5.791200950002310000e+14
5.843953128210610000e+14
5.687304566423440000e+14
5.427776312080530000e+14
5.195242969839510000e+14
5.040850850101410000e+14
5.081252125615490000e+14
4.822931453863560000e+14
4.792263440789260000e+14
4.410141025065440000e+14
4.284064143263310000e+14
4.157676391658640000e+14
4.120317770445870000e+14
4.003751489318960000e+14
3.813111804646290000e+14
3.800840180116500000e+14
3.533972041191620000e+14
3.512374966294890000e+14
3.326835878597910000e+14
3.276254585659880000e+14
3.009233285617270000e+14
3.151395513294250000e+14
3.096081994478490000e+14
2.900566457073410000e+14
2.772027362329980000e+14
2.665645695673160000e+14
2.806390351311470000e+14
2.650819417929830000e+14
2.568662566981400000e+14
2.511980211539550000e+14
2.555794169972670000e+14
2.379183214146950000e+14
2.289561428071000000e+14
2.164229900853970000e+14
2.204339568508190000e+14
2.120179212644690000e+14
2.196351124663060000e+14
2.060233102996470000e+14
2.051435874412900000e+14
1.929173196617790000e+14
1.930057488228250000e+14
1.893746970008220000e+14
1.841451894524680000e+14
1.654595664523690000e+14
1.683272132082930000e+14
1.626199157791770000e+14
1.591455621360790000e+14
1.630398311977590000e+14
1.622264285513320000e+14
1.546420788523130000e+14
1.492369146519570000e+14
1.496680490988980000e+14
1.397216042561030000e+14
1.394018723755790000e+14
1.399739089890290000e+14
1.340723824659740000e+14
1.289560191825410000e+14
1.218294124209340000e+14
1.194719335666490000e+14
1.212941730300400000e+14
1.215409461891640000e+14
1.255091636329410000e+14
1.082267330231350000e+14
1.154552001578020000e+14
1.175979292510500000e+14
1.004887723194980000e+14
1.047768181406870000e+14
1.062824717785600000e+14
9.145835914865100000e+13
9.519515347689100000e+13
9.992640541900900000e+13
8.944055500872800000e+13
9.511667592505300000e+13
8.814940939286100000e+13
7.744056672491300000e+13
9.195212968924700000e+13
8.119926679422100000e+13
7.733111055453400000e+13
8.814523807448200000e+13
7.116666471306600000e+13
7.922771086707900000e+13
7.128495064995400000e+13
7.731102991324600000e+13
8.428923210896900000e+13
7.296150980496500000e+13
7.559285691689600000e+13
7.120592536966800000e+13
7.276308712888600000e+13
7.147547051343800000e+13
7.055792581704700000e+13
6.665397837121200000e+13
5.913656288583600000e+13
6.625342195454200000e+13
5.636520084755400000e+13
5.768125092140700000e+13
6.687151211549200000e+13
5.699785342572800000e+13
6.426642443487200000e+13
5.581894117417800000e+13
4.963564915757200000e+13
5.226431914827500000e+13
5.261409432387900000e+13
5.015698690505500000e+13
5.122258579698200000e+13
5.417928069657800000e+13
4.599342848666600000e+13
5.336586788247400000e+13
3.894558263142400000e+13
4.648894128813600000e+13
5.210724800602100000e+13
4.420532210865200000e+13
5.257239671531800000e+13
4.935054828889600000e+13
4.507608740037300000e+13
4.379860641879300000e+13
4.103840751828600000e+13
4.514747912335300000e+13
3.738498216383700000e+13
3.518109114536500000e+13
3.807315356381000000e+13
4.414282353945200000e+13
3.962947240757900000e+13
3.137998302876600000e+13
3.207190683867500000e+13
3.628121157571500000e+13
3.951803176738300000e+13
3.339689681466600000e+13
3.254894035476800000e+13
3.802319990092700000e+13
2.959622631630100000e+13
3.293436124496800000e+13
2.979553540936400000e+13
3.124638069245600000e+13
3.018112495813400000e+13
3.132626176340800000e+13
3.139049680421500000e+13
3.077333173500500000e+13
2.915695581787300000e+13
2.322384685080700000e+13
2.522221024086600000e+13
2.358275393570300000e+13
2.853267092968100000e+13
2.810161367133600000e+13
2.592948523487700000e+13
2.436532575202700000e+13
2.557491196789400000e+13
2.263933298664600000e+13
1.811208149748100000e+13
2.766401985826200000e+13
2.431815488035500000e+13
2.523198732714200000e+13
1.887014376938600000e+13
1.848898208366000000e+13
2.415692629247400000e+13
2.071583356396100000e+13
2.244595482104100000e+13
1.539454102929900000e+13
2.367446164865600000e+13
1.975420892401800000e+13
2.132061131711300000e+13
1.825333386259600000e+13
1.711735368940100000e+13
1.873986168807800000e+13
2.177267930788700000e+13
1.664961669276800000e+13
1.713533647284400000e+13
1.668321408406400000e+13
1.726462621087500000e+13
1.565751125373800000e+13
1.366645134800800000e+13
1.519218175512600000e+13
1.534369442105400000e+13
1.121833632642300000e+13
1.405094333223500000e+13
1.400646188232800000e+13
1.390035729567800000e+13
1.703650378409400000e+13
1.493000171550700000e+13
1.127382124656400000e+13
1.314354852564300000e+13
1.095505755713000000e+13
1.306489834686700000e+13
1.592509999501800000e+13
1.398993304224900000e+13
1.582714476580800000e+13
1.460327214981000000e+13
1.106352814554500000e+13
1.096918324733400000e+13
1.018863842414800000e+13
1.186198629040300000e+13
9.905689294330000000e+12
1.543976883769700000e+13
1.177445663338400000e+13
9.570465549588000000e+12
9.993876073278000000e+12
1.239238001959500000e+13
1.353022506286400000e+13
1.262616426709600000e+13
1.098420956135300000e+13
1.160289636616800000e+13
1.179281702578200000e+13
1.312464163789900000e+13
8.403571940781000000e+12
9.357225324292000000e+12
9.501648712769000000e+12
9.792371848097000000e+12
8.446151185288000000e+12
1.083427726914600000e+13
1.176671542021100000e+13
8.602540014307000000e+12
1.137870017818900000e+13
7.521118929978000000e+12
1.067642923531800000e+13
9.090305073919000000e+12
1.048655492983200000e+13
6.938385362766000000e+12
6.158963326027000000e+12
5.900083405326000000e+12
7.867187005516000000e+12
9.031428037360000000e+12
7.056433707476000000e+12
7.080161193306000000e+12
8.757192657200000000e+12
5.871301115898000000e+12
6.671129965003000000e+12
1.042904632934300000e+13
8.532574510295000000e+12
7.017059428159000000e+12
8.430829407618000000e+12
8.699133104567000000e+12
6.206733253420000000e+12
6.727398288059000000e+12
9.052001698823000000e+12
6.473243866990000000e+12
6.715437117856000000e+12
7.959461421562000000e+12
6.255113176354000000e+12
8.753541829173000000e+12
8.180824575934000000e+12
6.688670348450000000e+12
6.926316130428000000e+12
7.105970187581000000e+12
6.826500639914000000e+12
4.970640894888000000e+12
8.017606204071000000e+12
6.343567684671000000e+12
9.563019629420000000e+12
6.259128230965000000e+12
5.820504663479000000e+12
4.421953526142000000e+12
5.852695831639000000e+12
6.270570749287000000e+12
5.172935787079000000e+12
7.049702994368000000e+12
5.829494157029000000e+12
7.992303731746000000e+12
2.732982386272000000e+12
4.526604094674000000e+12
8.162249200003000000e+12
5.296089692477000000e+12
4.678195836037000000e+12
6.059388471058000000e+12
6.198072344503000000e+12
5.210316504144000000e+12
5.337819178961000000e+12
2.614803007035000000e+12
5.476605037937000000e+12
6.038483616014000000e+12
4.359623757016000000e+12
4.584671519884000000e+12
4.826962790944000000e+12
3.283993634309000000e+12
4.564546808491000000e+12
3.921098827639000000e+12
5.238038796415000000e+12
4.524731192415000000e+12
4.178531172884000000e+12
4.371854506205000000e+12
4.831034469169000000e+12
3.445776543567000000e+12
5.478693141538000000e+12
4.122254623268000000e+12
3.917639996575000000e+12
4.169019544144000000e+12
3.958211962896000000e+12
5.348279166684000000e+12
3.358481014600000000e+12
3.115847569878000000e+12
5.089987272461000000e+12
4.820788952757000000e+12
2.841068469188000000e+12
3.133269256375000000e+12
4.012712240145000000e+12
3.740320300393000000e+12
2.458529189039000000e+12
3.208846579649000000e+12
4.900319656584000000e+12
3.916664505055000000e+12
2.596314174572000000e+12
4.498047454002000000e+12
4.308381362455000000e+12
2.473416557354000000e+12
5.637005843279000000e+12
3.816357850335000000e+12
4.673541424504000000e+12
3.559079391746000000e+12
4.014512641136000000e+12
3.193498434129000000e+12
2.139501325859000000e+12
3.010274467633000000e+12
2.674982911566000000e+12
2.741177769948000000e+12
4.584912068548000000e+12
3.132101630789000000e+12
4.120641363246000000e+12
1.960747121284000000e+12
4.018141410693000000e+12
3.477072166760000000e+12
3.100522555955000000e+12
3.654881520418000000e+12
2.694685532903000000e+12
3.414802906489000000e+12
3.553717287463000000e+12
2.492930489237000000e+12
3.509053560092000000e+12
3.866367982434000000e+12
1.692089502294000000e+12
2.159445546960000000e+12
2.185198359370000000e+12
4.128773310239000000e+12
3.194350790216000000e+12
2.385088168449000000e+12
2.933361543007000000e+12
2.488891484105000000e+12
2.558184057499000000e+12
3.623202853458000000e+12
9.557400210660000000e+11
2.815540891241000000e+12
2.810608561728000000e+12
4.466452238026000000e+12
1.797610850520000000e+12
3.113323192247000000e+12
2.808276797624000000e+12
2.890234305154000000e+12
1.850206311626000000e+12
2.993956466579000000e+12
1.483646452126000000e+12
1.837854568327000000e+12
2.808801202991000000e+12
2.823302655844000000e+12
1.820468713030000000e+12
3.680404376181000000e+12
4.456735933352000000e+12
1.438639517230000000e+12
2.450054896454000000e+12
1.992018113650000000e+12
2.721363469215000000e+12
2.422619133127000000e+12
2.158041000205000000e+12
2.809118753016000000e+12
2.308705266753000000e+12
1.732884518668000000e+12
1.222082452055000000e+12
2.197743990196000000e+12
2.198674929149000000e+12
2.131814015091000000e+12
9.498753019920000000e+11
1.570609599957000000e+12
1.611987432549000000e+12
2.122501314336000000e+12
1.018021164696000000e+12
2.045008200044000000e+12
3.459924280940000000e+11
1.784118814376000000e+12
2.105234595770000000e+12
9.960154231050000000e+11
1.788112803249000000e+12
1.213404668788000000e+12
2.627527579904000000e+12
1.629908433370000000e+12
1.074362102218000000e+12
1.199645663755000000e+12
3.709465276430000000e+11
1.924350788028000000e+12
6.377687464190000000e+11
1.443522555216000000e+12
2.079028460242000000e+12
1.201146207160000000e+12
1.086570169633000000e+12
8.941391964470000000e+11
3.226648357250000000e+11
1.316132543077000000e+12
1.380374362576000000e+12
2.270674081187000000e+12
9.204175880610000000e+11
1.342414058912000000e+12
1.493339198260000000e+12
2.377242395390000000e+12
1.616809900803000000e+12
1.522251637269000000e+12
9.086791456490000000e+11
1.424023905434000000e+12
7.079127144220000000e+11
2.407909326305000000e+12
8.234040820050000000e+11
3.165555478300000000e+11
1.782782882731000000e+12
7.065328993500000000e+11
2.149372714868000000e+12
6.254587852890000000e+11
4.927936965990000000e+11
9.353821426130000000e+11
9.913468937630000000e+11
1.023138772952000000e+12
1.645891374330000000e+12
8.934783840610000000e+11
2.534019684339000000e+12
1.194867504524000000e+12
1.933462753060000000e+12
1.573789170169000000e+12
1.664980054558000000e+12
4.558544246890000000e+11
4.533804056690000000e+11
6.218221982220000000e+11
1.209307732274000000e+12
3.074173587470000000e+11
1.082507599102000000e+12
9.889340836120000000e+11
9.171575422960000000e+11
5.831840176300000000e+11
1.679151563233000000e+12
6.115005903030000000e+11
1.846403601339000000e+12
1.296826647900000000e+10
6.303698623540000000e+11
8.935667579700000000e+11
3.460461434790000000e+11
8.049249497840000000e+11
5.900051365030000000e+11
1.755658000355000000e+12
1.180010273007000000e+12
8.957371641370000000e+11
1.035036196911000000e+12
9.231736532050000000e+11
9.618320863950000000e+11
2.064637170670000000e+11
2.183248963080000000e+11
2.950025682510000000e+11
1.257697048578000000e+12
7.551062183750000000e+11
1.509508525731000000e+12
7.430538675000000000e+10
9.181709297290000000e+11
3.811781032770000000e+11
3.612400666310000000e+11
1.791212978780000000e+12
3.408754606280000000e+11
2.361860993780000000e+11
1.072091500310000000e+11
1.397941181313000000e+12
4.379150072030000000e+11
1.196819288654000000e+12
7.000929748540000000e+11
1.492147216328000000e+12
5.951020946000000000e+09
3.239152559660000000e+11
8.654868462690000000e+11
8.569686262890000000e+11
1.394765124389000000e+12
6.011928554350000000e+11
8.939307749690000000e+11
7.524493835580000000e+11
5.721050599000000000e+09
3.289072066660000000e+11
6.722098248000000000e+09
8.902821588370000000e+11
3.491625988510000000e+11
6.399032739540000000e+11
1.859537192400000000e+12
6.628554413900000000e+11
6.059527519950000000e+11
8.783959466860000000e+11
1.215400797160000000e+11
3.318841051300000000e+10
9.404593284390000000e+11
1.249670436380000000e+11
2.827345144660000000e+11
1.075423327465000000e+12
3.034425216410000000e+11
9.855585871360000000e+11
3.817708608770000000e+11
3.022831653590000000e+11
3.065919592780000000e+11
3.801896317560000000e+11
6.029790893820000000e+11
6.116282101060000000e+11
7.865835264010000000e+11
2.621812696300000000e+10
3.333443198300000000e+10
9.194704102850000000e+11
