183558539342354
162345145998785
148666422664758
130565078157992
123802954707497
112047885586823
102181454621789
98421366655494
90312329120691
87321637857201
80339218362338
74553128763682
73190859177339
70531220595547
63564511949334
64859756409142
60159389988847
56298297968508
54135302757286
53912080210734
52957480119929
50460076165027
48014442753867
47235153911475
45732363478074
45837764736145
41399410010004
44633787090483
40294830367740
40901219147572
40106997589752
39246038183682
36993613073715
37359520765410
37349671869243
35417106040810
35119327015998
35358333751249
32527154389703
32777799903159
32884563824178
31284060131493
30037864461888
29923906590283
30427396870944
28929536258743
29379286564562
27994549102286
27502209719899
29405371370965
26519412765824
25991636818583
25638809934675
25040673265644
24235662424258
25109308355524
24525468254449
23866068798828
23182203357978
22492319140634
24322760035347
23549878675026
22817492644825
22473768619483
22466030387197
22468063396647
21927928503807
20913531412658
21603978309455
22237471730984
20631492335674
19690327328850
18895768307589
20367802928864
18972187058132
18940381813073
18076402496003
18052934357121
18502351838665
18142388907535
17621385141395
17367827507643
17316967285540
16184856588440
17115077350792
16904334796796
16663858757232
15991072015824
16066132221383
14112416385788
14606666458225
15161468322257
14356300693496
14134449860103
13312408660913
13606293538387
13404804100594
13933898768441
13728679503557
12751035600740
12072119098425
11492266593034
12271755321753
11511376349910
11358504832160
12356680593536
12085452936466
10574896840398
11572849383905
10517976242679
10615788403630
10916624121528
10315370915262
9689447963806
9758908123769
9843265365507
9890943812295
9227891496637
8702851528324
9603733004508
9046468437683
8806388475667
9041522501552
9320123754556
9087196604493
9274706704811
9100925671218
8209568736226
7364554949170
8216571068012
7835620847443
8351921776813
8197930638511
7158738072084
7306850247609
7600290332274
6814908367406
7055876939187
6217670924448
7658226543624
6431104720643
6459324551286
6353103067591
6291620263995
5824799021128
6215560214182
6097807288734
6295697360094
5818296346455
6684004822604
5853812149447
5511129322636
5937672617362
5747426650948
5139523509284
5483814809283
5485875205719
4924727795214
5114144856507
5017349731366
5629617914701
5135047361533
5243014674947
4797242320740
5807879167374
4497078933065
4458931134100
4888716793721
4535774691841
4947085658916
4455081308772
4163630415735
4541351545223
4982255150793
3992123814050
4275890151715
4040202079309
3755999048136
4508172191506
3698047247259
3692680418356
4207583387531
3883242754124
2938436259617
4069960144540
3873812757168
3708908656025
3396188728956
3205005149951
4211395710461
3598444108831
3153545709090
3399372472022
3513748418426
2946275538096
3309454381445
2858040197724
2950683917311
2942979096916
3273234214318
3079781659690
3019072267057
2845155235346
3319667127640
2570812376327
2256933896178
2800795199885
2497586673410
2833805225101
2344960486959
2565472922336
3033477857416
2798488392192
2060608688342
2579316924808
2514057978198
2479530064252
2471169167670
2691117348841
2444725965011
2171881597091
2083401041496
2098273549141
2585308250965
2016385965723
2333804301216
1935279955249
2323375723867
2392142075437
1999425089516
1987438928045
1965586963562
2234442860963
2041023398089
1970464940524
2034649418716
2122652724811
2335733543700
1689712603611
1985591143718
1999764086726
1382907672648
2289893109359
1761913647072
1425411364841
1685805088288
2367819056934
1505061628010
1589333019423
2003101678679
1815274737510
1568355998592
2053455201700
2215665531433
1848196472018
1825952346515
1700337397085
1594479293116
1304811102840
1654246811322
1601086156838
1798302852187
1663011033142
1791449945576
1418773053048
1260920339363
1216808120799
1504663346782
1659529239067
1421585329871
1350923212526
1706190846960
1379358724444
1721932347271
1304641592454
1835392672319
1443889341888
1238915919168
1492041451884
1497113194146
1212067528145
1369906047824
1629216676051
1056023221927
1260381384569
1296332557795
1149997129639
1168562724798
1289725504041
1511995194308
1410176241124
1423583622300
1047591554675
1624250060038
1073740206062
858024042398
1566026693539
1199992033235
1063243375589
1101212492392
1082151726531
1125165703228
1444246317748
1010585830985
976024233646
1105568975638
1098745280099
967646881008
1237468021009
841447757903
1008019189296
1374879742844
1090150424844
1127942039728
994917400443
1030830889239
1202144690108
719158262029
1102427004816
1280800849713
942664382774
894814811584
1265617328706
1016859128230
932950246045
1062504097294
986361680032
1152866632221
1032793114454
1160363782070
875998805510
822763206562
880493056375
989542732328
875833264440
1086889861085
672410812138
942326963119
842379985214
1135703669210
1071104089310
1056494862966
484803562265
664826723279
787354198591
732968436436
886370975937
819043997737
789806523386
970633552689
881582718383
721994683252
673563257425
1019189640496
545112048366
812152303535
675849124075
535938535408
703977543710
748153654112
693589008296
675351369477
566456561208
756104223263
942799353018
565167176319
768946814207
701066521895
624170506461
720362430624
783457263472
515621144553
764732306629
569683321623
581049747042
612682448251
595301193544
579788285297
835543194181
802596015266
498246895226
706166274651
657337895394
694748734496
599372196987
528806931743
567386875999
686347982731
438588713298
687263304411
681342956426
674116792134
394543417514
511504612125
365165674877
806166891443
821715038566
623552307242
588643013117
589751509188
586030066630
657994106558
613811394272
602274586121
501870626369
532113988998
756299046147
626188555347
641915463085
842309808589
758740806228
408719888190
548300852140
465710536888
428183407947
864303475226
584947328278
484012596555
777159520409
699215153754
503722447550
445233010266
583816083817
353206870993
594392491446
672138648613
447876957237
709335863857
616975808214
450293181761
561325751182
668490102630
734588826596
738242084383
622983970886
499557910650
772603365084
588583873869
780463569576
397883059609
608179833892
555579485370
607700800961
512495123040
678875899715
444280044511
648973920143
403693221570
522560656443
616260595070
748012525466
691185660649
530392915160
585263220290
560654420620
691808779675
470682961674
767580582731
344248899779
715403706298
381427946837
442110926528
549537315243
467229159608
547828627967
530291497702
529607039967
436956809143
537580071054
488085872045
487841425373
574891810864
369261738509
432550579976
473889355291
473960171153
417738909373
503317002714
561539417724
465420625411
403757028746
542515019108
896026816512
484919998313
680655530237
346926066286
466784750211
385222567911
371591465211
372608109508
304956212030
418414700181
274600682307
475731102291
414547314328
332116057645
525435703524
235510675175
674830472465
526185997540
452625376637
420593680553
348740708230
567427174524
220249448844
371616705485
486028678710
370647960330
323929218550
510800016039
440862188117
517278832462
211540801824
353794806941
570794677033
384221753699
314435244339
246037524343
312589607821
301675634436
370080969481
468833630920
519202334315
310754576622
412192863611
435296623320
319878303421
289922292915
301954794972
473044495404
211533318173
299996630178
135549033901
243934332735
206144902614
468579079952
313952837120
507350718760
241066422112
243860225644
316264205204
272608621653
281784935098
355322186359
252875434765
358300447101
220578230273
438513799223
357108611839
309704203302
345085700558
282106676656
264991613131
474700844063
561228022885
324573396650
370316173257
150110756170
241222864202
234878532589
249599911059
261038492227
216756018829
347707557662
208921300976
293324889450
170753891876
445360943179
396845791555
266604459115
254336259175
193016954457
138566017326
438111050135
212665098582
147067653716
168597855054
155135433792
232561232193
289016839319
182708889292
251290117869
146438220036
239337347899
371117408967
132201921570
288300555227
195497920433
233826457947
142293257773
186050200877
210014641247
294563116080
199979402215
427453637547
161805883986
272208571418
204535984337
192062975280
263442486966
134024781712
106270936308
159852182686
260372510333
132333627628
206729758652
143991599468
204812520339
145464717174
202484593141
192131422684
227120746422
199914471532
140210598017
128260060400
154084809398
154562228108
192818924713
94521485968
402905136647
90399345635
136966655016
110689953507
88864664433
179964492906
253559037365
98121354872
114033587956
137647031197
150246122015
135496268721
153448194123
153973461451
141159938035
102244427418
78422446066
133762723998
97517318413
92833135811
56045151450
82634380201
158794254966
107505654990
143773161151
62309845306
66166665099
128261339034
97892937052
84155559869
94198049746
41345536700
160442643646
144474387049
127848328680
81677163159
75739492586
126343216425
85335010545
43215100026
44525761174
114681288159
74259825888
132934897164
85651837904
39036029852
42268719911
241254967467
42799990946
109244461333
18063008302
20491559179
75865617672
34595401553
76810831023
151565132212
103788514725
88600911463
53182868974
48416080197
62634108569
69250853480
38821342750
16345649593
65086987106
99416908596
175295424734
39420740767
32105208782
64540025598
57159480108
32901119523
41841245072
111386495923
76944429359
61209501735
50018848812
54982628324
75700729919
17070104300
46733298276
40701634664
86672995071
47524320971
34467762263
50952034264
16895035879
16316343643
32107040278
46530429528
61028743604
33240900470
27696078953
44424629920
25573514708
31067037896
30735806517
17388414742
12611061215
33096933332
24936243130
17438503200
3256684721
22210838433
20818479727
16580669146
56619608246
34720713904
26349072700
24568618456
55587252237
28408932430
10735688515
20304139016
3462183709
16147514316
25174944830
30645901274
43831212042
32389142878
40969577220
19678515467
13661118564
41883155554
12766004058
8877345302
31488505705
15653016399
5211948506
18442822675
21048379125
20556043982
6768027101
8724369395
26393265432
21683520765
4232206429
12870776591
9579835146
16524415736
14827756632
12649298763
25888775283
17812671242
5979938482
8488719790
6120002701
25228497361
9571931981
12960108132
9209625396
6470542352
12684165159
10393605394
16154125544
25526654803
11912787314
22973611289
6119953220
18965785271
11805287878
9032301981
12753298526
3482578412
10265664110
11429882921
14962385165
8925624832
28280329408
4576012389
8318761822
3642243643
11169283403
10619065203
12393213814
11050123125
13185010997
16356467194
4456731954
25499594940
12329267538
43200569538
8731571275
12388880411
12110252779
24610098303
3375761287
9256452319
6770836548
14727849366
11623665140
3927923880
1945744889
6911301250
11991070691
4344616707
1996742608
5747858621
4759853678
7576688860
7770004690
8378165138
5738018486
3574979038
4651625505
15211800184
22723459023
6411821161
1875001225
1821767281
2111139905
2657505486
5399034819
