1.184059550761952000e+15
1.122292551966337000e+15
1.057823688477809000e+15
1.015528539551465000e+15
9.355102547373260000e+14
8.838539492399460000e+14
8.490742665467950000e+14
8.116031904453360000e+14
7.739669662437540000e+14
7.431574497008320000e+14
7.325097046248370000e+14
6.928918404069470000e+14
6.626208897600700000e+14
6.484579113918620000e+14
6.190103720026580000e+14
6.171569223329710000e+14
5.726517413890860000e+14
5.659430734454750000e+14
5.544013618167230000e+14
5.324391472923760000e+14
5.342268409155370000e+14
5.073595536685190000e+14
4.958469692043110000e+14
4.806598245037730000e+14
4.772279125886130000e+14
4.702847218665020000e+14
4.484974731183640000e+14
4.436987107171280000e+14
4.300315693055340000e+14
4.239277291649810000e+14
4.170976564528080000e+14
4.014071452625360000e+14
4.000899656904340000e+14
3.930352789197530000e+14
3.793902834122880000e+14
3.870050977034490000e+14
3.708279271427450000e+14
3.577183767491290000e+14
3.584202687573710000e+14
3.512729295742520000e+14
3.415583347852370000e+14
3.416622801996590000e+14
3.371554111048160000e+14
3.259772429235200000e+14
3.271815503777230000e+14
3.096474447250750000e+14
3.108284574041160000e+14
3.152866917695940000e+14
3.055472676643370000e+14
2.975997683337840000e+14
2.982897547218510000e+14
2.870902396068910000e+14
2.923517892169360000e+14
2.779766206936400000e+14
2.713372198738070000e+14
2.793278572130430000e+14
2.673589895824170000e+14
2.661114200358560000e+14
2.637188846680600000e+14
2.539171494473190000e+14
2.390731722487340000e+14
2.486117927098880000e+14
2.455758814120120000e+14
2.436214074346580000e+14
2.326230886865730000e+14
2.467181334595550000e+14
2.415648049411250000e+14
2.349195887371280000e+14
2.279281789565640000e+14
2.228332794790660000e+14
2.197319399121400000e+14
2.119581985687470000e+14
2.176994039683190000e+14
2.216018076842120000e+14
2.051471717730050000e+14
2.085752659834110000e+14
1.988475492767810000e+14
2.050465356074790000e+14
1.967140656341240000e+14
1.983046278965060000e+14
2.034073593560790000e+14
1.870337684466540000e+14
1.923987257894350000e+14
1.935465533457870000e+14
1.781875029372830000e+14
1.852899799766440000e+14
1.754041302357110000e+14
1.834274783277490000e+14
1.754312693217960000e+14
1.712250390543330000e+14
1.740828061385320000e+14
1.672332322282980000e+14
1.680429130763190000e+14
1.696166815244630000e+14
1.690028591292550000e+14
1.736140354015420000e+14
1.557461760752770000e+14
1.538716304038550000e+14
1.514170124362580000e+14
1.509725920220150000e+14
1.566565833823620000e+14
1.467148602908230000e+14
1.553442975249880000e+14
1.493782169172820000e+14
1.477975088039290000e+14
1.415844177465740000e+14
1.339137007742140000e+14
1.422986312227720000e+14
1.301754879278170000e+14
1.379963679798770000e+14
1.325188674875480000e+14
1.338308101349770000e+14
1.269689837052520000e+14
1.269796980535540000e+14
1.308816172269340000e+14
1.242938799376690000e+14
1.254681635854710000e+14
1.329584911563450000e+14
1.140193398631250000e+14
1.158864694866670000e+14
1.177372306644220000e+14
1.137948422889850000e+14
1.167737921230820000e+14
1.147205808103010000e+14
1.114249328602850000e+14
1.158024865007920000e+14
1.097670808724980000e+14
1.068617232838610000e+14
1.054775209364040000e+14
1.027205927713050000e+14
1.033500125128780000e+14
1.052173721455320000e+14
1.015002603081830000e+14
9.432392191221100000e+13
9.899216564212100000e+13
9.877676436620000000e+13
9.691985835272500000e+13
9.422106382736000000e+13
9.312636616602800000e+13
9.379055363299500000e+13
9.268846418962100000e+13
8.536745644661200000e+13
9.181071316447000000e+13
8.389725962574600000e+13
8.592674632301600000e+13
8.796766909375300000e+13
8.750671690070000000e+13
7.879929127164300000e+13
7.535795200847900000e+13
8.147529793275600000e+13
8.257037348669700000e+13
8.078424207224900000e+13
7.321016176151600000e+13
7.409110942263300000e+13
7.557964232323300000e+13
6.959807388580600000e+13
7.095583566440600000e+13
7.498172855211500000e+13
7.025056097849900000e+13
6.982061896835100000e+13
7.252505212186900000e+13
6.995611055930300000e+13
6.489685629612300000e+13
6.292040874962800000e+13
6.798545815501400000e+13
6.618282188643900000e+13
6.350544530444700000e+13
6.097944187921400000e+13
6.204376965523900000e+13
5.849407938735500000e+13
5.372642091837300000e+13
5.776715572418300000e+13
6.026385855352400000e+13
5.630854373405000000e+13
5.551301561526900000e+13
5.717118627806500000e+13
5.986939574122100000e+13
5.187815588042400000e+13
5.977644665266200000e+13
5.293669148841200000e+13
4.627725024876300000e+13
5.357046409678000000e+13
4.838129510295500000e+13
4.923303205211700000e+13
5.095749074209200000e+13
5.240052199244200000e+13
4.739651299441700000e+13
4.630945543059900000e+13
4.450001035804800000e+13
5.126270274768300000e+13
4.862429890009200000e+13
4.561066108950300000e+13
4.192585068670500000e+13
4.454118742676600000e+13
4.573472421532300000e+13
4.088087781174600000e+13
4.140948975009500000e+13
4.194835528853700000e+13
3.956628157768700000e+13
3.925194678461300000e+13
3.715351332241100000e+13
4.072299460605300000e+13
3.821569930844800000e+13
3.872378093261300000e+13
4.022189087372600000e+13
3.927927429640200000e+13
3.638759144562700000e+13
3.195095574292300000e+13
3.761072096566800000e+13
3.907856740656100000e+13
3.459626282860200000e+13
3.809777677898800000e+13
3.469648366333900000e+13
3.418093464164000000e+13
3.297057191814200000e+13
3.344271330119800000e+13
3.129502834115800000e+13
3.004471312306000000e+13
3.302412280642000000e+13
2.921064411546700000e+13
3.066767939837000000e+13
3.323443220435700000e+13
2.737496368301400000e+13
3.298298220206200000e+13
3.087882916748700000e+13
3.057560561190500000e+13
3.007243090717400000e+13
2.796837680903000000e+13
2.665067633693900000e+13
2.457512820746800000e+13
2.470792119069500000e+13
2.502866310103500000e+13
2.454140650826400000e+13
2.550795984522900000e+13
2.616326986710900000e+13
2.669066246559600000e+13
2.476932200015900000e+13
2.536602919631900000e+13
2.425106166807800000e+13
2.722540434107300000e+13
2.127647234473900000e+13
2.185441733694900000e+13
2.360085241475800000e+13
2.257840566929000000e+13
2.227960462166900000e+13
2.228667125092500000e+13
2.289340547307800000e+13
2.232011760557600000e+13
2.270702411427300000e+13
2.042996653827200000e+13
1.945302666277700000e+13
2.214654670963900000e+13
2.071369552852200000e+13
1.910174961519900000e+13
2.014725865218400000e+13
1.959270990706100000e+13
1.675681119154600000e+13
1.767393906899900000e+13
1.995013565521200000e+13
1.796020311426300000e+13
2.128871730807800000e+13
2.099759593581800000e+13
1.864622757314600000e+13
1.527673262151400000e+13
1.616126455304200000e+13
1.812378397166600000e+13
1.860055770400900000e+13
1.582474928364200000e+13
1.209086607220000000e+13
1.639255733367100000e+13
1.666546349525500000e+13
1.478974318659200000e+13
1.608562900165100000e+13
1.593324174909500000e+13
1.687580156505000000e+13
1.606520056362100000e+13
1.440214594501600000e+13
1.512866765991400000e+13
1.496661831694700000e+13
1.618172026346400000e+13
1.525920072629300000e+13
1.537539439300000000e+13
1.572011737434000000e+13
1.178622161229200000e+13
1.381271011531400000e+13
1.511087461941900000e+13
1.338016375046700000e+13
1.423989662951700000e+13
1.167841540141700000e+13
1.287166722397800000e+13
1.335998387140200000e+13
1.418231637992000000e+13
1.162034772769600000e+13
1.166371273497200000e+13
1.432402152084700000e+13
1.336330701163800000e+13
1.422418638412900000e+13
1.330275038395800000e+13
1.180262758877500000e+13
1.306855800671100000e+13
1.278795101662300000e+13
1.168505500358400000e+13
1.136760380928000000e+13
1.099517743318500000e+13
1.092512182300000000e+13
1.110590348760400000e+13
1.052892047247700000e+13
1.199632541982500000e+13
1.014810346520700000e+13
1.146153474399300000e+13
1.186661590715200000e+13
1.217341078018800000e+13
1.192155134292300000e+13
1.025751167025800000e+13
1.046425691735800000e+13
1.046600717624700000e+13
1.022474710460500000e+13
1.083639804261500000e+13
8.145886813796000000e+12
8.952924418797000000e+12
9.618672592149000000e+12
9.742272848119000000e+12
9.079508422640000000e+12
1.288579166261600000e+13
9.960546895120000000e+12
1.117006305934600000e+13
8.629659929763000000e+12
8.576366566268000000e+12
8.501598322510000000e+12
8.674941553642000000e+12
8.206579728532000000e+12
1.110267167744100000e+13
1.000574097359400000e+13
1.026512341417600000e+13
8.744414244063000000e+12
8.413295191877000000e+12
8.682848846339000000e+12
8.128195741893000000e+12
1.056019893826100000e+13
8.834439519762000000e+12
7.968222746396000000e+12
8.555516994522000000e+12
9.530242708562000000e+12
8.771925208141000000e+12
7.240997275287000000e+12
8.223113298116000000e+12
7.015532415126000000e+12
8.628878159775000000e+12
8.939965603469000000e+12
7.813629599709000000e+12
7.241898861899000000e+12
7.276341233172000000e+12
6.719487990325000000e+12
8.283566627124000000e+12
6.384107594789000000e+12
8.484944616374000000e+12
5.757818116726000000e+12
7.354344130423000000e+12
6.893275714123000000e+12
6.698792081001000000e+12
7.967167723462000000e+12
6.137884699028000000e+12
6.389999027424000000e+12
6.729721442382000000e+12
7.196582381335000000e+12
6.633606244311000000e+12
7.138448956299000000e+12
7.455603220980000000e+12
6.228253559700000000e+12
6.016095853706000000e+12
6.072746252425000000e+12
5.457428225799000000e+12
6.466381360021000000e+12
4.933504555733000000e+12
5.103936327385000000e+12
6.294465310912000000e+12
8.697296131625000000e+12
5.541026533558000000e+12
5.384884144599000000e+12
6.012884420653000000e+12
6.335940228115000000e+12
4.078792171237000000e+12
5.187534089675000000e+12
4.896884514683000000e+12
6.035462963122000000e+12
6.570538956792000000e+12
6.363964154757000000e+12
5.402259058508000000e+12
4.229672932096000000e+12
4.268506176562000000e+12
6.501211418543000000e+12
4.454546335708000000e+12
5.908895111573000000e+12
4.211267783722000000e+12
5.044117482804000000e+12
5.336396972381000000e+12
5.343734178388000000e+12
4.431792938698000000e+12
4.251497828089000000e+12
4.601145748874000000e+12
6.893008305744000000e+12
4.382168281592000000e+12
4.781833941493000000e+12
4.246611355920000000e+12
5.065012802373000000e+12
4.873856248787000000e+12
6.532106363661000000e+12
5.115328119097000000e+12
4.653238428493000000e+12
4.315205014512000000e+12
4.008327807820000000e+12
4.838559117075000000e+12
3.497953816834000000e+12
4.872146574337000000e+12
3.533319649050000000e+12
3.805465332034000000e+12
5.538945631117000000e+12
3.237919604555000000e+12
3.899279357101000000e+12
4.647431612192000000e+12
3.628675529596000000e+12
3.679687495586000000e+12
4.673574332256000000e+12
5.027931296745000000e+12
4.678282078519000000e+12
3.605450390028000000e+12
4.121454975222000000e+12
4.873436670012000000e+12
4.271155826330000000e+12
4.066600674085000000e+12
4.360253501519000000e+12
4.268094677293000000e+12
4.013726503146000000e+12
5.649750296769000000e+12
3.385230902188000000e+12
4.835604980083000000e+12
3.486414194323000000e+12
3.167977501386000000e+12
4.158369477726000000e+12
3.469310136362000000e+12
4.572230625125000000e+12
3.494274124434000000e+12
3.373692044882000000e+12
3.594102732179000000e+12
4.153090675490000000e+12
5.653718830645000000e+12
3.615928274815000000e+12
2.462042797381000000e+12
4.180978994737000000e+12
2.784840737669000000e+12
2.459983805281000000e+12
3.165877311236000000e+12
2.249949762313000000e+12
3.564521101325000000e+12
2.843721684139000000e+12
1.849447686310000000e+12
2.113110315795000000e+12
3.025893079480000000e+12
4.643938946549000000e+12
3.249708203547000000e+12
3.593914132785000000e+12
2.865809266652000000e+12
2.674448583428000000e+12
3.633613888794000000e+12
3.464885219832000000e+12
3.576434784373000000e+12
2.169140813925000000e+12
1.863086985002000000e+12
2.401130625654000000e+12
2.051708636091000000e+12
2.204272646267000000e+12
3.633368871339000000e+12
2.433119604364000000e+12
3.109412839426000000e+12
3.668011841361000000e+12
2.983301998488000000e+12
2.233408137518000000e+12
2.409815089444000000e+12
1.941014807874000000e+12
2.970431165126000000e+12
2.314714562678000000e+12
2.532537977763000000e+12
2.860693594863000000e+12
2.284541439065000000e+12
1.899019926420000000e+12
2.980171151307000000e+12
1.757962256305000000e+12
1.693740149789000000e+12
1.887773419110000000e+12
1.288610324377000000e+12
2.523952217876000000e+12
2.429422567553000000e+12
2.498150905891000000e+12
2.639289770444000000e+12
1.696010324638000000e+12
2.059073398318000000e+12
2.512175961479000000e+12
2.201361728991000000e+12
2.783759185670000000e+12
1.386482464001000000e+12
1.696404408580000000e+12
2.094265385414000000e+12
1.842021906742000000e+12
1.362460241054000000e+12
8.750067357530000000e+11
1.747673644733000000e+12
2.150031572407000000e+12
1.985517396634000000e+12
2.003189431249000000e+12
1.570736453342000000e+12
1.328687689330000000e+12
9.619749627220000000e+11
1.044284756034000000e+12
9.963887301450000000e+11
1.714232236984000000e+12
1.202102238346000000e+12
1.333991247512000000e+12
1.320228701833000000e+12
1.714493865352000000e+12
1.002833166859000000e+12
1.389045831550000000e+12
1.261453492467000000e+12
1.987799837123000000e+12
1.649406614442000000e+12
1.614090526769000000e+12
1.143011750424000000e+12
1.148892733596000000e+12
1.732596006433000000e+12
1.575175326276000000e+12
1.237234436716000000e+12
1.399034835462000000e+12
9.586410265450000000e+11
4.526368241330000000e+11
1.690608796151000000e+12
1.554670083294000000e+12
1.253567432405000000e+12
1.593525243720000000e+12
7.514890270620000000e+11
8.446769972640000000e+11
8.584829942260000000e+11
1.671032242428000000e+12
1.556611450898000000e+12
8.070986592760000000e+11
1.221330086822000000e+12
1.462814051164000000e+12
6.983901702130000000e+11
1.695128741687000000e+12
2.528965720746000000e+12
1.231345439166000000e+12
9.509527506390000000e+11
6.068054629020000000e+11
8.881785146970000000e+11
7.422214540490000000e+11
1.414945317173000000e+12
1.056286497900000000e+12
1.368191118133000000e+12
7.266039496220000000e+11
6.212845763310000000e+11
1.454590780796000000e+12
8.700609646790000000e+11
2.075408306238000000e+12
6.396655428570000000e+11
9.934805081150000000e+11
8.279122407700000000e+11
1.644759349226000000e+12
5.131913268250000000e+11
1.048134351699000000e+12
7.368018607170000000e+11
1.364264298993000000e+12
8.750628361990000000e+11
1.462810330127000000e+12
1.406951601323000000e+12
1.219102779937000000e+12
1.028521533756000000e+12
7.991763706040000000e+11
1.075199049019000000e+12
6.980116496520000000e+11
6.558309063620000000e+11
6.109520191520000000e+11
6.097859579330000000e+11
1.154772676330000000e+12
1.418346027212000000e+12
1.165364831343000000e+12
3.900849615030000000e+11
1.592352257375000000e+12
1.275742023124000000e+12
1.213621137098000000e+12
8.927140867610000000e+11
1.027349072804000000e+12
4.758826461230000000e+11
5.976121552640000000e+11
1.090609960171000000e+12
6.422543936320000000e+11
7.193484771840000000e+11
5.623674280000000000e+11
8.133261498840000000e+11
7.382533482170000000e+11
9.793890001710000000e+11
1.065480705463000000e+12
8.693845887390000000e+11
1.042285398390000000e+12
6.448261138110000000e+11
1.155862746818000000e+12
5.657586252950000000e+11
1.098645954192000000e+12
4.885522382650000000e+11
1.007320095826000000e+12
1.047318661499000000e+12
6.863853519880000000e+11
9.769451548310000000e+11
7.556665378140000000e+11
4.263777882830000000e+11
9.028769020000000000e+11
9.255859274150000000e+11
4.015502509910000000e+11
1.037520305779000000e+12
7.236155875340000000e+11
5.645027102340000000e+11
6.435646021650000000e+11
7.656714838700000000e+11
5.159998804690000000e+11
7.278143330880000000e+11
7.146110203380000000e+11
6.952753153050000000e+11
6.049102855730000000e+11
7.319611459560000000e+11
6.737597297580000000e+11
7.582963722420000000e+11
5.195836109440000000e+11
7.318491878240000000e+11
5.005240326040000000e+11
2.833340049730000000e+11
5.770234751480000000e+11
5.524880438200000000e+11
9.123303991460000000e+11
3.518670656740000000e+11
5.612797537950000000e+11
5.919039737610000000e+11
1.811536424260000000e+11
2.279957781070000000e+11
4.374164362290000000e+11
8.830916797750000000e+11
6.197368683250000000e+11
7.890235623480000000e+11
4.134718651690000000e+11
3.723321939280000000e+11
4.971751387360000000e+11
2.056223092600000000e+11
6.316591519560000000e+11
6.347557232460000000e+11
4.313834174160000000e+11
3.894425540110000000e+11
8.370718771610000000e+11
7.273954390920000000e+11
6.981791205170000000e+11
4.848955362070000000e+11
2.661438295860000000e+11
1.287144903963000000e+12
1.159780070275000000e+12
3.316265768380000000e+11
7.071144161200000000e+11
6.901080842390000000e+11
7.804888932270000000e+11
9.113280176050000000e+11
7.663212053290000000e+11
6.092349874470000000e+11
4.943460543670000000e+11
3.772125476740000000e+11
1.923267138230000000e+11
4.565814947250000000e+11
4.576108327240000000e+11
1.795638537560000000e+11
1.717141103630000000e+11
1.864419144800000000e+11
2.917048782600000000e+11
4.540261530660000000e+11
6.297804459200000000e+11
1.484668702700000000e+11
3.891035210760000000e+11
6.777844036730000000e+11
8.007400538720000000e+11
2.074453007200000000e+11
4.996377842630000000e+11
2.844993685000000000e+11
1.226079812040000000e+11
3.495879151930000000e+11
3.314645537080000000e+11
4.045366726260000000e+11
1.587668691900000000e+11
2.523140546690000000e+11
3.875375201670000000e+11
4.206548215710000000e+11
3.378512984830000000e+11
1.222884672110000000e+11
3.833256290850000000e+11
3.479674026540000000e+11
2.604005744320000000e+11
2.083047838610000000e+11
3.727196776560000000e+11
3.804164057750000000e+11
1.962492088270000000e+11
1.837169772600000000e+11
8.524600830000000000e+10
2.024487186630000000e+11
9.102585768200000000e+10
2.658211565770000000e+11
3.069587880280000000e+11
6.025024259040000000e+11
4.688019623050000000e+11
3.689877562440000000e+11
