0.000000
5.826000
11.652000
17.478000
23.304000
29.130000
34.956000
40.782000
46.608000
52.434000
58.260000
64.086000
69.912000
75.738000
81.564000
87.390000
93.216000
99.042000
104.868000
110.694000
116.520000
122.346000
128.172000
133.998000
139.824000
145.650000
151.476000
157.302000
163.128000
168.954000
174.780000
180.606000
186.432000
192.258000
198.084000
203.910000
209.736000
215.562000
221.388000
227.214000
233.040000
238.866000
244.692000
250.518000
256.344000
262.170000
267.996000
273.822000
279.648000
285.474000
291.300000
297.126000
302.952000
308.778000
314.604000
320.430000
326.256000
332.082000
337.908000
343.734000
349.560000
355.386000
361.212000
367.038000
372.864000
378.690000
384.516000
390.342000
396.168000
401.994000
407.820000
413.646000
419.472000
425.298000
431.124000
436.950000
442.776000
448.602000
454.428000
460.254000
466.080000
471.906000
477.732000
483.558000
489.384000
495.210000
501.036000
506.862000
512.688000
518.514000
524.340000
530.166000
535.992000
541.818000
547.644000
553.470000
559.296000
565.122000
570.948000
576.774000
582.600000
588.426000
594.252000
600.078000
605.904000
611.730000
617.556000
623.382000
629.208000
635.034000
640.860000
646.686000
652.512000
658.338000
664.164000
669.990000
675.816000
681.642000
687.468000
693.294000
699.120000
704.946000
710.772000
716.598000
722.424000
728.250000
734.076000
739.902000
745.728000
751.554000
757.380000
763.206000
769.032000
774.858000
780.684000
786.510000
792.336000
798.162000
803.988000
809.814000
815.640000
821.466000
827.292000
833.118000
838.944000
844.770000
850.596000
856.422000
862.248000
868.074000
873.900000
879.726000
885.552000
891.378000
897.204000
903.030000
908.856000
914.682000
920.508000
926.334000
932.160000
937.986000
943.812000
949.638000
955.464000
961.290000
967.116000
972.942000
978.768000
984.594000
990.420000
996.246000
1002.072000
1007.898000
1013.724000
1019.550000
1025.376000
1031.202000
1037.028000
1042.854000
1048.680000
1054.506000
1060.332000
1066.158000
1071.984000
1077.810000
1083.636000
1089.462000
1095.288000
1101.114000
1106.940000
1112.766000
1118.592000
1124.418000
1130.244000
1136.070000
1141.896000
1147.722000
1153.548000
1159.374000
1165.200000
1171.026000
1176.852000
1182.678000
1188.504000
1194.330000
1200.156000
1205.982000
1211.808000
1217.634000
1223.460000
1229.286000
1235.112000
1240.938000
1246.764000
1252.590000
1258.416000
1264.242000
1270.068000
1275.894000
1281.720000
1287.546000
1293.372000
1299.198000
1305.024000
1310.850000
1316.676000
1322.502000
1328.328000
1334.154000
1339.980000
1345.806000
1351.632000
1357.458000
1363.284000
1369.110000
1374.936000
1380.762000
1386.588000
1392.414000
1398.240000
1404.066000
1409.892000
1415.718000
1421.544000
1427.370000
1433.196000
1439.022000
1444.848000
1450.674000
1456.500000
1462.326000
1468.152000
1473.978000
1479.804000
1485.630000
1491.456000
1497.282000
1503.108000
1508.934000
1514.760000
1520.586000
1526.412000
1532.238000
1538.064000
1543.890000
1549.716000
1555.542000
1561.368000
1567.194000
1573.020000
1578.846000
1584.672000
1590.498000
1596.324000
1602.150000
1607.976000
1613.802000
1619.628000
1625.454000
1631.280000
1637.106000
1642.932000
1648.758000
1654.584000
1660.410000
1666.236000
1672.062000
1677.888000
1683.714000
1689.540000
1695.366000
1701.192000
1707.018000
1712.844000
1718.670000
1724.496000
1730.322000
1736.148000
1741.974000
1747.800000
1753.626000
1759.452000
1765.278000
1771.104000
1776.930000
1782.756000
1788.582000
1794.408000
1800.234000
1806.060000
1811.886000
1817.712000
1823.538000
1829.364000
1835.190000
1841.016000
1846.842000
1852.668000
1858.494000
1864.320000
1870.146000
1875.972000
1881.798000
1887.624000
1893.450000
1899.276000
1905.102000
1910.928000
1916.754000
1922.580000
1928.406000
1934.232000
1940.058000
1945.884000
1951.710000
1957.536000
1963.362000
1969.188000
1975.014000
1980.840000
1986.666000
1992.492000
1998.318000
2004.144000
2009.970000
2015.796000
2021.622000
2027.448000
2033.274000
2039.100000
2044.926000
2050.752000
2056.578000
2062.404000
2068.230000
2074.056000
2079.882000
2085.708000
2091.534000
2097.360000
2103.186000
2109.012000
2114.838000
2120.664000
2126.490000
2132.316000
2138.142000
2143.968000
2149.794000
2155.620000
2161.446000
2167.272000
2173.098000
2178.924000
2184.750000
2190.576000
2196.402000
2202.228000
2208.054000
2213.880000
2219.706000
2225.532000
2231.358000
2237.184000
2243.010000
2248.836000
2254.662000
2260.488000
2266.314000
2272.140000
2277.966000
2283.792000
2289.618000
2295.444000
2301.270000
2307.096000
2312.922000
2318.748000
2324.574000
2330.400000
2336.226000
2342.052000
2347.878000
2353.704000
2359.530000
2365.356000
2371.182000
2377.008000
2382.834000
2388.660000
2394.486000
2400.312000
2406.138000
2411.964000
2417.790000
2423.616000
2429.442000
2435.268000
2441.094000
2446.920000
2452.746000
2458.572000
2464.398000
2470.224000
2476.050000
2481.876000
2487.702000
2493.528000
2499.354000
2505.180000
2511.006000
2516.832000
2522.658000
2528.484000
2534.310000
2540.136000
2545.962000
2551.788000
2557.614000
2563.440000
2569.266000
2575.092000
2580.918000
2586.744000
2592.570000
2598.396000
2604.222000
2610.048000
2615.874000
2621.700000
2627.526000
2633.352000
2639.178000
2645.004000
2650.830000
2656.656000
2662.482000
2668.308000
2674.134000
2679.960000
2685.786000
2691.612000
2697.438000
2703.264000
2709.090000
2714.916000
2720.742000
2726.568000
2732.394000
2738.220000
2744.046000
2749.872000
2755.698000
2761.524000
2767.350000
2773.176000
2779.002000
2784.828000
2790.654000
2796.480000
2802.306000
2808.132000
2813.958000
2819.784000
2825.610000
2831.436000
2837.262000
2843.088000
2848.914000
2854.740000
2860.566000
2866.392000
2872.218000
2878.044000
2883.870000
2889.696000
2895.522000
2901.348000
2907.174000
2913.000000
2918.826000
2924.652000
2930.478000
2936.304000
2942.130000
2947.956000
2953.782000
2959.608000
2965.434000
2971.260000
2977.086000
2982.912000
2988.738000
2994.564000
3000.390000
3006.216000
3012.042000
3017.868000
3023.694000
3029.520000
3035.346000
3041.172000
3046.998000
3052.824000
3058.650000
3064.476000
3070.302000
3076.128000
3081.954000
3087.780000
3093.606000
3099.432000
3105.258000
3111.084000
3116.910000
3122.736000
3128.562000
3134.388000
3140.214000
3146.040000
3151.866000
3157.692000
3163.518000
3169.344000
3175.170000
3180.996000
3186.822000
3192.648000
3198.474000
3204.300000
3210.126000
3215.952000
3221.778000
3227.604000
3233.430000
3239.256000
3245.082000
3250.908000
3256.734000
3262.560000
3268.386000
3274.212000
3280.038000
3285.864000
3291.690000
3297.516000
3303.342000
3309.168000
3314.994000
3320.820000
3326.646000
3332.472000
3338.298000
3344.124000
3349.950000
3355.776000
3361.602000
3367.428000
3373.254000
3379.080000
3384.906000
3390.732000
3396.558000
3402.384000
3408.210000
3414.036000
3419.862000
3425.688000
3431.514000
3437.340000
3443.166000
3448.992000
3454.818000
3460.644000
3466.470000
3472.296000
3478.122000
3483.948000
3489.774000
3495.600000
3501.426000
3507.252000
3513.078000
3518.904000
3524.730000
3530.556000
3536.382000
3542.208000
3548.034000
3553.860000
3559.686000
3565.512000
3571.338000
3577.164000
3582.990000
3588.816000
3594.642000
3600.468000
3606.294000
3612.120000
3617.946000
3623.772000
3629.598000
3635.424000
3641.250000
3647.076000
3652.902000
3658.728000
3664.554000
3670.380000
3676.206000
3682.032000
3687.858000
3693.684000
3699.510000
3705.336000
3711.162000
3716.988000
3722.814000
3728.640000
3734.466000
3740.292000
3746.118000
3751.944000
3757.770000
3763.596000
3769.422000
3775.248000
3781.074000
3786.900000
3792.726000
3798.552000
3804.378000
3810.204000
3816.030000
3821.856000
3827.682000
3833.508000
3839.334000
3845.160000
3850.986000
3856.812000
3862.638000
3868.464000
3874.290000
3880.116000
3885.942000
3891.768000
3897.594000
3903.420000
3909.246000
3915.072000
3920.898000
3926.724000
3932.550000
3938.376000
3944.202000
3950.028000
3955.854000
3961.680000
3967.506000
3973.332000
3979.158000
3984.984000
3990.810000
3996.636000
4002.462000
4008.288000
4014.114000
4019.940000
4025.766000
4031.592000
4037.418000
4043.244000
4049.070000
4054.896000
4060.722000
4066.548000
4072.374000
4078.200000
4084.026000
4089.852000
4095.678000
4101.504000
4107.330000
4113.156000
4118.982000
4124.808000
4130.634000
4136.460000
4142.286000
4148.112000
4153.938000
4159.764000
4165.590000
4171.416000
4177.242000
4183.068000
4188.894000
4194.720000
4200.546000
4206.372000
4212.198000
4218.024000
4223.850000
4229.676000
4235.502000
4241.328000
4247.154000
4252.980000
4258.806000
4264.632000
4270.458000
4276.284000
4282.110000
4287.936000
4293.762000
4299.588000
4305.414000
4311.240000
4317.066000
4322.892000
4328.718000
4334.544000
4340.370000
4346.196000
4352.022000
4357.848000
4363.674000
4369.500000
4375.326000
4381.152000
4386.978000
4392.804000
4398.630000
4404.456000
4410.282000
4416.108000
4421.934000
4427.760000
4433.586000
4439.412000
4445.238000
4451.064000
4456.890000
4462.716000
4468.542000
4474.368000
4480.194000
4486.020000
4491.846000
4497.672000
4503.498000
4509.324000
4515.150000
4520.976000
4526.802000
4532.628000
4538.454000
4544.280000
4550.106000
4555.932000
4561.758000
4567.584000
4573.410000
4579.236000
4585.062000
4590.888000
4596.714000
4602.540000
4608.366000
4614.192000
4620.018000
4625.844000
4631.670000
4637.496000
4643.322000
4649.148000
4654.974000
4660.800000
4666.626000
4672.452000
4678.278000
4684.104000
4689.930000
4695.756000
4701.582000
4707.408000
4713.234000
4719.060000
4724.886000
4730.712000
4736.538000
4742.364000
4748.190000
4754.016000
4759.842000
4765.668000
4771.494000
4777.320000
4783.146000
4788.972000
4794.798000
4800.624000
4806.450000
4812.276000
4818.102000
4823.928000
4829.754000
4835.580000
4841.406000
4847.232000
4853.058000
4858.884000
4864.710000
4870.536000
4876.362000
4882.188000
4888.014000
4893.840000
4899.666000
4905.492000
4911.318000
4917.144000
4922.970000
4928.796000
4934.622000
4940.448000
4946.274000
4952.100000
4957.926000
4963.752000
4969.578000
4975.404000
4981.230000
4987.056000
4992.882000
4998.708000
5004.534000
5010.360000
5016.186000
5022.012000
5027.838000
5033.664000
5039.490000
5045.316000
5051.142000
5056.968000
5062.794000
5068.620000
5074.446000
5080.272000
5086.098000
5091.924000
5097.750000
5103.576000
5109.402000
5115.228000
5121.054000
5126.880000
5132.706000
5138.532000
5144.358000
5150.184000
5156.010000
5161.836000
5167.662000
5173.488000
5179.314000
5185.140000
5190.966000
5196.792000
5202.618000
5208.444000
5214.270000
5220.096000
5225.922000
5231.748000
5237.574000
5243.400000
5249.226000
5255.052000
5260.878000
5266.704000
5272.530000
5278.356000
5284.182000
5290.008000
5295.834000
5301.660000
5307.486000
5313.312000
5319.138000
5324.964000
5330.790000
5336.616000
5342.442000
5348.268000
5354.094000
5359.920000
5365.746000
5371.572000
5377.398000
5383.224000
5389.050000
5394.876000
5400.702000
5406.528000
5412.354000
5418.180000
5424.006000
5429.832000
5435.658000
5441.484000
5447.310000
5453.136000
5458.962000
5464.788000
5470.614000
5476.440000
5482.266000
5488.092000
5493.918000
5499.744000
5505.570000
5511.396000
5517.222000
5523.048000
5528.874000
5534.700000
5540.526000
5546.352000
5552.178000
5558.004000
5563.830000
5569.656000
5575.482000
5581.308000
5587.134000
5592.960000
5598.786000
5604.612000
5610.438000
5616.264000
5622.090000
5627.916000
5633.742000
5639.568000
5645.394000
5651.220000
5657.046000
5662.872000
5668.698000
5674.524000
5680.350000
5686.176000
5692.002000
5697.828000
5703.654000
5709.480000
5715.306000
5721.132000
5726.958000
5732.784000
5738.610000
5744.436000
5750.262000
5756.088000
5761.914000
5767.740000
5773.566000
5779.392000
5785.218000
5791.044000
5796.870000
5802.696000
5808.522000
5814.348000
5820.174000
5826.000000
