0
1883355806116723
4315844354219731
2489889969448672
1533696153364841
1123989160886240
878539663684232
713883905092475
585834758446044
483222898664882
396609824851635
330724169251951
272319127334665
225513991349905
190556960751534
161360139684087
137251025269526
118317412999459
102801099780648
90389864705682
78482111860754
72150882600294
63034674047761
57882147549688
51820912982094
48610740114395
43943924926346
41104245598206
37941127432491
36267651281523
32925609632785
31457492766019
30554527622965
28334595592406
27080530776310
26590671128671
24551117229003
23673243413853
22624193612398
21021730062470
20429770292625
20232497849928
18299118672045
18106761066408
19443935806388
17187592437970
16752505777294
15315210798509
15545878104280
14631294495275
15542008717739
14885720114057
13890338967743
13753835466460
13822357637734
12637979191635
13101244483763
12731935606696
12838798022943
11819676067523
12110882835311
11342756973307
10667828045515
10992337990551
11179754359807
11104027184615
9604344837247
9663942199675
10170245506494
9370598198862
9788006163654
9024523123621
9373465152743
8780990155390
9047345768146
8722337111989
7927187941418
8489119839192
8187509217793
8673643494507
8361678537252
7923846244423
7736175575921
7590188850745
8206259529792
8020708513705
7630493829094
7491517322086
6888452595117
7211322655514
7138722704064
7294690414367
7141946685359
6484005916621
6717859081731
6728642771068
6432137387491
7032709513362
6738973362203
6449383613857
6606722154699
5984390022676
6717079462739
6224170160467
6427200753611
5989314517418
6194474864585
5685274253944
5978694951273
5345277180327
5270378372807
5343083097801
6257230355847
5612930424510
5173091669640
5265936613114
5475040083377
6025982909568
5835888341923
5487639390051
5290065333882
5370641961065
5112279918336
4900265338348
4549492382483
4436707137895
5595347909934
5135758747696
4649930980567
4161646950494
4598675050955
4294914831498
5396788533840
4303207239926
4202788862998
4349534340991
4400605061664
4414600041189
4356910180007
3977698300516
4003957366257
3971962304907
4384600699839
4626430384718
4570399302685
3923518978074
3935554664875
4133579010275
3608681112536
3760315113376
4012910923527
3729615330707
3998845685562
3736152793846
3583871974086
3485119505350
3683574755109
3510881806913
4161076063298
3837808141100
3830268967333
3643706625737
4152997071370
3732588485814
3445490267528
4056068602636
3726268391798
3864030944483
3293281061402
3510167407966
2921050152534
3557367356132
3431425344948
3081372541258
3332056007575
3444417354286
3096680197700
3091069046783
3287816541173
3178708590122
2782424089690
2883672071510
3545160027490
3117185481200
3285341546867
3307950080513
3365242425693
3376156202184
2842595368666
2955351396748
2670909681552
2976984386450
2528846838730
3186260163351
2997676130835
3055167528273
2561265972938
2723860031313
2804790186668
2891715261002
2840207568962
2768271558858
2815002889249
2872927510307
2634994609870
2738412347387
2811606353450
2583140375855
2934202854811
2422717020279
2672934250864
2638803336215
2810777815639
2629563611991
2368591050487
2652906565928
2264642798158
2326644317444
2519821450147
2671482574791
2726734515206
2589312336179
2454368995333
2511595125920
2188075137113
2170325071682
2747992809893
2025462648593
2329057469175
2115594202933
2485257705596
2453697565802
2098350354227
1974324682586
1989334952864
1905555214616
2245318730709
1908868802977
2441663879148
2213732603329
1866095796817
2549854243602
2265661355064
2210824650606
2080106093818
1798573583679
2047771334807
1999217918406
2152343141357
1855517107141
2012453326009
2013098546361
1916531417984
2199163293239
2072504599935
2123436649293
2067811429943
1821597136764
1845956693999
1747534100307
1807831398207
1960714214406
1645396709985
1501248377504
2067709879845
2069542906472
1712934193155
1817135939693
1775069908080
1998888932969
1560472582415
1829368281495
1190790805033
1740262947569
1561647390997
1367239338258
1751753814482
1907365035267
1578926462011
1789666116710
1704026618382
1503066966122
1465517558146
1607746598889
1425187288513
1634748317075
1623385030147
1840478828231
1749135908547
1634125912546
1277602618819
1439836948191
1613227454344
1261574935157
1434320395665
1581659232838
1332348845863
1054280250901
1379009603915
1345780783058
1443882196760
1655379112462
1336513505995
1342884244318
1593873090187
1557952409165
997531533657
1432335713631
1280086913684
1525943978791
1048265570489
1355664497229
1666989577089
1265441003848
1165645050941
1185138117477
1600660304334
1226233396859
1125811322224
1297386786248
1253166205928
1015112741052
1059704610396
1249923328738
1001254274028
1110692736719
972911668093
1259528826438
1002906448836
1006812293485
1050766058380
1195802224949
1328586257460
1143664041805
1097976804449
1206692775170
1019433244618
823869989538
1283990481318
1062824125643
941758120163
1231231024577
1109416565817
1072039744365
1082860008826
953240995582
1054140868553
929100705321
997945282443
917002845189
1193770155245
852158416422
724936522069
1170634430003
1136950402373
1135233344920
732961938193
1054810077850
987102084550
992478319528
1013346391694
944409548739
894352507968
835641623287
809305235043
898472416573
859870691897
636516188006
1000882163628
831630799847
1042401670978
790671409135
824888195819
1112025300166
832224478738
1168829565747
821354947016
912820547608
795219474094
797118400471
925558823787
679217571339
1143319858184
1030631919945
1024019331487
769118713697
702141916541
1000260349553
858315007775
918699357609
1010623433823
918835450126
733704460859
698136925684
937061741606
815173358110
807635783069
827205685354
701215597824
748779711072
568081243110
971569994222
1041625490281
582051557930
724411033579
702667330870
687123927014
596223036710
676172517146
524718622188
905914395568
724438346240
731804868670
693564566452
650302523252
857499452934
664457746624
566805401179
790383061937
820519904189
667629253253
717740673408
740261243003
672072548053
680939156047
627783517629
577231353245
778721794233
507451534364
501871225361
848971873383
717484740262
483808758694
574377522798
537302451443
654035793405
532064922772
545322605328
712221331753
555924072856
520723857066
625279104866
404140442509
570864242947
466477562939
524792929903
608418952982
441277679598
370503818597
484457187525
476902730298
562967618754
490073810076
547752175696
626655357998
395277872343
459537254548
664398430800
454506669173
583346451270
404497362172
608474205998
530854862940
431925204757
381424114913
527479658980
547029943563
289010649795
500487510463
438941278279
399114938571
429383011008
386890283172
475480933357
544953871736
501878210749
731545466983
336072801394
545712856178
529040114793
464755470209
419989929443
599233199852
390122114175
503339647378
456877868865
378993167699
431426089582
651452591007
375363544195
446455170691
345351671264
537323531261
520807166835
433622890853
360660217592
365154062354
662730105799
326662085577
442662010731
357675615412
418591349377
404750523741
554560934103
352226941788
349879904421
323772284022
351655993823
334460374112
444498139089
369137667232
408413344297
419200164602
311023261936
330856516081
451621922719
357630514316
351618085479
339262018189
360030503997
434463874134
469903809039
274566567812
326374717888
357819792806
292204680377
311865585909
280397708714
277579088710
330434856020
305993355099
271300560897
230764518218
445330925346
311450219762
374393881670
345035898927
217908704864
290974719171
209930806416
246253337263
297824487495
224740692220
236998299468
170444498279
275117555477
336731975405
357274292371
269091620737
373601959960
253354917408
238564558992
245341002944
229994440534
237853122328
242592298074
195930448383
272954691972
171451585287
307728293493
103135930482
283859563556
355236781017
226581374644
272641170519
86149289817
151201807466
210864341908
171399538983
203896909929
158664833083
219731469402
277295678003
242675436380
257698235010
220278675539
173430501287
226883791453
178640817387
269506677586
187198546263
198728352357
220435595267
198926119075
201145513327
197501031977
190365546511
158635837567
145348199727
252163019154
149457532238
142784415622
85152331152
160882030020
171460798675
150769324289
110983759663
210790478103
209764641207
111257853769
83228019040
232018941519
78953736564
164910646974
134897102272
131001333496
82065249578
159498769099
146502903796
224648274983
157034043579
182816918419
105841672493
146041497021
148019273262
149429738430
99755693952
95683579789
140491579376
131471010480
140889326270
166214542162
53175897496
179997131118
154803483263
115988072289
134614516742
140666233189
137859485437
144163200010
86670781542
224844379852
154052617400
161877368189
136892575344
99373888343
84955203282
55094294440
105113951223
110647436627
142065935398
173496076204
68732402086
134950071450
151353105671
60685494167
83133939887
45715438572
15728683453
156836711328
49511419294
57517273816
92487804005
48735661940
90821772933
96457253861
71728615943
59155659432
78245899460
43448806811
57505415899
17478160390
69010194963
113531977826
151184517296
112968849165
101925932720
53150166238
62881212362
54438237780
129720681529
25301799242
56686710816
95647927333
135530268521
112919894930
84693148658
89238598249
36456155285
116855821411
72771600644
41636248734
60289834240
33580084804
55345409987
70937239502
65334898595
59862638235
60706382856
110225630750
47153208625
0
39169268229
121355417463
127869275673
98681969747
35868449333
126078877184
15392091714
94254378604
57635694616
113756751860
71790308075
31599561928
32558161710
72378708384
71129505390
76505278316
30087453490
28032137014
59550869159
48401132914
18459485551
10098943581
76593222643
52834825783
78775295837
46714771599
34575612012
62980224817
0
34766877440
39240499193
44887652540
17611213112
47546810774
96391735439
15631405134
74868307626
52352332850
46482322445
33966718581
27317405825
54101172670
63550458800
57289556670
79820668383
35583751449
30707728482
33409969340
22537278763
30245446904
43964670184
8867730778
13670405875
25155001435
15002520428
56099677606
70082376246
52416049738
32771781036
38294837241
19865453580
58012441225
0
48487069278
55686049583
18327560437
0
45632911092
33780281552
0
29428324575
39808762580
17031487143
29672121607
30983505519
92938055990
21548013450
17296614697
19850562625
24297241017
18430903032
0
56567599225
50437999057
0
47936177279
33090526573
33463657607
1518298980
31337004298
37301224934
17297964525
64619137075
17107225905
15385155377
0
15771457568
20454842700
77990293746
27289148623
22628468669
0
0
0
13202609290
15655191995
17555618451
0
0
13957445972
1516134254
0
0
0
44394082727
20527638493
14058999682
40012956962
19434462482
13394610387
31020347291
10726212976
0
14822241468
13047534983
0
15815282446
15098635820
0
0
0
0
0
0
13151981159
0
0
0
0
12486267773
11276902684
0
0
31184100299
0
0
18651492593
0
23971708835
0
0
0
0
6640135639
16534853869
0
0
0
20174826658
17546923615
14400543559
0
0
0
0
20881549915
0
0
0
0
35525850399
9832090241
25459394119
0
0
0
24505268510
0
0
20301661378
0
0
0
0
0
0
0
0
0
15616263122
0
0
0
0
0
0
18488313839
0
0
0
0
0
6598928982
0
0
10250484512
0
0
0
0
0
0
0
0
0
0
0
0
0
16493212325
0
17477575672
0
0
0
0
0
0
0
0
0
0
0
0
0
0
0
0
0
0
0
0
18629176776
0
0
0
0
0
0
0
0
16502526500
0
0
0
0
0
0
0
0
0
0
0
0
0
0
0
0
0
0
0
0
0
0
0
0
0
0
0
0
0
0
0
0
0
0
0
0
0
0
0
0
0
0
0
0
0
0
0
0
0
0
0
0
0
0
19504415188
0
