6.160000
6.512000
6.864000
7.216000
7.568000
7.920000
8.272000
8.624000
8.976000
9.328000
9.680000
10.032000
10.384000
10.736000
11.088000
11.440000
11.792000
12.144000
12.496000
12.848000
13.200000
13.552000
13.904000
14.256000
14.608000
14.960000
15.312000
15.664000
16.016000
16.368000
16.720000
17.072000
17.424000
17.776000
18.128000
18.480000
18.832000
19.184000
19.536000
19.888000
20.240000
20.592000
20.944000
21.296000
21.648000
22.000000
22.352000
22.704000
23.056000
23.408000
23.760000
24.112000
24.464000
24.816000
25.168000
25.520000
25.872000
26.224000
26.576000
26.928000
27.280000
27.632000
27.984000
28.336000
28.688000
29.040000
29.392000
29.744000
30.096000
30.448000
30.800000
31.152000
31.504000
31.856000
32.208000
32.560000
32.912000
33.264000
33.616000
33.968000
34.320000
34.672000
35.024000
35.376000
35.728000
36.080000
36.432000
36.784000
37.136000
37.488000
37.840000
38.192000
38.544000
38.896000
39.248000
39.600000
39.952000
40.304000
40.656000
41.008000
41.360000
41.712000
42.064000
42.416000
42.768000
43.120000
43.472000
43.824000
44.176000
44.528000
44.880000
45.232000
45.584000
45.936000
46.288000
46.640000
46.992000
47.344000
47.696000
48.048000
48.400000
48.752000
49.104000
49.456000
49.808000
50.160000
50.512000
50.864000
51.216000
51.568000
51.920000
52.272000
52.624000
52.976000
53.328000
53.680000
54.032000
54.384000
54.736000
55.088000
55.440000
55.792000
56.144000
56.496000
56.848000
57.200000
57.552000
57.904000
58.256000
58.608000
58.960000
59.312000
59.664000
60.016000
60.368000
60.720000
61.072000
61.424000
61.776000
62.128000
62.480000
62.832000
63.184000
63.536000
63.888000
64.240000
64.592000
64.944000
65.296000
65.648000
66.000000
66.352000
66.704000
67.056000
67.408000
67.760000
68.112000
68.464000
68.816000
69.168000
69.520000
69.872000
70.224000
70.576000
70.928000
71.280000
71.632000
71.984000
72.336000
72.688000
73.040000
73.392000
73.744000
74.096000
74.448000
74.800000
75.152000
75.504000
75.856000
76.208000
76.560000
76.912000
77.264000
77.616000
77.968000
78.320000
78.672000
79.024000
79.376000
79.728000
80.080000
80.432000
80.784000
81.136000
81.488000
81.840000
82.192000
82.544000
82.896000
83.248000
83.600000
83.952000
84.304000
84.656000
85.008000
85.360000
85.712000
86.064000
86.416000
86.768000
87.120000
87.472000
87.824000
88.176000
88.528000
88.880000
89.232000
89.584000
89.936000
90.288000
90.640000
90.992000
91.344000
91.696000
92.048000
92.400000
92.752000
93.104000
93.456000
93.808000
94.160000
94.512000
94.864000
95.216000
95.568000
95.920000
96.272000
96.624000
96.976000
97.328000
97.680000
98.032000
98.384000
98.736000
99.088000
99.440000
99.792000
100.144000
100.496000
100.848000
101.200000
101.552000
101.904000
102.256000
102.608000
102.960000
103.312000
103.664000
104.016000
104.368000
104.720000
105.072000
105.424000
105.776000
106.128000
106.480000
106.832000
107.184000
107.536000
107.888000
108.240000
108.592000
108.944000
109.296000
109.648000
110.000000
110.352000
110.704000
111.056000
111.408000
111.760000
112.112000
112.464000
112.816000
113.168000
113.520000
113.872000
114.224000
114.576000
114.928000
115.280000
115.632000
115.984000
116.336000
116.688000
117.040000
117.392000
117.744000
118.096000
118.448000
118.800000
119.152000
119.504000
119.856000
120.208000
120.560000
120.912000
121.264000
121.616000
121.968000
122.320000
122.672000
123.024000
123.376000
123.728000
124.080000
124.432000
124.784000
125.136000
125.488000
125.840000
126.192000
126.544000
126.896000
127.248000
127.600000
127.952000
128.304000
128.656000
129.008000
129.360000
129.712000
130.064000
130.416000
130.768000
131.120000
131.472000
131.824000
132.176000
132.528000
132.880000
133.232000
133.584000
133.936000
134.288000
134.640000
134.992000
135.344000
135.696000
136.048000
136.400000
136.752000
137.104000
137.456000
137.808000
138.160000
138.512000
138.864000
139.216000
139.568000
139.920000
140.272000
140.624000
140.976000
141.328000
141.680000
142.032000
142.384000
142.736000
143.088000
143.440000
143.792000
144.144000
144.496000
144.848000
145.200000
145.552000
145.904000
146.256000
146.608000
146.960000
147.312000
147.664000
148.016000
148.368000
148.720000
149.072000
149.424000
149.776000
150.128000
150.480000
150.832000
151.184000
151.536000
151.888000
152.240000
152.592000
153.296000
153.648000
154.000000
154.352000
154.704000
155.056000
155.408000
155.760000
156.112000
156.464000
156.816000
157.168000
157.520000
157.872000
158.224000
158.576000
158.928000
159.280000
159.632000
159.984000
160.336000
160.688000
161.040000
161.392000
161.744000
162.096000
162.448000
162.800000
163.152000
163.504000
163.856000
164.208000
164.560000
164.912000
165.264000
165.616000
165.968000
166.320000
166.672000
167.024000
167.376000
167.728000
168.080000
168.432000
168.784000
169.136000
169.488000
169.840000
170.192000
170.544000
170.896000
171.248000
171.600000
171.952000
172.304000
172.656000
173.008000
173.360000
173.712000
174.064000
174.768000
175.120000
175.472000
175.824000
176.528000
176.880000
177.584000
177.936000
178.288000
178.640000
178.992000
179.344000
179.696000
180.048000
180.400000
181.104000
181.456000
181.808000
182.160000
182.512000
182.864000
183.216000
183.568000
183.920000
184.272000
184.624000
184.976000
185.328000
186.032000
186.384000
186.736000
187.792000
188.144000
188.496000
188.848000
189.200000
189.552000
190.256000
190.608000
191.312000
191.664000
192.016000
192.368000
192.720000
193.072000
193.424000
193.776000
194.128000
194.480000
194.832000
195.184000
195.536000
195.888000
196.240000
196.592000
196.944000
197.296000
197.648000
198.000000
198.704000
199.056000
199.760000
200.112000
200.464000
200.816000
201.168000
201.872000
202.224000
202.576000
203.280000
203.632000
203.984000
204.336000
204.688000
205.392000
205.744000
206.096000
207.152000
207.856000
208.208000
208.912000
209.264000
209.616000
209.968000
210.672000
211.024000
211.376000
211.728000
213.136000
213.488000
213.840000
214.192000
214.544000
215.248000
215.600000
215.952000
216.304000
216.656000
217.008000
217.360000
217.712000
218.064000
218.768000
219.120000
220.176000
220.528000
220.880000
221.232000
221.584000
221.936000
222.288000
222.992000
223.696000
224.048000
224.400000
