90.411500
96.244500
102.077500
107.910500
113.743500
119.576500
125.409500
131.242500
137.075500
142.908500
148.741500
154.574500
160.407500
166.240500
172.073500
177.906500
183.739500
189.572500
195.405500
201.238500
207.071500
212.904500
218.737500
224.570500
230.403500
236.236500
242.069500
247.902500
253.735500
259.568500
265.401500
271.234500
277.067500
282.900500
288.733500
294.566500
300.399500
306.232500
312.065500
317.898500
323.731500
329.564500
335.397500
341.230500
347.063500
352.896500
358.729500
364.562500
370.395500
376.228500
382.061500
387.894500
393.727500
399.560500
405.393500
411.226500
417.059500
422.892500
428.725500
434.558500
440.391500
446.224500
452.057500
457.890500
463.723500
469.556500
475.389500
481.222500
487.055500
492.888500
498.721500
504.554500
510.387500
516.220500
522.053500
527.886500
533.719500
539.552500
545.385500
551.218500
557.051500
562.884500
568.717500
574.550500
580.383500
586.216500
592.049500
597.882500
603.715500
609.548500
615.381500
621.214500
627.047500
632.880500
638.713500
644.546500
650.379500
656.212500
662.045500
667.878500
673.711500
679.544500
685.377500
691.210500
697.043500
702.876500
708.709500
714.542500
720.375500
726.208500
732.041500
737.874500
743.707500
749.540500
755.373500
761.206500
767.039500
772.872500
778.705500
784.538500
790.371500
796.204500
802.037500
807.870500
813.703500
819.536500
825.369500
831.202500
837.035500
842.868500
848.701500
854.534500
860.367500
866.200500
872.033500
877.866500
883.699500
889.532500
895.365500
901.198500
907.031500
912.864500
918.697500
924.530500
930.363500
936.196500
942.029500
947.862500
953.695500
959.528500
965.361500
971.194500
977.027500
982.860500
988.693500
994.526500
1000.359500
1006.192500
1012.025500
1017.858500
1023.691500
1029.524500
1035.357500
1041.190500
1047.023500
1052.856500
1058.689500
1064.522500
1070.355500
1076.188500
1082.021500
1087.854500
1093.687500
1099.520500
1105.353500
1111.186500
1117.019500
1122.852500
1128.685500
1134.518500
1140.351500
1146.184500
1152.017500
1157.850500
1163.683500
1169.516500
1175.349500
1181.182500
1187.015500
1192.848500
1198.681500
1204.514500
1210.347500
1216.180500
1222.013500
1227.846500
1233.679500
1239.512500
1245.345500
1251.178500
1257.011500
1262.844500
1268.677500
1274.510500
1280.343500
1286.176500
1292.009500
1297.842500
1303.675500
1309.508500
1315.341500
1321.174500
1327.007500
1332.840500
1338.673500
1344.506500
1350.339500
1356.172500
1362.005500
1367.838500
1373.671500
1379.504500
1385.337500
1391.170500
1397.003500
1402.836500
1408.669500
1414.502500
1420.335500
1426.168500
1432.001500
1437.834500
1443.667500
1449.500500
1455.333500
1461.166500
1466.999500
1472.832500
1478.665500
1484.498500
1490.331500
1496.164500
1501.997500
1507.830500
1513.663500
1519.496500
1525.329500
1531.162500
1536.995500
1542.828500
1548.661500
1554.494500
1560.327500
1566.160500
1571.993500
1577.826500
1583.659500
1589.492500
1595.325500
1601.158500
1606.991500
1612.824500
1618.657500
1624.490500
1630.323500
1636.156500
1641.989500
1647.822500
1653.655500
1659.488500
1665.321500
1671.154500
1676.987500
1682.820500
1688.653500
1694.486500
1700.319500
1706.152500
1711.985500
1717.818500
1723.651500
1729.484500
1735.317500
1741.150500
1746.983500
1752.816500
1758.649500
1764.482500
1770.315500
1776.148500
1781.981500
1787.814500
1793.647500
1799.480500
1805.313500
1811.146500
1816.979500
1822.812500
1828.645500
1834.478500
1840.311500
1846.144500
1851.977500
1857.810500
1863.643500
1869.476500
1875.309500
1881.142500
1886.975500
1892.808500
1898.641500
1904.474500
1910.307500
1916.140500
1921.973500
1927.806500
1933.639500
1939.472500
1945.305500
1951.138500
1956.971500
1962.804500
1968.637500
1974.470500
1980.303500
1986.136500
1991.969500
1997.802500
2003.635500
2009.468500
2015.301500
2021.134500
2026.967500
2032.800500
2038.633500
2044.466500
2050.299500
2056.132500
2061.965500
2067.798500
2073.631500
2079.464500
2085.297500
2091.130500
2096.963500
2102.796500
2108.629500
2114.462500
2120.295500
2126.128500
2131.961500
2137.794500
2143.627500
2149.460500
2155.293500
2161.126500
2166.959500
2172.792500
2178.625500
2184.458500
2190.291500
2196.124500
2201.957500
2207.790500
2213.623500
2219.456500
2225.289500
2231.122500
2236.955500
2242.788500
2248.621500
2254.454500
2260.287500
2266.120500
2271.953500
2277.786500
2283.619500
2289.452500
2295.285500
2301.118500
2306.951500
2312.784500
2318.617500
2324.450500
2330.283500
2336.116500
2341.949500
2347.782500
2353.615500
2359.448500
2365.281500
2371.114500
2376.947500
2382.780500
2388.613500
2394.446500
2400.279500
2406.112500
2411.945500
2417.778500
2423.611500
2429.444500
2435.277500
2441.110500
2446.943500
2452.776500
2458.609500
2464.442500
2470.275500
2476.108500
2481.941500
2487.774500
2493.607500
2499.440500
2505.273500
2511.106500
2516.939500
2522.772500
2528.605500
2534.438500
2540.271500
2546.104500
2551.937500
2557.770500
2563.603500
2569.436500
2575.269500
2581.102500
2586.935500
2592.768500
2598.601500
2604.434500
2610.267500
2616.100500
2621.933500
2627.766500
2633.599500
2639.432500
2645.265500
2651.098500
2656.931500
2662.764500
2668.597500
2674.430500
2680.263500
2686.096500
2691.929500
2697.762500
2703.595500
2709.428500
2715.261500
2721.094500
2726.927500
2732.760500
2738.593500
2744.426500
2750.259500
2756.092500
2761.925500
2767.758500
2773.591500
2779.424500
2785.257500
2791.090500
2796.923500
2802.756500
2808.589500
2814.422500
2820.255500
2826.088500
2831.921500
2837.754500
2843.587500
2849.420500
2855.253500
2861.086500
2866.919500
2872.752500
2878.585500
2884.418500
2890.251500
2896.084500
2901.917500
2907.750500
2913.583500
2919.416500
2925.249500
2931.082500
2936.915500
2942.748500
2948.581500
2954.414500
2960.247500
2966.080500
2971.913500
2977.746500
2983.579500
2989.412500
2995.245500
3001.078500
3006.911500
3012.744500
3018.577500
3024.410500
3030.243500
3036.076500
3041.909500
3047.742500
3053.575500
3059.408500
3065.241500
3071.074500
3076.907500
3082.740500
3088.573500
3094.406500
3100.239500
3106.072500
3111.905500
3117.738500
3123.571500
3129.404500
3135.237500
3141.070500
3146.903500
3152.736500
3158.569500
3164.402500
3170.235500
3176.068500
3181.901500
3187.734500
3193.567500
3199.400500
3205.233500
3211.066500
3216.899500
3222.732500
3228.565500
3234.398500
3240.231500
3246.064500
3251.897500
3257.730500
3263.563500
3269.396500
3275.229500
3281.062500
3286.895500
3292.728500
3298.561500
3304.394500
3310.227500
3316.060500
3321.893500
3327.726500
3333.559500
3339.392500
3345.225500
3351.058500
3356.891500
3362.724500
3368.557500
3374.390500
3380.223500
3386.056500
3391.889500
3397.722500
3403.555500
3409.388500
3415.221500
3421.054500
3426.887500
3432.720500
3438.553500
3444.386500
3450.219500
3456.052500
3461.885500
3467.718500
3473.551500
3479.384500
3485.217500
3491.050500
3496.883500
3502.716500
3508.549500
3514.382500
3520.215500
3526.048500
3531.881500
3537.714500
3543.547500
3549.380500
3555.213500
3561.046500
3566.879500
3572.712500
3578.545500
3584.378500
3590.211500
3596.044500
3601.877500
3607.710500
3613.543500
3619.376500
3625.209500
3631.042500
3636.875500
3642.708500
3648.541500
3654.374500
3660.207500
3666.040500
3671.873500
3677.706500
3683.539500
3689.372500
3695.205500
3701.038500
3706.871500
3712.704500
3718.537500
3724.370500
3730.203500
3736.036500
3741.869500
3747.702500
3753.535500
3759.368500
3765.201500
3771.034500
3776.867500
3782.700500
3788.533500
3794.366500
3800.199500
3806.032500
3811.865500
3817.698500
3823.531500
3829.364500
3835.197500
3841.030500
3846.863500
3852.696500
3858.529500
3864.362500
3870.195500
3876.028500
3881.861500
3887.694500
3893.527500
3899.360500
3905.193500
3911.026500
3916.859500
3922.692500
3928.525500
3934.358500
3940.191500
3946.024500
3951.857500
3957.690500
3963.523500
3969.356500
3975.189500
3981.022500
3986.855500
3992.688500
3998.521500
4004.354500
4010.187500
4016.020500
4021.853500
4027.686500
4033.519500
4039.352500
4045.185500
4051.018500
4056.851500
4062.684500
4068.517500
4074.350500
4080.183500
4086.016500
4091.849500
4097.682500
4103.515500
4109.348500
4115.181500
4121.014500
4126.847500
4132.680500
4138.513500
4144.346500
4150.179500
4156.012500
4161.845500
4167.678500
4173.511500
4179.344500
4185.177500
4191.010500
4196.843500
4202.676500
4208.509500
4214.342500
4220.175500
4226.008500
4231.841500
4237.674500
4243.507500
4249.340500
4255.173500
4261.006500
4266.839500
4272.672500
4278.505500
4284.338500
4290.171500
4296.004500
4301.837500
4307.670500
4313.503500
4319.336500
4325.169500
4331.002500
4336.835500
4342.668500
4348.501500
4354.334500
4360.167500
4366.000500
4371.833500
4377.666500
4383.499500
4389.332500
4395.165500
4400.998500
4406.831500
4412.664500
4418.497500
4424.330500
4430.163500
4435.996500
4441.829500
4447.662500
4453.495500
4459.328500
4465.161500
4470.994500
4476.827500
4482.660500
4488.493500
4494.326500
4500.159500
4505.992500
4511.825500
4517.658500
4523.491500
4529.324500
4535.157500
4540.990500
4546.823500
4552.656500
4558.489500
4564.322500
4570.155500
4575.988500
4581.821500
4587.654500
4593.487500
4599.320500
4605.153500
4610.986500
4616.819500
4622.652500
4628.485500
4634.318500
4640.151500
4645.984500
4651.817500
4657.650500
4663.483500
4669.316500
4675.149500
4680.982500
4686.815500
4692.648500
4698.481500
4704.314500
4710.147500
4715.980500
4721.813500
4727.646500
4733.479500
4739.312500
4745.145500
4750.978500
4756.811500
4762.644500
4768.477500
4774.310500
4780.143500
4785.976500
4791.809500
4797.642500
4803.475500
4809.308500
4815.141500
4820.974500
4826.807500
4832.640500
4838.473500
4844.306500
4850.139500
4855.972500
4861.805500
4867.638500
4873.471500
4879.304500
4885.137500
4890.970500
4896.803500
4902.636500
4908.469500
4914.302500
4920.135500
4925.968500
4931.801500
4937.634500
4943.467500
4949.300500
4960.966500
4966.799500
4972.632500
4978.465500
4990.131500
4995.964500
