1292033536199293
1181395940639592
1092309260632087
999350999259948
922515207088009
856913459390798
814317132221233
774543717322348
743464319160173
699947872698405
669431658249762
634352277402473
618797413871269
597419870801923
577414077285722
552992016670755
539493915020011
517733662641339
508973149741360
498199576048834
475506875259085
470598324002392
453291366502735
447050058386822
437861399730660
432591326620647
406538543556681
405145958263837
404338911082741
396406604642044
389162164981852
377363794263954
366308411529565
364867959314761
353779379210614
355921725881007
346235212767380
340345332818337
330675213902203
331111840967376
329678650710570
314671652569150
312856976158185
313828708976659
309409053503350
297553104141330
294632009335218
291400998242553
287685176831054
285594907207882
280171976104463
271422166487446
279256853666383
266125143012269
254587361952289
259647605386898
264171022947355
259691668035867
252898884382267
246247187689169
246821702852549
240603694656996
231197390490717
228821909902105
229877765458558
222993550746631
224336050203906
228306766129963
220153945062992
213818253887316
211306145215157
208713006955093
203956278613906
199232501585266
201677070107944
193105458269678
195517651340153
184172252364869
187280521887178
186245066798535
179108929726724
179647181012752
177004598982770
172642858734369
170423473922967
170938778286990
166860947409283
160353110995181
154096404478029
166183930168535
156938842386920
152866233059654
152555256761278
153036648782661
149357008801022
144901197042650
146568608553023
142701904355235
144189880259138
140975100542371
132481515593891
136211888331675
128438488134756
127466542119859
125630249266334
125822445759611
127915142058980
121571670828914
126789877558629
121085500045613
116483460455785
118359005043369
114194099014208
113942863376815
120055668800331
111481051359659
106729344412776
111895324799884
111708330521686
105955839007687
108105138458876
104355545665100
101649639498393
98090866932555
100685125576931
92582588226081
99390233266575
100664819687952
93176864869275
96670838537797
91172139832233
89463569061739
93682372430872
85695711883603
84415980791049
85592561136448
85008886780391
88877232617904
84832594223694
84074105866408
80659756168188
83891049485813
79715020648729
79070914933109
79685202148717
79326785750528
75268742331273
77889110944801
72498740214613
71971518576063
73105028503591
73165559377821
69690007569413
69674376900188
70486041294331
68109197594765
65608442374338
69077352585762
65595109517431
62789498652928
61805023353755
64263080487588
59656549695243
59720102783494
60492269902143
58572001727521
57728948569987
57041820384644
56226552179763
59907330779124
53970988928826
51362231771571
56205857099306
50730487529312
53876174629345
52003867555540
52155294660780
51995804668719
52382501568642
48233759492903
46730060354863
46592599895156
47383362612322
44459745552312
48580481244457
44919345566523
46625433984810
46143620064551
43750948340938
43639917208404
41277594687563
39991867841958
38708523867037
41734853485345
40955566718630
38549472034857
39996526243390
38912616035103
40751327367183
37987786118439
37282182793808
40285943855985
35936278511674
34362201166601
36641600116749
35147103080615
34647709978953
33024472270532
35350785257091
33193276562914
35123487531095
33606972502364
31445925560881
30073512572417
32079942365009
32803263812413
30235106577012
31276334019428
31336666965676
28585315974650
28927690801140
30206583288343
27237914645526
28749051578525
27632895759714
25834986375158
25722924626204
27837765451109
28873765079424
25437433846017
26816022741361
27351900565457
26253243690516
25014568174635
24529853951633
24031053189951
22859994152754
24399386217989
24915346347400
23846699433752
24849232262796
22480681162440
22095024278117
22740874804139
20765300970184
23754058823839
23772761027959
21690530640542
21235620660108
21265189348007
18815786708219
20212334585276
18906941497371
20970106204425
20409553417322
19085807476467
17663229572004
20655555551227
18402392585746
19142040097659
16859518078935
17225653311295
17470070325210
19092138735587
17480483065636
16859376994797
15397755274403
17236341529799
16445909817320
16564156228551
14225590783500
15902055346382
15592430484867
16538913794560
14650585645697
13678524653316
15562615814490
13611650051301
15265296288809
13217827737908
16024005403795
14906748070234
15748527898507
12910423661462
13589672401143
13880200734232
13049703941845
13287276224532
12028090967937
13870015878628
13319637506530
13940888317479
12810380140998
13485317621510
12612719741121
13118775865379
12360584970093
10999336944495
10340048852278
10306827934667
11566175192600
10917793038374
10649219208923
12272585243769
10379141469499
11033476806188
12746284838446
10985368195009
11484311546710
12583231618583
10251228039243
10804506951312
10015095983583
9984826629904
10664701258235
10450549754247
10423413181092
10208836228108
8581020044533
10054287882255
9460989841358
10271459343484
9227374511676
9011767388927
9665497340093
8634463202054
9159968331752
10063121741071
8604683804249
9393659427381
7974053453532
8773307283711
8393193354716
8662140578695
8223208118572
8077467795084
8132181031852
8090228619013
7297315764362
8098015966332
8152840505420
8153271213384
7969102413089
7102917383902
7128171367562
7138218404376
7737393471474
7062503431698
8517607024698
6243946252027
7105052234287
6951126630726
7119763645792
6736082616329
7381090981879
6180740398592
7555476797419
5507433333272
7381304528932
6464556637728
7109921695381
7080164535179
6207221042769
6330479186511
5559516968379
6912264870444
5374003518471
6080212615181
6618508896186
6159387760234
5465590541873
5207695054785
4855753354250
6528194463930
5320716310665
5832105875835
5321151181199
5814721678216
5251136142281
4925315618204
5047283198118
5599056625585
4522726879209
5417312771445
4867476136712
5062030171446
4524485758310
5268425345771
4417761105574
5621117044809
4793702013575
5743801857299
4500395408569
4432181472177
4645444534019
4897229357662
3762921345439
4446262684069
4047318785126
4325542589445
3413458691861
4689050733272
4020216362349
4234680722334
4850877590656
3671977344214
3697881871351
4537499943894
4465161437863
4196035544592
3961847654216
3911242097281
3918715577386
3624085974317
4309990269169
3136581137321
3234973071032
3334656531334
3855046705962
3857242249754
3199036809279
3782126792732
3588852331743
2943802136147
2968091068846
2536576267139
3427335332685
3921925075406
3600892859787
3530802570108
3556157690187
2911660449395
3771690094511
2801521618556
2812042777104
3321002191176
3267710662127
3612906673169
2387469909208
2690336812932
3458680873699
2783741728516
2676735270424
3288115393805
2710763266964
2376054885040
3165821927594
2297968673400
3331467572262
2806668038033
2901778447770
2440683732993
2856781999207
2616631114821
2825999867244
2474154277088
2880889955644
2501098443759
2446057286091
2351683920256
3045958330658
2106142801570
2646018334589
2259188110924
2495523275850
2230408574324
2857078738843
2503321432483
2807680959168
2302494630250
2056151986834
1907891128461
2241459726186
2050748447563
2115912188983
2363946574267
1866019436831
2336177071919
1743846180695
2461023530329
1684004517399
1621487676008
2479948174726
2242423949346
1818400106196
2227713517486
2220969913673
1853760501502
1891889870301
1540005578543
1924912754791
1836890999937
1984200258830
1194920134258
1986453745354
1181935252437
1371110785219
1818221457313
1811837152880
1501594952404
2057938189884
2096593631638
1696550784001
1374438312634
1979797866327
1404199955162
1443747443893
1433849189049
1609757820425
1695135447095
1418719133312
1275692990863
1385196391774
1468026884231
1308461634079
1860345235760
1508651931067
1571219473097
1324370505549
1503449803003
1449905418596
1760485457741
1239257779888
1641482994116
1162726668914
1528657878164
1209203241592
1075683648207
1106634810083
1972647203406
1008125594467
1005433915461
1066454548617
1351073533878
877337386086
1225797848429
1345142096868
1428337588371
1342146637320
1011318960235
1187865872000
908605794741
1147684081809
1104670008545
1390108395444
1123707990085
1013892680000
1321960752094
693492517361
744415042820
986026905073
909888364915
1090288379357
1070401362126
1537936202814
821186246655
871101112808
844875653793
1246895562788
698986891729
1023804975877
908232664312
1077626462047
1061358291292
665868934005
698690989409
984279878118
886625418602
820359225498
757538235326
655072844286
831074852423
1113692368490
1064149195280
640085546945
863626591568
575068886800
630704276084
667035314022
843056643330
974503358108
803849188639
756817206119
598162866957
709337648029
492102101596
601459322186
730003969977
587852573443
627187012282
446554174798
480358594490
485451249973
794508563495
640138515350
542702897157
589420636999
676059192579
301144740225
643490307437
740787241738
468556941857
486460485478
660670378723
545842182406
549153467395
657447042137
599407106506
377547137303
361817671489
617021484546
418973117562
490170422532
573269142856
431591947976
464410868986
534234668234
555391800830
542590424276
380683859879
393207316868
461204596545
422386086416
430458662273
377833955856
435030989669
427950347816
346867545922
282418273068
335890818525
426981319847
374555791573
344201312388
377927643851
283726580999
373212272202
471625855913
306734704600
458618598393
423368934177
470330938425
289536526533
565640882432
600599791351
327867199151
390981794413
324110438941
293508087625
377317642156
311844731116
496402680722
277275133602
331518285256
234799297644
308657101348
213442873861
172764935676
281235373009
309476062101
333574535443
254991459968
244618849819
218876179294
253742103878
233130159256
338480261964
225695657712
270804393047
293973906576
200554355749
247451767055
268738169417
203554707106
261026845711
245710656170
125905977273
252661320371
245545176930
359741500800
191853066573
261528221399
308350641655
220653656965
245035982062
144094039505
184332969316
187801901000
185357552623
293657629155
205038802260
130638554058
180102521622
275369769118
262417604102
285825334224
221116937452
156311952903
245047436562
145003388834
197053765852
210880642124
210503697980
223087815343
100272047249
171096162254
154248735943
144006570764
182683836795
183721361228
95991497430
169200426319
249106799398
204747700014
130986030247
78485085617
157500245263
112777966297
126782734508
203579887468
84084533422
119814509630
83398655674
67963605632
87865665143
201020757190
113536903803
140198215619
131425236020
184067258589
150361524455
121888926972
106406203313
194677082265
153837481214
36219797858
139953881314
158445004458
73122973185
141190211053
90979982328
54417878075
117228108372
120371151047
64784517396
159809207562
102023275746
120979496736
230747408044
76190490315
83344849844
69036758221
82594124545
81169489466
137947906563
139292085512
234331313225
49979915523
88319372485
17708224417
111985106244
140033905280
108353468399
63059394224
103676888727
35350501957
90123779026
46588787356
97303581027
119792756032
48879864630
72631603568
59168314857
25983148871
92670062085
110209472770
49692435838
85055665103
59454903708
63266836276
74705673238
51415075198
84726422772
5876816569
78110483745
76394815736
107135543231
42119364606
80386649129
66478549121
51095103771
29561322317
72204236322
96420968200
54778388091
97144431579
77547993902
101829785002
66783514170
45915190062
53372972642
37676554704
55465903201
60248167123
47682008037
66261583153
67641856384
9842897677
5029780423
41712164744
109635326998
30544694699
48630170781
7515841516
59215513272
46639399610
34998803167
33834659172
78334943952
10667188359
21299176254
37470765614
34948769091
14279070271
49973131159
44869812362
59251111456
42756228394
18254928508
25091774158
61332150748
12444443757
29664396973
25815928169
44208505997
26183818007
37438070216
17774309742
20499885723
32943709570
8176095453
