4.692000000000000171e+00
4.875999999999999446e+00
5.060000000000000497e+00
5.243999999999999773e+00
5.427999999999999936e+00
5.612000000000000099e+00
5.795999999999999375e+00
5.980000000000000426e+00
6.163999999999999702e+00
6.348000000000000753e+00
6.532000000000000028e+00
6.715999999999999304e+00
6.900000000000000355e+00
7.083999999999999631e+00
7.268000000000000682e+00
7.451999999999999957e+00
7.635999999999999233e+00
7.820000000000000284e+00
8.003999999999999559e+00
8.187999999999998835e+00
8.371999999999999886e+00
8.556000000000000938e+00
8.740000000000000213e+00
8.923999999999999488e+00
9.108000000000000540e+00
9.291999999999999815e+00
9.475999999999999091e+00
9.660000000000000142e+00
9.844000000000001194e+00
1.002799999999999869e+01
1.021199999999999974e+01
1.039600000000000080e+01
1.058000000000000007e+01
1.076399999999999935e+01
1.094800000000000040e+01
1.113199999999999967e+01
1.131599999999999895e+01
1.150000000000000000e+01
1.168400000000000105e+01
1.186800000000000033e+01
1.205199999999999960e+01
1.223600000000000065e+01
1.241999999999999993e+01
1.260399999999999920e+01
1.278800000000000026e+01
1.297200000000000131e+01
1.315599999999999881e+01
1.333999999999999986e+01
1.352400000000000091e+01
1.370800000000000018e+01
1.389199999999999946e+01
1.407600000000000051e+01
1.425999999999999979e+01
1.444399999999999906e+01
1.462800000000000011e+01
1.481200000000000117e+01
1.499599999999999866e+01
1.517999999999999972e+01
1.536400000000000077e+01
1.554800000000000004e+01
1.573199999999999932e+01
1.591600000000000037e+01
1.610000000000000142e+01
1.628399999999999892e+01
1.646799999999999997e+01
1.665200000000000102e+01
1.683599999999999852e+01
1.701999999999999957e+01
1.720400000000000063e+01
1.738799999999999812e+01
1.757200000000000273e+01
1.775600000000000023e+01
1.793999999999999773e+01
1.812400000000000233e+01
1.830799999999999983e+01
1.849199999999999733e+01
1.867600000000000193e+01
1.885999999999999943e+01
1.904400000000000048e+01
1.922800000000000153e+01
1.941199999999999903e+01
1.959600000000000009e+01
1.978000000000000114e+01
1.996399999999999864e+01
2.014799999999999969e+01
2.033200000000000074e+01
2.051599999999999824e+01
2.070000000000000284e+01
2.088400000000000034e+01
2.106799999999999784e+01
2.125200000000000244e+01
2.143599999999999994e+01
2.161999999999999744e+01
2.180400000000000205e+01
2.198799999999999955e+01
2.217199999999999704e+01
2.235600000000000165e+01
2.253999999999999915e+01
2.272400000000000020e+01
2.290800000000000125e+01
2.309199999999999875e+01
2.327599999999999980e+01
2.346000000000000085e+01
2.364399999999999835e+01
2.382800000000000296e+01
2.401200000000000045e+01
2.419599999999999795e+01
2.438000000000000256e+01
2.456400000000000006e+01
2.474799999999999756e+01
2.493200000000000216e+01
2.511599999999999966e+01
2.529999999999999716e+01
2.548400000000000176e+01
2.566799999999999926e+01
2.585200000000000031e+01
2.603600000000000136e+01
2.621999999999999886e+01
2.640399999999999991e+01
2.658800000000000097e+01
2.677199999999999847e+01
2.695599999999999952e+01
2.714000000000000057e+01
2.732399999999999807e+01
2.750800000000000267e+01
2.769200000000000017e+01
2.787599999999999767e+01
2.806000000000000227e+01
2.824399999999999977e+01
2.842799999999999727e+01
2.861200000000000188e+01
2.879599999999999937e+01
2.898000000000000043e+01
2.916400000000000148e+01
2.934799999999999898e+01
2.953200000000000003e+01
2.971600000000000108e+01
2.989999999999999858e+01
3.008399999999999963e+01
3.026800000000000068e+01
3.045199999999999818e+01
3.063600000000000279e+01
3.082000000000000028e+01
3.100399999999999778e+01
3.118800000000000239e+01
3.137199999999999989e+01
3.155599999999999739e+01
3.174000000000000199e+01
3.192399999999999949e+01
3.210800000000000409e+01
3.229200000000000159e+01
3.247599999999999909e+01
3.265999999999999659e+01
3.284400000000000119e+01
3.302799999999999869e+01
3.321200000000000330e+01
3.339600000000000080e+01
3.357999999999999829e+01
3.376399999999999579e+01
3.394800000000000040e+01
3.413199999999999790e+01
3.431600000000000250e+01
3.450000000000000000e+01
3.468399999999999750e+01
3.486800000000000210e+01
3.505199999999999960e+01
3.523600000000000421e+01
3.542000000000000171e+01
3.560399999999999920e+01
3.578799999999999670e+01
3.597200000000000131e+01
3.615599999999999881e+01
3.634000000000000341e+01
3.652400000000000091e+01
3.670799999999999841e+01
3.689199999999999591e+01
3.707600000000000051e+01
3.725999999999999801e+01
3.744400000000000261e+01
3.762800000000000011e+01
3.781199999999999761e+01
3.799600000000000222e+01
3.817999999999999972e+01
3.836400000000000432e+01
3.854800000000000182e+01
3.873199999999999932e+01
3.891599999999999682e+01
3.910000000000000142e+01
3.928399999999999892e+01
3.946800000000000352e+01
3.965200000000000102e+01
3.983599999999999852e+01
4.001999999999999602e+01
4.020400000000000063e+01
4.038799999999999812e+01
4.057200000000000273e+01
4.075600000000000023e+01
4.093999999999999773e+01
4.112399999999999523e+01
4.130799999999999983e+01
4.149200000000000443e+01
4.167600000000000193e+01
4.185999999999999943e+01
4.204399999999999693e+01
4.222800000000000153e+01
4.241199999999999903e+01
4.259600000000000364e+01
4.278000000000000114e+01
4.296399999999999864e+01
4.314799999999999613e+01
4.333200000000000074e+01
4.351599999999999824e+01
4.370000000000000284e+01
4.388400000000000034e+01
4.406799999999999784e+01
4.425199999999999534e+01
4.443599999999999994e+01
4.462000000000000455e+01
4.480400000000000205e+01
4.498799999999999955e+01
4.517199999999999704e+01
4.535600000000000165e+01
4.553999999999999915e+01
4.572400000000000375e+01
4.590800000000000125e+01
4.609199999999999875e+01
4.627599999999999625e+01
4.646000000000000085e+01
4.664399999999999835e+01
4.682800000000000296e+01
4.701200000000000045e+01
4.719599999999999795e+01
4.737999999999999545e+01
4.756400000000000006e+01
4.774800000000000466e+01
4.793200000000000216e+01
4.811599999999999966e+01
4.829999999999999716e+01
4.848400000000000176e+01
4.866799999999999926e+01
4.885200000000000387e+01
4.903600000000000136e+01
4.921999999999999886e+01
4.940399999999999636e+01
4.958800000000000097e+01
4.977199999999999847e+01
4.995600000000000307e+01
5.014000000000000057e+01
5.032399999999999807e+01
5.050799999999999557e+01
5.069200000000000017e+01
5.087600000000000477e+01
5.106000000000000227e+01
5.124399999999999977e+01
5.142799999999999727e+01
5.161200000000000188e+01
5.179599999999999937e+01
5.198000000000000398e+01
5.216400000000000148e+01
5.234799999999999898e+01
5.253199999999999648e+01
5.271600000000000108e+01
5.289999999999999858e+01
5.308400000000000318e+01
5.326800000000000068e+01
5.345199999999999818e+01
5.363599999999999568e+01
5.382000000000000028e+01
5.400399999999999778e+01
5.418800000000000239e+01
5.437199999999999989e+01
5.455599999999999739e+01
5.474000000000000199e+01
5.492399999999999949e+01
5.510800000000000409e+01
5.529200000000000159e+01
5.547599999999999909e+01
5.565999999999999659e+01
5.584400000000000119e+01
5.602799999999999869e+01
5.621200000000000330e+01
5.639600000000000080e+01
5.657999999999999829e+01
5.676399999999999579e+01
5.694800000000000040e+01
5.713199999999999790e+01
5.731600000000000250e+01
5.750000000000000000e+01
5.768399999999999750e+01
5.786800000000000210e+01
5.805199999999999960e+01
5.823600000000000421e+01
5.842000000000000171e+01
5.860399999999999920e+01
5.878799999999999670e+01
5.897200000000000131e+01
5.915599999999999881e+01
5.934000000000000341e+01
5.952400000000000091e+01
5.970799999999999841e+01
5.989199999999999591e+01
6.007600000000000051e+01
6.025999999999999801e+01
6.044400000000000261e+01
6.062800000000000011e+01
6.081199999999999761e+01
6.099600000000000222e+01
6.117999999999999972e+01
6.136400000000000432e+01
6.154800000000000182e+01
6.173199999999999932e+01
6.191599999999999682e+01
6.210000000000000142e+01
6.228399999999999892e+01
6.246800000000000352e+01
6.265200000000000102e+01
6.283599999999999852e+01
6.301999999999999602e+01
6.320400000000000063e+01
6.338799999999999812e+01
6.357200000000000273e+01
6.375600000000000023e+01
