4.743844470092370000e+14
3.995557646054310000e+14
3.328563248766460000e+14
2.887746520561920000e+14
2.450950397784790000e+14
2.087989992704330000e+14
1.832332953159860000e+14
1.602358184520210000e+14
1.418882898352620000e+14
1.186278592315830000e+14
1.073450775953870000e+14
9.128192520366000000e+13
8.216240180874200000e+13
7.246576817103100000e+13
6.426059091943800000e+13
5.670726966551700000e+13
5.245198138233900000e+13
4.742901720132600000e+13
4.209501448914400000e+13
3.917862767254000000e+13
3.497813083587700000e+13
3.177065128089900000e+13
2.848899803933600000e+13
2.710773049357300000e+13
2.482935469741900000e+13
2.275423980424800000e+13
2.102847187795700000e+13
1.840076004599500000e+13
1.617956157746600000e+13
1.604426499486100000e+13
1.540001689988800000e+13
1.455714674764900000e+13
1.262215463673400000e+13
1.253625613561800000e+13
1.198473014118900000e+13
1.084409326066900000e+13
1.059298377575900000e+13
9.690005695878000000e+12
9.208166215321000000e+12
8.619691338977000000e+12
7.936101332187000000e+12
7.953534566056000000e+12
6.921568732567000000e+12
7.541372066159000000e+12
6.954444482432000000e+12
6.823359787390000000e+12
5.978069944532000000e+12
5.934859145238000000e+12
5.452085345156000000e+12
5.620914478940000000e+12
5.504799467512000000e+12
5.137516949165000000e+12
5.097018767222000000e+12
4.864168395653000000e+12
4.569493782739000000e+12
4.221097412733000000e+12
4.400274552463000000e+12
4.520848317694000000e+12
4.557454807903000000e+12
4.299051771654000000e+12
3.670632699587000000e+12
3.365633988055000000e+12
3.740976664939000000e+12
4.178987406831000000e+12
3.995394732512000000e+12
3.588834766752000000e+12
3.380644724326000000e+12
3.299997617408000000e+12
3.005301860706000000e+12
3.180310858111000000e+12
3.113184785101000000e+12
2.561555073461000000e+12
2.663698486849000000e+12
3.151257254439000000e+12
2.777938843494000000e+12
2.579309481329000000e+12
2.712614402311000000e+12
2.523010784250000000e+12
2.412519870578000000e+12
2.524007106975000000e+12
2.267032103583000000e+12
2.366673336910000000e+12
2.275951983705000000e+12
1.995232071222000000e+12
1.976473903973000000e+12
2.221306950059000000e+12
2.308910644408000000e+12
2.063699925751000000e+12
2.034492389347000000e+12
1.947727517707000000e+12
2.101849401213000000e+12
1.724297786082000000e+12
1.646278483583000000e+12
1.716217254349000000e+12
1.430799576873000000e+12
1.522307858184000000e+12
1.529432226815000000e+12
1.769360734883000000e+12
1.499832334142000000e+12
1.590044849820000000e+12
1.585215297310000000e+12
1.417317486701000000e+12
1.465680301885000000e+12
1.338742046549000000e+12
1.377917955614000000e+12
1.617395740158000000e+12
1.157102426168000000e+12
1.151717198090000000e+12
1.631041872918000000e+12
1.108282035312000000e+12
1.184231830024000000e+12
1.371816222644000000e+12
1.405807111543000000e+12
1.193650914880000000e+12
1.044919008707000000e+12
9.776230159830000000e+11
1.050871577006000000e+12
1.083633839967000000e+12
9.697665140810000000e+11
8.553028094550000000e+11
1.276331576671000000e+12
1.031270775397000000e+12
9.731406035420000000e+11
1.217958979025000000e+12
8.427235591990000000e+11
1.291138601615000000e+12
9.384666375910000000e+11
1.322656314619000000e+12
9.802306902690000000e+11
7.601274351400000000e+11
8.837007381350000000e+11
1.062873109933000000e+12
8.079510565660000000e+11
8.427524535620000000e+11
8.081951694900000000e+11
6.476978517670000000e+11
8.839004932130000000e+11
4.051830669410000000e+11
7.737474937760000000e+11
8.246904444330000000e+11
7.512818958530000000e+11
6.690044007800000000e+11
8.690885324440000000e+11
6.863221898590000000e+11
7.823152841600000000e+11
7.796238987010000000e+11
6.020804301080000000e+11
5.252049654040000000e+11
5.801522179780000000e+11
5.328847566310000000e+11
7.060320596650000000e+11
4.311836117160000000e+11
3.834715657950000000e+11
3.806229308460000000e+11
5.318121039750000000e+11
5.415708126370000000e+11
7.034858330830000000e+11
5.071096609130000000e+11
3.066192721230000000e+11
3.922589188820000000e+11
5.827463333250000000e+11
6.409451101150000000e+11
6.546091647580000000e+11
5.027875556970000000e+11
6.642178024400000000e+11
5.004019220260000000e+11
3.927745409810000000e+11
3.472129045980000000e+11
5.971727431650000000e+11
3.425804026060000000e+11
5.058939593040000000e+11
2.318282968190000000e+11
4.274168716530000000e+11
4.257259324060000000e+11
3.438254989380000000e+11
3.518618436030000000e+11
4.498962738560000000e+11
3.453138805800000000e+11
4.735720064340000000e+11
6.301688945340000000e+11
1.814639098510000000e+11
4.241802278510000000e+11
3.802713854540000000e+11
3.845796831140000000e+11
4.514948021680000000e+11
3.664599977160000000e+11
3.655853008880000000e+11
3.002016465230000000e+11
3.239474805460000000e+11
2.842316163720000000e+11
4.272665928610000000e+11
3.167347365190000000e+11
2.228178010280000000e+11
4.376019422260000000e+11
2.401784324150000000e+11
2.434913082150000000e+11
4.127680987880000000e+11
2.209575463550000000e+11
1.984531380040000000e+11
3.892880932370000000e+11
4.136495839720000000e+11
3.320600571720000000e+11
2.221361055420000000e+11
4.860237259410000000e+11
4.067609718080000000e+11
4.488641648200000000e+11
3.636621505150000000e+11
2.800647711760000000e+11
2.798206539310000000e+11
3.007372439850000000e+11
2.469413330790000000e+11
1.992672863470000000e+11
2.543186417170000000e+11
3.015868709220000000e+11
2.922536024090000000e+11
2.374023961850000000e+11
2.905016407100000000e+11
3.718757159410000000e+11
3.518128661120000000e+11
3.552786571120000000e+11
3.025447350600000000e+11
1.828373175070000000e+11
1.800029373940000000e+11
3.563669107320000000e+11
1.981167123140000000e+11
3.304104862790000000e+11
2.164601844820000000e+11
2.591579407000000000e+11
2.287373837100000000e+11
2.005354947260000000e+11
1.813858717100000000e+11
2.053608855540000000e+11
3.132508155160000000e+11
2.836423550610000000e+11
2.757742018400000000e+11
1.767144421140000000e+11
2.114004597200000000e+11
2.394985445360000000e+11
2.450360801240000000e+11
2.713742653580000000e+11
3.325513586800000000e+11
1.266232046400000000e+11
6.551525318200000000e+10
1.189918177910000000e+11
1.424922216430000000e+11
3.529866956070000000e+11
2.973510942910000000e+11
1.584706421670000000e+11
2.046224322520000000e+11
1.480396464080000000e+11
1.168160930430000000e+11
1.758955292630000000e+11
1.641613958500000000e+11
1.336360127580000000e+11
1.538426729020000000e+11
2.831606324300000000e+11
4.120073150020000000e+11
2.373313324670000000e+11
2.836477731520000000e+11
1.725160236920000000e+11
1.100223037270000000e+11
2.477693005900000000e+10
1.438446399030000000e+11
1.333677575320000000e+11
2.618654373730000000e+11
2.114240635530000000e+11
9.744996330000000000e+10
1.395416485270000000e+11
1.884527223960000000e+11
7.812357313400000000e+10
1.908292854960000000e+11
1.729717061060000000e+11
1.466677103970000000e+11
3.204781075080000000e+11
8.969065010900000000e+10
1.518765012110000000e+11
1.941361941880000000e+11
1.374877883040000000e+11
8.194036063100000000e+10
1.946809674750000000e+11
2.923050947990000000e+11
1.506508412570000000e+11
3.129148828690000000e+11
1.078932564050000000e+11
8.250940504200000000e+10
2.552738412560000000e+11
1.500995028840000000e+11
1.744229196780000000e+11
2.721278460940000000e+11
1.790408114420000000e+11
2.115280992880000000e+11
1.284731011560000000e+11
9.521078441100000000e+10
1.789651318200000000e+11
2.612487773740000000e+11
1.194602648390000000e+11
2.281195611920000000e+11
1.480458318740000000e+11
2.458238598800000000e+11
4.670471945000000000e+09
1.796811171230000000e+11
8.271485098500000000e+10
1.546226133450000000e+11
1.147316973000000000e+10
1.459647332980000000e+11
1.497630979300000000e+11
2.585180104840000000e+11
8.404954115200000000e+10
9.346185305600000000e+10
9.499745038600000000e+10
2.058927923350000000e+11
2.994258184300000000e+10
1.893425249000000000e+09
6.339694291500000000e+10
6.036723767600000000e+10
3.816326314900000000e+10
6.547735599500000000e+10
8.992137265400000000e+10
2.343951048000000000e+09
6.606977921100000000e+10
6.152356141800000000e+10
6.701582977500000000e+10
3.302140500040000000e+11
1.284025165490000000e+11
6.683475907400000000e+10
5.350823685000000000e+09
1.072137646400000000e+11
6.037100172800000000e+10
6.039531431000000000e+09
6.232969659200000000e+10
2.784847442830000000e+11
1.222885978370000000e+11
