4.432999999999999829e+00
4.718999999999999417e+00
5.004999999999999893e+00
5.291000000000000369e+00
5.576999999999999957e+00
5.862999999999999545e+00
6.149000000000000021e+00
6.435000000000000497e+00
6.721000000000000085e+00
7.006999999999999673e+00
7.293000000000000149e+00
7.579000000000000625e+00
7.865000000000000213e+00
8.150999999999999801e+00
8.437000000000001165e+00
8.722999999999998977e+00
9.009000000000000341e+00
9.294999999999999929e+00
9.580999999999999517e+00
9.867000000000000881e+00
1.015299999999999869e+01
1.043900000000000006e+01
1.072500000000000142e+01
1.101099999999999923e+01
1.129700000000000060e+01
1.158300000000000018e+01
1.186899999999999977e+01
1.215500000000000114e+01
1.244099999999999895e+01
1.272700000000000031e+01
1.301299999999999990e+01
1.329899999999999949e+01
1.358500000000000085e+01
1.387099999999999866e+01
1.415700000000000003e+01
1.444300000000000139e+01
1.472899999999999920e+01
1.501500000000000057e+01
1.530100000000000016e+01
1.558699999999999974e+01
1.587299999999999933e+01
1.615899999999999892e+01
1.644500000000000028e+01
1.673100000000000165e+01
1.701699999999999946e+01
1.730300000000000082e+01
1.758899999999999864e+01
1.787500000000000000e+01
1.816100000000000136e+01
1.844699999999999918e+01
1.873300000000000054e+01
1.901899999999999835e+01
1.930499999999999972e+01
1.959100000000000108e+01
1.987700000000000244e+01
2.016300000000000026e+01
2.044899999999999807e+01
2.073499999999999943e+01
2.102100000000000080e+01
2.130700000000000216e+01
2.159299999999999997e+01
2.187899999999999778e+01
2.216499999999999915e+01
2.245100000000000051e+01
2.273700000000000188e+01
2.302299999999999969e+01
2.330900000000000105e+01
2.359499999999999886e+01
2.388100000000000023e+01
2.416700000000000159e+01
2.445299999999999940e+01
2.473900000000000077e+01
2.502499999999999858e+01
2.531099999999999994e+01
2.559700000000000131e+01
2.588299999999999912e+01
2.616900000000000048e+01
2.645499999999999829e+01
2.674099999999999966e+01
2.702700000000000102e+01
2.731300000000000239e+01
2.759900000000000020e+01
2.788499999999999801e+01
2.817099999999999937e+01
2.845700000000000074e+01
2.874300000000000210e+01
2.902899999999999991e+01
2.931499999999999773e+01
2.960099999999999909e+01
2.988700000000000045e+01
3.017300000000000182e+01
3.045899999999999963e+01
3.074500000000000099e+01
3.103099999999999881e+01
3.131700000000000017e+01
3.160300000000000153e+01
3.188899999999999579e+01
3.217499999999999716e+01
3.246099999999999852e+01
3.274699999999999989e+01
3.303300000000000125e+01
3.331900000000000261e+01
3.360500000000000398e+01
3.389099999999999824e+01
3.417699999999999960e+01
3.446300000000000097e+01
3.474900000000000233e+01
3.503499999999999659e+01
3.532099999999999795e+01
3.560699999999999932e+01
3.589300000000000068e+01
3.617900000000000205e+01
3.646500000000000341e+01
3.675099999999999767e+01
3.703699999999999903e+01
3.732300000000000040e+01
3.760900000000000176e+01
3.789499999999999602e+01
3.818099999999999739e+01
3.846699999999999875e+01
3.875300000000000011e+01
3.903900000000000148e+01
3.932500000000000284e+01
3.961100000000000421e+01
3.989699999999999847e+01
4.018299999999999983e+01
4.046900000000000119e+01
4.075500000000000256e+01
4.104099999999999682e+01
4.132699999999999818e+01
4.161299999999999955e+01
4.189900000000000091e+01
4.218500000000000227e+01
4.247100000000000364e+01
4.275699999999999790e+01
4.304299999999999926e+01
4.332900000000000063e+01
4.361500000000000199e+01
4.390099999999999625e+01
4.418699999999999761e+01
4.447299999999999898e+01
4.475900000000000034e+01
4.504500000000000171e+01
4.533100000000000307e+01
4.561699999999999733e+01
4.590299999999999869e+01
4.618900000000000006e+01
4.647500000000000142e+01
4.676100000000000279e+01
4.704699999999999704e+01
4.733299999999999841e+01
4.761899999999999977e+01
4.790500000000000114e+01
4.819100000000000250e+01
4.847700000000000387e+01
4.876299999999999812e+01
4.904899999999999949e+01
4.933500000000000085e+01
4.962100000000000222e+01
4.990699999999999648e+01
5.019299999999999784e+01
5.047899999999999920e+01
5.076500000000000057e+01
5.105100000000000193e+01
5.133700000000000330e+01
5.162299999999999756e+01
5.190899999999999892e+01
5.219500000000000028e+01
5.248100000000000165e+01
5.276699999999999591e+01
5.305299999999999727e+01
5.333899999999999864e+01
5.362500000000000000e+01
5.391100000000000136e+01
5.419700000000000273e+01
5.448300000000000409e+01
5.476899999999999835e+01
5.505499999999999972e+01
5.534100000000000108e+01
5.562700000000000244e+01
5.591299999999999670e+01
5.619899999999999807e+01
5.648499999999999943e+01
5.677100000000000080e+01
5.705700000000000216e+01
5.734300000000000352e+01
5.762899999999999778e+01
5.791499999999999915e+01
5.820100000000000051e+01
5.848700000000000188e+01
5.877299999999999613e+01
5.905899999999999750e+01
5.934499999999999886e+01
5.963100000000000023e+01
5.991700000000000159e+01
6.020300000000000296e+01
6.048899999999999721e+01
6.077499999999999858e+01
6.106099999999999994e+01
6.134700000000000131e+01
6.163300000000000267e+01
6.191899999999999693e+01
6.220499999999999829e+01
6.249099999999999966e+01
6.277700000000000102e+01
6.306300000000000239e+01
6.334900000000000375e+01
6.363499999999999801e+01
6.392099999999999227e+01
6.420699999999999363e+01
6.449299999999999500e+01
6.477899999999999636e+01
6.506499999999999773e+01
6.535099999999999909e+01
6.563700000000000045e+01
6.592300000000000182e+01
6.620900000000000318e+01
6.649500000000000455e+01
6.678100000000000591e+01
6.706700000000000728e+01
6.735299999999999443e+01
6.763899999999999579e+01
6.792499999999999716e+01
6.821099999999999852e+01
6.849699999999999989e+01
6.878300000000000125e+01
6.906900000000000261e+01
6.935500000000000398e+01
6.964100000000000534e+01
6.992699999999999250e+01
7.021299999999999386e+01
7.049899999999999523e+01
7.078499999999999659e+01
7.107099999999999795e+01
7.135699999999999932e+01
7.164300000000000068e+01
7.192900000000000205e+01
7.221500000000000341e+01
7.250100000000000477e+01
7.278700000000000614e+01
7.307300000000000750e+01
7.335899999999999466e+01
7.364499999999999602e+01
7.393099999999999739e+01
7.421699999999999875e+01
7.450300000000000011e+01
7.478900000000000148e+01
7.507500000000000284e+01
7.536100000000000421e+01
7.564700000000000557e+01
7.593299999999999272e+01
7.621899999999999409e+01
7.650499999999999545e+01
7.679099999999999682e+01
7.707699999999999818e+01
7.736299999999999955e+01
7.764900000000000091e+01
7.793500000000000227e+01
7.822100000000000364e+01
7.850700000000000500e+01
7.879300000000000637e+01
7.907900000000000773e+01
7.936499999999999488e+01
7.965099999999999625e+01
7.993699999999999761e+01
8.022299999999999898e+01
8.050900000000000034e+01
8.079500000000000171e+01
8.108100000000000307e+01
8.136700000000000443e+01
8.165300000000000580e+01
8.193899999999999295e+01
8.222499999999999432e+01
8.251099999999999568e+01
8.279699999999999704e+01
8.308299999999999841e+01
8.336899999999999977e+01
8.365500000000000114e+01
8.394100000000000250e+01
8.422700000000000387e+01
8.451300000000000523e+01
8.479900000000000659e+01
8.508499999999999375e+01
8.537099999999999511e+01
8.565699999999999648e+01
8.594299999999999784e+01
8.622899999999999920e+01
8.651500000000000057e+01
8.680100000000000193e+01
8.708700000000000330e+01
8.737300000000000466e+01
8.765900000000000603e+01
8.794499999999999318e+01
8.823099999999999454e+01
8.851699999999999591e+01
8.880299999999999727e+01
