14.635500
15.522500
16.409500
17.296500
18.183500
19.070500
19.957500
20.844500
21.731500
22.618500
23.505500
24.392500
25.279500
26.166500
27.053500
27.940500
28.827500
29.714500
30.601500
31.488500
32.375500
33.262500
34.149500
35.036500
35.923500
36.810500
37.697500
38.584500
39.471500
40.358500
41.245500
42.132500
43.019500
43.906500
44.793500
45.680500
46.567500
47.454500
48.341500
49.228500
50.115500
51.002500
51.889500
52.776500
53.663500
54.550500
55.437500
56.324500
57.211500
58.098500
58.985500
59.872500
60.759500
61.646500
62.533500
63.420500
64.307500
65.194500
66.081500
66.968500
67.855500
68.742500
69.629500
70.516500
71.403500
72.290500
73.177500
74.064500
74.951500
75.838500
76.725500
77.612500
78.499500
79.386500
80.273500
81.160500
82.047500
82.934500
83.821500
84.708500
85.595500
86.482500
87.369500
88.256500
89.143500
90.030500
90.917500
91.804500
92.691500
93.578500
94.465500
95.352500
96.239500
97.126500
98.013500
98.900500
99.787500
100.674500
101.561500
102.448500
103.335500
104.222500
105.109500
105.996500
106.883500
107.770500
108.657500
109.544500
110.431500
111.318500
112.205500
113.092500
113.979500
114.866500
115.753500
116.640500
117.527500
118.414500
119.301500
120.188500
121.075500
121.962500
122.849500
123.736500
124.623500
125.510500
126.397500
127.284500
128.171500
129.058500
129.945500
130.832500
131.719500
132.606500
133.493500
134.380500
135.267500
136.154500
137.041500
137.928500
138.815500
139.702500
140.589500
141.476500
142.363500
143.250500
144.137500
145.024500
145.911500
146.798500
147.685500
148.572500
149.459500
150.346500
151.233500
152.120500
153.007500
153.894500
154.781500
155.668500
156.555500
157.442500
158.329500
159.216500
160.103500
160.990500
161.877500
162.764500
163.651500
164.538500
165.425500
166.312500
167.199500
168.086500
168.973500
169.860500
170.747500
171.634500
172.521500
173.408500
174.295500
175.182500
176.069500
176.956500
177.843500
178.730500
179.617500
180.504500
181.391500
182.278500
183.165500
184.052500
184.939500
185.826500
186.713500
187.600500
188.487500
189.374500
190.261500
191.148500
192.035500
192.922500
193.809500
194.696500
195.583500
196.470500
197.357500
198.244500
199.131500
200.018500
200.905500
201.792500
202.679500
203.566500
204.453500
205.340500
206.227500
207.114500
208.001500
208.888500
209.775500
210.662500
211.549500
212.436500
213.323500
214.210500
215.097500
215.984500
216.871500
217.758500
218.645500
219.532500
220.419500
221.306500
222.193500
223.080500
223.967500
224.854500
225.741500
226.628500
227.515500
228.402500
229.289500
230.176500
231.063500
231.950500
232.837500
233.724500
234.611500
235.498500
236.385500
237.272500
238.159500
239.046500
239.933500
240.820500
241.707500
242.594500
243.481500
244.368500
245.255500
246.142500
247.029500
247.916500
248.803500
249.690500
250.577500
251.464500
252.351500
253.238500
254.125500
255.012500
255.899500
256.786500
257.673500
258.560500
259.447500
260.334500
261.221500
262.108500
262.995500
263.882500
264.769500
265.656500
266.543500
267.430500
268.317500
269.204500
270.091500
270.978500
271.865500
272.752500
273.639500
274.526500
275.413500
276.300500
277.187500
278.074500
278.961500
279.848500
280.735500
281.622500
282.509500
283.396500
284.283500
285.170500
286.057500
286.944500
287.831500
288.718500
289.605500
290.492500
291.379500
292.266500
293.153500
294.040500
294.927500
295.814500
296.701500
297.588500
298.475500
299.362500
300.249500
301.136500
302.023500
302.910500
303.797500
304.684500
305.571500
306.458500
307.345500
308.232500
309.119500
310.006500
310.893500
311.780500
312.667500
313.554500
314.441500
315.328500
316.215500
317.102500
317.989500
318.876500
319.763500
320.650500
321.537500
322.424500
323.311500
324.198500
325.085500
325.972500
326.859500
327.746500
328.633500
329.520500
330.407500
331.294500
332.181500
333.068500
333.955500
334.842500
335.729500
336.616500
337.503500
338.390500
339.277500
340.164500
341.051500
341.938500
342.825500
343.712500
344.599500
345.486500
346.373500
347.260500
348.147500
349.034500
349.921500
350.808500
351.695500
352.582500
353.469500
354.356500
355.243500
356.130500
357.017500
357.904500
358.791500
359.678500
360.565500
361.452500
362.339500
363.226500
364.113500
365.000500
365.887500
366.774500
367.661500
368.548500
369.435500
370.322500
371.209500
372.096500
372.983500
373.870500
374.757500
375.644500
376.531500
377.418500
378.305500
379.192500
380.079500
380.966500
381.853500
382.740500
383.627500
384.514500
385.401500
386.288500
387.175500
388.062500
388.949500
389.836500
390.723500
391.610500
392.497500
393.384500
394.271500
395.158500
396.045500
396.932500
397.819500
398.706500
399.593500
400.480500
401.367500
402.254500
403.141500
404.028500
404.915500
405.802500
406.689500
407.576500
408.463500
409.350500
410.237500
411.124500
412.011500
412.898500
413.785500
414.672500
415.559500
416.446500
417.333500
418.220500
419.107500
419.994500
420.881500
421.768500
422.655500
423.542500
424.429500
425.316500
426.203500
427.090500
427.977500
428.864500
429.751500
430.638500
431.525500
432.412500
433.299500
434.186500
435.073500
435.960500
436.847500
437.734500
438.621500
439.508500
440.395500
441.282500
442.169500
443.056500
443.943500
444.830500
445.717500
446.604500
447.491500
448.378500
449.265500
450.152500
451.039500
451.926500
452.813500
453.700500
454.587500
455.474500
456.361500
457.248500
458.135500
459.022500
459.909500
460.796500
461.683500
462.570500
463.457500
464.344500
465.231500
466.118500
467.005500
467.892500
468.779500
469.666500
470.553500
471.440500
472.327500
473.214500
474.101500
474.988500
475.875500
476.762500
477.649500
478.536500
479.423500
480.310500
481.197500
482.084500
482.971500
483.858500
484.745500
485.632500
486.519500
487.406500
488.293500
489.180500
490.067500
490.954500
491.841500
492.728500
493.615500
495.389500
496.276500
497.163500
498.050500
498.937500
499.824500
500.711500
501.598500
502.485500
503.372500
