0
0
0
0
0
0
0
0
0
1767727945905798
1559653189857778
1161254460872759
872173793432772
922818862473670
914063454312720
731657098017866
622099527228260
516793804617163
422939110292528
367539415666926
304900567324573
283779287165411
234188445696076
206967108783403
187009569134585
167521521344599
152528134040847
138085452885935
135334217996824
119431696253736
106717600107499
99875648988968
96108964400713
85328905041549
86796949172849
87455375259626
74923408851620
72971882994543
74386528484150
66097933421605
63313513708738
61771100185047
60594622341581
60253364724517
54319956671587
54540400347765
51067678866989
50953162737515
48571761069119
46460461964401
42654574578621
44672369950560
42370975374215
41192815301567
36351465940143
35861136997685
34838823889938
37158230729820
34965602538266
29379167945097
30540480422720
35740702644205
28892243394019
31533435998674
29754427001356
27426194473945
27392335581329
29087726623660
27304885538200
24222780359855
24126977494176
25482945638783
22400733758467
22117882027950
23102249564340
20961444170324
21679678982046
18628211773534
18145381866358
17930525345728
19526327021583
23448664554786
20829355652268
17380967888573
15699822147481
18072253252697
17804181225383
16641550291955
16252627293518
15735819302206
17774628519362
12656936357430
13335171688639
12826402499244
14181604038562
14306721508594
12683734168076
13580352187090
12215157257350
13606030446488
12727379248974
11134722006866
15329356744830
11602671747643
10406225572817
9562404341923
9624651705308
10998793591474
11223025436729
14037098784231
9789130186893
7926799567437
9064305085507
10738444482133
9012007684467
9629806560498
10234297562411
7687731970754
6873822278785
8283656496915
7677127594495
8399873654308
8185739137979
8192665363832
8541971611092
5860029890828
7708602981552
5680753162336
6155873573595
6163852542535
5369725685830
6851310265645
6696645354355
7447003445710
7263616220968
5438150480373
5498570026448
5611738464073
5597616390328
6029283725981
4575503656542
5706846015839
5656384842371
7819380891333
4736786420999
4888285107070
3701533258234
5093769408975
4510083005227
3584938576995
5973992036975
3099211097894
3923935943717
4960077659726
3918761537472
3059911954839
5450146485217
4402778380837
4656891602660
4690396456925
3282998908893
3065953384959
5088276091056
4766447382373
4941802007975
2826618850969
3518199763671
2148655837399
3500603914706
3235257824922
2916504069866
3431876699235
3654353526359
3323195255040
3035024139805
2525558046860
2749223181397
3413433211214
1963881746407
2958567255397
3463397726228
3365209822048
2187947575160
3055211861347
3412026264594
2853476152649
3062054951956
2577925320878
2312958899551
2680561626324
4021224681109
2722918182725
2881848087703
2280685190317
3447227628546
2388303160384
1519920288435
2389681009946
1663903876092
1202402630565
3030095720612
2492477917011
2329389291125
1931940861373
1903052034429
1648552729049
2030831332376
1657937461877
2048298234294
1626509742659
2969515347551
1866613309601
1242604801381
1394487783832
2243197750090
1170437018112
1097429093135
1729706595966
1931555263802
1804322708363
1572924265676
1387699476952
1606452625303
2029649586387
2205929835674
2021158682066
2326065811534
2037990225646
1065813326719
1857702450226
697593861928
1848735307505
1103611849662
1214453232192
848671662041
1279244067797
851000372181
1055490533598
1199804759157
827963535994
1966568535290
1541269852684
1279553333436
1160657553996
1318259131917
943322612636
1806016976914
1125336356629
1270282670237
626277736459
1536163738134
1117486373449
873644669215
670056315070
1901551899644
1153102143137
778907279389
1345442279356
821970084949
1453560005886
1104555924664
1020542502728
222714594578
1423794169785
717402024357
1155713688213
705096724065
1118743976668
438919599146
844616389260
919559034370
879243553402
958963249268
1085618662290
977004622036
775135467518
673720631997
1111932306382
397664909111
1462207194788
977171089980
946815312030
936751497788
879001744252
618516642299
380857120585
1592627655798
830922475057
628344761290
1187908523896
537684047643
1081041383611
1096059336950
515733050004
854871734006
669637155174
960381316404
1078740067130
601729537174
762818462191
65251962733
1288993457796
15527794701
673760462901
93930916728
859337538258
551334553784
318905152440
505178205615
17658533032
366619120260
347945125793
306895821714
613645266632
624092351568
302850396602
312366959486
991034759343
952330477229
335704035436
713815455230
610785908419
1191612164047
662634718912
324884213187
306481525779
325794096363
686721721872
317609154951
784512872339
382406384756
693618385977
611628177657
43774499354
631048318437
764118293628
218550805419
468951719593
781548369836
371120897343
538906735304
163763841562
522137654889
776648553186
227333879548
284078276434
174983127558
320778927216
164962532250
609098439816
795410801506
457576716927
150042162973
313875236316
563907556590
208945734667
453178829561
5766107231
458775478495
618870305254
150042162973
106766930627
347010959063
323788294026
307221094302
5140875356
304010279166
485637180615
171164611174
188030561973
450126488919
189753320986
459905744386
618299032019
753397216509
0
6088761249
0
378660128543
464335145190
170283738016
152866801494
328645173264
7074314754
4377838219
8900091472
75853147397
153127049402
150042162973
161054389835
45802728510
366693432408
15671715564
607839725228
450126488919
328159348752
152938927088
0
456052663197
300084325946
155766073393
158837103499
304368187315
19658356335
343378827393
204177841129
3293611162
160312260727
166473261597
320768520329
166157112828
181852622021
300084325946
450126488919
169052441023
9800871258
154294810117
162013789221
150042162973
0
77392796387
125331437888
155226428389
467058788739
453179097032
2761468899
0
150042162973
235305409834
450126488919
300084325946
153217515980
20407965347
311945054873
0
8214874039
0
150042162973
450126488919
150042162973
312606733519
23438636636
8574100192
152912100844
150042162973
164653096951
150042162973
5781332449
171546932550
150042162973
8971397208
206866631962
150042162973
567683895313
3306066755
3835479141
12674517203
0
150042162973
150042162973
11839023321
152875190465
3231663889
450126488919
0
0
150042162973
0
0
0
157776299150
300084325946
192433630732
5146471977
2811993765
150042162973
3179124118
0
157573000355
300084325946
150042162973
0
152844638088
150042162973
300084325946
150042162973
0
311080716269
2849654325
0
153815520314
34138650475
3810913442
8074017080
0
0
150042162973
0
150042162973
0
0
0
0
150042162973
0
0
0
150042162973
0
0
157142818346
6750982257
0
300084325946
0
9882816762
150042162973
10844164164
0
15076103684
0
150042162973
0
16039486558
218663124869
0
150042162973
150042162973
0
450126488919
150042162973
39279079340
0
7214010914
150042162973
0
0
150042162973
288541416492
0
0
0
0
150042162973
30794805971
0
0
0
0
22338132165
64193313019
0
0
150042162973
0
150042162973
150042162973
0
150042162973
0
0
7258125341
150042162973
0
0
0
0
7447865281
0
0
13662574405
0
150042162973
150042162973
184458655296
153581303697
0
3554127244
0
150042162973
0
3570453741
0
31640136454
0
0
0
0
150042162973
0
0
0
0
0
150042162973
0
0
3245899369
150042162973
0
0
0
0
0
150042162973
0
0
0
0
0
0
0
6219703996
0
150042162973
0
0
150042162973
0
150042162973
155120604452
0
0
150042162973
0
0
0
0
0
0
0
0
24109526687
150042162973
150042162973
300084325946
0
0
0
0
0
303942981635
0
0
150042162973
0
0
0
0
0
150042162973
0
0
0
0
0
0
0
0
0
0
0
13369231453
3553822652
0
0
0
0
0
0
10711739174
150042162973
0
0
150042162973
0
0
150042162973
0
0
0
0
0
0
0
0
0
0
0
0
0
0
0
0
0
0
0
0
7398935497
150042162973
19891910142
0
0
0
0
0
0
0
0
0
0
0
0
2997397836
2809762119
6496107551
0
4424572937
0
0
0
0
0
0
0
2939138187
0
0
0
0
0
0
0
0
0
0
0
0
0
0
0
0
0
0
0
0
3038397635
0
0
0
0
0
0
0
0
0
0
0
150042162973
0
0
0
0
0
3590277549
0
0
0
0
0
0
0
0
0
0
0
0
0
0
0
0
0
0
0
0
0
0
0
0
0
0
0
0
0
0
0
0
0
0
0
0
0
0
150042162973
0
0
0
0
0
0
0
0
0
0
0
0
0
0
0
0
0
0
0
0
0
0
0
0
0
150042162973
0
0
0
0
2753804120
0
0
0
0
0
0
0
0
0
0
0
0
0
0
0
150042162973
0
0
0
0
0
0
0
0
0
0
0
0
0
0
0
0
0
0
0
0
0
0
0
0
0
0
150042162973
0
0
0
0
0
0
0
0
0
0
0
0
0
0
0
0
150042162973
0
0
0
0
0
0
0
0
0
0
0
0
0
0
0
0
0
0
0
0
0
0
0
0
0
0
0
0
0
0
0
0
0
0
0
0
0
0
0
0
0
0
0
0
0
0
0
0
0
0
0
0
0
0
0
0
0
0
0
0
0
0
61498664377
0
0
0
0
0
0
0
0
0
6108282551
0
0
0
0
0
0
0
0
0
0
0
0
0
0
0
0
0
0
0
0
0
0
0
150042162973
0
0
0
0
0
0
0
0
