3.854000
4.042000
4.230000
4.418000
4.606000
4.794000
4.982000
5.170000
5.358000
5.546000
5.734000
5.922000
6.110000
6.298000
6.486000
6.674000
6.862000
7.050000
7.238000
7.426000
7.614000
7.802000
7.990000
8.178000
8.366000
8.554000
8.742000
8.930000
9.118000
9.306000
9.494000
9.682000
9.870000
10.058000
10.246000
10.434000
10.622000
10.810000
10.998000
11.186000
11.374000
11.562000
11.750000
11.938000
12.126000
12.314000
12.502000
12.690000
12.878000
13.066000
13.254000
13.442000
13.630000
13.818000
14.006000
14.194000
14.382000
14.570000
14.758000
14.946000
15.134000
15.322000
15.510000
15.698000
15.886000
16.074000
16.262000
16.450000
16.638000
16.826000
17.014000
17.202000
17.390000
17.578000
17.766000
17.954000
18.142000
18.330000
18.518000
18.706000
18.894000
19.082000
19.270000
19.458000
19.646000
19.834000
20.022000
20.210000
20.398000
20.586000
20.774000
20.962000
21.150000
21.338000
21.526000
21.714000
21.902000
22.090000
22.278000
22.466000
22.654000
22.842000
23.030000
23.218000
23.406000
23.594000
23.782000
23.970000
24.158000
24.346000
24.534000
24.722000
24.910000
25.098000
25.286000
25.474000
25.662000
25.850000
26.038000
26.226000
26.414000
26.602000
26.790000
26.978000
27.166000
27.354000
27.542000
27.730000
27.918000
28.106000
28.294000
28.482000
28.670000
28.858000
29.046000
29.234000
29.422000
29.610000
29.798000
29.986000
30.174000
30.362000
30.550000
30.738000
30.926000
31.114000
31.302000
31.490000
31.678000
31.866000
32.054000
32.242000
32.430000
32.618000
32.806000
32.994000
33.182000
33.370000
33.558000
33.746000
33.934000
34.122000
34.310000
34.498000
34.686000
34.874000
35.062000
35.250000
35.438000
35.626000
35.814000
36.002000
36.190000
36.378000
36.566000
36.754000
36.942000
37.130000
37.318000
37.506000
37.694000
37.882000
38.070000
38.258000
38.446000
38.634000
38.822000
39.010000
39.198000
39.386000
39.574000
39.762000
39.950000
40.138000
40.326000
40.514000
40.702000
40.890000
41.078000
41.266000
41.454000
41.642000
41.830000
42.018000
42.206000
42.394000
42.582000
42.770000
42.958000
43.146000
43.334000
43.522000
43.710000
43.898000
44.086000
44.274000
44.462000
44.650000
44.838000
45.026000
45.214000
45.402000
45.590000
45.778000
45.966000
46.154000
46.342000
46.530000
46.718000
46.906000
47.094000
47.282000
47.470000
47.658000
47.846000
48.034000
48.222000
48.410000
48.598000
48.786000
48.974000
49.162000
49.350000
49.538000
49.726000
49.914000
50.102000
50.290000
50.478000
50.666000
50.854000
51.042000
51.230000
51.418000
51.606000
51.794000
51.982000
52.170000
52.358000
52.546000
52.734000
52.922000
53.110000
53.298000
53.486000
53.674000
53.862000
54.050000
54.238000
54.426000
54.614000
54.802000
54.990000
55.178000
55.366000
55.554000
55.742000
55.930000
56.118000
56.306000
56.494000
56.682000
56.870000
57.058000
57.246000
57.434000
57.622000
57.810000
57.998000
58.186000
58.374000
58.562000
58.750000
58.938000
59.126000
59.314000
59.502000
59.690000
59.878000
60.066000
60.254000
60.442000
60.630000
60.818000
61.006000
61.194000
61.382000
61.570000
61.758000
61.946000
62.134000
62.322000
62.510000
62.698000
62.886000
63.074000
63.262000
63.450000
63.638000
63.826000
64.014000
64.202000
64.390000
64.578000
64.766000
64.954000
65.142000
65.330000
65.518000
65.706000
65.894000
66.082000
66.270000
66.458000
66.646000
66.834000
67.022000
67.210000
67.398000
67.586000
67.774000
67.962000
68.150000
68.338000
68.526000
68.714000
68.902000
69.090000
69.278000
69.466000
69.654000
69.842000
70.030000
70.218000
70.406000
70.594000
70.782000
70.970000
71.158000
71.346000
71.534000
71.722000
71.910000
72.098000
72.286000
72.474000
72.662000
72.850000
73.038000
73.226000
73.414000
73.602000
73.790000
73.978000
74.166000
74.354000
74.542000
74.730000
74.918000
75.106000
75.294000
75.482000
75.670000
75.858000
76.046000
76.234000
76.422000
76.610000
76.798000
76.986000
77.174000
77.362000
77.550000
77.738000
77.926000
78.114000
78.302000
78.490000
78.678000
78.866000
79.054000
79.242000
79.430000
79.618000
79.806000
79.994000
80.182000
80.370000
80.558000
80.746000
80.934000
81.122000
81.310000
81.498000
81.686000
81.874000
82.062000
82.250000
82.438000
82.626000
82.814000
83.002000
83.190000
83.378000
83.566000
83.754000
83.942000
84.130000
84.318000
84.506000
84.694000
84.882000
85.070000
85.258000
85.446000
85.634000
85.822000
86.010000
86.198000
86.386000
86.574000
86.762000
86.950000
87.138000
87.326000
87.514000
87.702000
87.890000
88.078000
88.266000
88.454000
88.642000
88.830000
89.018000
89.206000
89.394000
89.582000
89.770000
89.958000
90.146000
90.334000
90.522000
90.710000
90.898000
91.086000
91.274000
91.462000
91.650000
91.838000
92.026000
92.214000
92.402000
92.590000
92.778000
92.966000
93.154000
93.342000
93.530000
93.718000
93.906000
94.094000
94.282000
94.470000
94.658000
94.846000
95.034000
95.222000
95.410000
95.598000
95.786000
95.974000
96.162000
96.350000
96.538000
96.726000
96.914000
97.102000
97.290000
97.478000
97.666000
97.854000
98.042000
98.230000
98.418000
98.606000
98.794000
98.982000
99.170000
99.358000
99.546000
99.734000
99.922000
100.110000
100.298000
100.486000
100.674000
100.862000
101.050000
101.238000
101.426000
101.614000
101.802000
101.990000
102.178000
102.366000
102.554000
102.742000
102.930000
103.118000
103.306000
103.494000
103.682000
103.870000
104.058000
104.246000
104.434000
104.622000
104.810000
104.998000
105.186000
105.374000
105.562000
105.750000
105.938000
106.126000
106.314000
106.502000
106.690000
106.878000
107.066000
107.254000
107.442000
107.630000
107.818000
108.006000
108.194000
108.382000
108.570000
108.758000
108.946000
109.134000
109.322000
109.510000
109.698000
109.886000
110.074000
110.262000
110.450000
110.638000
110.826000
111.014000
111.202000
111.390000
111.578000
111.766000
111.954000
112.142000
112.330000
112.518000
112.706000
112.894000
113.082000
113.270000
113.458000
113.646000
113.834000
114.022000
114.210000
114.398000
114.586000
114.774000
114.962000
115.150000
115.338000
115.526000
115.714000
115.902000
116.090000
116.278000
116.466000
116.654000
116.842000
117.030000
117.218000
117.406000
117.594000
117.782000
117.970000
118.158000
118.346000
118.534000
118.722000
118.910000
119.098000
119.286000
119.474000
119.662000
119.850000
120.038000
120.226000
120.414000
120.602000
120.790000
120.978000
121.166000
121.354000
121.542000
121.730000
121.918000
122.106000
122.294000
122.482000
122.670000
122.858000
123.046000
123.234000
123.422000
123.610000
123.798000
123.986000
124.174000
124.362000
124.550000
124.738000
124.926000
125.114000
125.302000
125.490000
125.678000
125.866000
126.054000
126.242000
126.430000
126.618000
126.806000
126.994000
127.182000
127.370000
127.558000
127.746000
127.934000
128.122000
128.310000
128.498000
128.686000
128.874000
129.062000
129.250000
129.438000
129.626000
129.814000
130.002000
130.190000
130.378000
130.566000
130.754000
130.942000
131.130000
131.318000
131.506000
131.694000
131.882000
132.070000
132.258000
132.446000
132.634000
132.822000
133.010000
133.198000
133.386000
133.574000
133.762000
133.950000
134.138000
134.326000
134.514000
134.702000
134.890000
135.078000
135.266000
135.642000
135.830000
136.018000
136.206000
136.394000
136.582000
136.770000
136.958000
137.146000
137.334000
137.710000
137.898000
138.086000
138.274000
138.462000
138.650000
138.838000
139.026000
139.214000
139.402000
139.590000
139.778000
139.966000
140.154000
140.342000
140.530000
140.718000
140.906000
141.094000
141.282000
141.470000
141.658000
141.846000
142.034000
142.222000
142.410000
142.786000
142.974000
143.162000
143.350000
143.726000
143.914000
144.102000
144.290000
144.478000
144.666000
144.854000
145.042000
145.230000
145.418000
145.606000
145.794000
146.358000
146.546000
146.734000
146.922000
147.110000
147.298000
147.486000
147.862000
148.050000
148.238000
