93585869998282
85524400437472
75525289215389
70185026434280
65120052331228
58673484525069
52670378936842
50691400244575
46898538466234
45584270204977
43103208976118
38049888440350
37979015001609
32548824154686
32316286268318
30884298849345
29331011330475
27372728477709
28349111924933
28588297230847
23401694890963
22503377647270
22505771439410
20187955853047
18797605934843
17681740259095
18615583481690
16499987330493
14734272984253
15726326574496
15494576777676
15172930043614
13742111154698
12461984449876
11840168954280
12638755770581
12791000363830
10820351652916
10612665311091
11106803642445
8950705593419
10451250723564
9723736064580
8669706389576
7696258116153
8014316688710
7704770051456
7547077695269
7153518845636
7214107154255
7037294696933
6116251864093
6813046166680
6857242788467
7707909150344
5297541272882
6302721813822
5982700019604
6921570432609
5425323372937
5849975419238
5429375031067
5321224111691
4952451888727
5737282330841
5398606587503
5010615644681
4887474140048
5222420013649
5029824216835
4296341226422
4674474449923
4160766854346
3870183199048
5142987327641
4555592089112
4534307828545
4552807494898
4481124745023
4165283048993
3701356287783
4160487154065
3678520650973
3941663443675
4804040931437
3117000827428
3909489027544
2687425442108
3305892840541
2826969311476
2637468018582
2894082209478
3293154686529
3713762603420
3086730017108
2137095413047
2870986251485
3316076989242
2218570306409
1979777674916
3321455602025
3838540129540
2727801965291
3077300881579
2285373542640
2964663403097
2584545354136
3107820137599
2357587920091
2153732457545
2484550620486
2812958474275
3100152145385
3107861197749
1998723590547
2709122350049
2411544198253
1887588344936
1713387763888
1657820911296
1946050020404
1672022043499
2172735394266
1778305913349
2425236674429
1835764619455
3408920473752
1577967405538
2381207622253
1955103704139
2563398670046
2115557982187
2016320150321
2184644790526
1757475447760
1691255742660
1583640235530
2154632956564
2416018464851
1557861044601
2211101493922
2221547884102
1323107108551
1506574460579
2228407907920
1456446365782
1512831677423
1896255466446
1215155923211
1520999974435
2010910892473
1991614327078
1205575069957
1179759587599
1792021538307
1363062231991
2025573237515
1667474880366
987767182970
1443964253832
2518510043654
1501294762570
2466177224908
1251030620003
1560710519054
1724555845022
1268050910867
1880015686163
1136318984472
878592793938
1760916499581
1137091861895
1286722760077
1242041004069
1671406981316
1398315107770
1643922383560
815005217961
1077209630421
1102083810629
2008101486837
1484565442226
793461764769
1523610392422
1250438654008
1550155790073
2074732952078
641586121257
1830805454406
1735333449983
894532930405
1179260730077
443851134310
932699263246
804982034096
1589019980845
1026112918535
1452638574423
535802596091
1008517943951
690683344622
2255271844313
1083323044606
1248917982045
1706184519110
1434635970561
828811058965
569694168159
1037699276437
1501138435365
1590795038817
1019756578247
1695094819018
1315691666154
622161767615
1172623453270
1423280309011
481350842660
728287607330
853754144948
1262027466493
807897286119
1279016454636
780339756160
1093911181635
738018754232
798645842916
723686306670
406394793927
1209341765376
1344351788822
1000960406380
1169083332962
753792153442
1010547444458
1252087219971
584426222120
880516862743
819328345946
692516072554
1621945713457
1422800305308
309031458072
728064609588
1452066050861
565210709039
567417117697
951541568012
640583509358
689695694800
497981031284
503971483503
1057946351904
1004436485906
1487502411020
305310239320
1240872858572
766636077608
695257960972
135316780358
480811440072
1355202038711
1232507304992
977749609346
846585613729
632552183667
984087949002
923058339000
575068658174
597111506297
259315017382
637234745034
310898033769
719913090187
1015118206783
705129763887
782557940970
547705490694
1047352083073
790200692893
737002012866
1138785520131
677139424333
544617848132
1245373257359
894397306420
817256217798
749383952241
506799006601
817405103344
924486307741
435604054188
1551405442604
651615192490
851398458465
885637751935
1641282205673
1202217196826
686203848482
322383501233
692664083556
301725212921
411114275995
302380143596
726415120785
450739362298
300688118916
654004928411
703563385392
733321490753
821895438563
481267211667
315139851295
416757353286
324356374913
749434781519
314453734044
802638990660
476844228254
425473596490
829667569169
499636648036
788851548629
749866432125
385614029258
939593985973
41301585255
515781691232
679396993541
803234206092
1306549255234
445275710798
736620677209
809584874970
413642432947
685761558386
520385902983
906927669410
400970756553
510877429437
799826188486
777987298648
443468097481
731981309173
845036783101
1240382679111
303220776437
712172275469
168896605306
756569119500
404951763502
619022785882
786166624916
554863240884
395445730086
1036545334281
379798883031
501262745615
282157331360
156538000986
417117666161
837720000437
722982179957
39875699614
636756674227
683124608562
539205887232
471124080513
466261395237
369340238318
539821361504
417859640928
405387356142
783110871344
40442618222
572463857590
661399082983
530122168206
887251726151
466494375589
301452665561
650127160571
687333182062
412430720718
21811930775
535977205733
669013439592
599340269270
989790738856
491828285300
654746979858
497512807736
228932456755
795482133488
526738480255
157496826595
404784787653
158562440788
848362127648
997781293303
980302848413
667515155014
660575485056
407642578464
421009344102
673387151495
660586753470
369857386147
160868509225
244172743788
452301784685
772076105006
36092723657
204069347228
578760470824
164247403785
460550879422
443424727140
233177438449
146298699046
854463292245
157248701172
854437669399
547456837799
138324928745
508041304825
671038877381
338736609428
530068063720
279673411826
283088034361
536045769624
143416544500
417501492515
146545199782
397436951479
280313636385
146597160008
274867351905
657451480316
870106715091
421132911696
393830715934
253562643460
262650838563
501061701710
640928818990
141594454963
403691116978
644515112953
356469441519
289894172986
155585748488
287811808445
252911022954
255025838630
435921722463
445911446634
526858934293
80962730814
345353710764
271020287079
311690755765
276960831827
286176399877
138563841602
151188010897
267892459208
278711488113
516153866209
630735016870
16681833028
7187582067
772031648374
733295574010
16086431997
145451458761
392613339147
580305264686
403461297918
268239001481
533631854820
151265215827
175583972127
615086559376
636839559923
268305191297
339067999503
270266803530
362823250261
495941498796
455189630719
529366219090
134796809975
761433581522
402891064180
149089597110
524742000143
576089768955
273223637145
277624241556
141641409857
28290732242
283546110859
521558099209
390364748745
452934814534
256700482976
249165679817
455825848693
448998659846
401426491186
143831382345
147335587699
264120207864
529750400753
141312932324
261228610311
262001810168
15334442360
239148904079
146895193747
15757365913
310151997953
402365421626
266359893534
129551059873
383063256480
514714400929
83741165589
204759441861
141405261848
271897114915
262865739145
30173953667
154610472479
267073666040
212018740358
21562009105
132503325261
276031425927
277018568826
282927699571
645904443224
146324784609
142657440348
262888090816
150320886114
266277774429
271113129498
176926196662
449178115910
10536664331
586058637290
147285548725
327261964856
211825119425
74355546953
137187085412
269006804394
447376240743
344290498918
135015764166
9856195401
526957296113
160151776350
514374572023
260519995488
531660661890
7612997644
11302037734
263309865737
264540714496
260572760406
134032375891
15739433661
23348673338
252846651508
2880150562
263056805845
261491648429
142058338321
4785594229
10133494616
485757051435
262988989499
268808401991
138572884311
263624498664
266260638247
467773215174
513487217561
148502601153
133727393445
139717485483
266414662167
137349664476
263310551167
265025347080
396303807055
147555644851
391995131313
229759012388
141289549925
276663708833
132389250087
142832634312
136657255916
139368221547
135857136558
136298498468
138421917003
142685505020
256656665971
142611865230
136921457608
134086683113
146604173242
113278272952
2778170826
142720295642
135036043989
132826920707
138136390299
12347144578
258423598924
131788362524
17646311125
225711442699
8291979574
269970542622
364725479491
8568168355
384928272666
132839925464
260006100615
138703304924
10618978615
129736429348
19501620860
268944036170
128234978573
187395148616
8378866144
14733459724
193885916845
16212355188
13856741243
3986946745
8709362388
133473089295
126932408624
8261859304
9225522165
9076592919
8807454987
262859455596
9307946044
265576091650
1939732849
177490900459
133935882085
9456091495
140289967812
138020260661
244450100424
128575203754
135918405704
13025057473
135733000987
97240052428
6559055042
134617707866
135566044890
9489634667
95500919473
15612404755
130344436867
252937843834
135631232034
3587273060
131236599583
144166501878
260882705199
131332160794
258177385346
253466086166
8387116616
129972848413
9440841427
128931668870
4690714706
131856110120
133889931323
367103394290
5349319538
4459529794
5508595278
1682285288
3208458263
6703868355
258142872742
11911100153
255347762486
3262366925
8184298482
132643871117
96512725070
8778965793
4156010361
102456565525
1361903215
126733043083
128116384392
2901512627
128523650925
129721553019
4173108030
3114172242
74168517115
128137227706
1524999843
88252150129
5095794871
126733043083
59729731527
126733043083
2733533298
117832192929
130067784742
4538271214
129870665461
3130629610
135622297574
5080768646
128277970452
1891410413
1510855812
128791545476
126733043083
6827505889
4668244013
11566899459
254832673776
195448513489
251221383658
4276443056
130098729866
4499728604
4889334029
1438013999
127535890918
4939394003
3002813292
126733043083
251646276988
5907310512
129639185317
133198138340
132054482868
128518722172
130391356453
