97.355500
103.636500
109.917500
116.198500
122.479500
128.760500
135.041500
141.322500
147.603500
153.884500
160.165500
166.446500
172.727500
179.008500
185.289500
191.570500
197.851500
204.132500
210.413500
216.694500
222.975500
229.256500
235.537500
241.818500
248.099500
254.380500
260.661500
266.942500
273.223500
279.504500
285.785500
292.066500
298.347500
304.628500
310.909500
317.190500
323.471500
329.752500
336.033500
342.314500
348.595500
354.876500
361.157500
367.438500
373.719500
380.000500
386.281500
392.562500
398.843500
405.124500
411.405500
417.686500
423.967500
430.248500
436.529500
442.810500
449.091500
455.372500
461.653500
467.934500
474.215500
480.496500
486.777500
493.058500
499.339500
505.620500
511.901500
518.182500
524.463500
530.744500
537.025500
543.306500
549.587500
555.868500
562.149500
568.430500
574.711500
580.992500
587.273500
593.554500
599.835500
606.116500
612.397500
618.678500
624.959500
631.240500
637.521500
643.802500
650.083500
656.364500
662.645500
668.926500
675.207500
681.488500
687.769500
694.050500
700.331500
706.612500
712.893500
719.174500
725.455500
731.736500
738.017500
744.298500
750.579500
756.860500
763.141500
769.422500
775.703500
781.984500
788.265500
794.546500
800.827500
807.108500
813.389500
819.670500
825.951500
832.232500
838.513500
844.794500
851.075500
857.356500
863.637500
869.918500
876.199500
882.480500
888.761500
895.042500
901.323500
907.604500
913.885500
920.166500
926.447500
932.728500
939.009500
945.290500
951.571500
957.852500
964.133500
970.414500
976.695500
982.976500
989.257500
995.538500
1001.819500
1008.100500
1014.381500
1020.662500
1026.943500
1033.224500
1039.505500
1045.786500
1052.067500
1058.348500
1064.629500
1070.910500
1077.191500
1083.472500
1089.753500
1096.034500
1102.315500
1108.596500
1114.877500
1121.158500
1127.439500
1133.720500
1140.001500
1146.282500
1152.563500
1158.844500
1165.125500
1171.406500
1177.687500
1183.968500
1190.249500
1196.530500
1202.811500
1209.092500
1215.373500
1221.654500
1227.935500
1234.216500
1240.497500
1246.778500
1253.059500
1259.340500
1265.621500
1271.902500
1278.183500
1284.464500
1290.745500
1297.026500
1303.307500
1309.588500
1315.869500
1322.150500
1328.431500
1334.712500
1340.993500
1347.274500
1353.555500
1359.836500
1366.117500
1372.398500
1378.679500
1384.960500
1391.241500
1397.522500
1403.803500
1410.084500
1416.365500
1422.646500
1428.927500
1435.208500
1441.489500
1447.770500
1454.051500
1460.332500
1466.613500
1472.894500
1479.175500
1485.456500
1491.737500
1498.018500
1504.299500
1510.580500
1516.861500
1523.142500
1529.423500
1535.704500
1541.985500
1548.266500
1554.547500
1560.828500
1567.109500
1573.390500
1579.671500
1585.952500
1592.233500
1598.514500
1604.795500
1611.076500
1617.357500
1623.638500
1629.919500
1636.200500
1642.481500
1648.762500
1655.043500
1661.324500
1667.605500
1673.886500
1680.167500
1686.448500
1692.729500
1699.010500
1705.291500
1711.572500
1717.853500
1724.134500
1730.415500
1736.696500
1742.977500
1749.258500
1755.539500
1761.820500
1768.101500
1774.382500
1780.663500
1786.944500
1793.225500
1799.506500
1805.787500
1812.068500
1818.349500
1824.630500
1830.911500
1837.192500
1843.473500
1849.754500
1856.035500
1862.316500
1868.597500
1874.878500
1881.159500
1887.440500
1893.721500
1900.002500
1906.283500
1912.564500
1918.845500
1925.126500
1931.407500
1937.688500
1943.969500
1950.250500
1956.531500
1962.812500
1969.093500
1975.374500
1981.655500
1987.936500
1994.217500
2000.498500
2006.779500
2013.060500
2019.341500
2025.622500
2031.903500
2038.184500
2044.465500
2050.746500
2057.027500
2063.308500
2069.589500
2075.870500
2082.151500
2088.432500
2094.713500
2100.994500
2107.275500
2113.556500
2119.837500
2126.118500
2132.399500
2138.680500
2144.961500
2151.242500
2157.523500
2163.804500
2170.085500
2176.366500
2182.647500
2188.928500
2195.209500
2201.490500
2207.771500
2214.052500
2220.333500
2226.614500
2232.895500
2239.176500
2245.457500
2251.738500
2258.019500
2264.300500
2270.581500
2276.862500
2283.143500
2289.424500
2295.705500
2301.986500
2308.267500
2314.548500
2320.829500
2327.110500
2333.391500
2339.672500
2345.953500
2352.234500
2358.515500
2364.796500
2371.077500
2377.358500
2383.639500
2389.920500
2396.201500
2402.482500
2408.763500
2415.044500
2421.325500
2427.606500
2433.887500
2440.168500
2446.449500
2452.730500
2459.011500
2465.292500
2471.573500
2477.854500
2484.135500
2490.416500
2496.697500
2502.978500
2509.259500
2515.540500
2521.821500
2528.102500
2534.383500
2540.664500
2546.945500
2553.226500
2559.507500
2565.788500
2572.069500
2578.350500
2584.631500
2590.912500
2597.193500
2603.474500
2609.755500
2616.036500
2622.317500
2628.598500
2634.879500
2641.160500
2647.441500
2653.722500
2660.003500
2666.284500
2672.565500
2678.846500
2685.127500
2691.408500
2697.689500
2703.970500
2710.251500
2716.532500
2722.813500
2729.094500
2735.375500
2741.656500
2747.937500
2754.218500
2760.499500
2766.780500
2773.061500
2779.342500
2785.623500
2791.904500
2798.185500
2804.466500
2810.747500
2817.028500
2823.309500
2829.590500
2835.871500
2842.152500
2848.433500
2854.714500
2860.995500
2867.276500
2873.557500
2879.838500
2886.119500
2892.400500
2898.681500
2904.962500
2911.243500
2917.524500
2923.805500
2930.086500
2936.367500
2942.648500
2948.929500
2955.210500
2961.491500
2967.772500
2974.053500
2980.334500
2986.615500
2992.896500
2999.177500
3005.458500
3011.739500
3018.020500
3024.301500
3030.582500
3036.863500
3043.144500
3049.425500
3055.706500
3061.987500
3068.268500
3074.549500
3080.830500
3087.111500
3093.392500
3099.673500
3105.954500
3112.235500
3118.516500
3124.797500
3131.078500
3137.359500
3143.640500
3149.921500
3156.202500
3162.483500
3168.764500
3175.045500
3181.326500
3187.607500
3193.888500
3200.169500
3206.450500
3212.731500
3219.012500
3225.293500
3231.574500
3237.855500
3244.136500
3250.417500
3256.698500
3262.979500
3269.260500
3275.541500
3281.822500
3288.103500
3294.384500
3300.665500
3306.946500
3313.227500
3319.508500
3325.789500
3332.070500
3338.351500
3344.632500
3350.913500
3357.194500
3363.475500
3369.756500
3376.037500
3382.318500
3388.599500
3394.880500
3401.161500
3407.442500
3413.723500
3420.004500
3426.285500
3432.566500
3438.847500
3445.128500
3451.409500
3457.690500
3463.971500
3470.252500
3476.533500
3482.814500
3489.095500
3495.376500
3501.657500
3507.938500
3514.219500
3520.500500
3526.781500
3533.062500
3539.343500
3545.624500
3551.905500
3558.186500
3564.467500
3570.748500
3577.029500
3583.310500
3589.591500
3595.872500
3602.153500
3608.434500
3614.715500
3620.996500
3627.277500
3633.558500
3639.839500
3646.120500
3652.401500
3658.682500
3664.963500
3671.244500
3677.525500
3683.806500
3690.087500
3696.368500
3702.649500
3708.930500
3715.211500
3721.492500
3727.773500
3734.054500
3740.335500
3746.616500
3752.897500
3759.178500
3765.459500
3771.740500
3778.021500
3784.302500
3790.583500
3796.864500
3803.145500
3809.426500
3815.707500
3821.988500
3828.269500
3834.550500
3840.831500
3847.112500
3853.393500
3859.674500
3865.955500
3872.236500
3878.517500
3884.798500
3891.079500
3897.360500
3903.641500
3909.922500
3916.203500
3922.484500
3928.765500
3935.046500
3941.327500
3947.608500
3953.889500
3960.170500
3966.451500
3972.732500
3979.013500
3985.294500
3991.575500
3997.856500
4004.137500
4010.418500
4016.699500
4022.980500
4029.261500
4035.542500
4041.823500
4048.104500
4054.385500
4060.666500
4066.947500
4073.228500
4079.509500
4085.790500
4092.071500
4098.352500
4104.633500
4110.914500
4117.195500
4123.476500
4129.757500
4136.038500
4142.319500
4148.600500
4154.881500
4161.162500
4167.443500
4173.724500
4180.005500
4186.286500
4192.567500
4198.848500
4205.129500
4211.410500
4217.691500
4223.972500
4230.253500
4236.534500
4242.815500
4249.096500
4255.377500
4261.658500
4267.939500
4274.220500
4280.501500
4286.782500
4293.063500
4299.344500
4305.625500
4311.906500
4318.187500
4324.468500
4330.749500
4337.030500
4343.311500
4349.592500
4355.873500
4362.154500
4368.435500
4374.716500
4380.997500
4387.278500
4393.559500
4399.840500
4406.121500
4412.402500
4418.683500
4424.964500
4431.245500
4437.526500
4443.807500
4450.088500
4456.369500
4462.650500
4468.931500
4475.212500
4481.493500
4487.774500
4494.055500
4500.336500
4506.617500
4512.898500
4519.179500
4525.460500
4531.741500
4538.022500
4544.303500
4550.584500
4556.865500
4563.146500
4569.427500
4575.708500
4581.989500
4588.270500
4594.551500
4600.832500
4607.113500
4613.394500
4619.675500
4625.956500
4632.237500
4638.518500
4644.799500
4651.080500
4657.361500
4663.642500
4669.923500
4676.204500
4682.485500
4688.766500
4695.047500
4701.328500
4707.609500
4713.890500
4720.171500
4726.452500
4732.733500
4739.014500
4745.295500
4751.576500
4757.857500
4764.138500
4770.419500
4776.700500
4782.981500
4789.262500
4795.543500
4801.824500
4808.105500
4814.386500
4820.667500
4826.948500
4833.229500
4839.510500
4845.791500
4852.072500
4858.353500
4864.634500
4870.915500
4877.196500
4883.477500
4889.758500
4896.039500
4902.320500
4908.601500
4914.882500
4921.163500
4927.444500
4933.725500
4940.006500
4946.287500
4952.568500
4958.849500
4965.130500
4971.411500
4977.692500
4990.254500
4996.535500
5002.816500
5009.097500
5015.378500
5021.659500
5027.940500
5034.221500
5040.502500
5046.783500
5053.064500
5059.345500
5065.626500
5071.907500
5078.188500
5084.469500
5090.750500
5103.312500
5109.593500
5115.874500
5122.155500
5128.436500
5134.717500
5140.998500
5147.279500
5153.560500
5159.841500
5166.122500
5172.403500
5178.684500
5184.965500
5191.246500
5197.527500
5203.808500
5210.089500
5216.370500
5222.651500
5228.932500
5241.494500
5247.775500
5254.056500
5260.337500
5266.618500
5272.899500
5285.461500
5291.742500
5298.023500
5304.304500
5310.585500
5316.866500
5335.709500
