0.000000
0.477000
0.954000
1.431000
1.908000
2.385000
2.862000
3.339000
3.816000
4.293000
4.770000
5.247000
5.724000
6.201000
6.678000
7.155000
7.632000
8.109000
8.586000
9.063000
9.540000
10.017000
10.494000
10.971000
11.448000
11.925000
12.402000
12.879000
13.356000
13.833000
14.310000
14.787000
15.264000
15.741000
16.218000
16.695000
17.172000
17.649000
18.126000
18.603000
19.080000
19.557000
20.034000
20.511000
20.988000
21.465000
21.942000
22.419000
22.896000
23.373000
23.850000
24.327000
24.804000
25.281000
25.758000
26.235000
26.712000
27.189000
27.666000
28.143000
28.620000
29.097000
29.574000
30.051000
30.528000
31.005000
31.482000
31.959000
32.436000
32.913000
33.390000
33.867000
34.344000
34.821000
35.298000
35.775000
36.252000
36.729000
37.206000
37.683000
38.160000
38.637000
39.114000
39.591000
40.068000
40.545000
41.022000
41.499000
41.976000
42.453000
42.930000
43.407000
43.884000
44.361000
44.838000
45.315000
45.792000
46.269000
46.746000
47.223000
47.700000
48.177000
48.654000
49.131000
49.608000
50.085000
50.562000
51.039000
51.516000
51.993000
52.470000
52.947000
53.424000
53.901000
54.378000
54.855000
55.332000
55.809000
56.286000
56.763000
57.240000
57.717000
58.194000
58.671000
59.148000
59.625000
60.102000
60.579000
61.056000
61.533000
62.010000
62.487000
62.964000
63.441000
63.918000
64.395000
64.872000
65.349000
65.826000
66.303000
66.780000
67.257000
67.734000
68.211000
68.688000
69.165000
69.642000
70.119000
70.596000
71.073000
71.550000
72.027000
72.504000
72.981000
73.458000
73.935000
74.412000
74.889000
75.366000
75.843000
76.320000
76.797000
77.274000
77.751000
78.228000
78.705000
79.182000
79.659000
80.136000
80.613000
81.090000
81.567000
82.044000
82.521000
82.998000
83.475000
83.952000
84.429000
84.906000
85.383000
85.860000
86.337000
86.814000
87.291000
87.768000
88.245000
88.722000
89.199000
89.676000
90.153000
90.630000
91.107000
91.584000
92.061000
92.538000
93.015000
93.492000
93.969000
94.446000
94.923000
95.400000
95.877000
96.354000
96.831000
97.308000
97.785000
98.262000
98.739000
99.216000
99.693000
100.170000
100.647000
101.124000
101.601000
102.078000
102.555000
103.032000
103.509000
103.986000
104.463000
104.940000
105.417000
105.894000
106.371000
106.848000
107.325000
107.802000
108.279000
108.756000
109.233000
109.710000
110.187000
110.664000
111.141000
111.618000
112.095000
112.572000
113.049000
113.526000
114.003000
114.480000
114.957000
115.434000
115.911000
116.388000
116.865000
117.342000
117.819000
118.296000
118.773000
119.250000
119.727000
120.204000
120.681000
121.158000
121.635000
122.112000
122.589000
123.066000
123.543000
124.020000
124.497000
124.974000
125.451000
125.928000
126.405000
126.882000
127.359000
127.836000
128.313000
128.790000
129.267000
129.744000
130.221000
130.698000
131.175000
131.652000
132.129000
132.606000
133.083000
133.560000
134.037000
134.514000
134.991000
135.468000
135.945000
136.422000
136.899000
137.376000
137.853000
138.330000
138.807000
139.284000
139.761000
140.238000
140.715000
141.192000
141.669000
142.146000
142.623000
143.100000
143.577000
144.054000
144.531000
145.008000
145.485000
145.962000
146.439000
146.916000
147.393000
147.870000
148.347000
148.824000
149.301000
149.778000
150.255000
150.732000
151.209000
151.686000
152.163000
152.640000
153.117000
153.594000
154.071000
154.548000
155.025000
155.502000
155.979000
156.456000
156.933000
157.410000
157.887000
158.364000
158.841000
159.318000
159.795000
160.272000
160.749000
161.226000
161.703000
162.180000
162.657000
163.134000
163.611000
164.088000
164.565000
165.042000
165.519000
165.996000
166.473000
166.950000
167.427000
167.904000
168.381000
168.858000
169.335000
169.812000
170.289000
170.766000
171.243000
171.720000
172.197000
172.674000
173.151000
173.628000
174.105000
174.582000
175.059000
175.536000
176.013000
176.490000
176.967000
177.444000
177.921000
178.398000
178.875000
179.352000
179.829000
180.306000
180.783000
181.260000
181.737000
182.214000
182.691000
183.168000
183.645000
184.122000
184.599000
185.076000
185.553000
186.030000
186.507000
186.984000
187.461000
187.938000
188.415000
188.892000
189.369000
189.846000
190.323000
190.800000
191.277000
191.754000
192.231000
192.708000
193.185000
193.662000
194.139000
194.616000
195.093000
195.570000
196.047000
196.524000
197.001000
197.478000
197.955000
198.432000
198.909000
199.386000
199.863000
200.340000
200.817000
201.294000
201.771000
202.248000
202.725000
203.202000
203.679000
204.156000
204.633000
205.110000
205.587000
206.064000
206.541000
207.018000
207.495000
207.972000
208.449000
208.926000
209.403000
209.880000
210.357000
210.834000
211.311000
211.788000
212.265000
212.742000
213.219000
213.696000
214.173000
214.650000
215.127000
215.604000
216.081000
216.558000
217.035000
217.512000
217.989000
218.466000
218.943000
219.420000
219.897000
220.374000
220.851000
221.328000
221.805000
222.282000
222.759000
223.236000
223.713000
224.190000
224.667000
225.144000
225.621000
226.098000
226.575000
227.052000
227.529000
228.006000
228.483000
228.960000
229.437000
229.914000
230.391000
230.868000
231.345000
231.822000
232.299000
232.776000
233.253000
233.730000
234.207000
234.684000
235.161000
235.638000
236.115000
236.592000
237.069000
237.546000
238.023000
238.500000
238.977000
239.454000
239.931000
240.408000
240.885000
241.362000
241.839000
242.316000
242.793000
243.270000
243.747000
244.224000
244.701000
245.178000
245.655000
246.132000
246.609000
247.086000
247.563000
248.040000
248.517000
248.994000
249.471000
249.948000
250.425000
250.902000
251.379000
251.856000
252.333000
252.810000
253.287000
253.764000
254.241000
254.718000
255.195000
255.672000
256.149000
256.626000
257.103000
257.580000
258.057000
258.534000
259.011000
259.488000
259.965000
260.442000
260.919000
261.396000
261.873000
262.350000
262.827000
263.304000
263.781000
264.258000
264.735000
265.212000
265.689000
266.166000
266.643000
267.120000
267.597000
268.074000
268.551000
269.028000
269.505000
269.982000
270.459000
270.936000
271.413000
271.890000
272.367000
272.844000
273.321000
273.798000
274.275000
274.752000
275.229000
275.706000
276.183000
276.660000
277.137000
277.614000
278.091000
278.568000
279.045000
279.522000
279.999000
280.476000
280.953000
281.430000
281.907000
282.384000
282.861000
283.338000
283.815000
284.292000
284.769000
285.246000
285.723000
286.200000
286.677000
287.154000
287.631000
288.108000
288.585000
289.062000
289.539000
290.016000
290.493000
290.970000
291.447000
291.924000
292.401000
292.878000
293.355000
293.832000
294.309000
294.786000
295.263000
295.740000
296.217000
296.694000
297.171000
297.648000
298.125000
298.602000
299.079000
299.556000
300.033000
300.510000
300.987000
301.464000
301.941000
302.418000
302.895000
303.372000
303.849000
304.326000
304.803000
305.280000
305.757000
306.234000
306.711000
307.188000
307.665000
308.142000
308.619000
309.096000
309.573000
310.050000
310.527000
311.004000
311.481000
311.958000
312.435000
312.912000
313.389000
313.866000
314.343000
314.820000
315.297000
315.774000
316.251000
316.728000
317.205000
317.682000
318.159000
318.636000
319.113000
319.590000
320.067000
320.544000
321.021000
321.498000
321.975000
322.452000
322.929000
323.406000
323.883000
324.360000
324.837000
325.314000
325.791000
326.268000
326.745000
327.222000
327.699000
328.176000
328.653000
329.130000
329.607000
330.084000
330.561000
331.038000
331.515000
331.992000
332.469000
332.946000
333.423000
333.900000
334.377000
334.854000
335.331000
335.808000
336.285000
336.762000
337.239000
337.716000
338.193000
338.670000
339.147000
339.624000
340.101000
340.578000
341.055000
341.532000
342.009000
342.486000
342.963000
343.440000
343.917000
344.394000
344.871000
345.348000
345.825000
346.302000
346.779000
347.256000
347.733000
348.210000
348.687000
349.164000
349.641000
350.118000
350.595000
351.072000
351.549000
352.026000
352.503000
352.980000
353.457000
353.934000
354.411000
354.888000
355.365000
355.842000
356.319000
356.796000
357.273000
357.750000
358.227000
358.704000
359.181000
359.658000
360.135000
360.612000
361.089000
361.566000
362.043000
362.520000
362.997000
363.474000
363.951000
364.428000
364.905000
365.382000
365.859000
366.336000
366.813000
367.290000
367.767000
368.244000
368.721000
369.198000
369.675000
370.152000
370.629000
371.106000
371.583000
372.060000
372.537000
373.014000
373.491000
373.968000
374.445000
374.922000
375.399000
375.876000
376.353000
376.830000
377.307000
377.784000
378.261000
378.738000
379.215000
379.692000
380.169000
380.646000
381.123000
381.600000
382.077000
382.554000
383.031000
383.508000
383.985000
384.462000
384.939000
385.416000
385.893000
386.370000
386.847000
387.324000
387.801000
388.278000
388.755000
389.232000
389.709000
390.186000
390.663000
391.140000
391.617000
392.094000
392.571000
393.048000
393.525000
394.002000
394.479000
394.956000
395.433000
395.910000
396.387000
396.864000
397.341000
397.818000
398.295000
398.772000
399.249000
399.726000
400.203000
400.680000
401.157000
401.634000
402.111000
402.588000
403.065000
403.542000
404.019000
404.496000
404.973000
405.450000
405.927000
406.404000
406.881000
407.358000
407.835000
408.312000
408.789000
409.266000
409.743000
410.220000
410.697000
411.174000
411.651000
412.128000
412.605000
413.082000
413.559000
414.036000
414.513000
414.990000
415.467000
415.944000
416.421000
416.898000
417.375000
417.852000
418.329000
418.806000
419.283000
419.760000
420.237000
420.714000
421.191000
421.668000
422.145000
422.622000
423.099000
423.576000
424.053000
424.530000
425.007000
425.484000
425.961000
426.438000
426.915000
427.392000
427.869000
428.346000
428.823000
429.300000
429.777000
430.254000
430.731000
431.208000
431.685000
432.162000
432.639000
433.116000
433.593000
434.070000
434.547000
435.024000
435.501000
435.978000
436.455000
436.932000
437.409000
437.886000
438.363000
438.840000
439.317000
439.794000
440.271000
440.748000
441.225000
441.702000
442.179000
442.656000
443.133000
443.610000
444.087000
444.564000
445.041000
445.518000
445.995000
446.472000
446.949000
447.426000
447.903000
448.380000
448.857000
449.334000
449.811000
450.288000
450.765000
451.242000
451.719000
452.196000
452.673000
453.150000
453.627000
454.104000
454.581000
455.058000
455.535000
456.012000
456.489000
456.966000
457.443000
457.920000
458.397000
458.874000
459.351000
459.828000
460.305000
460.782000
461.259000
461.736000
462.213000
462.690000
463.167000
463.644000
464.121000
464.598000
465.075000
465.552000
466.029000
466.506000
466.983000
467.460000
467.937000
468.414000
468.891000
469.368000
469.845000
470.322000
470.799000
471.276000
471.753000
472.230000
472.707000
473.184000
473.661000
474.138000
474.615000
475.092000
475.569000
476.046000
476.523000
477.000000
