7.100550000000001205e+01
7.558650000000000091e+01
8.016749999999998977e+01
8.474850000000000705e+01
8.932949999999999591e+01
9.391049999999999898e+01
9.849150000000000205e+01
1.030724999999999909e+02
1.076535000000000082e+02
1.122344999999999970e+02
1.168155000000000001e+02
1.213965000000000032e+02
1.259774999999999920e+02
1.305584999999999809e+02
1.351394999999999982e+02
1.397205000000000155e+02
1.443015000000000043e+02
1.488824999999999932e+02
1.534635000000000105e+02
1.580444999999999993e+02
1.626254999999999882e+02
1.672065000000000055e+02
1.717875000000000227e+02
1.763684999999999832e+02
1.809495000000000005e+02
1.855305000000000177e+02
1.901114999999999782e+02
1.946924999999999955e+02
1.992735000000000127e+02
2.038545000000000016e+02
2.084354999999999905e+02
2.130165000000000077e+02
2.175974999999999966e+02
2.221784999999999854e+02
2.267595000000000027e+02
2.313405000000000200e+02
2.359214999999999804e+02
2.405024999999999977e+02
2.450835000000000150e+02
2.496645000000000039e+02
2.542454999999999927e+02
2.588265000000000100e+02
2.634075000000000273e+02
2.679884999999999877e+02
2.725695000000000050e+02
2.771504999999999654e+02
2.817314999999999827e+02
2.863125000000000000e+02
2.908935000000000173e+02
2.954745000000000346e+02
3.000554999999999950e+02
3.046365000000000123e+02
3.092174999999999727e+02
3.137984999999999900e+02
3.183795000000000073e+02
3.229605000000000246e+02
3.275414999999999850e+02
3.321225000000000023e+02
3.367035000000000196e+02
3.412844999999999800e+02
3.458654999999999973e+02
3.504465000000000146e+02
3.550275000000000318e+02
3.596084999999999923e+02
3.641895000000000095e+02
3.687704999999999700e+02
3.733514999999999873e+02
3.779325000000000045e+02
3.825135000000000218e+02
3.870944999999999823e+02
3.916754999999999995e+02
3.962565000000000168e+02
4.008374999999999773e+02
4.054184999999999945e+02
4.099995000000000118e+02
4.145805000000000291e+02
4.191614999999999895e+02
4.237425000000000068e+02
4.283234999999999673e+02
4.329044999999999845e+02
4.374855000000000018e+02
4.420665000000000191e+02
4.466475000000000364e+02
4.512284999999999968e+02
4.558095000000000141e+02
4.603904999999999745e+02
4.649714999999999918e+02
4.695525000000000091e+02
4.741335000000000264e+02
4.787144999999999868e+02
4.832955000000000041e+02
4.878764999999999645e+02
4.924574999999999818e+02
4.970384999999999991e+02
5.016195000000000164e+02
5.062005000000000337e+02
5.107814999999999941e+02
5.153624999999999545e+02
5.199435000000000855e+02
5.245244999999999891e+02
5.291055000000000064e+02
5.336865000000000236e+02
5.382674999999999272e+02
5.428485000000000582e+02
5.474294999999999618e+02
5.520105000000000928e+02
5.565914999999999964e+02
5.611724999999999000e+02
5.657535000000000309e+02
5.703344999999999345e+02
5.749155000000000655e+02
5.794964999999999691e+02
5.840775000000001000e+02
5.886585000000000036e+02
5.932394999999999072e+02
5.978205000000000382e+02
6.024014999999999418e+02
6.069825000000000728e+02
6.115634999999999764e+02
6.161444999999999936e+02
6.207255000000000109e+02
6.253064999999999145e+02
6.298875000000000455e+02
6.344684999999999491e+02
6.390495000000000800e+02
6.436304999999999836e+02
6.482115000000000009e+02
6.527925000000000182e+02
6.573734999999999218e+02
6.619545000000000528e+02
6.665354999999999563e+02
6.711165000000000873e+02
6.756974999999999909e+02
6.802785000000000082e+02
6.848595000000000255e+02
6.894404999999999291e+02
6.940215000000000600e+02
6.986024999999999636e+02
7.031835000000000946e+02
7.077644999999999982e+02
7.123454999999999018e+02
7.169265000000000327e+02
7.215074999999999363e+02
7.260885000000000673e+02
7.306694999999999709e+02
7.352505000000001019e+02
7.398315000000000055e+02
7.444124999999999091e+02
7.489935000000000400e+02
7.535744999999999436e+02
7.581555000000000746e+02
7.627364999999999782e+02
7.673174999999999955e+02
7.718985000000000127e+02
7.764794999999999163e+02
7.810605000000000473e+02
7.856414999999999509e+02
7.902225000000000819e+02
7.948034999999999854e+02
7.993845000000000027e+02
8.039655000000000200e+02
8.085464999999999236e+02
8.131275000000000546e+02
8.177084999999999582e+02
8.222895000000000891e+02
8.268704999999999927e+02
8.314514999999998963e+02
8.360325000000000273e+02
8.406134999999999309e+02
8.451945000000000618e+02
8.497754999999999654e+02
8.543565000000000964e+02
8.589375000000000000e+02
8.635184999999999036e+02
8.680995000000000346e+02
8.726804999999999382e+02
8.772615000000000691e+02
8.818424999999999727e+02
8.864235000000001037e+02
8.910045000000000073e+02
8.955854999999999109e+02
9.001665000000000418e+02
9.047474999999999454e+02
9.093285000000000764e+02
9.139094999999999800e+02
9.184904999999999973e+02
9.230715000000000146e+02
9.276524999999999181e+02
9.322335000000000491e+02
9.368144999999999527e+02
9.413955000000000837e+02
9.459764999999999873e+02
9.505575000000000045e+02
9.551385000000000218e+02
9.597194999999999254e+02
9.643005000000000564e+02
9.688814999999999600e+02
9.734625000000000909e+02
9.780434999999999945e+02
9.826244999999998981e+02
9.872055000000000291e+02
9.917864999999999327e+02
9.963675000000000637e+02
1.000948499999999967e+03
1.005529500000000098e+03
1.010110500000000002e+03
1.014691499999999905e+03
1.019272500000000036e+03
1.023853499999999940e+03
1.028434499999999844e+03
1.033015499999999975e+03
1.037596500000000106e+03
1.042177500000000009e+03
1.046758499999999913e+03
1.051339500000000044e+03
1.055920500000000175e+03
1.060501499999999851e+03
1.065082499999999982e+03
1.069663500000000113e+03
1.074244500000000016e+03
1.078825499999999920e+03
1.083406500000000051e+03
1.087987499999999955e+03
1.092568499999999858e+03
1.097149499999999989e+03
1.101730500000000120e+03
1.106311500000000024e+03
1.110892499999999927e+03
1.115473500000000058e+03
1.120054499999999962e+03
1.124635499999999865e+03
1.129216499999999996e+03
1.133797500000000127e+03
1.138378500000000031e+03
1.142959499999999935e+03
1.147540500000000065e+03
1.152121499999999969e+03
1.156702499999999873e+03
1.161283500000000004e+03
1.165864500000000135e+03
1.170445500000000038e+03
1.175026499999999942e+03
1.179607500000000073e+03
1.184188499999999976e+03
1.188769499999999880e+03
1.193350500000000011e+03
1.197931500000000142e+03
1.202512500000000045e+03
1.207093499999999949e+03
1.211674500000000080e+03
1.216255499999999984e+03
1.220836499999999887e+03
1.225417500000000018e+03
1.229998500000000149e+03
1.234579499999999825e+03
1.239160499999999956e+03
1.243741500000000087e+03
1.248322499999999991e+03
1.252903499999999894e+03
1.257484500000000025e+03
1.262065500000000156e+03
1.266646499999999833e+03
1.271227499999999964e+03
1.275808500000000095e+03
1.280389499999999998e+03
1.284970499999999902e+03
1.289551500000000033e+03
1.294132500000000164e+03
1.298713499999999840e+03
1.303294499999999971e+03
1.307875500000000102e+03
1.312456500000000005e+03
1.317037499999999909e+03
1.321618500000000040e+03
1.326199500000000171e+03
1.330780499999999847e+03
1.335361499999999978e+03
1.339942500000000109e+03
1.344523500000000013e+03
1.349104499999999916e+03
1.353685500000000047e+03
1.358266500000000178e+03
1.362847499999999854e+03
1.367428499999999985e+03
1.372009500000000116e+03
1.376590500000000020e+03
1.381171499999999924e+03
1.385752500000000055e+03
1.390333499999999958e+03
1.394914499999999862e+03
1.399495499999999993e+03
1.404076500000000124e+03
1.408657500000000027e+03
1.413238499999999931e+03
1.417819500000000062e+03
1.422400499999999965e+03
1.426981499999999869e+03
1.431562500000000000e+03
1.436143500000000131e+03
1.440724500000000035e+03
1.445305499999999938e+03
1.449886500000000069e+03
1.454467499999999973e+03
1.459048499999999876e+03
1.463629500000000007e+03
1.468210500000000138e+03
1.472791500000000042e+03
1.477372499999999945e+03
1.481953500000000076e+03
1.486534499999999980e+03
1.491115499999999884e+03
1.495696500000000015e+03
1.500277500000000146e+03
1.504858499999999822e+03
1.509439499999999953e+03
1.514020500000000084e+03
1.518601499999999987e+03
1.523182499999999891e+03
1.527763500000000022e+03
1.532344500000000153e+03
1.536925499999999829e+03
1.541506499999999960e+03
1.546087500000000091e+03
1.550668499999999995e+03
1.555249499999999898e+03
1.559830500000000029e+03
1.564411500000000160e+03
1.568992499999999836e+03
1.573573499999999967e+03
1.578154500000000098e+03
1.582735500000000002e+03
1.587316499999999905e+03
1.591897500000000036e+03
1.596478500000000167e+03
1.601059499999999844e+03
1.605640499999999975e+03
1.610221500000000106e+03
1.614802500000000009e+03
1.619383499999999913e+03
1.623964500000000044e+03
1.628545500000000175e+03
1.633126499999999851e+03
1.637707499999999982e+03
1.642288500000000113e+03
1.646869500000000016e+03
1.651450499999999920e+03
1.656031500000000051e+03
1.660612499999999955e+03
1.665193499999999858e+03
1.669774499999999989e+03
1.674355500000000120e+03
1.678936500000000024e+03
1.683517499999999927e+03
1.688098500000000058e+03
1.692679499999999962e+03
1.697260499999999865e+03
1.701841499999999996e+03
1.706422500000000127e+03
1.711003500000000031e+03
1.715584499999999935e+03
1.720165500000000065e+03
1.724746499999999969e+03
1.729327499999999873e+03
1.733908500000000004e+03
1.738489500000000135e+03
1.743070500000000038e+03
1.747651499999999942e+03
1.752232500000000073e+03
1.756813499999999976e+03
1.761394499999999880e+03
1.765975500000000011e+03
1.770556500000000142e+03
1.775137500000000045e+03
1.779718499999999949e+03
1.784299500000000080e+03
1.788880499999999984e+03
1.793461499999999887e+03
1.798042500000000018e+03
1.802623500000000149e+03
1.807204499999999825e+03
1.811785499999999956e+03
1.816366500000000087e+03
1.820947499999999991e+03
1.825528499999999894e+03
1.830109500000000025e+03
1.834690500000000156e+03
1.839271499999999833e+03
1.843852499999999964e+03
1.848433500000000095e+03
1.853014499999999998e+03
1.857595499999999902e+03
1.862176500000000033e+03
1.866757500000000164e+03
1.871338499999999840e+03
1.875919499999999971e+03
1.880500500000000102e+03
1.885081500000000005e+03
1.889662499999999909e+03
1.894243500000000040e+03
1.898824500000000171e+03
1.903405499999999847e+03
1.907986499999999978e+03
1.912567500000000109e+03
1.917148500000000013e+03
1.921729499999999916e+03
1.926310500000000047e+03
1.930891500000000178e+03
1.935472499999999854e+03
1.940053499999999985e+03
1.944634500000000116e+03
1.949215500000000020e+03
1.953796499999999924e+03
1.958377500000000055e+03
1.962958499999999958e+03
1.967539499999999862e+03
1.972120499999999993e+03
1.976701500000000124e+03
1.981282500000000027e+03
1.985863499999999931e+03
1.990444500000000062e+03
1.995025499999999965e+03
1.999606499999999869e+03
2.004187500000000000e+03
2.008768500000000131e+03
2.013349500000000035e+03
2.017930499999999938e+03
2.022511500000000069e+03
2.027092499999999973e+03
2.031673499999999876e+03
2.036254500000000007e+03
2.040835500000000138e+03
2.045416500000000042e+03
2.049997499999999945e+03
2.054578500000000076e+03
2.059159499999999753e+03
2.063740499999999884e+03
2.068321500000000015e+03
2.072902500000000146e+03
2.077483500000000276e+03
2.082064499999999953e+03
2.086645500000000084e+03
2.091226499999999760e+03
2.095807499999999891e+03
2.100388500000000022e+03
2.104969500000000153e+03
2.109550500000000284e+03
2.114131499999999960e+03
2.118712500000000091e+03
2.123293499999999767e+03
2.127874499999999898e+03
2.132455500000000029e+03
2.137036500000000160e+03
2.141617500000000291e+03
2.146198499999999967e+03
2.150779500000000098e+03
2.155360499999999774e+03
2.159941499999999905e+03
2.164522500000000036e+03
2.169103500000000167e+03
2.173684499999999844e+03
2.178265499999999975e+03
2.182846500000000106e+03
2.187427499999999782e+03
2.192008499999999913e+03
2.196589500000000044e+03
2.201170500000000175e+03
2.205751499999999851e+03
2.210332499999999982e+03
2.214913500000000113e+03
2.219494499999999789e+03
2.224075499999999920e+03
2.228656500000000051e+03
2.233237500000000182e+03
2.237818499999999858e+03
2.242399499999999989e+03
2.246980500000000120e+03
2.251561499999999796e+03
2.256142499999999927e+03
2.260723500000000058e+03
2.265304500000000189e+03
2.269885499999999865e+03
2.274466499999999996e+03
2.279047500000000127e+03
2.283628499999999804e+03
2.288209499999999935e+03
2.292790500000000065e+03
2.297371500000000196e+03
2.301952499999999873e+03
2.306533500000000004e+03
2.311114500000000135e+03
2.315695499999999811e+03
2.320276499999999942e+03
2.324857500000000073e+03
2.329438500000000204e+03
2.334019499999999880e+03
2.338600500000000011e+03
2.343181500000000142e+03
2.347762499999999818e+03
2.352343499999999949e+03
2.356924500000000080e+03
2.361505500000000211e+03
2.366086499999999887e+03
2.370667500000000018e+03
2.375248500000000149e+03
2.379829499999999825e+03
2.384410499999999956e+03
2.388991500000000087e+03
2.393572500000000218e+03
2.398153499999999894e+03
2.402734500000000025e+03
2.407315500000000156e+03
2.411896499999999833e+03
2.416477499999999964e+03
2.421058500000000095e+03
2.425639500000000226e+03
2.430220499999999902e+03
2.434801500000000033e+03
2.439382499999999709e+03
2.443963499999999840e+03
2.448544499999999971e+03
2.453125500000000102e+03
2.457706500000000233e+03
2.462287499999999909e+03
2.466868500000000040e+03
2.471449499999999716e+03
2.476030499999999847e+03
2.480611499999999978e+03
2.485192500000000109e+03
2.489773500000000240e+03
2.494354499999999916e+03
2.498935500000000047e+03
2.503516499999999724e+03
2.508097499999999854e+03
2.512678499999999985e+03
2.517259500000000116e+03
2.521840500000000247e+03
2.526421499999999924e+03
2.531002500000000055e+03
2.535583499999999731e+03
2.540164499999999862e+03
2.544745499999999993e+03
2.549326500000000124e+03
2.553907500000000255e+03
2.558488499999999931e+03
2.563069500000000062e+03
2.567650499999999738e+03
2.572231499999999869e+03
2.576812500000000000e+03
2.581393500000000131e+03
2.585974500000000262e+03
2.590555499999999938e+03
2.595136500000000069e+03
2.599717499999999745e+03
2.604298499999999876e+03
2.608879500000000007e+03
2.613460500000000138e+03
2.618041500000000269e+03
2.622622499999999945e+03
2.627203500000000076e+03
2.631784499999999753e+03
2.636365499999999884e+03
2.640946500000000015e+03
2.645527500000000146e+03
2.650108500000000276e+03
2.654689499999999953e+03
2.659270500000000084e+03
2.663851499999999760e+03
2.668432499999999891e+03
2.673013500000000022e+03
2.677594500000000153e+03
2.682175500000000284e+03
2.686756499999999960e+03
2.691337500000000091e+03
2.695918499999999767e+03
2.700499499999999898e+03
2.705080500000000029e+03
2.709661500000000160e+03
2.714242500000000291e+03
2.718823499999999967e+03
2.723404500000000098e+03
2.727985499999999774e+03
2.732566499999999905e+03
2.737147500000000036e+03
2.741728500000000167e+03
2.746309499999999844e+03
2.750890499999999975e+03
2.755471500000000106e+03
2.760052499999999782e+03
2.764633499999999913e+03
2.769214500000000044e+03
2.773795500000000175e+03
2.778376499999999851e+03
2.782957499999999982e+03
2.787538500000000113e+03
2.792119499999999789e+03
2.796700499999999920e+03
2.801281500000000051e+03
2.805862500000000182e+03
2.810443499999999858e+03
2.815024499999999989e+03
2.819605500000000120e+03
2.824186499999999796e+03
2.828767499999999927e+03
2.833348500000000058e+03
2.837929500000000189e+03
2.842510499999999865e+03
2.847091499999999996e+03
2.851672500000000127e+03
2.856253499999999804e+03
2.860834499999999935e+03
2.865415500000000065e+03
2.869996500000000196e+03
2.874577499999999873e+03
2.879158500000000004e+03
2.883739500000000135e+03
2.888320499999999811e+03
2.892901499999999942e+03
2.897482500000000073e+03
2.902063500000000204e+03
2.906644499999999880e+03
2.911225500000000011e+03
2.915806500000000142e+03
2.920387499999999818e+03
2.924968499999999949e+03
2.929549500000000080e+03
2.934130500000000211e+03
2.938711499999999887e+03
2.943292500000000018e+03
2.947873500000000149e+03
2.952454499999999825e+03
2.957035499999999956e+03
2.961616500000000087e+03
2.966197500000000218e+03
2.970778499999999894e+03
2.975359500000000025e+03
2.979940500000000156e+03
2.984521499999999833e+03
2.989102499999999964e+03
2.993683500000000095e+03
2.998264500000000226e+03
3.002845499999999902e+03
3.007426500000000033e+03
3.012007499999999709e+03
3.016588499999999840e+03
3.021169499999999971e+03
3.025750500000000102e+03
3.030331500000000233e+03
3.034912499999999909e+03
3.039493500000000040e+03
3.044074499999999716e+03
3.048655499999999847e+03
3.053236499999999978e+03
3.057817500000000109e+03
3.062398500000000240e+03
3.066979499999999916e+03
3.071560500000000047e+03
3.076141499999999724e+03
3.080722499999999854e+03
3.085303499999999985e+03
3.089884500000000116e+03
3.094465500000000247e+03
3.099046499999999924e+03
3.103627500000000055e+03
3.108208499999999731e+03
3.112789499999999862e+03
3.117370499999999993e+03
3.121951500000000124e+03
3.126532500000000255e+03
3.131113499999999931e+03
3.135694500000000062e+03
3.140275499999999738e+03
3.144856499999999869e+03
3.149437500000000000e+03
3.154018500000000131e+03
3.158599500000000262e+03
3.163180499999999938e+03
3.167761500000000069e+03
3.172342499999999745e+03
3.176923499999999876e+03
3.181504500000000007e+03
3.186085500000000138e+03
3.190666500000000269e+03
3.195247499999999945e+03
3.199828500000000076e+03
3.204409499999999753e+03
3.208990499999999884e+03
3.213571500000000015e+03
3.218152500000000146e+03
3.222733500000000276e+03
3.227314499999999953e+03
3.231895500000000084e+03
3.236476499999999760e+03
3.241057499999999891e+03
3.245638500000000022e+03
3.250219500000000153e+03
3.254800500000000284e+03
3.259381499999999960e+03
3.263962500000000091e+03
3.268543499999999767e+03
3.273124499999999898e+03
3.277705500000000029e+03
3.282286500000000160e+03
3.286867500000000291e+03
3.291448499999999967e+03
3.296029500000000098e+03
3.300610499999999774e+03
3.305191499999999905e+03
3.309772500000000036e+03
3.314353500000000167e+03
3.318934499999999844e+03
3.323515499999999975e+03
3.328096500000000106e+03
3.332677499999999782e+03
3.337258499999999913e+03
3.341839500000000044e+03
3.346420500000000175e+03
3.351001499999999851e+03
3.355582499999999982e+03
3.360163500000000113e+03
3.364744499999999789e+03
3.369325499999999920e+03
3.373906500000000051e+03
3.378487500000000182e+03
3.383068499999999858e+03
3.387649499999999989e+03
3.392230500000000120e+03
3.396811499999999796e+03
3.401392499999999927e+03
3.405973500000000058e+03
3.410554500000000189e+03
3.415135499999999865e+03
3.419716499999999996e+03
3.424297500000000127e+03
3.428878499999999804e+03
3.433459499999999935e+03
3.438040500000000065e+03
3.442621500000000196e+03
3.447202499999999873e+03
3.451783500000000004e+03
3.456364500000000135e+03
3.460945499999999811e+03
3.465526499999999942e+03
3.470107500000000073e+03
3.474688500000000204e+03
3.479269499999999880e+03
3.483850500000000011e+03
3.488431500000000142e+03
3.493012499999999818e+03
3.497593499999999949e+03
3.502174500000000080e+03
3.506755500000000211e+03
3.511336499999999887e+03
3.515917500000000018e+03
3.520498500000000149e+03
3.525079499999999825e+03
3.529660499999999956e+03
3.534241500000000087e+03
3.538822500000000218e+03
3.543403499999999894e+03
3.547984500000000025e+03
3.552565500000000156e+03
3.557146499999999833e+03
3.561727499999999964e+03
3.566308500000000095e+03
3.570889500000000226e+03
3.575470499999999902e+03
3.580051500000000033e+03
3.584632499999999709e+03
3.589213499999999840e+03
