2.048005334389174000e+15
1.888497781886769000e+15
1.802977833383995000e+15
1.688796302502926000e+15
1.573539493224743000e+15
1.486922099236212000e+15
1.393158331569211000e+15
1.344715392487998000e+15
1.306397225738486000e+15
1.239161929496626000e+15
1.191978887166908000e+15
1.109169511139770000e+15
1.074208476696981000e+15
1.010907449236382000e+15
9.784587792952530000e+14
9.669907705083310000e+14
8.975320491970090000e+14
8.481661396451700000e+14
8.693553743745640000e+14
7.883403072743510000e+14
7.997614384461650000e+14
7.472947001263380000e+14
6.871622791723550000e+14
6.962152739080350000e+14
6.808374125672920000e+14
6.488112484415010000e+14
5.999260532963500000e+14
5.944255077970340000e+14
5.718572983230400000e+14
5.693240728999370000e+14
5.431690890487450000e+14
5.524981954278860000e+14
5.258064712107550000e+14
5.045003907493330000e+14
5.090807064455040000e+14
4.948509627076360000e+14
4.747529798964860000e+14
4.551978062628590000e+14
4.200954712703500000e+14
4.151360391728400000e+14
4.163937649633550000e+14
3.993417817499430000e+14
3.830326499866300000e+14
3.705976439246040000e+14
3.795587593876780000e+14
3.563142367685340000e+14
3.564113270731410000e+14
3.491069713556670000e+14
3.402828875661890000e+14
3.378673466291880000e+14
3.170553783159740000e+14
3.056705292526740000e+14
3.144638650050300000e+14
2.949196007705230000e+14
2.874457572864690000e+14
2.908641325419810000e+14
2.569567669835780000e+14
2.872767164416690000e+14
2.707749901759270000e+14
2.681398116567610000e+14
2.631327648799380000e+14
2.394333930071780000e+14
2.492589006740600000e+14
2.382611412050900000e+14
2.314456030749400000e+14
2.234122068761890000e+14
2.377129664439900000e+14
2.244642089401340000e+14
2.182542222671200000e+14
2.178088876361000000e+14
2.081020544306410000e+14
2.128814228266820000e+14
2.009223793591270000e+14
1.912203629406270000e+14
2.033266147180800000e+14
1.873043767319380000e+14
1.814235323466250000e+14
1.842124454415020000e+14
1.719384150236530000e+14
1.728392455491320000e+14
1.651317037721550000e+14
1.732638131367910000e+14
1.582708299886700000e+14
1.620098423516520000e+14
1.591185158405750000e+14
1.649755565621350000e+14
1.581352221290300000e+14
1.639616313206900000e+14
1.456321982028430000e+14
1.408010801264300000e+14
1.456750646162440000e+14
1.503679769047470000e+14
1.409250663590130000e+14
1.295949537485300000e+14
1.286545016235850000e+14
1.291166134060980000e+14
1.290570618431800000e+14
1.289003090127700000e+14
1.103189749571490000e+14
1.215735744599280000e+14
1.229387255204770000e+14
1.347951088269100000e+14
1.195520087559350000e+14
1.157390987972380000e+14
1.077753384467970000e+14
1.001604578476400000e+14
1.140899870976060000e+14
1.000924966574920000e+14
9.021207620094700000e+13
1.013269931906750000e+14
9.303672164317800000e+13
9.444491745980200000e+13
8.952476589781000000e+13
9.168870109471600000e+13
8.960808965818100000e+13
8.660723077146400000e+13
8.609946659836700000e+13
8.502655348989900000e+13
9.119843360886400000e+13
7.998152842498300000e+13
7.951027609577500000e+13
8.159193974787700000e+13
7.464671062641200000e+13
7.204978998769200000e+13
7.292302017831600000e+13
8.662892091286400000e+13
7.550943502925500000e+13
6.821185520073400000e+13
6.560948941782500000e+13
6.862621022614400000e+13
6.639355598784600000e+13
6.701821388582800000e+13
5.769801661511800000e+13
6.397279055664100000e+13
6.784153645465800000e+13
6.100787135821600000e+13
5.972642663700800000e+13
6.019739634346900000e+13
6.706083187915300000e+13
5.106686846231200000e+13
5.812740594611700000e+13
6.101898440423500000e+13
5.695794342133600000e+13
5.656984763104500000e+13
5.537303968800800000e+13
5.731210816598600000e+13
5.725759970400400000e+13
5.103955735677800000e+13
4.261466550228500000e+13
4.528963432536400000e+13
5.242689420864000000e+13
5.268852751115200000e+13
4.514893861307600000e+13
4.559601464335400000e+13
4.714366021864100000e+13
3.832659376234000000e+13
5.002591643587900000e+13
4.214169668610900000e+13
3.999221454567700000e+13
4.270979925988900000e+13
3.827727617247900000e+13
4.238397728004600000e+13
4.836701924383500000e+13
4.246747025364500000e+13
3.923756925437600000e+13
4.130341791764000000e+13
4.278771817311700000e+13
3.885041986917100000e+13
3.374635072620000000e+13
3.527288919221600000e+13
3.396595063086000000e+13
3.366808567504200000e+13
4.047330775424300000e+13
3.657867396596600000e+13
3.301657006946000000e+13
3.409045128835300000e+13
3.216950252203800000e+13
3.677198729053000000e+13
3.230841726066300000e+13
3.227964014077900000e+13
3.444670655843100000e+13
2.922095306765100000e+13
3.292021006518100000e+13
2.790627154864800000e+13
3.090734038183800000e+13
2.519924924795500000e+13
2.809966811509000000e+13
2.742731253634400000e+13
2.920330002287500000e+13
2.502754562751400000e+13
3.201845656442200000e+13
1.933659860246300000e+13
2.136781459450700000e+13
2.327280696307800000e+13
2.432218650793100000e+13
2.390976197473600000e+13
2.436908070649000000e+13
2.691487730572200000e+13
2.107660575860600000e+13
2.217502470459300000e+13
2.043947757568800000e+13
2.388373308642000000e+13
2.295010817039600000e+13
1.886783770671000000e+13
2.434786437327300000e+13
1.904084069340300000e+13
2.091616526606500000e+13
2.222545007452600000e+13
1.730845666984300000e+13
2.278767997593900000e+13
1.806496236839700000e+13
1.567585117121400000e+13
2.151941142035200000e+13
1.951878021729900000e+13
2.060442452941100000e+13
1.803018702337000000e+13
1.371748565880600000e+13
1.272553447462200000e+13
1.570431972268000000e+13
1.548624291797800000e+13
1.343895359788900000e+13
1.355687933422500000e+13
1.579952840100300000e+13
1.433497213244700000e+13
1.427783406126300000e+13
1.287878075040100000e+13
1.369201802221800000e+13
1.391310888194800000e+13
1.211346471067500000e+13
1.177607224729900000e+13
1.394657621880900000e+13
1.322499897494100000e+13
1.154192360077300000e+13
1.021946273515400000e+13
1.068910126365700000e+13
1.261831431410100000e+13
1.206824246727900000e+13
7.407583822198000000e+12
9.851791035859000000e+12
9.924789292512000000e+12
1.226008007333800000e+13
1.260757017745200000e+13
8.717609617645000000e+12
8.768309218639000000e+12
1.268827371360100000e+13
8.569752585328000000e+12
7.880500497046000000e+12
1.013156482240300000e+13
9.389127390135000000e+12
9.570640725826000000e+12
8.832684122429000000e+12
9.727472804845000000e+12
8.638231130155000000e+12
7.428564825710000000e+12
8.787368005395000000e+12
6.930262964958000000e+12
9.966145334183000000e+12
1.004133672789300000e+13
7.859090371809000000e+12
6.947602098581000000e+12
8.144848177373000000e+12
7.645532994951000000e+12
6.609081162427000000e+12
6.768505483129000000e+12
8.354270990342000000e+12
7.549215314871000000e+12
8.104058751333000000e+12
7.779452170871000000e+12
7.576907373412000000e+12
7.226638035055000000e+12
5.909597352537000000e+12
4.814283758123000000e+12
6.481666613659000000e+12
6.306022221522000000e+12
6.645219339079000000e+12
6.104484201857000000e+12
8.639722060472000000e+12
6.011470735477000000e+12
6.166015058368000000e+12
6.988088558987000000e+12
7.868833758127000000e+12
6.644190725860000000e+12
4.581821051154000000e+12
6.504512418359000000e+12
6.239360901101000000e+12
5.278093229863000000e+12
7.191956952719000000e+12
8.815913422276000000e+12
5.688631199392000000e+12
3.725166807376000000e+12
5.844015622055000000e+12
4.173664233135000000e+12
4.682607037480000000e+12
6.318727464516000000e+12
3.881841594847000000e+12
4.214049172431000000e+12
2.529621210879000000e+12
3.198274628925000000e+12
5.496338307571000000e+12
3.019376031165000000e+12
4.460483350903000000e+12
6.991234501272000000e+12
5.148613896354000000e+12
5.219990664150000000e+12
3.267614550626000000e+12
3.296176267254000000e+12
4.472153039593000000e+12
4.709059225047000000e+12
4.185925948165000000e+12
2.719091737321000000e+12
2.999303813841000000e+12
2.144457260093000000e+12
4.473672573821000000e+12
2.987959837293000000e+12
3.376671785925000000e+12
3.692185670230000000e+12
4.210689904333000000e+12
5.429156784916000000e+12
2.714538605957000000e+12
3.368261391733000000e+12
2.842393153002000000e+12
2.734647632470000000e+12
3.082221491178000000e+12
5.319488529750000000e+12
5.963383573834000000e+12
2.729827287077000000e+12
4.405182991294000000e+12
1.691681141449000000e+12
3.412187121254000000e+12
2.414565682592000000e+12
2.658375542599000000e+12
4.812905203851000000e+12
3.032258738930000000e+12
2.956033172322000000e+12
3.843342951832000000e+12
2.950025682518000000e+12
1.770015409510000000e+12
2.708059473336000000e+12
2.328505269780000000e+12
2.448398978543000000e+12
3.469299780918000000e+12
1.828588969789000000e+12
4.155613256014000000e+12
3.296138320712000000e+12
4.596598834523000000e+12
2.101733236665000000e+12
2.360020546014000000e+12
2.975341997538000000e+12
1.888286519616000000e+12
8.850077047550000000e+11
2.977137288200000000e+12
2.098788788799000000e+12
3.532638122850000000e+11
6.256133615270000000e+11
1.222018171149000000e+12
2.040462290881000000e+12
1.770015409510000000e+12
1.481806588761000000e+12
2.362719656459000000e+12
6.087538834310000000e+11
1.865642578286000000e+12
1.770015409510000000e+12
1.215382681204000000e+12
1.512424093029000000e+12
5.958425720280000000e+11
1.599277415698000000e+12
1.450362605977000000e+12
1.564206388438000000e+12
1.479902245157000000e+12
2.360020546014000000e+12
2.065017977762000000e+12
2.265372576953000000e+12
1.221582489378000000e+12
2.532236982097000000e+12
1.219159744584000000e+12
1.479657135822000000e+12
8.767751256490000000e+11
2.369807855230000000e+12
1.830785015382000000e+12
9.381643336430000000e+11
2.346283833289000000e+12
2.065017977762000000e+12
2.655023114266000000e+12
1.238165927852000000e+12
1.986060056386000000e+12
2.065017977762000000e+12
1.513014517892000000e+12
2.083577126702000000e+12
1.536736511546000000e+12
1.475012841259000000e+12
1.566677944096000000e+12
1.020944934991000000e+12
2.127176963478000000e+12
1.185734737599000000e+12
2.167453436617000000e+12
8.569083964060000000e+11
1.011349050182000000e+12
8.452820414500000000e+11
1.297924914575000000e+12
1.474755018999000000e+12
1.652950786296000000e+12
1.975018836234000000e+12
2.756412389993000000e+12
1.524592656612000000e+12
1.456878370932000000e+12
1.795519739531000000e+12
1.777431751148000000e+12
2.255472057345000000e+12
1.624548329770000000e+12
1.479222382762000000e+12
1.483305041909000000e+12
5.900051365030000000e+11
1.180010273007000000e+12
3.308214746255000000e+12
8.850077047550000000e+11
2.169637005172000000e+12
5.900051365030000000e+11
1.508110971652000000e+12
1.486125039491000000e+12
1.180010273007000000e+12
8.935769160550000000e+11
1.475012841259000000e+12
8.850077047550000000e+11
1.770015409510000000e+12
1.180010273007000000e+12
2.950025682510000000e+11
6.124338357710000000e+11
1.219535534295000000e+12
1.184170989983000000e+12
8.912526565850000000e+11
6.140461321080000000e+11
1.072410466993000000e+12
8.733065461040000000e+11
