1.166616148356864000e+15
1.113209224739796000e+15
1.067178378949978000e+15
1.026595070544758000e+15
9.925620365164840000e+14
9.683003377327450000e+14
9.323898819036470000e+14
9.097456417361170000e+14
8.862327997837230000e+14
8.672423188434260000e+14
8.403521457304890000e+14
8.239772597472750000e+14
8.116273576158880000e+14
7.936157514041900000e+14
7.721982404721030000e+14
7.595270399941280000e+14
7.448874703445390000e+14
7.313949453775480000e+14
7.196374322120090000e+14
7.045751939265180000e+14
6.924257790080010000e+14
6.826325822127520000e+14
6.698160422627700000e+14
6.606614777859870000e+14
6.540962311402210000e+14
6.430651775299350000e+14
6.335820939804350000e+14
6.255998872314040000e+14
6.134745206271940000e+14
6.023359186986640000e+14
5.982896999707670000e+14
5.857634975315190000e+14
5.804619776539040000e+14
5.668733755103680000e+14
5.604767535583370000e+14
5.564965181067090000e+14
5.455319159071320000e+14
5.435841983720590000e+14
5.240167436012940000e+14
5.198743013292860000e+14
5.109131059311720000e+14
5.105340641886060000e+14
5.023165721808680000e+14
4.900205048880200000e+14
4.843068046542370000e+14
4.817338911781420000e+14
4.727214170190130000e+14
4.585600983996080000e+14
4.590764582666990000e+14
4.489409914076430000e+14
4.442166810370330000e+14
4.348596083185260000e+14
4.283600227924680000e+14
4.244048390747470000e+14
4.154100067957370000e+14
4.115090150571540000e+14
4.059183806527900000e+14
3.958873296288010000e+14
3.917902945657990000e+14
3.848827899028210000e+14
3.796595268148150000e+14
3.727853283187120000e+14
3.690256793281890000e+14
3.635644193019580000e+14
3.575352858971100000e+14
3.473360065230770000e+14
3.391551535985190000e+14
3.355187908602250000e+14
3.331975461407890000e+14
3.238120480656180000e+14
3.231448012512020000e+14
3.146666034906650000e+14
3.110032714904230000e+14
3.015953372866180000e+14
2.947185724557760000e+14
2.911653747650880000e+14
2.829917573926150000e+14
2.851625950372950000e+14
2.746377290043230000e+14
2.748480695053080000e+14
2.678753529188240000e+14
2.654059716973950000e+14
2.599749199197470000e+14
2.545895204598760000e+14
2.494237858898870000e+14
2.435844961655220000e+14
2.439864714295840000e+14
2.346089377308400000e+14
2.319478210179450000e+14
2.285892336344490000e+14
2.219130911738270000e+14
2.187385796537670000e+14
2.150440017089310000e+14
2.100075458561530000e+14
2.076975889764800000e+14
2.002636923772220000e+14
1.985952073366290000e+14
1.950304338216220000e+14
1.913036343467090000e+14
1.879418824853150000e+14
1.803368491455160000e+14
1.802985524782460000e+14
1.764111394760870000e+14
1.720051822458830000e+14
1.697594845020500000e+14
1.625194338680730000e+14
1.602191653709200000e+14
1.605815948841470000e+14
1.553998649513880000e+14
1.533370003657200000e+14
1.513818163300490000e+14
1.450346325105700000e+14
1.433329917698090000e+14
1.397571125951220000e+14
1.387902748820320000e+14
1.339929472649420000e+14
1.321880592870350000e+14
1.303834807810070000e+14
1.294694098546270000e+14
1.254896197879630000e+14
1.238853115341920000e+14
1.216833459890840000e+14
1.185034824995840000e+14
1.172092303393050000e+14
1.150709258231850000e+14
1.142605212911750000e+14
1.129261838143630000e+14
1.083283598235970000e+14
1.063269204481190000e+14
1.064389698266270000e+14
1.048370855702660000e+14
1.015445214661790000e+14
1.020287979616070000e+14
9.925093612822700000e+13
9.693139454485800000e+13
9.517375858218100000e+13
9.186679863951800000e+13
9.161293470519300000e+13
8.872796103443000000e+13
8.829315260059000000e+13
8.817159802186400000e+13
8.592755620211600000e+13
8.365073054441900000e+13
8.476950729975100000e+13
8.031017289547300000e+13
8.176461608835900000e+13
7.809185365898400000e+13
7.911920826993900000e+13
7.614105550876500000e+13
7.472617594262300000e+13
7.526181483764800000e+13
7.251399286386500000e+13
7.153330089093100000e+13
6.845834849217900000e+13
7.045119036853500000e+13
6.881463385933700000e+13
6.866271545263500000e+13
6.634397366482400000e+13
6.707542944942900000e+13
6.446736874131100000e+13
6.432549189679700000e+13
6.265698973423100000e+13
6.261433298273600000e+13
6.091756610573300000e+13
6.154569021740100000e+13
6.163414919019300000e+13
5.850420918403900000e+13
5.636475961617400000e+13
5.698074976614300000e+13
5.791182017737500000e+13
5.487494726951900000e+13
5.419679752598200000e+13
5.308443159625100000e+13
5.277153433279200000e+13
5.227916516306700000e+13
5.173376796897500000e+13
5.095633715867000000e+13
5.060561922637400000e+13
4.895596459519400000e+13
4.918025195415000000e+13
4.661474814770100000e+13
4.979244837741400000e+13
4.717866027828000000e+13
4.848173138864000000e+13
4.597753483195200000e+13
4.681338315996900000e+13
4.456610942355200000e+13
4.497676640853800000e+13
4.500986924232200000e+13
4.467986274670900000e+13
4.442177786447400000e+13
4.267090600104100000e+13
4.087752440429400000e+13
4.230042618038300000e+13
4.205633565039200000e+13
3.950436941904800000e+13
4.080707890531000000e+13
3.950425363092500000e+13
3.915030461672800000e+13
3.867698989630600000e+13
3.748686999446100000e+13
3.850129000251900000e+13
3.739825219218600000e+13
3.622959770207800000e+13
3.680779645239900000e+13
3.759647094177100000e+13
3.561084305416000000e+13
3.447228846901500000e+13
3.448450698454200000e+13
3.375782177349100000e+13
3.474991792054300000e+13
3.282755007728400000e+13
3.356890775489900000e+13
3.211854295868700000e+13
3.284362102297700000e+13
3.216756529052100000e+13
3.154901247637300000e+13
3.193687376903600000e+13
3.089394382458900000e+13
3.026872820105300000e+13
2.965256067819700000e+13
2.920375258127900000e+13
3.104003266981700000e+13
2.966081795007400000e+13
2.930118140114200000e+13
2.940379683722400000e+13
2.904788815288200000e+13
2.830755739807200000e+13
2.769832932933600000e+13
2.865007913458700000e+13
2.649046844671600000e+13
2.772484889398600000e+13
2.596793897889200000e+13
2.602565427833100000e+13
2.618718056960300000e+13
2.545457724676900000e+13
2.562688944232500000e+13
2.454021967128100000e+13
2.557945353587600000e+13
2.516824939413400000e+13
2.339413615014400000e+13
2.436548127113300000e+13
2.363834529856800000e+13
2.431669817487900000e+13
2.300726783563800000e+13
2.460911352946700000e+13
2.378053689302800000e+13
2.235835193931000000e+13
2.170378416806500000e+13
2.187990245824100000e+13
2.245441189720800000e+13
2.256066832003500000e+13
2.070338678696900000e+13
2.100777903045300000e+13
2.138813120395200000e+13
2.148454117742900000e+13
2.019441690962700000e+13
2.067215644756200000e+13
2.028603692751100000e+13
1.939461907829800000e+13
2.000796820206700000e+13
1.879247130988700000e+13
1.881787475232100000e+13
1.871706869549400000e+13
1.845252438068000000e+13
1.940566506477000000e+13
1.805082208284000000e+13
1.879056110775700000e+13
1.999451456393400000e+13
1.692592833314800000e+13
1.750802740430200000e+13
1.834487702491900000e+13
1.789588981599200000e+13
1.753062759543700000e+13
1.776730972014600000e+13
1.793186174456800000e+13
1.711813216929900000e+13
1.762924478706900000e+13
1.690128580631200000e+13
1.696413788395400000e+13
1.592611979684700000e+13
1.713063603210500000e+13
1.570955445030300000e+13
1.616208167371500000e+13
1.520011222930800000e+13
1.548998798999600000e+13
1.503501433469900000e+13
1.540183051314800000e+13
1.378162997116500000e+13
1.452505847273800000e+13
1.413166804752900000e+13
1.456726679959800000e+13
1.404902839522500000e+13
1.388164302464700000e+13
1.464552784108200000e+13
1.330933953304400000e+13
1.379579044169700000e+13
1.393546595165200000e+13
1.337080110988600000e+13
1.352845959775400000e+13
1.380175746548700000e+13
1.284406125934900000e+13
1.279562416166400000e+13
1.216329138218700000e+13
1.275216422699100000e+13
1.269228835734500000e+13
1.246244512239200000e+13
1.228366433226500000e+13
1.177115891922100000e+13
1.203474366104700000e+13
1.206023103697800000e+13
1.131185917618200000e+13
1.170036244376900000e+13
1.173038136627900000e+13
1.135467462174600000e+13
1.095019660703000000e+13
1.111589428439000000e+13
1.094249004236300000e+13
1.123103767812400000e+13
1.027891549535900000e+13
1.060434260566200000e+13
9.980087620303000000e+12
1.058941915843100000e+13
1.058315233524500000e+13
1.023471415561400000e+13
9.394196314794000000e+12
1.038842323573800000e+13
9.771578533618000000e+12
1.021972292792800000e+13
9.331136373536000000e+12
8.989179477870000000e+12
9.299152443610000000e+12
1.014035350937200000e+13
9.270667875293000000e+12
9.371067678106000000e+12
8.809173120823000000e+12
8.541730384663000000e+12
8.961662133615000000e+12
8.670310728861000000e+12
8.707053328638000000e+12
8.009457326661000000e+12
8.240787689079000000e+12
8.420538701764000000e+12
8.437075743040000000e+12
8.151320730010000000e+12
7.936469820432000000e+12
7.702622343075000000e+12
8.263136391794000000e+12
7.541616164043000000e+12
7.618473815606000000e+12
7.727062866379000000e+12
7.473234617877000000e+12
7.207901764886000000e+12
6.872778693096000000e+12
7.337762416373000000e+12
7.850383454841000000e+12
7.339988679636000000e+12
7.042094394776000000e+12
7.391236167528000000e+12
7.463432322963000000e+12
7.385755977826000000e+12
6.987589827455000000e+12
6.449044984678000000e+12
5.966048751768000000e+12
7.051636698606000000e+12
7.016210419404000000e+12
6.284343337719000000e+12
6.192119798422000000e+12
6.303808841323000000e+12
6.212943016384000000e+12
6.163771446117000000e+12
6.416743061661000000e+12
6.254654698486000000e+12
5.269042761155000000e+12
5.433442893271000000e+12
6.113684917170000000e+12
5.741099844480000000e+12
5.908291503453000000e+12
5.511664465733000000e+12
5.217149018809000000e+12
5.732163169563000000e+12
5.591717869743000000e+12
4.913660040125000000e+12
5.291386316761000000e+12
5.306442270391000000e+12
5.105321581608000000e+12
5.081029200191000000e+12
4.694031373673000000e+12
5.126785076460000000e+12
5.017084165894000000e+12
4.753490768037000000e+12
4.586844435560000000e+12
4.645490012126000000e+12
4.652658194380000000e+12
5.130795303072000000e+12
4.321005633062000000e+12
4.468778783339000000e+12
4.041646473282000000e+12
4.619073848755000000e+12
4.415095070090000000e+12
4.777507247603000000e+12
4.380353646018000000e+12
4.276705892736000000e+12
4.324353718803000000e+12
4.135104812839000000e+12
4.290295596141000000e+12
4.068607918139000000e+12
4.032883284038000000e+12
3.465824829773000000e+12
4.411005203620000000e+12
3.948949446327000000e+12
3.760697809006000000e+12
3.713611614489000000e+12
3.555845343882000000e+12
3.665546347426000000e+12
3.859092676270000000e+12
3.531935668795000000e+12
3.731219181904000000e+12
2.992428290311000000e+12
3.116499571896000000e+12
3.618314046805000000e+12
3.034352696522000000e+12
3.224844460194000000e+12
3.210437529666000000e+12
3.188159805480000000e+12
3.276630337776000000e+12
3.169008782774000000e+12
2.769847349915000000e+12
3.241848416074000000e+12
2.970129771432000000e+12
3.092222144983000000e+12
3.234798199669000000e+12
2.631770302785000000e+12
3.077615866581000000e+12
3.019454041506000000e+12
2.932645287016000000e+12
2.745229124723000000e+12
2.798192407149000000e+12
2.403567304909000000e+12
2.838621169584000000e+12
2.892019954791000000e+12
2.624090939359000000e+12
2.328723331619000000e+12
2.521247413099000000e+12
2.182604380082000000e+12
2.252907400635000000e+12
2.630530399833000000e+12
2.423491213882000000e+12
2.397329215379000000e+12
2.426531082473000000e+12
2.599409177370000000e+12
2.369564010283000000e+12
2.401612520506000000e+12
2.277431191319000000e+12
2.025357858443000000e+12
2.149714914794000000e+12
1.736626376832000000e+12
1.895466461255000000e+12
2.029198201564000000e+12
2.099887891159000000e+12
1.773435412338000000e+12
2.110866910037000000e+12
2.002055943054000000e+12
1.919274730918000000e+12
2.039058143133000000e+12
1.657172683568000000e+12
1.910273026112000000e+12
1.841235735743000000e+12
1.632404609559000000e+12
1.479886974752000000e+12
1.798070624235000000e+12
1.704328775840000000e+12
1.754829192749000000e+12
1.565505200938000000e+12
1.525378994329000000e+12
1.691001299783000000e+12
1.360011824946000000e+12
1.734442373051000000e+12
1.486959264376000000e+12
1.425643507131000000e+12
1.577393712003000000e+12
1.292367662115000000e+12
1.285062979867000000e+12
1.211254634932000000e+12
1.422732548196000000e+12
1.428685291421000000e+12
1.234336232447000000e+12
1.135114034402000000e+12
1.075229836139000000e+12
1.188461351565000000e+12
1.127365790977000000e+12
8.717464507460000000e+11
1.286760596092000000e+12
1.258400906351000000e+12
1.036488531903000000e+12
1.077135733312000000e+12
9.215759645320000000e+11
1.076633274738000000e+12
1.286484975953000000e+12
9.947195959900000000e+11
1.128747039558000000e+12
9.912382194120000000e+11
1.279365887971000000e+12
9.423023182330000000e+11
1.064298425346000000e+12
1.037020759341000000e+12
9.251440093780000000e+11
8.938801856250000000e+11
1.178572693798000000e+12
9.334187311450000000e+11
1.066370322219000000e+12
9.138272649370000000e+11
1.017977892856000000e+12
8.818723509590000000e+11
8.477755170070000000e+11
9.282448700450000000e+11
9.145422030290000000e+11
8.688178514330000000e+11
7.017055028880000000e+11
6.462810014640000000e+11
6.934299952850000000e+11
9.147212696020000000e+11
8.005796712270000000e+11
7.088280253480000000e+11
6.763855393780000000e+11
5.455203467920000000e+11
7.203982186980000000e+11
6.642992506920000000e+11
8.067794774000000000e+11
6.063986344710000000e+11
6.951665935040000000e+11
5.572898959650000000e+11
5.388852371600000000e+11
7.316667867000000000e+11
5.398007977630000000e+11
6.418415818060000000e+11
5.012033957960000000e+11
5.642347825720000000e+11
5.059674861080000000e+11
5.638391635920000000e+11
4.663064069970000000e+11
5.767953505510000000e+11
6.393438366350000000e+11
6.425620502180000000e+11
3.746709954730000000e+11
5.611588055810000000e+11
4.226603193190000000e+11
5.044519732880000000e+11
6.300754709830000000e+11
4.939447006700000000e+11
5.632058418740000000e+11
5.070245802760000000e+11
4.596116998630000000e+11
5.411594769470000000e+11
3.527573203110000000e+11
4.847281572990000000e+11
3.181622120880000000e+11
4.226862013710000000e+11
3.953308061680000000e+11
5.386680558560000000e+11
3.797717466830000000e+11
3.740432184690000000e+11
4.082784095120000000e+11
4.036259208000000000e+11
3.975670771680000000e+11
3.307534353190000000e+11
4.299362179820000000e+11
3.836010881750000000e+11
2.790145650490000000e+11
3.463439032570000000e+11
3.252309786710000000e+11
3.709966220780000000e+11
3.618211135120000000e+11
2.977420380000000000e+11
2.272241294800000000e+11
2.466631756670000000e+11
2.741247474700000000e+11
2.264166260760000000e+11
2.545327095180000000e+11
3.757508347560000000e+11
3.270906293250000000e+11
1.729923542370000000e+11
2.819092430790000000e+11
3.572312012330000000e+11
2.353547006280000000e+11
2.775766113410000000e+11
1.934392080360000000e+11
3.019722659490000000e+11
2.845554251320000000e+11
2.445199943790000000e+11
2.704116439490000000e+11
2.850297115360000000e+11
2.631672648070000000e+11
1.829865649500000000e+11
1.684776491820000000e+11
3.673924165850000000e+11
2.683512986350000000e+11
2.029702311900000000e+11
1.790345323800000000e+11
2.183257202580000000e+11
2.791688378260000000e+11
1.666558980190000000e+11
1.478097739140000000e+11
1.787282074600000000e+11
1.942402447940000000e+11
2.418164437500000000e+11
1.730220904050000000e+11
2.919781201930000000e+11
2.659745713680000000e+11
1.042142895600000000e+11
1.221948771840000000e+11
2.038834327390000000e+11
2.120884733580000000e+11
1.486529480260000000e+11
2.888044329370000000e+11
1.614967122700000000e+11
1.992751137650000000e+11
1.923460443330000000e+11
1.441387263960000000e+11
1.225936955490000000e+11
1.030893509550000000e+11
1.004053494840000000e+11
1.271573192970000000e+11
1.613431384030000000e+11
8.904028241400000000e+10
2.270758650350000000e+11
1.760349355300000000e+11
1.100315232690000000e+11
1.555125785560000000e+11
1.268308069030000000e+11
1.593297109460000000e+11
1.266397552270000000e+11
1.185417049660000000e+11
1.294655374320000000e+11
1.247024249610000000e+11
1.562009328080000000e+11
1.372058331730000000e+11
1.271504764270000000e+11
2.170279938530000000e+11
2.383140520160000000e+11
5.256259074000000000e+10
1.299750733740000000e+11
1.180944519020000000e+11
1.058891083650000000e+11
1.209041378830000000e+11
1.163407676610000000e+11
7.032482654500000000e+10
7.682690139300000000e+10
9.823454655600000000e+10
1.477619689100000000e+11
1.422500465770000000e+11
1.297941555620000000e+11
5.540023725900000000e+10
8.163488353400000000e+10
9.663348818000000000e+10
7.572083203500000000e+10
1.409961641750000000e+11
8.298216092300000000e+10
5.767939302300000000e+10
7.376247075800000000e+10
7.516124704300000000e+10
9.287552673600000000e+10
1.064745724840000000e+11
1.003893287430000000e+11
2.412935532800000000e+10
4.943268304200000000e+10
5.475922233900000000e+10
4.557267812800000000e+10
6.468000298700000000e+10
6.897627422100000000e+10
4.944238960900000000e+10
1.062161046790000000e+11
1.035406603950000000e+11
9.281100818400000000e+10
1.078795333900000000e+10
3.591799973000000000e+10
7.399687060600000000e+10
5.194913885900000000e+10
3.183948915000000000e+10
9.353934684200000000e+10
1.032398288260000000e+11
6.023296097300000000e+10
5.929726683500000000e+10
8.278150895000000000e+10
9.281281820000000000e+10
1.624647533800000000e+10
3.631745031400000000e+10
5.282044668500000000e+10
4.107999063000000000e+09
4.509951932900000000e+10
7.862072051700000000e+10
9.402273067900000000e+10
4.560513889100000000e+10
3.048614818100000000e+10
6.862903655000000000e+10
7.683975440600000000e+10
2.685949533300000000e+10
3.001421229600000000e+10
3.535850374400000000e+10
1.535706198600000000e+10
8.751810695700000000e+10
4.053449517500000000e+10
9.216061036800000000e+10
5.948212759800000000e+10
4.947129412300000000e+10
2.631190009900000000e+10
5.547941706800000000e+10
1.122348857500000000e+10
7.024258106000000000e+10
4.769629249300000000e+10
5.320792766000000000e+09
1.922890043700000000e+10
3.468580674700000000e+10
4.864275400300000000e+10
5.953232458200000000e+10
1.522243172100000000e+10
5.814698551200000000e+10
2.092725980000000000e+10
5.669602948400000000e+10
4.940049984400000000e+10
8.713031806800000000e+10
5.264178196200000000e+10
4.874875748000000000e+10
