1.676999999999999957e+01
1.755000000000000071e+01
1.832999999999999829e+01
1.910999999999999943e+01
1.989000000000000057e+01
2.067000000000000171e+01
2.144999999999999929e+01
2.223000000000000043e+01
2.300999999999999801e+01
2.378999999999999915e+01
2.457000000000000028e+01
2.535000000000000142e+01
2.612999999999999901e+01
2.691000000000000014e+01
2.768999999999999773e+01
2.846999999999999886e+01
2.925000000000000000e+01
3.003000000000000114e+01
3.081000000000000227e+01
3.158999999999999986e+01
3.236999999999999744e+01
3.314999999999999858e+01
3.392999999999999972e+01
3.471000000000000085e+01
3.549000000000000199e+01
3.626999999999999602e+01
3.704999999999999716e+01
3.782999999999999829e+01
3.860999999999999943e+01
3.939000000000000057e+01
4.017000000000000171e+01
4.095000000000000284e+01
4.173000000000000398e+01
4.250999999999999801e+01
4.328999999999999915e+01
4.407000000000000028e+01
4.485000000000000142e+01
4.563000000000000256e+01
4.640999999999999659e+01
4.718999999999999773e+01
4.796999999999999886e+01
4.875000000000000000e+01
4.953000000000000114e+01
5.031000000000000227e+01
5.109000000000000341e+01
5.186999999999999744e+01
5.264999999999999858e+01
5.342999999999999972e+01
5.421000000000000085e+01
5.499000000000000199e+01
5.576999999999999602e+01
5.654999999999999716e+01
5.732999999999999829e+01
5.810999999999999943e+01
5.889000000000000057e+01
5.967000000000000171e+01
6.045000000000000284e+01
6.123000000000000398e+01
6.200999999999999801e+01
6.278999999999999915e+01
6.357000000000000028e+01
6.434999999999999432e+01
6.512999999999999545e+01
6.590999999999999659e+01
6.668999999999999773e+01
6.746999999999999886e+01
6.825000000000000000e+01
6.903000000000000114e+01
6.981000000000000227e+01
7.059000000000000341e+01
7.137000000000000455e+01
7.215000000000000568e+01
7.293000000000000682e+01
7.370999999999999375e+01
7.448999999999999488e+01
7.526999999999999602e+01
7.604999999999999716e+01
7.682999999999999829e+01
7.760999999999999943e+01
7.839000000000000057e+01
7.917000000000000171e+01
7.995000000000000284e+01
8.073000000000000398e+01
8.151000000000000512e+01
8.229000000000000625e+01
8.306999999999999318e+01
8.384999999999999432e+01
8.462999999999999545e+01
8.540999999999999659e+01
8.618999999999999773e+01
8.696999999999999886e+01
8.775000000000000000e+01
8.853000000000000114e+01
8.931000000000000227e+01
9.009000000000000341e+01
9.087000000000000455e+01
9.165000000000000568e+01
9.243000000000000682e+01
9.320999999999999375e+01
9.398999999999999488e+01
9.476999999999999602e+01
9.554999999999999716e+01
9.632999999999999829e+01
9.710999999999999943e+01
9.789000000000000057e+01
9.867000000000000171e+01
9.945000000000000284e+01
1.002300000000000040e+02
1.010100000000000051e+02
1.017900000000000063e+02
1.025699999999999932e+02
1.033499999999999943e+02
1.041299999999999955e+02
1.049099999999999966e+02
1.056899999999999977e+02
1.064699999999999989e+02
1.072500000000000000e+02
1.080300000000000011e+02
1.088100000000000023e+02
1.095900000000000034e+02
1.103700000000000045e+02
1.111500000000000057e+02
1.119300000000000068e+02
1.127099999999999937e+02
1.134899999999999949e+02
1.142699999999999960e+02
1.150499999999999972e+02
1.158299999999999983e+02
1.166099999999999994e+02
1.173900000000000006e+02
1.181700000000000017e+02
1.189500000000000028e+02
1.197300000000000040e+02
1.205100000000000051e+02
1.212900000000000063e+02
1.220699999999999932e+02
1.228499999999999943e+02
1.236299999999999955e+02
1.244099999999999966e+02
1.251899999999999977e+02
1.259699999999999989e+02
1.267500000000000000e+02
1.275300000000000011e+02
1.283100000000000023e+02
1.290899999999999750e+02
1.298700000000000045e+02
1.306499999999999773e+02
1.314300000000000068e+02
1.322099999999999795e+02
1.329900000000000091e+02
1.337699999999999818e+02
1.345500000000000114e+02
1.353299999999999841e+02
1.361100000000000136e+02
1.368899999999999864e+02
1.376700000000000159e+02
1.384499999999999886e+02
1.392300000000000182e+02
1.400099999999999909e+02
1.407900000000000205e+02
1.415699999999999932e+02
1.423500000000000227e+02
1.431299999999999955e+02
1.439100000000000250e+02
1.446899999999999977e+02
1.454700000000000273e+02
1.462500000000000000e+02
1.470299999999999727e+02
1.478100000000000023e+02
1.485899999999999750e+02
1.493700000000000045e+02
1.501499999999999773e+02
1.509300000000000068e+02
1.517099999999999795e+02
1.524900000000000091e+02
1.532699999999999818e+02
1.540500000000000114e+02
1.548299999999999841e+02
1.556100000000000136e+02
1.563899999999999864e+02
1.571700000000000159e+02
1.579499999999999886e+02
1.587300000000000182e+02
1.595099999999999909e+02
1.602900000000000205e+02
1.610699999999999932e+02
1.618500000000000227e+02
1.626299999999999955e+02
1.634100000000000250e+02
1.641899999999999977e+02
1.649700000000000273e+02
1.657500000000000000e+02
1.665299999999999727e+02
1.673100000000000023e+02
1.680899999999999750e+02
1.688700000000000045e+02
1.696499999999999773e+02
1.704300000000000068e+02
1.712099999999999795e+02
1.719900000000000091e+02
1.727699999999999818e+02
1.735500000000000114e+02
1.743299999999999841e+02
1.751100000000000136e+02
1.758899999999999864e+02
1.766700000000000159e+02
1.774499999999999886e+02
1.782300000000000182e+02
1.790099999999999909e+02
1.797900000000000205e+02
1.805699999999999932e+02
1.813500000000000227e+02
1.821299999999999955e+02
1.829100000000000250e+02
1.836899999999999977e+02
1.844700000000000273e+02
1.852500000000000000e+02
1.860299999999999727e+02
1.868100000000000023e+02
1.875899999999999750e+02
1.883700000000000045e+02
1.891499999999999773e+02
1.899300000000000068e+02
1.907099999999999795e+02
1.914900000000000091e+02
1.922699999999999818e+02
1.930500000000000114e+02
1.938299999999999841e+02
1.946100000000000136e+02
1.953899999999999864e+02
1.961700000000000159e+02
1.969499999999999886e+02
1.977300000000000182e+02
1.985099999999999909e+02
1.992900000000000205e+02
2.000699999999999932e+02
2.008500000000000227e+02
2.016299999999999955e+02
2.024100000000000250e+02
2.031899999999999977e+02
2.039700000000000273e+02
2.047500000000000000e+02
2.055299999999999727e+02
2.063100000000000023e+02
2.070899999999999750e+02
2.078700000000000045e+02
2.086499999999999773e+02
2.094300000000000068e+02
2.102099999999999795e+02
2.109900000000000091e+02
2.117699999999999818e+02
2.125500000000000114e+02
2.133299999999999841e+02
2.141100000000000136e+02
2.148899999999999864e+02
2.156700000000000159e+02
2.164499999999999886e+02
2.172300000000000182e+02
2.180099999999999909e+02
2.187900000000000205e+02
2.195699999999999932e+02
2.203500000000000227e+02
2.211299999999999955e+02
2.219100000000000250e+02
2.226899999999999977e+02
2.234700000000000273e+02
2.242500000000000000e+02
2.250299999999999727e+02
2.258100000000000023e+02
2.265899999999999750e+02
2.273700000000000045e+02
2.281499999999999773e+02
2.289300000000000068e+02
2.297099999999999795e+02
2.304900000000000091e+02
2.312699999999999818e+02
2.320500000000000114e+02
2.328299999999999841e+02
2.336100000000000136e+02
2.343899999999999864e+02
2.351700000000000159e+02
2.359499999999999886e+02
2.367300000000000182e+02
2.375099999999999909e+02
2.382900000000000205e+02
2.390699999999999932e+02
2.398500000000000227e+02
2.406299999999999955e+02
2.414100000000000250e+02
2.421899999999999977e+02
2.429700000000000273e+02
2.437500000000000000e+02
2.445299999999999727e+02
2.453100000000000023e+02
2.460899999999999750e+02
2.468700000000000045e+02
2.476499999999999773e+02
2.484300000000000068e+02
2.492099999999999795e+02
2.499900000000000091e+02
2.507699999999999818e+02
2.515500000000000114e+02
2.523299999999999841e+02
2.531100000000000136e+02
2.538899999999999864e+02
2.546700000000000159e+02
2.554499999999999886e+02
2.562300000000000182e+02
2.570099999999999909e+02
2.577899999999999636e+02
2.585699999999999932e+02
2.593500000000000227e+02
2.601299999999999955e+02
2.609099999999999682e+02
2.616899999999999977e+02
2.624700000000000273e+02
2.632500000000000000e+02
2.640299999999999727e+02
2.648100000000000023e+02
2.655900000000000318e+02
2.663700000000000045e+02
2.671499999999999773e+02
2.679300000000000068e+02
2.687100000000000364e+02
2.694900000000000091e+02
2.702699999999999818e+02
2.710500000000000114e+02
2.718300000000000409e+02
2.726100000000000136e+02
2.733899999999999864e+02
2.741699999999999591e+02
2.749499999999999886e+02
2.757300000000000182e+02
2.765099999999999909e+02
2.772899999999999636e+02
2.780699999999999932e+02
2.788500000000000227e+02
2.796299999999999955e+02
2.804099999999999682e+02
2.811899999999999977e+02
2.819700000000000273e+02
2.827500000000000000e+02
2.835299999999999727e+02
2.843100000000000023e+02
2.850900000000000318e+02
2.858700000000000045e+02
2.866499999999999773e+02
2.874300000000000068e+02
2.882100000000000364e+02
2.889900000000000091e+02
2.897699999999999818e+02
2.905500000000000114e+02
2.913300000000000409e+02
2.921100000000000136e+02
2.928899999999999864e+02
2.936699999999999591e+02
2.944499999999999886e+02
2.952300000000000182e+02
2.960099999999999909e+02
2.967899999999999636e+02
2.975699999999999932e+02
2.983500000000000227e+02
2.991299999999999955e+02
2.999099999999999682e+02
3.006899999999999977e+02
3.014700000000000273e+02
3.022500000000000000e+02
3.030299999999999727e+02
3.038100000000000023e+02
3.045900000000000318e+02
3.053700000000000045e+02
3.061499999999999773e+02
3.069300000000000068e+02
3.077100000000000364e+02
3.084900000000000091e+02
3.092699999999999818e+02
3.100500000000000114e+02
3.108300000000000409e+02
3.116100000000000136e+02
3.123899999999999864e+02
3.131699999999999591e+02
3.139499999999999886e+02
3.147300000000000182e+02
3.155099999999999909e+02
3.162899999999999636e+02
3.170699999999999932e+02
3.178500000000000227e+02
3.186299999999999955e+02
3.194099999999999682e+02
3.201899999999999977e+02
3.209700000000000273e+02
3.217500000000000000e+02
3.225299999999999727e+02
3.233100000000000023e+02
3.240900000000000318e+02
3.248700000000000045e+02
3.256499999999999773e+02
3.264300000000000068e+02
3.272100000000000364e+02
3.279900000000000091e+02
3.287699999999999818e+02
3.295500000000000114e+02
3.303300000000000409e+02
3.311100000000000136e+02
3.318899999999999864e+02
3.326699999999999591e+02
3.334499999999999886e+02
3.342300000000000182e+02
3.350099999999999909e+02
3.357899999999999636e+02
3.365699999999999932e+02
3.373500000000000227e+02
3.381299999999999955e+02
3.389099999999999682e+02
3.396899999999999977e+02
3.404700000000000273e+02
3.412500000000000000e+02
3.420299999999999727e+02
3.428100000000000023e+02
3.435900000000000318e+02
3.443700000000000045e+02
3.451499999999999773e+02
3.459300000000000068e+02
3.467100000000000364e+02
3.474900000000000091e+02
3.482699999999999818e+02
3.490500000000000114e+02
3.498300000000000409e+02
3.506100000000000136e+02
3.513899999999999864e+02
3.521699999999999591e+02
3.529499999999999886e+02
3.537300000000000182e+02
3.545099999999999909e+02
3.552899999999999636e+02
3.560699999999999932e+02
3.568500000000000227e+02
3.576299999999999955e+02
3.584099999999999682e+02
3.591899999999999977e+02
3.599700000000000273e+02
3.607500000000000000e+02
3.615299999999999727e+02
3.623100000000000023e+02
3.630900000000000318e+02
3.638700000000000045e+02
3.646499999999999773e+02
3.654300000000000068e+02
3.662100000000000364e+02
3.669900000000000091e+02
3.677699999999999818e+02
3.685500000000000114e+02
3.693300000000000409e+02
3.701100000000000136e+02
3.708899999999999864e+02
3.716699999999999591e+02
3.724499999999999886e+02
3.732300000000000182e+02
3.740099999999999909e+02
3.747899999999999636e+02
3.755699999999999932e+02
3.763500000000000227e+02
3.771299999999999955e+02
3.779099999999999682e+02
3.786899999999999977e+02
3.794700000000000273e+02
3.802500000000000000e+02
3.810299999999999727e+02
3.818100000000000023e+02
3.825900000000000318e+02
3.833700000000000045e+02
3.841499999999999773e+02
3.849300000000000068e+02
3.857100000000000364e+02
3.864900000000000091e+02
3.872699999999999818e+02
3.880500000000000114e+02
3.888300000000000409e+02
3.896100000000000136e+02
3.903899999999999864e+02
3.911699999999999591e+02
3.919499999999999886e+02
3.927300000000000182e+02
3.935099999999999909e+02
3.942899999999999636e+02
3.950699999999999932e+02
3.958500000000000227e+02
3.966299999999999955e+02
3.974099999999999682e+02
3.981899999999999977e+02
3.989700000000000273e+02
3.997500000000000000e+02
4.005299999999999727e+02
4.013100000000000023e+02
4.020900000000000318e+02
4.028700000000000045e+02
4.036499999999999773e+02
4.044300000000000068e+02
4.052100000000000364e+02
4.059900000000000091e+02
4.067699999999999818e+02
4.075500000000000114e+02
4.083300000000000409e+02
4.091100000000000136e+02
4.098899999999999864e+02
4.106699999999999591e+02
4.114499999999999886e+02
4.122300000000000182e+02
4.130099999999999909e+02
4.137899999999999636e+02
4.145699999999999932e+02
4.153500000000000227e+02
4.161299999999999955e+02
4.169099999999999682e+02
4.176899999999999977e+02
4.184700000000000273e+02
4.192500000000000000e+02
4.200299999999999727e+02
4.208100000000000023e+02
4.215900000000000318e+02
4.223700000000000045e+02
4.231499999999999773e+02
4.239300000000000068e+02
4.247100000000000364e+02
4.254900000000000091e+02
4.262699999999999818e+02
4.270500000000000114e+02
4.278300000000000409e+02
4.286100000000000136e+02
4.293899999999999864e+02
4.301699999999999591e+02
4.309499999999999886e+02
4.317300000000000182e+02
4.325099999999999909e+02
4.332899999999999636e+02
4.340699999999999932e+02
4.348500000000000227e+02
4.356299999999999955e+02
4.364099999999999682e+02
4.371899999999999977e+02
4.379700000000000273e+02
4.387500000000000000e+02
4.395299999999999727e+02
4.403100000000000023e+02
4.410900000000000318e+02
4.418700000000000045e+02
4.426499999999999773e+02
4.434300000000000068e+02
4.442100000000000364e+02
4.449900000000000091e+02
4.457699999999999818e+02
4.465500000000000114e+02
4.473300000000000409e+02
4.481100000000000136e+02
4.488899999999999864e+02
4.496699999999999591e+02
4.504499999999999886e+02
4.512300000000000182e+02
4.520099999999999909e+02
4.527899999999999636e+02
4.535699999999999932e+02
4.543500000000000227e+02
4.551299999999999955e+02
4.559099999999999682e+02
4.566899999999999977e+02
4.574700000000000273e+02
4.582500000000000000e+02
4.590299999999999727e+02
4.598100000000000023e+02
4.605900000000000318e+02
4.613700000000000045e+02
4.621499999999999773e+02
4.629300000000000068e+02
4.637100000000000364e+02
4.644900000000000091e+02
4.652699999999999818e+02
4.660500000000000114e+02
4.668300000000000409e+02
4.676100000000000136e+02
4.683899999999999864e+02
4.691699999999999591e+02
4.699499999999999886e+02
4.707300000000000182e+02
4.715099999999999909e+02
4.722899999999999636e+02
4.730699999999999932e+02
4.738500000000000227e+02
4.746299999999999955e+02
4.754099999999999682e+02
4.761899999999999977e+02
4.769700000000000273e+02
4.777500000000000000e+02
4.785299999999999727e+02
4.793100000000000023e+02
4.800900000000000318e+02
4.808700000000000045e+02
4.816499999999999773e+02
4.824300000000000068e+02
4.832100000000000364e+02
4.839900000000000091e+02
4.847699999999999818e+02
4.855500000000000114e+02
4.863300000000000409e+02
4.871100000000000136e+02
4.878899999999999864e+02
4.886699999999999591e+02
4.894499999999999886e+02
4.902300000000000182e+02
4.910099999999999909e+02
4.917899999999999636e+02
4.925699999999999932e+02
4.933500000000000227e+02
4.941299999999999955e+02
4.949099999999999682e+02
4.956899999999999977e+02
4.964700000000000273e+02
4.972500000000000000e+02
4.980299999999999727e+02
4.988100000000000023e+02
4.995900000000000318e+02
5.003700000000000045e+02
5.011499999999999773e+02
5.019300000000000068e+02
5.027100000000000364e+02
5.034900000000000091e+02
5.042699999999999818e+02
5.050500000000000114e+02
5.058300000000000409e+02
5.066100000000000136e+02
5.073899999999999864e+02
5.081699999999999591e+02
5.089499999999999886e+02
5.097300000000000182e+02
5.105099999999999909e+02
5.112899999999999636e+02
5.120700000000000500e+02
5.128500000000000227e+02
5.136299999999999955e+02
5.144099999999999682e+02
5.151900000000000546e+02
5.159700000000000273e+02
5.167500000000000000e+02
5.175299999999999727e+02
5.183099999999999454e+02
5.190900000000000318e+02
5.198700000000000045e+02
5.206499999999999773e+02
5.214300000000000637e+02
5.222100000000000364e+02
5.229900000000000091e+02
5.237699999999999818e+02
5.245499999999999545e+02
5.253300000000000409e+02
5.261100000000000136e+02
5.268899999999999864e+02
5.276699999999999591e+02
5.284500000000000455e+02
5.292300000000000182e+02
5.300099999999999909e+02
5.307899999999999636e+02
5.315699999999999363e+02
5.323500000000000227e+02
5.331299999999999955e+02
5.339099999999999682e+02
5.346900000000000546e+02
5.354700000000000273e+02
5.362500000000000000e+02
5.370299999999999727e+02
5.378099999999999454e+02
5.385900000000000318e+02
5.393700000000000045e+02
5.401499999999999773e+02
5.409300000000000637e+02
5.417100000000000364e+02
5.424900000000000091e+02
5.432699999999999818e+02
5.440499999999999545e+02
5.448300000000000409e+02
5.456100000000000136e+02
5.463899999999999864e+02
5.471699999999999591e+02
5.479500000000000455e+02
5.487300000000000182e+02
5.495099999999999909e+02
5.502899999999999636e+02
5.510699999999999363e+02
5.518500000000000227e+02
5.526299999999999955e+02
5.534099999999999682e+02
5.541900000000000546e+02
5.549700000000000273e+02
5.557500000000000000e+02
5.565299999999999727e+02
5.573099999999999454e+02
5.580900000000000318e+02
5.588700000000000045e+02
5.596499999999999773e+02
5.604300000000000637e+02
5.612100000000000364e+02
5.619900000000000091e+02
5.627699999999999818e+02
5.635499999999999545e+02
5.643300000000000409e+02
5.651100000000000136e+02
5.658899999999999864e+02
5.666699999999999591e+02
5.674500000000000455e+02
5.682300000000000182e+02
5.690099999999999909e+02
5.697899999999999636e+02
5.705699999999999363e+02
5.713500000000000227e+02
5.721299999999999955e+02
5.729099999999999682e+02
5.736900000000000546e+02
5.744700000000000273e+02
5.752500000000000000e+02
5.760299999999999727e+02
5.768099999999999454e+02
5.775900000000000318e+02
5.783700000000000045e+02
5.791499999999999773e+02
5.799300000000000637e+02
5.807100000000000364e+02
5.814900000000000091e+02
5.822699999999999818e+02
5.830499999999999545e+02
5.838300000000000409e+02
5.846100000000000136e+02
5.853899999999999864e+02
5.861699999999999591e+02
5.869500000000000455e+02
5.877300000000000182e+02
5.885099999999999909e+02
5.892899999999999636e+02
5.900699999999999363e+02
5.908500000000000227e+02
5.916299999999999955e+02
5.924099999999999682e+02
5.931900000000000546e+02
5.939700000000000273e+02
5.947500000000000000e+02
5.955299999999999727e+02
5.963099999999999454e+02
5.970900000000000318e+02
5.978700000000000045e+02
5.986499999999999773e+02
5.994300000000000637e+02
6.002100000000000364e+02
6.009900000000000091e+02
6.017699999999999818e+02
6.025499999999999545e+02
6.033300000000000409e+02
