1.586252354933610000e+14
1.454928212851470000e+14
1.314820240422040000e+14
1.258127379682430000e+14
1.173184329264300000e+14
1.147808911192180000e+14
1.052233320049440000e+14
1.019537427421910000e+14
9.646753593579800000e+13
9.363879115696900000e+13
8.735179904735100000e+13
8.268847539670100000e+13
8.171708378927900000e+13
7.550987382437500000e+13
7.453469961263400000e+13
7.235567229090700000e+13
6.916927578204100000e+13
6.624911188121900000e+13
6.542274087068100000e+13
6.316453990197100000e+13
6.052550584381900000e+13
6.118118616957200000e+13
5.744510850791600000e+13
5.587028561905600000e+13
5.583146048920800000e+13
5.497673552591300000e+13
5.380255096722700000e+13
5.255906628368500000e+13
4.857256448671400000e+13
4.755905324827800000e+13
4.641874640837600000e+13
4.748982549549200000e+13
4.311520978548400000e+13
4.284098777738700000e+13
4.559054749260700000e+13
4.188518340361700000e+13
4.150717282080100000e+13
3.916715756272000000e+13
4.057358511925100000e+13
4.093986432122700000e+13
3.734964083259200000e+13
3.790263264879900000e+13
3.608759695669500000e+13
3.636463280954700000e+13
3.701520854769200000e+13
3.439938191977100000e+13
3.436201604362600000e+13
3.484476231448600000e+13
3.395683679666700000e+13
3.436348727356000000e+13
3.283255780495200000e+13
3.173607242625000000e+13
3.175494592047500000e+13
3.223041401056000000e+13
3.033518219599500000e+13
3.086545612801100000e+13
2.887513773970500000e+13
2.937245624586000000e+13
2.914529444998700000e+13
2.715469868677500000e+13
2.835036427275700000e+13
2.952579099888800000e+13
2.760877739121200000e+13
2.660134608855200000e+13
2.762391997377200000e+13
2.652242220161800000e+13
2.622935208851800000e+13
2.712226313025500000e+13
2.592152668875200000e+13
2.552968830308000000e+13
2.414947371675200000e+13
2.461224158162900000e+13
2.420866077538700000e+13
2.493195861164600000e+13
2.414064854610100000e+13
2.306306351949300000e+13
2.420986888908800000e+13
2.293392553538700000e+13
2.248878639629700000e+13
2.373126003178600000e+13
2.243601164728800000e+13
2.129272647907800000e+13
2.143660183302000000e+13
2.171789533091800000e+13
2.186320342409800000e+13
1.965785013977600000e+13
2.173773365446300000e+13
2.068249784892500000e+13
1.987935478034500000e+13
1.945106268156100000e+13
2.011131290316900000e+13
1.926219198742800000e+13
1.959872798274800000e+13
2.025643875080400000e+13
1.968416633354600000e+13
1.956948860452300000e+13
1.882032231121800000e+13
1.781459142606300000e+13
1.911371718513700000e+13
1.856541242406000000e+13
1.762479990729300000e+13
1.814354222027300000e+13
1.756249808498200000e+13
1.695763166217100000e+13
1.705555457378600000e+13
1.660914150655900000e+13
1.761507356165000000e+13
1.645375974251000000e+13
1.728479062419800000e+13
1.697867280373000000e+13
1.618908354708900000e+13
1.615655148227600000e+13
1.596607971951400000e+13
1.717618526619100000e+13
1.610109154128500000e+13
1.561953964031600000e+13
1.528875425980600000e+13
1.627672246285800000e+13
1.553908626388200000e+13
1.398940222625700000e+13
1.562028338931500000e+13
1.496437724215400000e+13
1.521126769499300000e+13
1.447875891818800000e+13
1.485873547681700000e+13
1.383773241499700000e+13
1.387446058248800000e+13
1.314162813713200000e+13
1.372793431522300000e+13
1.239639384651000000e+13
1.228359918053200000e+13
1.287271948241100000e+13
1.314669706622400000e+13
1.207074975093200000e+13
1.302904853719000000e+13
1.218036092064800000e+13
1.240694269563500000e+13
1.209860272474600000e+13
1.272053778063000000e+13
1.229027349408100000e+13
1.143171548196300000e+13
1.111647962092600000e+13
1.169749749403700000e+13
1.104041026280900000e+13
1.056484902559300000e+13
1.140946264307900000e+13
1.131755935415300000e+13
1.088804933432500000e+13
1.115892027901300000e+13
1.111213851793000000e+13
1.082914516353800000e+13
1.011782903702200000e+13
1.003691007571900000e+13
9.586818168382000000e+12
1.011280857743900000e+13
1.071443897282200000e+13
9.925657691161000000e+12
1.086097012825400000e+13
9.179649619447000000e+12
1.024965202339700000e+13
9.688223642078000000e+12
9.023802516633000000e+12
9.076401521648000000e+12
8.741059942547000000e+12
8.663390621266000000e+12
9.058866306289000000e+12
8.085292645458000000e+12
8.722500264373000000e+12
8.326296817336000000e+12
8.383557620903000000e+12
7.973766177902000000e+12
7.866748496349000000e+12
8.590197654304000000e+12
8.070276608396000000e+12
8.640886637895000000e+12
8.709921384674000000e+12
7.432655189242000000e+12
7.990188715954000000e+12
7.395238462975000000e+12
7.479664717752000000e+12
7.672336732608000000e+12
7.936017144142000000e+12
8.052515019912000000e+12
6.968143071129000000e+12
7.835031875828000000e+12
7.305506954644000000e+12
6.679054278388000000e+12
7.256367566282000000e+12
6.733608146403000000e+12
7.089009585431000000e+12
7.223407525625000000e+12
6.984785290445000000e+12
6.211702944886000000e+12
6.482798318549000000e+12
6.731769112188000000e+12
7.216914041601000000e+12
7.066238794746000000e+12
6.333419401195000000e+12
6.918243591826000000e+12
6.719916532473000000e+12
6.656506036844000000e+12
6.676275278429000000e+12
6.060301245270000000e+12
6.605826524818000000e+12
6.161566757849000000e+12
6.468156934354000000e+12
6.213113716740000000e+12
5.833795147623000000e+12
5.410271962096000000e+12
6.299763429628000000e+12
5.078112184982000000e+12
6.988788576860000000e+12
5.201715938395000000e+12
5.563360077649000000e+12
5.379509164102000000e+12
5.113922336770000000e+12
5.958859591910000000e+12
5.367774936114000000e+12
5.222507316536000000e+12
4.635159221650000000e+12
5.441892549833000000e+12
5.560356963533000000e+12
5.019321139480000000e+12
5.224266566926000000e+12
5.072485525620000000e+12
4.520088733969000000e+12
5.697786851931000000e+12
5.024106325273000000e+12
4.717534360724000000e+12
4.600750560121000000e+12
4.631206322982000000e+12
3.875590623550000000e+12
4.587239692537000000e+12
4.418639299405000000e+12
4.890800460910000000e+12
3.794686311907000000e+12
4.512474685013000000e+12
5.220448393728000000e+12
4.881937185089000000e+12
4.461962291202000000e+12
4.390721859959000000e+12
4.355033366325000000e+12
4.036562968442000000e+12
4.503360375843000000e+12
3.749848996762000000e+12
4.406834986943000000e+12
3.570289042719000000e+12
4.036284536566000000e+12
4.622687040822000000e+12
4.595894059261000000e+12
4.382865004918000000e+12
3.667306175917000000e+12
4.546394745638000000e+12
4.661855968979000000e+12
4.240848774170000000e+12
4.003095633587000000e+12
3.545824145131000000e+12
3.660499802490000000e+12
3.431657822471000000e+12
3.584924273476000000e+12
3.194657183434000000e+12
3.439758223194000000e+12
3.272685616778000000e+12
3.798577272030000000e+12
3.169108404280000000e+12
3.740779211245000000e+12
3.586181375080000000e+12
3.380753603012000000e+12
3.532736793055000000e+12
3.682591618337000000e+12
3.127448005658000000e+12
3.381611565311000000e+12
3.812475076304000000e+12
3.194000682459000000e+12
3.237622860003000000e+12
3.753078569890000000e+12
3.154054832863000000e+12
2.979954958360000000e+12
3.017518154542000000e+12
3.374382422523000000e+12
3.075798847177000000e+12
3.203149390215000000e+12
2.441505468627000000e+12
3.244113328765000000e+12
2.605554227183000000e+12
2.873828514364000000e+12
3.103024799525000000e+12
3.232908036931000000e+12
3.325853376727000000e+12
2.604831365755000000e+12
2.263986908740000000e+12
3.948842772593000000e+12
2.308141529614000000e+12
3.031344672028000000e+12
2.575625601338000000e+12
2.701692127547000000e+12
2.549877347484000000e+12
2.953186375000000000e+12
3.099838105406000000e+12
2.461662099715000000e+12
3.469124960286000000e+12
2.678461611818000000e+12
2.827231593846000000e+12
2.764858843816000000e+12
2.702176708660000000e+12
2.804366080097000000e+12
2.630387232322000000e+12
2.207146897102000000e+12
2.292322082719000000e+12
2.512262450331000000e+12
2.873176842517000000e+12
2.402337295771000000e+12
2.935892068717000000e+12
2.784004630480000000e+12
2.506880742565000000e+12
2.149740699682000000e+12
1.978646562725000000e+12
2.658851663301000000e+12
2.020769045312000000e+12
2.310239575626000000e+12
2.049750698086000000e+12
1.973944824078000000e+12
1.817749983784000000e+12
2.843795093295000000e+12
1.901791998599000000e+12
2.788650820591000000e+12
2.547336964617000000e+12
2.362286709945000000e+12
2.357522058735000000e+12
2.690058556458000000e+12
1.904933136839000000e+12
2.256090140217000000e+12
2.151669306398000000e+12
2.632016013929000000e+12
1.814459346486000000e+12
2.637532034054000000e+12
2.814018594847000000e+12
2.137944620617000000e+12
1.669595963995000000e+12
1.857102115725000000e+12
1.935957221899000000e+12
2.172108568962000000e+12
1.937045864044000000e+12
2.318968546222000000e+12
2.298842312466000000e+12
1.891632216101000000e+12
1.963556478850000000e+12
1.941237630954000000e+12
1.631031310282000000e+12
1.810177916053000000e+12
1.938695116768000000e+12
1.753059060996000000e+12
1.540749960396000000e+12
1.936698326546000000e+12
1.712659856553000000e+12
1.992407165368000000e+12
1.802793315545000000e+12
2.035920237926000000e+12
1.713547211681000000e+12
1.943802114807000000e+12
1.481151120667000000e+12
1.981408965244000000e+12
1.990032907632000000e+12
2.021152594982000000e+12
1.569265468140000000e+12
2.136553247319000000e+12
2.316498262025000000e+12
2.092947136835000000e+12
1.878482857684000000e+12
1.653341822364000000e+12
1.943106354298000000e+12
1.986822988932000000e+12
1.721877616035000000e+12
1.706631769968000000e+12
1.594272763959000000e+12
1.356906268556000000e+12
1.470617979127000000e+12
1.344245524635000000e+12
1.721594145416000000e+12
1.416573545259000000e+12
2.355075063421000000e+12
1.507293169953000000e+12
1.802157803557000000e+12
1.502952855379000000e+12
1.630153421877000000e+12
1.728336883327000000e+12
1.886762021027000000e+12
1.154243175864000000e+12
1.468457486509000000e+12
1.315649960670000000e+12
1.442560501913000000e+12
1.588672130670000000e+12
1.657725305896000000e+12
1.338176601929000000e+12
1.450676567102000000e+12
1.367967505995000000e+12
1.651105341785000000e+12
1.560321699931000000e+12
1.169974966584000000e+12
1.181694770019000000e+12
1.616689699708000000e+12
1.184434670041000000e+12
1.264454202646000000e+12
1.102064527921000000e+12
9.626441671650000000e+11
1.605854544523000000e+12
1.901191411337000000e+12
1.288899518364000000e+12
1.281418203207000000e+12
1.590324999093000000e+12
1.330259693268000000e+12
1.083491892287000000e+12
1.291902102754000000e+12
1.693472242934000000e+12
1.058615722242000000e+12
1.251293332890000000e+12
1.275438002725000000e+12
1.395502060445000000e+12
1.085564727653000000e+12
1.209744087512000000e+12
8.413254534190000000e+11
1.332378556983000000e+12
1.359459795960000000e+12
1.305941770949000000e+12
1.320583947767000000e+12
9.077355102980000000e+11
1.024600639792000000e+12
1.491177964792000000e+12
1.032278913440000000e+12
1.109928970856000000e+12
1.118681533069000000e+12
9.825730646220000000e+11
1.398787616558000000e+12
1.373417965656000000e+12
1.245800361729000000e+12
1.488986762221000000e+12
1.318934547158000000e+12
9.660014501520000000e+11
9.905465338650000000e+11
1.090240109293000000e+12
1.011919587481000000e+12
7.665050933070000000e+11
8.048938769030000000e+11
1.098705948773000000e+12
8.029106460130000000e+11
1.625820544480000000e+12
8.649723480720000000e+11
1.047760527071000000e+12
7.351083113730000000e+11
7.556787094660000000e+11
9.778740909500000000e+11
8.805425517380000000e+11
1.177094650296000000e+12
9.215453490130000000e+11
6.727650922470000000e+11
7.771472031160000000e+11
6.799531563560000000e+11
7.803225567990000000e+11
8.858482731630000000e+11
7.986689664710000000e+11
9.972638025560000000e+11
7.941535320240000000e+11
7.241873558440000000e+11
9.094426451100000000e+11
7.730399189230000000e+11
7.137287404060000000e+11
8.952969651230000000e+11
6.126039128300000000e+11
9.044894916060000000e+11
6.523341463620000000e+11
1.037459332577000000e+12
8.220054494900000000e+11
9.674377873700000000e+11
7.354622112360000000e+11
7.435165818580000000e+11
9.567205965520000000e+11
8.736184336950000000e+11
7.658911971250000000e+11
4.640303023160000000e+11
9.626114588430000000e+11
3.690321498540000000e+11
7.098928356740000000e+11
1.030244918321000000e+12
6.741476776170000000e+11
7.919876802320000000e+11
8.733212052900000000e+11
5.807959736070000000e+11
5.409965018790000000e+11
8.403408266170000000e+11
6.970152399970000000e+11
5.356612015440000000e+11
5.203581259640000000e+11
3.309781285660000000e+11
6.846764263380000000e+11
6.334847282290000000e+11
3.654919020440000000e+11
6.181051875170000000e+11
6.014295325610000000e+11
5.199391648020000000e+11
9.264427683330000000e+11
6.285977942850000000e+11
3.681582354550000000e+11
4.815003645450000000e+11
5.569232351000000000e+11
3.709225578170000000e+11
5.435915627810000000e+11
5.889713930150000000e+11
6.326628090660000000e+11
5.046147317990000000e+11
5.007779854250000000e+11
7.469972763080000000e+11
6.524010137950000000e+11
6.970997685660000000e+11
4.488915487570000000e+11
3.844280971630000000e+11
5.817000137960000000e+11
5.705006775940000000e+11
5.004019471140000000e+11
4.205730598870000000e+11
5.263469908480000000e+11
5.886550607140000000e+11
4.741075988310000000e+11
4.302919786240000000e+11
4.657080165710000000e+11
4.505878667500000000e+11
3.690584470850000000e+11
3.667827253410000000e+11
5.139634488240000000e+11
4.782313572970000000e+11
4.401007435700000000e+11
8.036317700590000000e+11
4.417920209590000000e+11
4.860691847150000000e+11
3.838113073030000000e+11
4.328388688450000000e+11
5.142441997030000000e+11
4.232944273510000000e+11
4.226086679010000000e+11
4.666027773710000000e+11
2.163546827070000000e+11
3.483331011610000000e+11
4.591753859670000000e+11
4.730076700060000000e+11
1.511208462150000000e+11
3.079795052830000000e+11
3.567024704030000000e+11
4.808426975870000000e+11
5.605199515740000000e+11
2.620604995040000000e+11
5.221692957370000000e+11
2.409707094300000000e+11
5.220578725510000000e+11
2.184488777970000000e+11
2.516829436680000000e+11
3.751082021750000000e+11
3.359461102360000000e+11
5.880733137920000000e+11
5.685416307560000000e+11
3.056564825840000000e+11
3.504842827090000000e+11
3.678031707930000000e+11
2.148284115850000000e+11
5.183131052210000000e+11
1.728231496120000000e+11
3.832886915810000000e+11
3.370640547960000000e+11
3.694314810040000000e+11
6.819036250290000000e+11
3.596457319080000000e+11
5.179068559620000000e+11
3.544155590830000000e+11
5.892236387120000000e+11
3.181193503250000000e+11
2.861601560650000000e+11
2.411463383000000000e+11
4.016052054650000000e+11
3.329359990260000000e+11
2.131957114700000000e+11
2.420100514620000000e+11
4.609713214570000000e+11
4.711766538590000000e+11
4.341617843510000000e+11
2.349143502180000000e+11
4.217531968540000000e+11
4.303839965880000000e+11
3.372516399510000000e+11
3.560847564040000000e+11
2.156100107420000000e+11
2.258779630320000000e+11
1.393626291140000000e+11
2.542882626540000000e+11
2.888959957880000000e+11
1.819125396080000000e+11
2.204019472220000000e+11
4.140746837650000000e+11
1.585435914240000000e+11
1.320369271190000000e+11
4.456836835010000000e+11
1.647699597090000000e+11
1.468140110430000000e+11
2.188409944730000000e+11
3.747850389660000000e+11
2.501036817980000000e+11
2.807010163830000000e+11
3.094698596320000000e+11
3.401417694000000000e+11
2.718089918700000000e+11
3.772200986560000000e+11
1.777493328090000000e+11
2.310380440290000000e+11
2.034317079640000000e+11
2.293584884620000000e+11
2.837601859450000000e+11
1.536698907640000000e+11
3.892002279110000000e+11
1.676765231490000000e+11
2.093802431600000000e+11
1.252357737650000000e+11
1.959838714370000000e+11
1.191914905710000000e+11
2.209316954550000000e+11
1.676127663280000000e+11
3.654851504510000000e+11
2.980481138230000000e+11
2.730710855650000000e+11
2.113052325800000000e+11
8.377933587000000000e+10
2.441128447450000000e+11
1.623868100650000000e+11
2.798942523980000000e+11
2.566350965130000000e+11
5.061235373820000000e+11
8.177809245900000000e+10
7.617339523800000000e+10
3.903584113300000000e+10
2.759355258500000000e+11
8.782792228100000000e+10
1.973218603470000000e+11
1.287146390700000000e+11
1.778550499420000000e+11
2.258351271370000000e+11
5.403652487900000000e+10
2.503723872960000000e+11
1.446421079610000000e+11
1.151412198880000000e+11
7.960487737800000000e+10
1.329644957730000000e+11
9.991001073500000000e+10
9.273672081600000000e+10
1.266381567200000000e+11
1.536817298000000000e+09
9.205751451800000000e+10
1.418303693440000000e+11
1.069870057420000000e+11
1.724946430590000000e+11
1.453353686310000000e+11
1.322097331580000000e+11
1.470231269610000000e+11
3.508796542700000000e+10
1.383309157930000000e+11
1.577821021090000000e+11
6.048730904800000000e+10
1.098545966750000000e+11
5.509047914900000000e+10
1.085042925790000000e+11
4.454802238900000000e+10
3.138225505000000000e+10
8.304681205700000000e+10
1.279198570550000000e+11
8.323116848700000000e+10
4.185800475700000000e+10
3.305747418300000000e+10
6.544904689000000000e+10
7.392690723100000000e+10
1.803475161000000000e+09
1.707383155880000000e+11
4.895712739400000000e+10
2.910070748500000000e+10
8.063035512300000000e+10
3.770530959000000000e+10
1.709350710880000000e+11
1.857407766400000000e+11
4.330912581700000000e+10
1.111870227110000000e+11
1.140217143070000000e+11
5.482586513400000000e+10
1.375792083100000000e+10
4.552853601400000000e+10
6.755961079000000000e+09
1.161837275890000000e+11
1.202255229500000000e+11
2.525542240600000000e+10
4.787302216700000000e+10
2.579747849000000000e+10
2.219917437800000000e+10
5.533614766600000000e+10
2.805197444800000000e+10
9.472673043700000000e+10
1.529509143000000000e+09
3.452898504100000000e+10
3.406205313900000000e+10
9.565621472000000000e+09
4.041595866800000000e+10
7.914616925800000000e+10
2.253199993300000000e+10
2.301894093300000000e+10
2.894573475800000000e+10
1.689747207200000000e+10
1.710610858700000000e+10
