0
0
0
0
0
0
0
1257061105025239
1920192207543915
1333746092686007
963970345965626
741066487014179
580726923063000
452643446286942
553986105944135
797411154646775
669514847164173
564164949490929
481596195899388
421231813801486
362519302520888
319990276284133
275531848404972
235009359647588
216254677537782
191628523506544
168408154511739
149407965796094
137362114953973
121911208956340
112827454624498
97657038276701
90709320822669
84237838594162
73426407175203
69381324621139
62990296124505
56993128229216
50190240971794
47243985120364
44613099186862
40440550501690
36518004144394
35448563648380
31012779619163
28982753466656
26620667957205
25163616182179
23891819431529
21561305216261
20205200012466
18465065259732
18097626803092
17483263631405
16094149633486
14922095918481
13772483431131
12528029992125
11681362641211
11887615677447
10447205028517
9827338683443
9304718088378
9665689391480
9113781138690
7457531740110
7565552540151
7403899013369
7225602628206
6713296751154
6938257960546
6353244963850
5895628608818
5478075277757
4879973771898
5213644488161
4660235317050
4908825242022
4287729043404
4380090284309
3728743831914
3982035314123
3966428430513
3832338901805
3446994492332
3216804937688
3486064192957
3276729394561
3148438344307
2981932755573
2857325675628
3100841442232
2807063489497
3082975167257
2649844423782
2915141047007
2781575159577
2321916187227
2683180070007
2509138805474
2120174305363
2606228054357
2493842811748
2419200373614
2132045508861
2277148912170
2248690383073
1948776894438
1907877668313
2087309816577
1950369698282
1968269958226
1958446639230
2006450624286
1806811814836
1598643513347
1499645731419
1466803010183
1864400223345
1442364637938
1656626940473
1392937129321
1474317138869
1391881588759
1399441250116
1592134978826
1420636414631
1401379163249
1290347296726
1471583097508
1483621561458
1428588852533
1160669809908
1167890615262
1078521034009
980708792395
1198062157080
1083331012543
942983691478
968019555096
1054211573525
994879347957
1188301982741
927118636932
800294984102
1100522987394
1129117868010
1019128615254
933570489662
889940568378
891599169508
896619777984
724356235497
885095805521
926827430522
883466149934
845593361153
780804105313
765039163635
769269624489
560752927617
981369368792
786013017198
923889361991
777884905177
801779594375
556569854078
689643047673
727126660875
590703257325
694810785166
800516990434
495559664204
530209615488
564963620941
700754503908
519658551991
610022374073
784145447853
590418398415
631378804397
518537515666
522994323798
499246026878
621325212254
458122352760
534022428375
504221873501
338104904260
565019271208
538031008726
432053677635
323377679862
501051988433
475524176072
725026604815
521746404097
486502908870
448669254109
275545663343
468421511516
430526649127
424759521614
459324310123
366339340158
626412789970
458146506868
449847743846
467324694788
536919820208
224142567858
382688898602
280000962860
353176128164
480511024105
442041274709
314783231441
302021955674
285457084859
376692318968
314785451402
307146940924
305216689287
440430370601
278775094551
369555836503
338217454765
189599939679
264911524746
259736950453
194990079481
222133233756
330291689177
279229148369
253841313941
298771503084
211674952617
191551581945
259610162422
246104075141
398478089124
367641065065
235860198099
279045529458
406188174425
277765668132
299323287886
280637092411
212465649656
440660352924
207812324772
91094825123
114568331261
249261780790
210256337559
193900568334
199845551969
161783274333
150861301728
140274009447
176564911299
173248239757
234888204398
279656681797
236324794938
205660321374
309420570759
102783039714
134479756407
160298943896
248091454774
178192840920
123855455942
305747401317
302822843030
274420651441
151828883407
34714128541
120558200783
281861228400
178108421976
80933998491
207582150586
108353662766
162017491604
130192977233
147313926439
39465930390
195517932429
109005825267
66075986349
175297498999
80352956290
137785678005
113657090387
215844894807
149539722128
136187057625
83064974911
26585028800
142972749893
122472192585
84964161765
134575000723
153718340862
38177696455
114391753962
112373091593
101225170159
172010844553
34360612996
74054111256
170009614286
139437196014
236382240680
19366905674
26721798839
181568205794
88732556267
175780135534
106706606429
119824531725
77394303826
189818951653
28685434934
9582839228
140043405463
125698123600
91560974566
153105309588
257873104606
41080517927
76896098152
147049703397
61053920432
31146431481
71528473724
108346901761
171131898822
22545614903
6389012618
107014496761
152041886706
28269335529
66559490216
67130812214
154377883008
126736161512
126888341251
213529191679
35992412091
90164754582
108113970474
56459020090
50235469601
306544130404
12647606473
132824388420
7684166087
153198368495
86730862277
102735689439
75485744386
139508277514
127379145063
218200958202
72444391918
196575490982
138584084986
83292313531
58556698418
11070923840
27761176767
40628686696
287430421042
191182917164
169919364640
175713789244
2816567203
3732334170
6793566973
18355736681
131096705966
0
4986955546
18135229897
88518530038
28416025707
22593902107
1274826234
9431174985
73751365147
1283770089
68856773906
2600822390
2406964249
14597876615
143976512197
7501824663
186242205861
94412868772
11135609181
84853731605
134044009882
27862944314
18258029577
0
0
193928741718
3240845824
28690485464
205486720648
70879388896
107274702731
3077223241
64641065956
0
134326108896
77996304185
77342227130
50934782167
15357876525
169175265283
145611070402
63312418262
1992853797
0
117403399190
1276628674
79916649423
62369592959
1691408782
63995313536
71701169562
5100709255
103750111975
71067045095
3842709843
5399082402
2223114289
60591552382
8611030465
7374760978
8484207990
82157162540
1273946927
133763717732
61560495606
5534777171
3898323250
119656725098
52458497076
69323663500
0
5438485530
82260064679
0
16576522349
1281162794
0
0
67061661580
1972280748
63888829237
61609981151
51173247573
148783613525
11060163576
1421957030
77778428784
64394132196
73367039702
3227408138
16730260619
74931202402
0
63341598410
0
2143963928
72279501447
17028019934
73929881258
20133360998
92348476821
73088362925
0
52767235296
1313902973
3300437438
0
0
53327262822
17381189917
0
0
56307905816
0
78712295425
74879907558
0
52029918893
0
1470336239
49172888871
77694225385
3164902463
0
194480418887
0
0
55140755630
0
70001532848
45517729376
1288636471
6286781235
130659504224
17659316199
68984545697
56426402301
0
0
14398584939
1275375177
0
2949015478
0
1274653081
5032557410
0
67042277213
84844698529
1277984894
65884432961
1273926202
0
50623212726
2573108647
0
0
0
0
73127875501
1397175559
1283665828
0
0
0
60152247756
1284887331
60590691139
0
0
74881544411
0
0
75437915548
0
1274943779
2551225439
0
1427658995
47297605336
0
0
19064937853
1274016068
1311064710
1274266606
0
0
22936552865
0
2608987642
0
65294033310
0
0
0
0
0
0
45553212785
0
0
0
1274122888
0
0
0
0
0
19280955331
0
45977680527
0
3987365386
0
1290467236
0
0
62857153525
50545090355
0
1286284020
0
0
0
0
2611092867
0
0
0
0
0
0
1449299796
1274625582
0
0
0
0
0
0
1289187544
0
0
0
66279460517
0
2751033542
0
49995700088
0
0
1298041043
57601934026
0
0
2572355000
52150110812
1279707442
0
0
1279668676
59078394894
0
0
0
0
0
0
0
0
0
51922062601
0
0
0
0
56600607511
1279831632
0
0
0
0
0
0
0
0
0
0
0
0
0
0
0
0
0
0
0
0
0
0
0
0
0
57157111594
0
0
0
0
0
0
0
0
0
0
1297148735
1276814093
0
0
0
1277073911
0
54659358802
0
0
0
0
0
1291601846
0
0
0
0
1276542955
0
1277837320
0
0
0
0
0
0
0
58930894866
0
0
0
1273918915
0
0
0
0
0
0
0
1274308993
0
1273920831
0
0
0
0
1274434335
0
0
0
1276042307
0
0
59957933632
0
0
0
0
0
0
0
0
0
0
0
0
0
0
0
0
0
0
0
0
0
0
0
0
1281382582
0
0
1276962498
0
1274246071
0
1274373484
0
0
0
0
0
1340344159
0
0
0
0
0
0
0
0
0
0
0
0
0
1303763993
1315162338
0
0
0
64528869790
0
0
0
0
0
0
0
1274066330
1284194024
0
0
0
0
1275836393
0
0
0
0
0
0
0
0
0
0
0
0
0
0
0
0
0
0
0
0
0
0
0
1285746805
0
0
0
0
0
0
0
0
0
0
0
0
0
0
0
0
0
0
0
0
0
0
0
0
0
0
0
0
0
0
0
0
1274109342
0
0
0
0
1274894540
0
0
0
0
0
1285985429
0
0
0
0
0
0
0
0
0
0
0
0
0
0
0
0
0
0
0
0
0
0
1273905923
0
0
0
0
0
0
0
0
1282102713
0
0
0
0
1276911143
0
0
0
0
0
0
0
0
0
0
0
1273907161
0
0
0
0
0
0
0
0
0
0
0
0
0
0
0
0
0
0
0
0
0
0
0
0
0
0
0
0
0
0
0
0
0
0
0
0
0
0
0
0
0
0
0
1275259232
0
0
0
0
0
0
0
0
0
0
1275542754
0
0
0
0
