0.000000
2.937000
5.874000
8.811000
11.748000
14.685000
17.622000
20.559000
23.496000
26.433000
29.370000
32.307000
35.244000
38.181000
41.118000
44.055000
46.992000
49.929000
52.866000
55.803000
58.740000
61.677000
64.614000
67.551000
70.488000
73.425000
76.362000
79.299000
82.236000
85.173000
88.110000
91.047000
93.984000
96.921000
99.858000
102.795000
105.732000
108.669000
111.606000
114.543000
117.480000
120.417000
123.354000
126.291000
129.228000
132.165000
135.102000
138.039000
140.976000
143.913000
146.850000
149.787000
152.724000
155.661000
158.598000
161.535000
164.472000
167.409000
170.346000
173.283000
176.220000
179.157000
182.094000
185.031000
187.968000
190.905000
193.842000
196.779000
199.716000
202.653000
205.590000
208.527000
211.464000
214.401000
217.338000
220.275000
223.212000
226.149000
229.086000
232.023000
234.960000
237.897000
240.834000
243.771000
246.708000
249.645000
252.582000
255.519000
258.456000
261.393000
264.330000
267.267000
270.204000
273.141000
276.078000
279.015000
281.952000
284.889000
287.826000
290.763000
293.700000
296.637000
299.574000
302.511000
305.448000
308.385000
311.322000
314.259000
317.196000
320.133000
323.070000
326.007000
328.944000
331.881000
334.818000
337.755000
340.692000
343.629000
346.566000
349.503000
352.440000
355.377000
358.314000
361.251000
364.188000
367.125000
370.062000
372.999000
375.936000
378.873000
381.810000
384.747000
387.684000
390.621000
393.558000
396.495000
399.432000
402.369000
405.306000
408.243000
411.180000
414.117000
417.054000
419.991000
422.928000
425.865000
428.802000
431.739000
434.676000
437.613000
440.550000
443.487000
446.424000
449.361000
452.298000
455.235000
458.172000
461.109000
464.046000
466.983000
469.920000
472.857000
475.794000
478.731000
481.668000
484.605000
487.542000
490.479000
493.416000
496.353000
499.290000
502.227000
505.164000
508.101000
511.038000
513.975000
516.912000
519.849000
522.786000
525.723000
528.660000
531.597000
534.534000
537.471000
540.408000
543.345000
546.282000
549.219000
552.156000
555.093000
558.030000
560.967000
563.904000
566.841000
569.778000
572.715000
575.652000
578.589000
581.526000
584.463000
587.400000
590.337000
593.274000
596.211000
599.148000
602.085000
605.022000
607.959000
610.896000
613.833000
616.770000
619.707000
622.644000
625.581000
628.518000
631.455000
634.392000
637.329000
640.266000
643.203000
646.140000
649.077000
652.014000
654.951000
657.888000
660.825000
663.762000
666.699000
669.636000
672.573000
675.510000
678.447000
681.384000
684.321000
687.258000
690.195000
693.132000
696.069000
699.006000
701.943000
704.880000
707.817000
710.754000
713.691000
716.628000
719.565000
722.502000
725.439000
728.376000
731.313000
734.250000
737.187000
740.124000
743.061000
745.998000
748.935000
751.872000
754.809000
757.746000
760.683000
763.620000
766.557000
769.494000
772.431000
775.368000
778.305000
781.242000
784.179000
787.116000
790.053000
792.990000
795.927000
798.864000
801.801000
804.738000
807.675000
810.612000
813.549000
816.486000
819.423000
822.360000
825.297000
828.234000
831.171000
834.108000
837.045000
839.982000
842.919000
845.856000
848.793000
851.730000
854.667000
857.604000
860.541000
863.478000
866.415000
869.352000
872.289000
875.226000
878.163000
881.100000
884.037000
886.974000
889.911000
892.848000
895.785000
898.722000
901.659000
904.596000
907.533000
910.470000
913.407000
916.344000
919.281000
922.218000
925.155000
928.092000
931.029000
933.966000
936.903000
939.840000
942.777000
945.714000
948.651000
951.588000
954.525000
957.462000
960.399000
963.336000
966.273000
969.210000
972.147000
975.084000
978.021000
980.958000
983.895000
986.832000
989.769000
992.706000
995.643000
998.580000
1001.517000
1004.454000
1007.391000
1010.328000
1013.265000
1016.202000
1019.139000
1022.076000
1025.013000
1027.950000
1030.887000
1033.824000
1036.761000
1039.698000
1042.635000
1045.572000
1048.509000
1051.446000
1054.383000
1057.320000
1060.257000
1063.194000
1066.131000
1069.068000
1072.005000
1074.942000
1077.879000
1080.816000
1083.753000
1086.690000
1089.627000
1092.564000
1095.501000
1098.438000
1101.375000
1104.312000
1107.249000
1110.186000
1113.123000
1116.060000
1118.997000
1121.934000
1124.871000
1127.808000
1130.745000
1133.682000
1136.619000
1139.556000
1142.493000
1145.430000
1148.367000
1151.304000
1154.241000
1157.178000
1160.115000
1163.052000
1165.989000
1168.926000
1171.863000
1174.800000
1177.737000
1180.674000
1183.611000
1186.548000
1189.485000
1192.422000
1195.359000
1198.296000
1201.233000
1204.170000
1207.107000
1210.044000
1212.981000
1215.918000
1218.855000
1221.792000
1224.729000
1227.666000
1230.603000
1233.540000
1236.477000
1239.414000
1242.351000
1245.288000
1248.225000
1251.162000
1254.099000
1257.036000
1259.973000
1262.910000
1265.847000
1268.784000
1271.721000
1274.658000
1277.595000
1280.532000
1283.469000
1286.406000
1289.343000
1292.280000
1295.217000
1298.154000
1301.091000
1304.028000
1306.965000
1309.902000
1312.839000
1315.776000
1318.713000
1321.650000
1324.587000
1327.524000
1330.461000
1333.398000
1336.335000
1339.272000
1342.209000
1345.146000
1348.083000
1351.020000
1353.957000
1356.894000
1359.831000
1362.768000
1365.705000
1368.642000
1371.579000
1374.516000
1377.453000
1380.390000
1383.327000
1386.264000
1389.201000
1392.138000
1395.075000
1398.012000
1400.949000
1403.886000
1406.823000
1409.760000
1412.697000
1415.634000
1418.571000
1421.508000
1424.445000
1427.382000
1430.319000
1433.256000
1436.193000
1439.130000
1442.067000
1445.004000
1447.941000
1450.878000
1453.815000
1456.752000
1459.689000
1462.626000
1465.563000
1468.500000
1471.437000
1474.374000
1477.311000
1480.248000
1483.185000
1486.122000
1489.059000
1491.996000
1494.933000
1497.870000
1500.807000
1503.744000
1506.681000
1509.618000
1512.555000
1515.492000
1518.429000
1521.366000
1524.303000
1527.240000
1530.177000
1533.114000
1536.051000
1538.988000
1541.925000
1544.862000
1547.799000
1550.736000
1553.673000
1556.610000
1559.547000
1562.484000
1565.421000
1568.358000
1571.295000
1574.232000
1577.169000
1580.106000
1583.043000
1585.980000
1588.917000
1591.854000
1594.791000
1597.728000
1600.665000
1603.602000
1606.539000
1609.476000
1612.413000
1615.350000
1618.287000
1621.224000
1624.161000
1627.098000
1630.035000
1632.972000
1635.909000
1638.846000
1641.783000
1644.720000
1647.657000
1650.594000
1653.531000
1656.468000
1659.405000
1662.342000
1665.279000
1668.216000
1671.153000
1674.090000
1677.027000
1679.964000
1682.901000
1685.838000
1688.775000
1691.712000
1694.649000
1697.586000
1700.523000
1703.460000
1706.397000
1709.334000
1712.271000
1715.208000
1718.145000
1721.082000
1724.019000
1726.956000
1729.893000
1732.830000
1735.767000
1738.704000
1741.641000
1744.578000
1747.515000
1750.452000
1753.389000
1756.326000
1759.263000
1762.200000
1765.137000
1768.074000
1771.011000
1773.948000
1776.885000
1779.822000
1782.759000
1785.696000
1788.633000
1791.570000
1794.507000
1797.444000
1800.381000
1803.318000
1806.255000
1809.192000
1812.129000
1815.066000
1818.003000
1820.940000
1823.877000
1826.814000
1829.751000
1832.688000
1835.625000
1838.562000
1841.499000
1844.436000
1847.373000
1850.310000
1853.247000
1856.184000
1859.121000
1862.058000
1864.995000
1867.932000
1870.869000
1873.806000
1876.743000
1879.680000
1882.617000
1885.554000
1888.491000
1891.428000
1894.365000
1897.302000
1900.239000
1903.176000
1906.113000
1909.050000
1911.987000
1914.924000
1917.861000
1920.798000
1923.735000
1926.672000
1929.609000
1932.546000
1935.483000
1938.420000
1941.357000
1944.294000
1947.231000
1950.168000
1953.105000
1956.042000
1958.979000
1961.916000
1964.853000
1967.790000
1970.727000
1973.664000
1976.601000
1979.538000
1982.475000
1985.412000
1988.349000
1991.286000
1994.223000
1997.160000
2000.097000
2003.034000
2005.971000
2008.908000
2011.845000
2014.782000
2017.719000
2020.656000
2023.593000
2026.530000
2029.467000
2032.404000
2035.341000
2038.278000
2041.215000
2044.152000
2047.089000
2050.026000
2052.963000
2055.900000
2058.837000
2061.774000
2064.711000
2067.648000
2070.585000
2073.522000
2076.459000
2079.396000
2082.333000
2085.270000
2088.207000
2091.144000
2094.081000
2097.018000
2099.955000
2102.892000
2105.829000
2108.766000
2111.703000
2114.640000
2117.577000
2120.514000
2123.451000
2126.388000
2129.325000
2132.262000
2135.199000
2138.136000
2141.073000
2144.010000
2146.947000
2149.884000
2152.821000
2155.758000
2158.695000
2161.632000
2164.569000
2167.506000
2170.443000
2173.380000
2176.317000
2179.254000
2182.191000
2185.128000
2188.065000
2191.002000
2193.939000
2196.876000
2199.813000
2202.750000
2205.687000
2208.624000
2211.561000
2214.498000
2217.435000
2220.372000
2223.309000
2226.246000
2229.183000
2232.120000
2235.057000
2237.994000
2240.931000
2243.868000
2246.805000
2249.742000
2252.679000
2255.616000
2258.553000
2261.490000
2264.427000
2267.364000
2270.301000
2273.238000
2276.175000
2279.112000
2282.049000
2284.986000
2287.923000
2290.860000
2293.797000
2296.734000
2299.671000
2302.608000
2305.545000
2308.482000
2311.419000
2314.356000
2317.293000
2320.230000
2323.167000
2326.104000
2329.041000
2331.978000
2334.915000
2337.852000
2340.789000
2343.726000
2346.663000
2349.600000
2352.537000
2355.474000
2358.411000
2361.348000
2364.285000
2367.222000
2370.159000
2373.096000
2376.033000
2378.970000
2381.907000
2384.844000
2387.781000
2390.718000
2393.655000
2396.592000
2399.529000
2402.466000
2405.403000
2408.340000
2411.277000
2414.214000
2417.151000
2420.088000
2423.025000
2425.962000
2428.899000
2431.836000
2434.773000
2437.710000
2440.647000
2443.584000
2446.521000
2449.458000
2452.395000
2455.332000
2458.269000
2461.206000
2464.143000
2467.080000
2470.017000
2472.954000
2475.891000
2478.828000
2481.765000
2484.702000
2487.639000
2490.576000
2493.513000
2496.450000
2499.387000
2502.324000
2505.261000
2508.198000
2511.135000
2514.072000
2517.009000
2519.946000
2522.883000
2525.820000
2528.757000
2531.694000
2534.631000
2537.568000
2540.505000
2543.442000
2546.379000
2549.316000
2552.253000
2555.190000
2558.127000
2561.064000
2564.001000
2566.938000
2569.875000
2572.812000
2575.749000
2578.686000
2581.623000
2584.560000
2587.497000
2590.434000
2593.371000
2596.308000
2599.245000
2602.182000
2605.119000
2608.056000
2610.993000
2613.930000
2616.867000
2619.804000
2622.741000
2625.678000
2628.615000
2631.552000
2634.489000
2637.426000
2640.363000
2643.300000
2646.237000
2649.174000
2652.111000
2655.048000
2657.985000
2660.922000
2663.859000
2666.796000
2669.733000
2672.670000
2675.607000
2678.544000
2681.481000
2684.418000
2687.355000
2690.292000
2693.229000
2696.166000
2699.103000
2702.040000
2704.977000
2707.914000
2710.851000
2713.788000
2716.725000
2719.662000
2722.599000
2725.536000
2728.473000
2731.410000
2734.347000
2737.284000
2740.221000
2743.158000
2746.095000
2749.032000
2751.969000
2754.906000
2757.843000
2760.780000
2763.717000
2766.654000
2769.591000
2772.528000
2775.465000
2778.402000
2781.339000
2784.276000
2787.213000
2790.150000
2793.087000
2796.024000
2798.961000
2801.898000
2804.835000
2807.772000
2810.709000
2813.646000
2816.583000
2819.520000
2822.457000
2825.394000
2828.331000
2831.268000
2834.205000
2837.142000
2840.079000
2843.016000
2845.953000
2848.890000
2851.827000
2854.764000
2857.701000
2860.638000
2863.575000
2866.512000
2869.449000
2872.386000
2875.323000
2878.260000
2881.197000
2884.134000
2887.071000
2890.008000
2892.945000
2895.882000
2898.819000
2901.756000
2904.693000
2907.630000
2910.567000
2913.504000
2916.441000
2919.378000
2922.315000
2925.252000
2928.189000
2931.126000
2934.063000
2937.000000
