653491242955473536
401169916154965568
179203931648375552
93517029394645520
53389248922156448
32969429565070876
21659588966624556
15020172428944452
11043207237712394
8428736059185807
6807649911178851
5561899524650482
4706393321130104
4136134047825665
3629900078555881
3207288569701546
2905071827898967
2662039714299902
2438654942274119
2268640076008168
2067722590106049
1952169450987047
1850124507484176
1727744803226395
1645743492745434
1544614865977406
1513350384437648
1421837866688988
1343471564523756
1299656718039353
1210214884052290
1161679088760816
1132550931834001
1109457941079647
1093316910978188
1037357120956952
1005552632331994
942146126678464
927936864766307
886185780775873
864216245303423
833044643903920
811928498074657
782855421525537
733093912578433
735943245750113
713784647008735
692095025533532
672254919904384
659939933035239
630017765668233
627167113497394
606356277755670
604285363199391
554164812537398
552290050935935
518084737405649
513384268381540
522980277677908
508279656001534
487986772467193
487903029975184
460071822806149
441509460150940
439553520908523
432998838535126
417660356537054
389493183657069
404347758317304
421619108913974
370447056160219
374495711860453
395117737501595
348826887399506
340493326769838
345550793017130
351397009353299
329170591480878
311232205351300
319797170280657
303042741258128
284921123399453
296302939834365
282038559349195
282372481223776
272180169116597
267988858877742
283959338179546
266130033784255
259705230811227
251435671289612
243851483089848
234943966385741
246132960523178
236674168962476
241151284305041
220669173025066
206944382135555
242315751611173
212130271898428
205496692643535
205080745392823
211548791320564
190497580668277
186613383658553
193393790238156
192853418979219
194847800166459
188168710242899
183485776456354
182985052646309
169106980360468
169523502339373
169203359085353
157009862100700
155118001865113
159984957180710
151944536926967
159097184844496
140361434103437
144469767806048
143118249687789
138791383568291
138769339857834
142432550458707
135801480538546
140413982486024
118229947392390
136188597135584
134667502599884
123735864164799
125805741396487
120723121511036
125819077382830
114288547782772
123421164694396
109541366559716
123152161916510
114939030856807
105794195260718
111798075047424
111066697953851
102862177909255
107938202453878
104907361869364
100765592169425
98071890061516
97670592578600
89507750549963
92852283435763
93469188502319
94139812199746
87332004314029
95017103029313
88524053419638
84636275852062
85965709573117
76505541570117
81548352777109
87762237492154
75900117049453
84216223536389
78389762836167
71782653770969
69162957324239
67209012065012
73792990056333
69902159802731
60904355850617
64097716079447
70785732394413
70906791441476
61214540962393
58348897525251
67126974589435
61637186746685
64494451656481
56444280338322
60169681619314
53122481559115
57243764754319
65718948539017
56462599586212
53714293764312
55432411408403
54035201368409
51670291524536
56839301461688
49632457899730
50980471361682
49347561244058
50189133500590
50771931169949
46575548972830
51538846958363
50393880005085
44500186293688
43809305396997
46104977932662
49861365012042
46221305203304
47471094856650
43650779774755
37131165304801
44027673385634
44684333738588
39337922064236
40578696555248
45431309855045
36056041145292
41932145185441
38880874638903
43545250238185
37725633067977
39450143933289
35665615592115
32836818308334
35329970890614
32729479617231
35190947615258
38028462698757
34049435986301
32931005738655
25688169851935
35281760522017
34298674077274
35986866596016
31820200743129
37521017299743
30963977585699
26523269756320
23862420411003
31850867856280
31119259830311
31803521358931
21697462365390
27152450757289
29733849990642
23858477073581
25601586484762
27910396315911
29803607402373
26197339384181
22595305946484
29863929163555
22718249085654
24870698010436
23788776406918
20482167539590
23157603029072
27214636818296
26384433065218
26594644790682
17188366384431
26039924738260
17191453393895
20596078759212
21112992473067
19064926834118
19198836748608
20653293131295
15802063762364
21413438076004
19570806044318
20369544240919
18142792071220
22242798124676
17797654153287
19733057292643
21042558145885
15750645536377
17454445597755
18513968350616
16067673750469
18019817957625
16017170495371
18077425864392
19780912302362
13376895053920
14776427024131
14798818456666
18378652056691
15555475088612
14721110213359
14567151453548
14657651614163
13688252785950
15406719984435
14620055134268
15299469769152
13042487189887
14868773647461
14866762317654
14229289500057
12826168508097
9117734489681
11871036857445
12554475565490
8311031364343
12793764861954
11112352373316
11293436157230
9376540422632
11666385501502
9280815987698
10114004198117
10507525209028
9153399667948
6343360862239
8281974088770
11915973499187
10620092457065
5903053031130
10910439401378
8618375704562
7741850917646
6768349825880
7965069342798
8038740051780
8921744261309
10810394568912
8115965207162
8830392362867
6354103392766
6858802618530
9209717361906
8258370064101
6243399186185
6785059069791
7033721886816
11032104213939
10160565223756
10838716737203
7459771633229
8569251929861
9085044535654
7670066774547
6217283148444
4896229404007
7375064206295
4479936971768
4841729230573
7578928500006
6512458616351
2655023114266
4819117177078
4181143734951
7411486027571
6223645533150
3545624486209
7732188653822
5169974096620
7231586591807
6862057815089
9354884034791
5117177417100
4253682358798
4164219081521
6506869477470
4425038523777
5188380742068
6195053933287
4835008593565
5015043660280
3087108042031
4516398892977
5605048796784
5330629564785
3835033387273
3605454082834
4130035955525
4130035955525
3994613593829
3214448797373
5641844770363
3634132189030
2655023114266
2538541008019
2787112341070
5010012791763
3560556379470
4720041092028
4412842279320
3450140263233
2595465736574
7375064206295
2950025682518
4426691510210
2655023114266
2065017977762
4049071634601
2360020546014
5566018537017
2380289196553
2655023114266
3308563401536
3800054068693
1770015409510
3100427254560
2455368714935
4469814724246
3540030819021
2065017977762
1630923797115
2986668410787
4205094695428
2360020546014
1180010273007
3245028250769
2628701375019
885007704755
1770015409510
1770015409510
2379852172172
2065017977762
2360020546014
2940714897283
2350205547860
2360020546014
2583976132278
1180010273007
2065017977762
1770015409510
3540030819021
3245028250769
1770015409510
1770015409510
1180010273007
2879276661233
1631959320603
2655023114266
2128609984922
885007704755
3866209386385
2065017977762
4130035955525
1475012841259
295002568251
295002568251
1475012841259
1180010273007
431820793805
907166630818
701275963186
2065017977762
1765787073526
885007704755
2451919179537
1180010273007
1475012841259
2102008097696
2065017977762
1475012841259
2380923588254
1475012841259
885007704755
1180010273007
1180010273007
590005136503
1770015409510
819857047966
885007704755
1180010273007
2346855842661
1770015409510
1180010273007
1180010273007
1475012841259
1604829578962
1770015409510
1883912072027
590005136503
2101248666239
2065017977762
1201264160045
1132919069378
885007704755
885007704755
590005136503
814714694826
885007704755
1475012841259
1180010273007
1180010273007
295002568251
590005136503
590005136503
2360020546014
590005136503
0
885007704755
1475012841259
295002568251
590005136503
1180010273007
1180010273007
1168077098683
885007704755
885007704755
0
885007704755
590005136503
885007704755
295002568251
1770015409510
1180010273007
295002568251
885007704755
1125835287266
295002568251
1180010273007
590005136503
295002568251
1239255152249
295002568251
885007704755
586384940645
590005136503
0
590005136503
292582927050
590005136503
590005136503
1180010273007
1180010273007
0
885007704755
295002568251
590005136503
0
412744487192
0
590005136503
1475012841259
885007704755
295002568251
590005136503
590005136503
295002568251
590005136503
1180010273007
0
295002568251
295002568251
0
1180010273007
0
885007704755
1180010273007
295002568251
295002568251
0
295002568251
0
0
0
0
295002568251
590005136503
295002568251
590005136503
885007704755
0
0
1475012841259
885007704755
885007704755
590005136503
885007704755
295002568251
0
295002568251
455003034114
0
295002568251
295002568251
0
590005136503
293695766328
295002568251
0
0
295002568251
0
0
0
0
0
295002568251
0
0
0
295002568251
21485600350
590005136503
590005136503
590005136503
0
295002568251
295002568251
0
295002568251
0
0
0
590005136503
295002568251
295002568251
0
0
0
0
0
0
0
295002568251
0
0
0
295002568251
0
319380640189
0
295002568251
295002568251
0
0
0
0
295002568251
885007704755
295002568251
0
295002568251
590005136503
295002568251
0
590005136503
0
0
0
295002568251
0
0
295002568251
0
0
0
295002568251
0
0
0
0
0
294626674502
885007704755
0
0
0
0
295002568251
0
0
0
0
590005136503
201692074655
0
0
0
0
0
0
0
0
295002568251
0
0
0
590005136503
0
295002568251
0
0
0
0
143350332426
0
0
0
0
0
0
0
295002568251
0
0
0
0
0
0
295002568251
295002568251
0
0
0
0
0
0
295002568251
0
0
0
0
0
0
0
0
0
0
295002568251
0
0
0
0
0
0
0
0
0
0
0
0
295002568251
295002568251
0
0
0
295002568251
0
0
0
0
0
0
0
0
0
0
0
51632774947
0
0
0
110454162727
0
0
295002568251
0
295002568251
0
0
0
295002568251
0
0
0
0
0
295002568251
0
0
0
0
0
295002568251
0
0
0
0
0
295002568251
0
0
0
0
0
295002568251
0
0
0
0
0
0
0
295002568251
0
0
0
0
0
0
0
295002568251
0
0
295002568251
0
0
0
0
0
0
0
0
295002568251
0
0
0
0
0
0
0
0
0
0
0
0
0
0
0
0
0
0
0
0
0
0
0
0
0
0
0
0
0
0
0
0
0
0
0
0
0
0
0
0
0
0
0
0
0
0
0
295002568251
0
0
0
0
0
0
0
0
0
0
0
0
0
0
0
0
0
0
0
0
0
0
0
0
0
0
0
0
0
0
0
0
0
0
0
0
0
0
0
0
0
0
0
0
0
0
0
0
0
0
0
0
0
0
0
0
0
0
0
0
0
0
0
0
295002568251
0
0
0
0
0
0
0
0
0
0
0
0
0
0
0
0
0
0
0
0
0
0
0
0
0
0
0
0
0
0
0
0
0
0
0
0
0
0
0
0
0
0
0
0
0
0
0
0
0
0
0
0
0
0
0
0
0
0
0
0
0
0
0
0
0
0
0
0
0
0
295002568251
