6.493744891514920000e+14
6.141928827437900000e+14
5.678304500970030000e+14
5.293920106742270000e+14
4.885277520309170000e+14
4.495654101750330000e+14
4.388737239845050000e+14
4.175559888934300000e+14
4.075097036067650000e+14
3.768171675941300000e+14
3.500953089020790000e+14
3.313278963301140000e+14
3.186200643627150000e+14
3.019121479731620000e+14
2.836050038103670000e+14
2.825890207275880000e+14
2.618993412017730000e+14
2.523678308527310000e+14
2.502407597725940000e+14
2.405675570717450000e+14
2.353650084585270000e+14
2.267001242401500000e+14
2.169106069932120000e+14
2.062202524585230000e+14
2.000841223157910000e+14
2.034133040233910000e+14
1.833389559326680000e+14
1.714633329713390000e+14
1.723502031985290000e+14
1.589744278752010000e+14
1.630239089920850000e+14
1.608795929017110000e+14
1.555774262481320000e+14
1.440677622989070000e+14
1.486896911275720000e+14
1.353034299113210000e+14
1.318598265038330000e+14
1.283582198626140000e+14
1.283624031712340000e+14
1.244782807642080000e+14
1.207317975961470000e+14
1.129521505673020000e+14
1.008834950980970000e+14
1.126683400514540000e+14
1.097762058424670000e+14
1.039665054787890000e+14
1.068114502127510000e+14
1.053603922038950000e+14
8.945280925601800000e+13
9.323453533224700000e+13
8.456919427040300000e+13
8.950594315973400000e+13
8.528669543900600000e+13
8.105117359634000000e+13
8.236137490535600000e+13
8.341442877059700000e+13
8.304908960594200000e+13
7.608387994294100000e+13
7.222905032929300000e+13
8.004593351639300000e+13
7.421281470988800000e+13
6.600612304661500000e+13
7.049395434941600000e+13
6.656413763440500000e+13
6.451027840645700000e+13
5.698620765670400000e+13
5.738368572751300000e+13
5.577277905318400000e+13
5.556260271633800000e+13
5.109288285280600000e+13
5.374271204913100000e+13
5.589577931219500000e+13
5.357647962021100000e+13
4.912958639540500000e+13
5.086079095656300000e+13
4.760687074748500000e+13
4.594425824301200000e+13
4.570449847360500000e+13
5.002205658365500000e+13
4.942930885738300000e+13
4.339825682151700000e+13
4.468197388187400000e+13
4.529825368688800000e+13
4.479716044618600000e+13
3.761043753078800000e+13
3.944109332193200000e+13
3.981148608091700000e+13
4.054223723879400000e+13
3.726611733143300000e+13
3.698616668318000000e+13
3.484669277675900000e+13
3.900667366269500000e+13
3.445550323815100000e+13
3.285128000744400000e+13
2.985992834934500000e+13
3.331685327650900000e+13
3.574004911863700000e+13
3.443949924164200000e+13
2.956505784289900000e+13
3.510676065937700000e+13
3.307402734017800000e+13
3.347073944801200000e+13
3.233225485406400000e+13
3.005378550027200000e+13
2.552772481791400000e+13
2.693932233325500000e+13
2.784109273090000000e+13
3.136816598709100000e+13
2.634035236034500000e+13
3.039863516055300000e+13
2.583184902998800000e+13
3.046237809002600000e+13
2.662455016608500000e+13
2.668719061437300000e+13
2.386024660420600000e+13
2.337442387463200000e+13
2.566395840185900000e+13
2.287549412192200000e+13
2.554633630760400000e+13
2.113384846774100000e+13
2.463688781403200000e+13
2.172458916757400000e+13
2.938925335095800000e+13
2.252977093973600000e+13
2.318213994917800000e+13
1.930137832768700000e+13
1.998597158382300000e+13
2.283720048555800000e+13
1.992381038038400000e+13
2.205519342942200000e+13
2.254396352734000000e+13
2.106935769757100000e+13
2.014124862275600000e+13
2.083724468533300000e+13
1.936801759312000000e+13
2.128345820254600000e+13
1.872283629803900000e+13
1.513422645567700000e+13
1.879083764204500000e+13
1.771724070857300000e+13
1.928186149302800000e+13
1.673459378463100000e+13
1.997730965377500000e+13
1.748403296972100000e+13
1.405420020303500000e+13
1.920322742167000000e+13
1.806520224323600000e+13
1.611622099399400000e+13
1.856642477723800000e+13
1.555104403624000000e+13
1.121347803109700000e+13
1.662767060881400000e+13
1.523216831929600000e+13
1.621111363504800000e+13
1.438824272332100000e+13
1.368824842816300000e+13
1.458902371688700000e+13
1.396614641503200000e+13
1.599009354341300000e+13
1.440023623947600000e+13
1.538695005167400000e+13
1.398663635536100000e+13
1.395774456850800000e+13
1.479705552380800000e+13
1.317021803875400000e+13
1.575485247454200000e+13
1.187167958445600000e+13
1.405182379894400000e+13
1.522782008415300000e+13
1.298761021212100000e+13
1.295449679596500000e+13
1.079645443053900000e+13
1.140228857095500000e+13
1.515450509802400000e+13
1.363773641515100000e+13
9.783463120857000000e+12
1.248922048267600000e+13
1.292198733959100000e+13
1.144868471046200000e+13
1.066341341994600000e+13
1.339798941089800000e+13
9.757312397865000000e+12
9.595679555441000000e+12
1.049438934448700000e+13
1.046766159120700000e+13
8.950637517205000000e+12
9.138931297173000000e+12
1.072178287209000000e+13
1.052291796651600000e+13
9.144348844047000000e+12
8.146119062258000000e+12
9.777592017714000000e+12
8.342216779290000000e+12
9.057706899047000000e+12
9.516754701445000000e+12
8.742407904911000000e+12
7.585107171174000000e+12
6.867200254979000000e+12
8.366046509922000000e+12
6.092288822428000000e+12
6.506844821475000000e+12
9.815272955894000000e+12
7.773398979803000000e+12
9.576326274376000000e+12
8.204142020306000000e+12
6.675373111249000000e+12
5.405953684270000000e+12
7.697114352941000000e+12
6.149064658738000000e+12
8.886404952514000000e+12
5.463463209867000000e+12
6.699962579738000000e+12
5.569988319502000000e+12
6.997145627928000000e+12
6.336391844551000000e+12
6.711592148001000000e+12
7.512852581304000000e+12
6.965506664169000000e+12
7.180559950154000000e+12
7.305286832781000000e+12
5.405823498501000000e+12
4.593532699095000000e+12
3.971421605308000000e+12
4.672239791371000000e+12
6.820804775278000000e+12
3.248002197965000000e+12
5.811177575019000000e+12
7.511841596530000000e+12
5.823170507679000000e+12
5.745898507435000000e+12
6.461605719071000000e+12
6.174913005561000000e+12
5.883080348601000000e+12
6.084248557500000000e+12
5.871128520615000000e+12
3.388807204426000000e+12
5.229853985741000000e+12
6.712883337642000000e+12
3.613811353018000000e+12
3.940631173945000000e+12
3.332596364373000000e+12
4.256344107504000000e+12
5.316558776889000000e+12
3.096607016767000000e+12
3.465542513559000000e+12
4.843025245884000000e+12
4.323124846728000000e+12
4.766058772734000000e+12
4.136626856873000000e+12
3.778236841069000000e+12
3.156448774491000000e+12
6.168787725958000000e+12
3.977876464747000000e+12
3.397331546783000000e+12
3.263181966829000000e+12
4.000846220899000000e+12
5.587508497238000000e+12
2.843303949668000000e+12
4.123240079800000000e+12
3.746953581278000000e+12
5.227710395795000000e+12
3.481235301572000000e+12
3.286468465828000000e+12
1.767662088157000000e+12
5.022601103272000000e+12
2.762393432596000000e+12
2.730674208285000000e+12
3.088799669052000000e+12
3.206508045086000000e+12
4.054353113324000000e+12
3.648079760486000000e+12
2.722124811446000000e+12
3.627944886367000000e+12
3.461122710344000000e+12
4.036487583676000000e+12
3.333726027460000000e+12
2.211272456750000000e+12
3.354514146474000000e+12
2.172752985314000000e+12
2.401669377913000000e+12
2.714973744016000000e+12
2.419488557420000000e+12
2.610473432683000000e+12
2.045994142003000000e+12
2.580455530792000000e+12
3.044088335508000000e+12
2.801681200698000000e+12
2.821925235607000000e+12
2.493985163629000000e+12
2.698251489555000000e+12
2.087374583448000000e+12
3.351600976261000000e+12
2.001083213845000000e+12
3.156674729748000000e+12
1.603684010687000000e+12
1.621637114390000000e+12
2.289054236194000000e+12
2.219401454581000000e+12
2.317126302473000000e+12
2.345742264182000000e+12
1.563466264415000000e+12
3.636991561513000000e+12
2.137519221186000000e+12
1.447184307212000000e+12
3.040169353101000000e+12
2.054937161367000000e+12
2.013508093895000000e+12
1.614344940988000000e+12
2.605429347296000000e+12
1.336051879052000000e+12
1.193811065060000000e+12
2.205076718397000000e+12
1.945927815132000000e+12
1.984692641644000000e+12
1.568359733288000000e+12
2.684733335909000000e+12
2.836264614419000000e+12
1.631312825392000000e+12
9.955695936620000000e+11
6.127629157260000000e+11
9.983814352670000000e+11
1.126549685781000000e+12
1.529816163754000000e+12
2.253179540256000000e+12
1.388586999745000000e+12
2.095232417429000000e+12
2.206405605396000000e+12
2.508018063722000000e+12
2.927441422163000000e+12
1.394224567769000000e+12
1.066336609971000000e+12
7.993517231110000000e+11
1.309478594685000000e+12
1.305944957449000000e+12
1.551998230474000000e+12
8.278298622250000000e+11
1.994584074117000000e+12
1.999504811347000000e+12
1.185823449349000000e+12
1.374771330843000000e+12
1.764250150623000000e+12
9.880909958050000000e+11
1.089392402194000000e+12
1.258930329466000000e+12
2.176191986467000000e+12
1.965222393422000000e+12
1.218141575152000000e+12
1.724744421481000000e+12
1.730913070423000000e+12
1.103614088474000000e+12
1.070418686996000000e+12
9.050640930510000000e+11
1.785860481501000000e+12
2.208838620159000000e+12
1.190259742185000000e+12
1.516430488060000000e+12
1.587021149178000000e+12
8.007735866630000000e+11
7.523712709570000000e+11
1.890151038134000000e+12
1.375872607357000000e+12
1.457246991273000000e+12
1.539745793779000000e+12
9.897210975170000000e+11
1.127444288638000000e+12
2.046270176210000000e+12
4.458384932470000000e+11
1.335142198799000000e+12
1.068542452790000000e+12
9.350223604960000000e+11
8.417741425780000000e+11
1.315973980155000000e+12
1.464986535820000000e+12
9.186916746230000000e+11
9.013450950300000000e+11
1.169671709457000000e+12
1.015768527762000000e+12
5.838541202290000000e+11
1.226562756911000000e+12
1.067001245634000000e+12
6.452544374140000000e+11
1.197495616023000000e+12
1.116991057336000000e+12
1.286190096406000000e+12
5.580155021260000000e+11
1.499673241827000000e+12
1.925162498070000000e+11
1.415973227584000000e+12
4.880801397100000000e+11
4.800867817250000000e+11
5.277740020970000000e+11
8.848865135210000000e+11
1.642656346020000000e+12
8.390866773720000000e+11
1.730197294960000000e+12
6.213707423550000000e+11
1.028544588141000000e+12
7.792629557540000000e+11
1.039314503068000000e+12
1.341732851933000000e+12
6.305643455490000000e+11
8.826553154630000000e+11
1.370438714953000000e+12
5.387601600900000000e+11
1.102225835495000000e+12
8.213714799980000000e+11
4.677053759620000000e+11
6.628021211110000000e+11
2.730939665080000000e+11
1.089766768948000000e+12
2.065053969520000000e+11
2.353483839990000000e+11
8.813370510080000000e+11
2.389953775904000000e+12
1.456972378410000000e+12
4.477305165600000000e+11
1.375711865137000000e+12
7.112604461900000000e+10
1.831122127484000000e+12
9.597340076680000000e+11
7.787943789900000000e+11
1.193398512797000000e+12
7.016617181820000000e+11
3.866652522640000000e+11
8.260542406180000000e+11
4.844493125960000000e+11
1.031978909623000000e+12
2.295433321800000000e+11
2.136037382850000000e+11
2.052735704110000000e+11
4.707723118870000000e+11
1.019263504385000000e+12
3.681796737150000000e+11
6.600093200990000000e+11
5.474445192240000000e+11
1.317141539976000000e+12
5.246825812020000000e+11
1.370516361500000000e+11
2.532246237080000000e+11
5.159638383250000000e+11
1.269591157054000000e+12
4.665032000560000000e+11
1.340630793840000000e+11
1.106799797740000000e+11
1.079345798521000000e+12
3.140777039990000000e+11
6.155643493710000000e+11
5.967152400230000000e+11
1.080590300586000000e+12
1.083609179044000000e+12
5.148410095090000000e+11
4.579243120690000000e+11
3.637684478740000000e+11
9.297956560930000000e+11
1.908423914800000000e+11
6.911602045620000000e+11
1.245368825800000000e+11
1.737270443540000000e+11
1.235109537260000000e+11
2.264594347690000000e+11
2.243656749050000000e+11
4.458248095960000000e+11
1.025422242365000000e+12
5.204603790550000000e+11
3.928678579280000000e+11
6.551257820820000000e+11
5.995306307320000000e+11
6.395940145010000000e+11
3.277007196560000000e+11
2.431112117530000000e+11
1.998374603490000000e+11
5.439789416230000000e+11
4.695666548690000000e+11
3.931404584640000000e+11
7.027329133740000000e+11
5.267125728130000000e+11
1.364551931230000000e+11
4.412650010010000000e+11
7.028038766070000000e+11
1.948490056760000000e+11
3.871454562200000000e+11
6.627495868250000000e+11
1.296621525550000000e+11
6.377031237950000000e+11
4.706791979440000000e+11
1.862349650980000000e+11
3.394659642860000000e+11
7.263515035560000000e+11
9.153539379200000000e+10
9.659025740900000000e+10
1.328130948860000000e+11
5.403418393370000000e+11
4.303561534660000000e+11
5.946083954690000000e+11
2.212206501810000000e+11
3.328596991030000000e+11
1.025680533720000000e+11
5.966422144020000000e+11
5.615938645780000000e+11
7.142162565960000000e+11
1.007464667956000000e+12
3.307727272910000000e+11
2.014236806240000000e+11
4.255468080840000000e+11
2.309071301200000000e+11
3.041243751110000000e+11
6.616049675920000000e+11
3.567897252340000000e+11
1.039346795940000000e+11
4.221482823760000000e+11
2.415435811230000000e+11
6.995587183590000000e+11
1.034314263610000000e+11
2.421093018130000000e+11
9.890029767500000000e+10
8.896598245500000000e+10
4.069945887580000000e+11
1.786783313880000000e+11
1.103421758220000000e+11
4.408116591820000000e+11
5.751304319300000000e+10
2.396598636910000000e+11
3.441125064750000000e+11
3.048757271640000000e+11
5.512932681400000000e+10
3.491523416430000000e+11
1.703881792820000000e+11
7.427827171500000000e+10
9.387571019700000000e+10
5.932334576600000000e+10
7.584212969300000000e+10
1.201133807990000000e+11
3.804293334390000000e+11
6.905469468800000000e+10
4.583791289810000000e+11
1.564286805400000000e+11
2.877438941490000000e+11
1.014846565680000000e+11
3.492856932050000000e+11
7.857179478300000000e+10
4.161324482550000000e+11
3.679797267900000000e+10
1.521803858710000000e+11
5.453415247890000000e+11
3.285260694110000000e+11
2.981098840990000000e+11
6.440632382200000000e+10
2.972702344330000000e+11
1.104185110590000000e+11
2.663892909530000000e+11
6.976674208100000000e+10
4.726302270000000000e+10
2.832598518090000000e+11
9.035378486650000000e+11
6.622398036360000000e+11
2.579874440050000000e+11
1.800225831800000000e+11
3.673464712760000000e+11
8.921959616200000000e+10
1.876927877430000000e+11
2.777800114600000000e+10
3.115567472570000000e+11
1.717283402800000000e+11
2.455389684220000000e+11
3.094733468460000000e+11
3.462514659010000000e+11
9.823522482900000000e+10
3.008531573100000000e+10
1.390193492320000000e+11
7.944867654300000000e+10
3.649438473160000000e+11
5.120400792600000000e+10
1.350242563380000000e+11
2.154322744200000000e+11
4.130754937000000000e+10
1.559589610200000000e+10
4.997278532860000000e+11
5.960435079500000000e+10
5.263882832700000000e+10
5.888853115800000000e+10
8.934941387300000000e+10
3.267101141000000000e+11
3.821194622100000000e+10
1.256912355250000000e+11
1.165702606900000000e+10
3.703914845200000000e+10
9.481383412400000000e+10
2.940526548270000000e+11
5.113201002000000000e+10
6.094076722000000000e+10
4.230577044100000000e+10
3.178791765200000000e+10
4.348571020400000000e+10
3.168906449300000000e+10
5.226352090240000000e+11
1.044401844650000000e+11
3.948271855700000000e+11
2.399678211400000000e+10
6.204271422400000000e+10
2.985132765400000000e+10
3.043045251400000000e+10
5.099961147890000000e+11
1.815736973520000000e+11
5.421018204000000000e+10
1.660290795760000000e+11
2.123712070780000000e+11
3.280898440200000000e+10
2.104387304700000000e+10
4.158217203800000000e+10
3.462852047400000000e+10
5.069225983300000000e+10
2.002519756180000000e+11
4.648410116000000000e+09
2.521055232570000000e+11
5.755544814400000000e+10
2.924048652000000000e+10
2.832222309820000000e+11
2.673048952100000000e+10
5.925189000000000000e+10
9.156328271900000000e+10
1.792660237400000000e+10
4.233312042800000000e+10
2.202436102750000000e+11
2.569582920890000000e+11
2.507218427900000000e+10
8.649064507100000000e+10
1.456798623400000000e+10
1.251437236480000000e+11
1.356421234300000000e+10
6.156660921400000000e+10
2.974757768200000000e+10
1.570105951400000000e+10
2.364854343900000000e+11
9.372323051000000000e+09
1.628430918140000000e+11
5.061138949400000000e+10
2.417024352400000000e+10
3.680341159000000000e+09
2.533169044270000000e+11
3.962082640400000000e+10
4.449888049000000000e+09
1.517726238700000000e+10
2.468982256900000000e+10
2.174295760200000000e+10
