597155825833508992
175767967541716704
67405744809595872
35381174621946472
22339863257006044
15747803347948498
11854581996155844
9390298268603700
7855434650253814
6616799978777009
5824379541295063
5120328682973452
4573330577811345
4088561520757376
3756138238781788
3453985703585011
3179976156209937
2923199993318550
2706147123463306
2563228627738330
2370885121065324
2234571135766495
2158335779052439
2023180017612759
1885310290786053
1798697644774749
1710699896482659
1642910533137938
1565895937355191
1522962750410339
1447981345252044
1384198222195920
1289518027645928
1272329597376454
1204688237030654
1169529611192905
1123000929555819
1086275409608256
1048954536508306
1025936865246949
987099454580514
978515095787289
928613502865368
902972523365942
901622803972623
856438296365251
823243949586842
805648915671083
787861433245611
758951274759513
753356589931040
716884192347836
716360286648284
683525058925869
673584002152665
649162952890536
648974599141510
649988169505727
613198666995740
597186187409010
572356157341853
561924945159762
560575041798922
530272189678781
525241702908320
527212084079665
508065907543284
492538219554131
493149932499388
483119688905594
467492052141570
459588810685457
443761314035130
432408106645906
427424130202011
414829935714651
421539339828499
412792470199642
412820541425983
405299217281167
402610949625179
363069986816745
383571539738106
377814622739831
364335642203201
351459212729528
344065608603339
355053830775442
328501891928071
341872369706620
337007617768210
327008296793553
335048327810374
327304163797028
302635666446678
301225906636704
303105704580062
303708695644236
289082856651843
294465680410770
289870276605133
278306902875372
259995178329350
275213041914067
252037221017600
267023962036918
255684115799868
248625225541689
257446180561505
253147255659822
243345827370099
249798432725238
221546479380659
227499097725520
232327277232484
217637000166401
222880901185821
220934596211566
204625206809744
199930146493183
206576647279953
202666192354207
199167643363009
200740564253059
214932194582166
191412593388567
200115021494648
200541819764428
194072058293508
182358855112993
193495606675888
172844764446132
171782995598519
175544499656072
180155333039628
176044410827520
168617071271973
168117914184417
168657256390451
168528165024053
155907852958818
152460824757019
148198644485050
154202512172264
157272724798103
152380979593376
152340069458792
150197647812308
138106954596658
144068917912580
146354552658734
132693533544170
135205397018380
125822636381305
121608251177453
129036477159888
127281053605734
126665412878081
128428947192991
120764226070060
125749895534616
121946236312848
121987171325362
124438513715456
114624024898347
117860889876207
118076052662960
114948073662259
121396149584043
114917485989549
112902788111687
101417159656010
106850935280297
109269750799919
105621826916568
102069166170697
105530156081353
97201556234805
97165897839695
95627365351697
97055070346859
91058129691627
90911173877108
86109767685665
92918597386896
89927893897576
87211165490228
87968927556777
87510474882811
78447236868706
84621096093519
91211449776310
91669423178524
73008922613659
85347591865975
76469229770593
83036091849396
80625940923486
74076328388542
76635211185036
76240353151562
67948344400144
81743751197516
71879501650603
76190883400947
63112500033997
73460351472391
69507897685426
67977693639593
59840906336575
69036932044105
61300468892801
58585768420212
69510612910854
63025972159220
60023595186985
73709360992922
64623610500789
55319468246260
59997856266325
54109592251651
59167985245736
48822154680153
54538206879668
53016470884188
57556597871961
54072635580691
58839998383429
54947903437736
57396715861625
50257015144224
51638352651974
53274314032881
59045040356391
46131779226118
54544614631279
49787955781283
45375192348642
48848559766525
45713320271315
50691749839267
46758571152948
46339633772534
43278262347317
40988772204081
37813786933053
39894566505129
38987352613495
41753618015869
39758546106178
37993654305991
32900710345048
42403657900330
32490970007974
35914027236664
33085986955398
38166303665293
37113738528768
34939648297690
33944274358459
37048296354712
34793674234012
42821488032227
33760516873635
34160178240122
34293106703999
30260272897453
32963809767555
30460521729348
31684796478728
25202828625972
33223720437230
28503554707886
24902224675253
26676836885494
33688653284797
29944093312888
27394812100245
28965656942590
25050377188285
28694657663273
24164503281337
33503023722854
24098594884756
26440676148198
23947289475258
28291845254700
25934852966319
26028026876627
24651493599386
24227563094997
23113183776485
23647982582072
23603241554288
24066628628387
21480564214198
23978892297852
25147958177557
21679072567951
20821330113452
24124467341184
23363339211787
16627894727626
16913761856526
19269302688694
23474681546406
16427551735318
24930726436039
17660238676023
18872033747675
20074483076500
18271440772137
18461076825653
21520311295661
22352141158449
24213457649868
18002245628167
20643564541145
14810597580663
21604707803289
19555821355466
17259208973190
16044997664737
19211281019858
16645633864509
16955029407088
17339933133795
17198950777159
13640487902622
20295930879521
13666487535116
17512372552798
16975304576209
17969399168177
14425433745027
13180023754294
16392250358179
17745986281696
14403650260514
15875549857807
15733892272588
16459405210618
13761836930106
12866412857785
13072900581378
12642305708557
10656248178399
11415908841415
14820442255825
9700974826240
13148535368571
14022183108512
11920765715232
12093877861522
12109803705017
12291657998805
12516325874583
10677407606975
12353443963244
11757407974027
8668734697819
10269100508974
10616570933166
15115382910661
8428688227269
11565190251675
14193114086696
12143539639987
14213222524604
12254103488372
9853898806602
9815729679291
10074677213197
8210579449377
10251033152805
7347387419774
8697897643146
9016646951304
11483983480636
10220713234172
10362480563482
7618906205858
10601715945649
7193614087990
8546465446431
7541579458533
10411562059809
10289488971308
6394712629935
8101861526515
6473014476383
6236270024705
8676249541757
10623472759419
8484846394358
9343827528760
11573689180301
10165047101165
8050579319069
7919406209560
8195788961289
5754106110581
7365569877909
12034957607473
5880767248544
7715732068084
7422562838087
8178599826562
6956414798846
9886720312697
6809870003473
5179922778186
5115610396998
7772289422542
8079800304615
5880226435172
7030339388733
7211976398265
5628925445801
8538262190170
5599378529639
6553843307655
7100219243205
7758844606224
3597288570227
7803931452510
3455393376786
5971930428555
5640079558644
4820386390114
8705554198574
6815095258583
5632692905865
9117409859905
4778845205398
4245753979125
5786512903421
5728573507178
5049747711572
5615591547544
6588101265803
5283335176943
5014818001660
4992490205590
4843896810548
4985591192375
4638521272565
7173823508472
6005895312578
5617332417886
8089394095111
4472612509173
5749904732426
4841912656345
4248674437102
8498075048526
7562209850944
6048707325222
7761640235157
4618703021505
7663940498475
5196127476559
5679332641569
2641275155333
3853746073808
7467199838004
3682626257874
4679519260915
4007601876291
4192855988518
4595505653235
5013688587097
3942439585140
4542525397393
4112720649065
1597870491708
4267519542166
4207606066317
3866733229126
4782882041679
2820664193583
2764023060699
2351976624356
4659438307360
2813105037550
2652570941028
4281690424589
3861201079263
4183886879439
4224372195270
2194609202922
4122115451543
3276143733478
2391775860074
4079371154156
1127616229518
2838957539201
4453967289806
2951147609030
2238790069942
3515630077770
2894295161889
2570880218311
5386407621714
3912073753572
1601783575514
3721232712129
2013467730416
2285929160129
2239713178423
2415062752169
3047211082392
3298066060632
2722719167733
1502564789015
1829422871738
2578227351534
2903150008354
2996433140167
2860637502828
2454342161651
3142238380547
3447935645055
3483658218697
3813930131501
910420573363
1567492879536
3390301016378
2843962743509
1244547729607
1300735749066
1961213185886
3672997092281
2360020546014
3285285968629
1989345632790
2726873557727
1443798591810
1863453869558
1562566424825
3114657061910
1160168963315
1751605780906
755796636503
3048674585446
1540210895312
2543446897496
861551620190
1481692957433
2643695531108
3544047354610
3608869742358
2101124938707
1293460308395
1927219186839
719299556695
1437558718655
1471535458929
1787325262196
1769368340417
2850230839237
1995132531836
1282707505466
779248368830
596419933589
1827306404772
2503606435677
984613289705
1615648152857
1495594545248
1211352757862
587652091205
726449280883
253070380730
2116711502263
2131549404873
2104674964026
407808936651
545119223823
1020432005432
2009544729017
880098491959
541279236250
1451390400044
1319661864732
941794558757
1736024357776
1726793142562
2060106678341
295002568251
1499173013663
787951546121
66758390404
984616285897
872086746929
811187981784
939425658035
885007704755
931183440756
1205999240148
662883335840
885007704755
2096289674408
1184187791042
781495171362
465672559551
1660051501859
1605465184712
2182137676026
590005136503
3586553477
1561761137407
350605823534
840490365048
1248819066770
1193678177539
311418250342
777228775634
989534529838
689237576876
1198239383256
1013294636438
590005136503
666320915813
323352422006
885007704755
1219170007613
1667902074493
655644498667
971148423949
448638274023
1434743291551
811821567503
1480172600204
253258454774
1224630901602
1216990903059
1191422821045
590005136503
359657960944
875042814157
1063846628526
1288146155768
815384801319
811603473000
361729201818
295002568251
295002568251
0
885007704755
295002568251
1195834124719
162137480090
919154473855
184891519563
0
794205062739
1140559711471
885007704755
590005136503
357863601455
737352737580
709416992532
833563136851
590005136503
295002568251
379594467051
45486160298
60437749190
590005136503
776641763085
295002568251
921130271719
586891691405
295002568251
0
1475012841259
299971427037
236877311067
1051937477074
295002568251
354864345477
295002568251
0
0
0
295002568251
0
342885129904
295002568251
587945839464
295002568251
28356172552
295002568251
295002568251
295002568251
603461006022
748511008144
576066258283
7575028245
295002568251
4963797180
590005136503
295002568251
47858858844
295002568251
84243766962
295002568251
295002568251
566482507472
885007704755
295002568251
88367022301
521362185676
528368097739
270940223211
0
24402114375
31458965061
0
313096923590
16732804955
0
0
41275197312
0
0
169051848874
310130079071
674622612078
0
295002568251
504222097173
0
0
183116586832
0
0
697505338451
185407314777
0
0
327357467665
8123975787
0
0
627942862643
0
0
295002568251
0
0
295002568251
213061345847
0
0
0
293971211166
0
26578137377
285050845622
0
0
0
1224725287399
0
0
295002568251
32745282438
200598501873
0
0
552904568367
778367899945
0
65633656018
332683530233
295002568251
0
0
0
590005136503
123499440553
295002568251
0
0
0
195754118056
0
0
0
0
10307646996
611158108492
0
0
0
0
295002568251
0
0
0
0
295002568251
0
0
0
0
204932974949
0
0
0
0
0
103602056128
0
0
0
0
231073070223
0
0
0
479106422154
9232583753
0
0
5876372247
0
295002568251
0
0
0
0
0
0
0
0
0
0
0
295002568251
0
404406854271
234868351397
0
0
0
0
0
0
280782984961
0
0
12973518332
0
0
0
0
0
0
0
0
0
0
0
295002568251
180590786103
0
0
0
295002568251
0
0
0
0
0
295002568251
0
0
0
0
0
0
0
0
0
0
0
169282372632
0
0
0
0
0
0
0
0
277251810862
0
0
0
0
0
0
0
0
178623508888
0
197352836978
0
0
0
0
0
0
0
0
0
0
0
0
0
0
0
0
0
0
0
0
0
0
0
0
0
0
219047635446
0
0
0
0
0
0
0
0
0
0
0
0
0
0
0
295002568251
0
0
0
0
0
0
0
0
0
0
0
0
0
0
295002568251
0
0
0
0
0
0
0
0
0
0
0
0
0
0
0
0
0
0
0
0
0
0
0
0
0
0
0
0
0
0
0
11888094162
