0.000000
5.308000
10.616000
15.924000
21.232000
26.540000
31.848000
37.156000
42.464000
47.772000
53.080000
58.388000
63.696000
69.004000
74.312000
79.620000
84.928000
90.236000
95.544000
100.852000
106.160000
111.468000
116.776000
122.084000
127.392000
132.700000
138.008000
143.316000
148.624000
153.932000
159.240000
164.548000
169.856000
175.164000
180.472000
185.780000
191.088000
196.396000
201.704000
207.012000
212.320000
217.628000
222.936000
228.244000
233.552000
238.860000
244.168000
249.476000
254.784000
260.092000
265.400000
270.708000
276.016000
281.324000
286.632000
291.940000
297.248000
302.556000
307.864000
313.172000
318.480000
323.788000
329.096000
334.404000
339.712000
345.020000
350.328000
355.636000
360.944000
366.252000
371.560000
376.868000
382.176000
387.484000
392.792000
398.100000
403.408000
408.716000
414.024000
419.332000
424.640000
429.948000
435.256000
440.564000
445.872000
451.180000
456.488000
461.796000
467.104000
472.412000
477.720000
483.028000
488.336000
493.644000
498.952000
504.260000
509.568000
514.876000
520.184000
525.492000
530.800000
536.108000
541.416000
546.724000
552.032000
557.340000
562.648000
567.956000
573.264000
578.572000
583.880000
589.188000
594.496000
599.804000
605.112000
610.420000
615.728000
621.036000
626.344000
631.652000
636.960000
642.268000
647.576000
652.884000
658.192000
663.500000
668.808000
674.116000
679.424000
684.732000
690.040000
695.348000
700.656000
705.964000
711.272000
716.580000
721.888000
727.196000
732.504000
737.812000
743.120000
748.428000
753.736000
759.044000
764.352000
769.660000
774.968000
780.276000
785.584000
790.892000
796.200000
801.508000
806.816000
812.124000
817.432000
822.740000
828.048000
833.356000
838.664000
843.972000
849.280000
854.588000
859.896000
865.204000
870.512000
875.820000
881.128000
886.436000
891.744000
897.052000
902.360000
907.668000
912.976000
918.284000
923.592000
928.900000
934.208000
939.516000
944.824000
950.132000
955.440000
960.748000
966.056000
971.364000
976.672000
981.980000
987.288000
992.596000
997.904000
1003.212000
1008.520000
1013.828000
1019.136000
1024.444000
1029.752000
1035.060000
1040.368000
1045.676000
1050.984000
1056.292000
1061.600000
1066.908000
1072.216000
1077.524000
1082.832000
1088.140000
1093.448000
1098.756000
1104.064000
1109.372000
1114.680000
1119.988000
1125.296000
1130.604000
1135.912000
1141.220000
1146.528000
1151.836000
1157.144000
1162.452000
1167.760000
1173.068000
1178.376000
1183.684000
1188.992000
1194.300000
1199.608000
1204.916000
1210.224000
1215.532000
1220.840000
1226.148000
1231.456000
1236.764000
1242.072000
1247.380000
1252.688000
1257.996000
1263.304000
1268.612000
1273.920000
1279.228000
1284.536000
1289.844000
1295.152000
1300.460000
1305.768000
1311.076000
1316.384000
1321.692000
1327.000000
1332.308000
1337.616000
1342.924000
1348.232000
1353.540000
1358.848000
1364.156000
1369.464000
1374.772000
1380.080000
1385.388000
1390.696000
1396.004000
1401.312000
1406.620000
1411.928000
1417.236000
1422.544000
1427.852000
1433.160000
1438.468000
1443.776000
1449.084000
1454.392000
1459.700000
1465.008000
1470.316000
1475.624000
1480.932000
1486.240000
1491.548000
1496.856000
1502.164000
1507.472000
1512.780000
1518.088000
1523.396000
1528.704000
1534.012000
1539.320000
1544.628000
1549.936000
1555.244000
1560.552000
1565.860000
1571.168000
1576.476000
1581.784000
1587.092000
1592.400000
1597.708000
1603.016000
1608.324000
1613.632000
1618.940000
1624.248000
1629.556000
1634.864000
1640.172000
1645.480000
1650.788000
1656.096000
1661.404000
1666.712000
1672.020000
1677.328000
1682.636000
1687.944000
1693.252000
1698.560000
1703.868000
1709.176000
1714.484000
1719.792000
1725.100000
1730.408000
1735.716000
1741.024000
1746.332000
1751.640000
1756.948000
1762.256000
1767.564000
1772.872000
1778.180000
1783.488000
1788.796000
1794.104000
1799.412000
1804.720000
1810.028000
1815.336000
1820.644000
1825.952000
1831.260000
1836.568000
1841.876000
1847.184000
1852.492000
1857.800000
1863.108000
1868.416000
1873.724000
1879.032000
1884.340000
1889.648000
1894.956000
1900.264000
1905.572000
1910.880000
1916.188000
1921.496000
1926.804000
1932.112000
1937.420000
1942.728000
1948.036000
1953.344000
1958.652000
1963.960000
1969.268000
1974.576000
1979.884000
1985.192000
1990.500000
1995.808000
2001.116000
2006.424000
2011.732000
2017.040000
2022.348000
2027.656000
2032.964000
2038.272000
2043.580000
2048.888000
2054.196000
2059.504000
2064.812000
2070.120000
2075.428000
2080.736000
2086.044000
2091.352000
2096.660000
2101.968000
2107.276000
2112.584000
2117.892000
2123.200000
2128.508000
2133.816000
2139.124000
2144.432000
2149.740000
2155.048000
2160.356000
2165.664000
2170.972000
2176.280000
2181.588000
2186.896000
2192.204000
2197.512000
2202.820000
2208.128000
2213.436000
2218.744000
2224.052000
2229.360000
2234.668000
2239.976000
2245.284000
2250.592000
2255.900000
2261.208000
2266.516000
2271.824000
2277.132000
2282.440000
2287.748000
2293.056000
2298.364000
2303.672000
2308.980000
2314.288000
2319.596000
2324.904000
2330.212000
2335.520000
2340.828000
2346.136000
2351.444000
2356.752000
2362.060000
2367.368000
2372.676000
2377.984000
2383.292000
2388.600000
2393.908000
2399.216000
2404.524000
2409.832000
2415.140000
2420.448000
2425.756000
2431.064000
2436.372000
2441.680000
2446.988000
2452.296000
2457.604000
2462.912000
2468.220000
2473.528000
2478.836000
2484.144000
2489.452000
2494.760000
2500.068000
2505.376000
2510.684000
2515.992000
2521.300000
2526.608000
2531.916000
2537.224000
2542.532000
2547.840000
2553.148000
2558.456000
2563.764000
2569.072000
2574.380000
2579.688000
2584.996000
2590.304000
2595.612000
2600.920000
2606.228000
2611.536000
2616.844000
2622.152000
2627.460000
2632.768000
2638.076000
2643.384000
2648.692000
2654.000000
2659.308000
2664.616000
2669.924000
2675.232000
2680.540000
2685.848000
2691.156000
2696.464000
2701.772000
2707.080000
2712.388000
2717.696000
2723.004000
2728.312000
2733.620000
2738.928000
2744.236000
2749.544000
2754.852000
2760.160000
2765.468000
2770.776000
2776.084000
2781.392000
2786.700000
2792.008000
2797.316000
2802.624000
2807.932000
2813.240000
2818.548000
2823.856000
2829.164000
2834.472000
2839.780000
2845.088000
2850.396000
2855.704000
2861.012000
2866.320000
2871.628000
2876.936000
2882.244000
2887.552000
2892.860000
2898.168000
2903.476000
2908.784000
2914.092000
2919.400000
2924.708000
2930.016000
2935.324000
2940.632000
2945.940000
2951.248000
2956.556000
2961.864000
2967.172000
2972.480000
2977.788000
2983.096000
2988.404000
2993.712000
2999.020000
3004.328000
3009.636000
3014.944000
3020.252000
3025.560000
3030.868000
3036.176000
3041.484000
3046.792000
3052.100000
3057.408000
3062.716000
3068.024000
3073.332000
3078.640000
3083.948000
3089.256000
3094.564000
3099.872000
3105.180000
3110.488000
3115.796000
3121.104000
3126.412000
3131.720000
3137.028000
3142.336000
3147.644000
3152.952000
3158.260000
3163.568000
3168.876000
3174.184000
3179.492000
3184.800000
3190.108000
3195.416000
3200.724000
3206.032000
3211.340000
3216.648000
3221.956000
3227.264000
3232.572000
3237.880000
3243.188000
3248.496000
3253.804000
3259.112000
3264.420000
3269.728000
3275.036000
3280.344000
3285.652000
3290.960000
3296.268000
3301.576000
3306.884000
3312.192000
3317.500000
3322.808000
3328.116000
3333.424000
3338.732000
3344.040000
3349.348000
3354.656000
3359.964000
3365.272000
3370.580000
3375.888000
3381.196000
3386.504000
3391.812000
3397.120000
3402.428000
3407.736000
3413.044000
3418.352000
3423.660000
3428.968000
3434.276000
3439.584000
3444.892000
3450.200000
3455.508000
3460.816000
3466.124000
3471.432000
3476.740000
3482.048000
3487.356000
3492.664000
3497.972000
3503.280000
3508.588000
3513.896000
3519.204000
3524.512000
3529.820000
3535.128000
3540.436000
3545.744000
3551.052000
3556.360000
3561.668000
3566.976000
3572.284000
3577.592000
3582.900000
3588.208000
3593.516000
3598.824000
3604.132000
3609.440000
3614.748000
3620.056000
3625.364000
3630.672000
3635.980000
3641.288000
3646.596000
3651.904000
3657.212000
3662.520000
3667.828000
3673.136000
3678.444000
3683.752000
3689.060000
3694.368000
3699.676000
3704.984000
3710.292000
3715.600000
3720.908000
3726.216000
3731.524000
3736.832000
3742.140000
3747.448000
3752.756000
3758.064000
3763.372000
3768.680000
3773.988000
3779.296000
3784.604000
3789.912000
3795.220000
3800.528000
3805.836000
3811.144000
3816.452000
3821.760000
3827.068000
3832.376000
3837.684000
3842.992000
3848.300000
3853.608000
3858.916000
3864.224000
3869.532000
3874.840000
3880.148000
3885.456000
3890.764000
3896.072000
3901.380000
3906.688000
3911.996000
3917.304000
3922.612000
3927.920000
3933.228000
3938.536000
3943.844000
3949.152000
3954.460000
3959.768000
3965.076000
3970.384000
3975.692000
3981.000000
3986.308000
3991.616000
3996.924000
4002.232000
4007.540000
4012.848000
4018.156000
4023.464000
4028.772000
4034.080000
4039.388000
4044.696000
4050.004000
4055.312000
4060.620000
4065.928000
4071.236000
4076.544000
4081.852000
4087.160000
4092.468000
4097.776000
4103.084000
4108.392000
4113.700000
4119.008000
4124.316000
4129.624000
4134.932000
4140.240000
4145.548000
4150.856000
4156.164000
4161.472000
4166.780000
4172.088000
4177.396000
4182.704000
4188.012000
4193.320000
4198.628000
4203.936000
4209.244000
4214.552000
4219.860000
4225.168000
4230.476000
4235.784000
4241.092000
4246.400000
4251.708000
4257.016000
4262.324000
4267.632000
4272.940000
4278.248000
4283.556000
4288.864000
4294.172000
4299.480000
4304.788000
4310.096000
4315.404000
4320.712000
4326.020000
4331.328000
4336.636000
4341.944000
4347.252000
4352.560000
4357.868000
4363.176000
4368.484000
4373.792000
4379.100000
4384.408000
4389.716000
4395.024000
4400.332000
4405.640000
4410.948000
4416.256000
4421.564000
4426.872000
4432.180000
4437.488000
4442.796000
4448.104000
4453.412000
4458.720000
4464.028000
4469.336000
4474.644000
4479.952000
4485.260000
4490.568000
4495.876000
4501.184000
4506.492000
4511.800000
4517.108000
4522.416000
4527.724000
4533.032000
4538.340000
4543.648000
4548.956000
4554.264000
4559.572000
4564.880000
4570.188000
4575.496000
4580.804000
4586.112000
4591.420000
4596.728000
4602.036000
4607.344000
4612.652000
4617.960000
4623.268000
4628.576000
4633.884000
4639.192000
4644.500000
4649.808000
4655.116000
4660.424000
4665.732000
4671.040000
4676.348000
4681.656000
4686.964000
4692.272000
4697.580000
4702.888000
4708.196000
4713.504000
4718.812000
4724.120000
4729.428000
4734.736000
4740.044000
4745.352000
4750.660000
4755.968000
4761.276000
4766.584000
4771.892000
4777.200000
4782.508000
4787.816000
4793.124000
4798.432000
4803.740000
4809.048000
4814.356000
4819.664000
4824.972000
4830.280000
4835.588000
4840.896000
4846.204000
4851.512000
4856.820000
4862.128000
4867.436000
4872.744000
4878.052000
4883.360000
4888.668000
4893.976000
4899.284000
4904.592000
4909.900000
4915.208000
4920.516000
4925.824000
4931.132000
4936.440000
4941.748000
4947.056000
4952.364000
4957.672000
4962.980000
4968.288000
4973.596000
4978.904000
4984.212000
4989.520000
4994.828000
5000.136000
5005.444000
5010.752000
5016.060000
5021.368000
5026.676000
5031.984000
5037.292000
5042.600000
5047.908000
5053.216000
5058.524000
5063.832000
5069.140000
5074.448000
5079.756000
5085.064000
5090.372000
5095.680000
5100.988000
5106.296000
5111.604000
5116.912000
5122.220000
5127.528000
5132.836000
5138.144000
5143.452000
5148.760000
5154.068000
5159.376000
5164.684000
5169.992000
5175.300000
5180.608000
5185.916000
5191.224000
5196.532000
5201.840000
5207.148000
5212.456000
5217.764000
5223.072000
5228.380000
5233.688000
5238.996000
5244.304000
5249.612000
5254.920000
5260.228000
5265.536000
5270.844000
5276.152000
5281.460000
5286.768000
5292.076000
5297.384000
5302.692000
5308.000000
