9.493750000000000000e+01
1.010625000000000000e+02
1.071875000000000000e+02
1.133125000000000000e+02
1.194375000000000000e+02
1.255625000000000000e+02
1.316875000000000000e+02
1.378125000000000000e+02
1.439375000000000000e+02
1.500625000000000000e+02
1.561875000000000000e+02
1.623125000000000000e+02
1.684375000000000000e+02
1.745625000000000000e+02
1.806875000000000000e+02
1.868125000000000000e+02
1.929375000000000000e+02
1.990625000000000000e+02
2.051875000000000000e+02
2.113125000000000000e+02
2.174375000000000000e+02
2.235625000000000000e+02
2.296875000000000000e+02
2.358125000000000000e+02
2.419375000000000000e+02
2.480625000000000000e+02
2.541875000000000000e+02
2.603125000000000000e+02
2.664375000000000000e+02
2.725625000000000000e+02
2.786875000000000000e+02
2.848125000000000000e+02
2.909375000000000000e+02
2.970625000000000000e+02
3.031875000000000000e+02
3.093125000000000000e+02
3.154375000000000000e+02
3.215625000000000000e+02
3.276875000000000000e+02
3.338125000000000000e+02
3.399375000000000000e+02
3.460625000000000000e+02
3.521875000000000000e+02
3.583125000000000000e+02
3.644375000000000000e+02
3.705625000000000000e+02
3.766875000000000000e+02
3.828125000000000000e+02
3.889375000000000000e+02
3.950625000000000000e+02
4.011875000000000000e+02
4.073125000000000000e+02
4.134375000000000000e+02
4.195625000000000000e+02
4.256875000000000000e+02
4.318125000000000000e+02
4.379375000000000000e+02
4.440625000000000000e+02
4.501875000000000000e+02
4.563125000000000000e+02
4.624375000000000000e+02
4.685625000000000000e+02
4.746875000000000000e+02
4.808125000000000000e+02
4.869375000000000000e+02
4.930625000000000000e+02
4.991875000000000000e+02
5.053125000000000000e+02
5.114375000000000000e+02
5.175625000000000000e+02
5.236875000000000000e+02
5.298125000000000000e+02
5.359375000000000000e+02
5.420625000000000000e+02
5.481875000000000000e+02
5.543125000000000000e+02
5.604375000000000000e+02
5.665625000000000000e+02
5.726875000000000000e+02
5.788125000000000000e+02
5.849375000000000000e+02
5.910625000000000000e+02
5.971875000000000000e+02
6.033125000000000000e+02
6.094375000000000000e+02
6.155625000000000000e+02
6.216875000000000000e+02
6.278125000000000000e+02
6.339375000000000000e+02
6.400625000000000000e+02
6.461875000000000000e+02
6.523125000000000000e+02
6.584375000000000000e+02
6.645625000000000000e+02
6.706875000000000000e+02
6.768125000000000000e+02
6.829375000000000000e+02
6.890625000000000000e+02
6.951875000000000000e+02
7.013125000000000000e+02
7.074375000000000000e+02
7.135625000000000000e+02
7.196875000000000000e+02
7.258125000000000000e+02
7.319375000000000000e+02
7.380625000000000000e+02
7.441875000000000000e+02
7.503125000000000000e+02
7.564375000000000000e+02
7.625625000000000000e+02
7.686875000000000000e+02
7.748125000000000000e+02
7.809375000000000000e+02
7.870625000000000000e+02
7.931875000000000000e+02
7.993125000000000000e+02
8.054375000000000000e+02
8.115625000000000000e+02
8.176875000000000000e+02
8.238125000000000000e+02
8.299375000000000000e+02
8.360625000000000000e+02
8.421875000000000000e+02
8.483125000000000000e+02
8.544375000000000000e+02
8.605625000000000000e+02
8.666875000000000000e+02
8.728125000000000000e+02
8.789375000000000000e+02
8.850625000000000000e+02
8.911875000000000000e+02
8.973125000000000000e+02
9.034375000000000000e+02
9.095625000000000000e+02
9.156875000000000000e+02
9.218125000000000000e+02
9.279375000000000000e+02
9.340625000000000000e+02
9.401875000000000000e+02
9.463125000000000000e+02
9.524375000000000000e+02
9.585625000000000000e+02
9.646875000000000000e+02
9.708125000000000000e+02
9.769375000000000000e+02
9.830625000000000000e+02
9.891875000000000000e+02
9.953125000000000000e+02
1.001437500000000000e+03
1.007562500000000000e+03
1.013687500000000000e+03
1.019812500000000000e+03
1.025937500000000000e+03
1.032062500000000000e+03
1.038187500000000000e+03
1.044312500000000000e+03
1.050437500000000000e+03
1.056562500000000000e+03
1.062687500000000000e+03
1.068812500000000000e+03
1.074937500000000000e+03
1.081062500000000000e+03
1.087187500000000000e+03
1.093312500000000000e+03
1.099437500000000000e+03
1.105562500000000000e+03
1.111687500000000000e+03
1.117812500000000000e+03
1.123937500000000000e+03
1.130062500000000000e+03
1.136187500000000000e+03
1.142312500000000000e+03
1.148437500000000000e+03
1.154562500000000000e+03
1.160687500000000000e+03
1.166812500000000000e+03
1.172937500000000000e+03
1.179062500000000000e+03
1.185187500000000000e+03
1.191312500000000000e+03
1.197437500000000000e+03
1.203562500000000000e+03
1.209687500000000000e+03
1.215812500000000000e+03
1.221937500000000000e+03
1.228062500000000000e+03
1.234187500000000000e+03
1.240312500000000000e+03
1.246437500000000000e+03
1.252562500000000000e+03
1.258687500000000000e+03
1.264812500000000000e+03
1.270937500000000000e+03
1.277062500000000000e+03
1.283187500000000000e+03
1.289312500000000000e+03
1.295437500000000000e+03
1.301562500000000000e+03
1.307687500000000000e+03
1.313812500000000000e+03
1.319937500000000000e+03
1.326062500000000000e+03
1.332187500000000000e+03
1.338312500000000000e+03
1.344437500000000000e+03
1.350562500000000000e+03
1.356687500000000000e+03
1.362812500000000000e+03
1.368937500000000000e+03
1.375062500000000000e+03
1.381187500000000000e+03
1.387312500000000000e+03
1.393437500000000000e+03
1.399562500000000000e+03
1.405687500000000000e+03
1.411812500000000000e+03
1.417937500000000000e+03
1.424062500000000000e+03
1.430187500000000000e+03
1.436312500000000000e+03
1.442437500000000000e+03
1.448562500000000000e+03
1.454687500000000000e+03
1.460812500000000000e+03
1.466937500000000000e+03
1.473062500000000000e+03
1.479187500000000000e+03
1.485312500000000000e+03
1.491437500000000000e+03
1.497562500000000000e+03
1.503687500000000000e+03
1.509812500000000000e+03
1.515937500000000000e+03
1.522062500000000000e+03
1.528187500000000000e+03
1.534312500000000000e+03
1.540437500000000000e+03
1.546562500000000000e+03
1.552687500000000000e+03
1.558812500000000000e+03
1.564937500000000000e+03
1.571062500000000000e+03
1.577187500000000000e+03
1.583312500000000000e+03
1.589437500000000000e+03
1.595562500000000000e+03
1.601687500000000000e+03
1.607812500000000000e+03
1.613937500000000000e+03
1.620062500000000000e+03
1.626187500000000000e+03
1.632312500000000000e+03
1.638437500000000000e+03
1.644562500000000000e+03
1.650687500000000000e+03
1.656812500000000000e+03
1.662937500000000000e+03
1.669062500000000000e+03
1.675187500000000000e+03
1.681312500000000000e+03
1.687437500000000000e+03
1.693562500000000000e+03
1.699687500000000000e+03
1.705812500000000000e+03
1.711937500000000000e+03
1.718062500000000000e+03
1.724187500000000000e+03
1.730312500000000000e+03
1.736437500000000000e+03
1.742562500000000000e+03
1.748687500000000000e+03
1.754812500000000000e+03
1.760937500000000000e+03
1.767062500000000000e+03
1.773187500000000000e+03
1.779312500000000000e+03
1.785437500000000000e+03
1.791562500000000000e+03
1.797687500000000000e+03
1.803812500000000000e+03
1.809937500000000000e+03
1.816062500000000000e+03
1.822187500000000000e+03
1.828312500000000000e+03
1.834437500000000000e+03
1.840562500000000000e+03
1.846687500000000000e+03
1.852812500000000000e+03
1.858937500000000000e+03
1.865062500000000000e+03
1.871187500000000000e+03
1.877312500000000000e+03
1.883437500000000000e+03
1.889562500000000000e+03
1.895687500000000000e+03
1.901812500000000000e+03
1.907937500000000000e+03
1.914062500000000000e+03
1.920187500000000000e+03
1.926312500000000000e+03
1.932437500000000000e+03
1.938562500000000000e+03
1.944687500000000000e+03
1.950812500000000000e+03
1.956937500000000000e+03
1.963062500000000000e+03
1.969187500000000000e+03
1.975312500000000000e+03
1.981437500000000000e+03
1.987562500000000000e+03
1.993687500000000000e+03
1.999812500000000000e+03
2.005937500000000000e+03
2.012062500000000000e+03
2.018187500000000000e+03
2.024312500000000000e+03
2.030437500000000000e+03
2.036562500000000000e+03
2.042687500000000000e+03
2.048812500000000000e+03
2.054937500000000000e+03
2.061062500000000000e+03
2.067187500000000000e+03
2.073312500000000000e+03
2.079437500000000000e+03
2.085562500000000000e+03
2.091687500000000000e+03
2.097812500000000000e+03
2.103937500000000000e+03
2.110062500000000000e+03
2.116187500000000000e+03
2.122312500000000000e+03
2.128437500000000000e+03
2.134562500000000000e+03
2.140687500000000000e+03
2.146812500000000000e+03
2.152937500000000000e+03
2.159062500000000000e+03
2.165187500000000000e+03
2.171312500000000000e+03
2.177437500000000000e+03
2.183562500000000000e+03
2.189687500000000000e+03
2.195812500000000000e+03
2.201937500000000000e+03
2.208062500000000000e+03
2.214187500000000000e+03
2.220312500000000000e+03
2.226437500000000000e+03
2.232562500000000000e+03
2.238687500000000000e+03
2.244812500000000000e+03
2.250937500000000000e+03
2.257062500000000000e+03
2.263187500000000000e+03
2.269312500000000000e+03
2.275437500000000000e+03
2.281562500000000000e+03
2.287687500000000000e+03
2.293812500000000000e+03
2.299937500000000000e+03
2.306062500000000000e+03
2.312187500000000000e+03
2.318312500000000000e+03
2.324437500000000000e+03
2.330562500000000000e+03
2.336687500000000000e+03
2.342812500000000000e+03
2.348937500000000000e+03
2.355062500000000000e+03
2.361187500000000000e+03
2.367312500000000000e+03
2.373437500000000000e+03
2.379562500000000000e+03
2.385687500000000000e+03
2.391812500000000000e+03
2.397937500000000000e+03
2.404062500000000000e+03
2.410187500000000000e+03
2.416312500000000000e+03
2.422437500000000000e+03
2.428562500000000000e+03
2.434687500000000000e+03
2.440812500000000000e+03
2.446937500000000000e+03
2.453062500000000000e+03
2.459187500000000000e+03
2.465312500000000000e+03
2.471437500000000000e+03
2.477562500000000000e+03
2.483687500000000000e+03
2.489812500000000000e+03
2.495937500000000000e+03
2.502062500000000000e+03
2.508187500000000000e+03
2.514312500000000000e+03
2.520437500000000000e+03
2.526562500000000000e+03
2.532687500000000000e+03
2.538812500000000000e+03
2.544937500000000000e+03
2.551062500000000000e+03
2.557187500000000000e+03
2.563312500000000000e+03
2.569437500000000000e+03
2.575562500000000000e+03
2.581687500000000000e+03
2.587812500000000000e+03
2.593937500000000000e+03
2.600062500000000000e+03
2.606187500000000000e+03
2.612312500000000000e+03
2.618437500000000000e+03
2.624562500000000000e+03
2.630687500000000000e+03
2.636812500000000000e+03
2.642937500000000000e+03
2.649062500000000000e+03
2.655187500000000000e+03
2.661312500000000000e+03
2.667437500000000000e+03
2.673562500000000000e+03
2.679687500000000000e+03
2.685812500000000000e+03
2.691937500000000000e+03
2.698062500000000000e+03
2.704187500000000000e+03
2.710312500000000000e+03
2.716437500000000000e+03
2.722562500000000000e+03
2.728687500000000000e+03
2.734812500000000000e+03
2.740937500000000000e+03
2.747062500000000000e+03
2.753187500000000000e+03
2.759312500000000000e+03
2.765437500000000000e+03
2.771562500000000000e+03
2.777687500000000000e+03
2.783812500000000000e+03
2.789937500000000000e+03
2.796062500000000000e+03
2.802187500000000000e+03
2.808312500000000000e+03
2.814437500000000000e+03
2.820562500000000000e+03
2.826687500000000000e+03
2.832812500000000000e+03
2.838937500000000000e+03
2.845062500000000000e+03
2.851187500000000000e+03
2.857312500000000000e+03
2.863437500000000000e+03
2.869562500000000000e+03
2.875687500000000000e+03
2.881812500000000000e+03
2.887937500000000000e+03
2.894062500000000000e+03
2.900187500000000000e+03
2.906312500000000000e+03
2.912437500000000000e+03
2.918562500000000000e+03
2.924687500000000000e+03
2.930812500000000000e+03
2.936937500000000000e+03
2.943062500000000000e+03
2.949187500000000000e+03
2.955312500000000000e+03
2.961437500000000000e+03
2.967562500000000000e+03
2.973687500000000000e+03
2.979812500000000000e+03
2.985937500000000000e+03
2.992062500000000000e+03
2.998187500000000000e+03
3.004312500000000000e+03
3.010437500000000000e+03
3.016562500000000000e+03
3.022687500000000000e+03
3.028812500000000000e+03
3.034937500000000000e+03
3.041062500000000000e+03
3.047187500000000000e+03
3.053312500000000000e+03
3.059437500000000000e+03
3.065562500000000000e+03
3.071687500000000000e+03
3.077812500000000000e+03
3.083937500000000000e+03
3.090062500000000000e+03
3.096187500000000000e+03
3.102312500000000000e+03
3.108437500000000000e+03
3.114562500000000000e+03
3.120687500000000000e+03
3.126812500000000000e+03
3.132937500000000000e+03
3.139062500000000000e+03
3.145187500000000000e+03
3.151312500000000000e+03
3.157437500000000000e+03
3.163562500000000000e+03
3.169687500000000000e+03
3.175812500000000000e+03
3.181937500000000000e+03
3.188062500000000000e+03
3.194187500000000000e+03
3.200312500000000000e+03
3.206437500000000000e+03
3.212562500000000000e+03
3.218687500000000000e+03
3.224812500000000000e+03
3.230937500000000000e+03
3.237062500000000000e+03
3.243187500000000000e+03
3.249312500000000000e+03
3.255437500000000000e+03
3.261562500000000000e+03
3.267687500000000000e+03
3.273812500000000000e+03
3.279937500000000000e+03
3.286062500000000000e+03
3.292187500000000000e+03
3.298312500000000000e+03
3.304437500000000000e+03
3.310562500000000000e+03
3.316687500000000000e+03
3.322812500000000000e+03
3.328937500000000000e+03
3.335062500000000000e+03
3.341187500000000000e+03
3.347312500000000000e+03
3.353437500000000000e+03
3.359562500000000000e+03
3.365687500000000000e+03
3.371812500000000000e+03
3.377937500000000000e+03
3.384062500000000000e+03
3.390187500000000000e+03
3.396312500000000000e+03
3.402437500000000000e+03
3.408562500000000000e+03
3.414687500000000000e+03
3.420812500000000000e+03
3.426937500000000000e+03
3.433062500000000000e+03
3.439187500000000000e+03
3.445312500000000000e+03
3.451437500000000000e+03
3.457562500000000000e+03
3.463687500000000000e+03
3.469812500000000000e+03
3.475937500000000000e+03
3.482062500000000000e+03
3.488187500000000000e+03
3.494312500000000000e+03
3.500437500000000000e+03
3.506562500000000000e+03
3.512687500000000000e+03
3.518812500000000000e+03
3.524937500000000000e+03
3.531062500000000000e+03
3.537187500000000000e+03
3.543312500000000000e+03
3.549437500000000000e+03
3.555562500000000000e+03
3.561687500000000000e+03
3.567812500000000000e+03
3.573937500000000000e+03
3.580062500000000000e+03
3.586187500000000000e+03
3.592312500000000000e+03
3.598437500000000000e+03
3.604562500000000000e+03
3.610687500000000000e+03
3.616812500000000000e+03
3.622937500000000000e+03
3.629062500000000000e+03
3.635187500000000000e+03
3.641312500000000000e+03
3.647437500000000000e+03
3.653562500000000000e+03
3.659687500000000000e+03
3.665812500000000000e+03
3.671937500000000000e+03
3.678062500000000000e+03
3.684187500000000000e+03
3.690312500000000000e+03
3.696437500000000000e+03
3.702562500000000000e+03
3.708687500000000000e+03
3.714812500000000000e+03
3.720937500000000000e+03
3.727062500000000000e+03
3.733187500000000000e+03
3.739312500000000000e+03
3.745437500000000000e+03
3.751562500000000000e+03
3.757687500000000000e+03
3.763812500000000000e+03
3.769937500000000000e+03
3.776062500000000000e+03
3.782187500000000000e+03
3.788312500000000000e+03
3.794437500000000000e+03
3.800562500000000000e+03
3.806687500000000000e+03
3.812812500000000000e+03
3.818937500000000000e+03
3.825062500000000000e+03
3.831187500000000000e+03
3.837312500000000000e+03
3.843437500000000000e+03
3.849562500000000000e+03
3.855687500000000000e+03
3.861812500000000000e+03
3.867937500000000000e+03
3.874062500000000000e+03
3.880187500000000000e+03
3.886312500000000000e+03
3.892437500000000000e+03
3.898562500000000000e+03
3.904687500000000000e+03
3.910812500000000000e+03
3.916937500000000000e+03
3.923062500000000000e+03
3.929187500000000000e+03
3.935312500000000000e+03
3.941437500000000000e+03
3.947562500000000000e+03
3.953687500000000000e+03
3.959812500000000000e+03
3.965937500000000000e+03
3.972062500000000000e+03
3.978187500000000000e+03
3.984312500000000000e+03
3.990437500000000000e+03
3.996562500000000000e+03
4.002687500000000000e+03
4.008812500000000000e+03
4.014937500000000000e+03
4.021062500000000000e+03
