1.915029134067240000e+14
1.733934511902390000e+14
1.598541327002310000e+14
1.418455106760760000e+14
1.336898140253470000e+14
1.243883573411910000e+14
1.169078199790790000e+14
1.087807367149120000e+14
1.016958951584990000e+14
9.462524873813600000e+13
9.129861150586500000e+13
8.260267071344000000e+13
8.128455709476800000e+13
7.608712617835100000e+13
7.398574903698200000e+13
7.035601637796400000e+13
6.830250345426500000e+13
6.509158003896000000e+13
6.085194760891100000e+13
6.023111820368800000e+13
5.649143923143600000e+13
5.687274663611700000e+13
5.346955378490000000e+13
5.086224198092900000e+13
5.103811615600300000e+13
5.042670349815800000e+13
4.569393176758300000e+13
4.426264916616000000e+13
4.234925249789100000e+13
4.105340769729600000e+13
4.157091680503600000e+13
4.037191436883600000e+13
3.823534497798300000e+13
3.786604933811600000e+13
3.860079904027200000e+13
3.834712451776800000e+13
3.535692798583000000e+13
3.393796670874100000e+13
3.434172065226900000e+13
3.239458307709100000e+13
3.200210402153600000e+13
3.278361153665100000e+13
2.852962087653700000e+13
3.036932981796600000e+13
3.027920883403900000e+13
2.900488458865400000e+13
2.871146902917700000e+13
2.710761316213300000e+13
2.668793943434700000e+13
2.680498585317000000e+13
2.510070492709500000e+13
2.599124503774900000e+13
2.508439012099400000e+13
2.433230105553200000e+13
2.340697706468600000e+13
2.342552968511100000e+13
2.508829360054400000e+13
2.320682183238800000e+13
2.195163490431800000e+13
2.412334927556300000e+13
2.095756900376900000e+13
2.268083630365800000e+13
2.027688334971300000e+13
1.991170607028100000e+13
2.125954178663700000e+13
2.063199776606700000e+13
1.997316926187100000e+13
2.090213018212400000e+13
1.807486882205000000e+13
1.768889359594600000e+13
1.946128779972100000e+13
1.837006099521100000e+13
1.823352260994600000e+13
1.841472695803600000e+13
1.819922183491600000e+13
1.703895846338700000e+13
1.806532558019400000e+13
1.813622578470900000e+13
1.842614629079600000e+13
1.740083514766800000e+13
1.733235813742500000e+13
1.725122726373600000e+13
1.755668365263900000e+13
1.571819190032100000e+13
1.666689139503000000e+13
1.515073268618000000e+13
1.601923997619600000e+13
1.595349300153300000e+13
1.538881689964800000e+13
1.374502783261900000e+13
1.586853274785500000e+13
1.438032743223200000e+13
1.474822604912200000e+13
1.415439455631400000e+13
1.359634015806200000e+13
1.391392348368400000e+13
1.490080927798100000e+13
1.289075978543300000e+13
1.332723303953000000e+13
1.461450135074600000e+13
1.388650005369600000e+13
1.491504583228500000e+13
1.334440027440300000e+13
1.195504845308700000e+13
1.319959119241500000e+13
1.200140437658600000e+13
1.225684889231900000e+13
1.152923417131300000e+13
1.359465038448000000e+13
1.248069306532500000e+13
1.393965186734500000e+13
1.132325968864600000e+13
1.117205857281700000e+13
1.082661689874200000e+13
9.436283885808000000e+12
1.184872694777300000e+13
1.085737207674000000e+13
1.047290132826200000e+13
9.904826699233000000e+12
1.053851061363400000e+13
1.067675920872900000e+13
1.114705564935000000e+13
1.034870798343500000e+13
1.058927515681000000e+13
1.005915980050300000e+13
1.023653928950200000e+13
9.846027293476000000e+12
8.638305128272000000e+12
9.570055184202000000e+12
9.523238426028000000e+12
9.755868511314000000e+12
8.872454813368000000e+12
8.814372095197000000e+12
8.577625745453000000e+12
9.191175309312000000e+12
9.004846776097000000e+12
9.187113707430000000e+12
8.823004543796000000e+12
7.798895892475000000e+12
8.943265803578000000e+12
8.010429972858000000e+12
8.214876260155000000e+12
8.717700231508000000e+12
7.503574443601000000e+12
6.709159412650000000e+12
8.124105303187000000e+12
7.915504356880000000e+12
7.434955098112000000e+12
7.425618001378000000e+12
8.832659637726000000e+12
7.566323976047000000e+12
6.696849113685000000e+12
7.046729654275000000e+12
6.196635786137000000e+12
6.686024491419000000e+12
7.438572430924000000e+12
8.238397880053000000e+12
6.201060225797000000e+12
5.955678502900000000e+12
6.331797228923000000e+12
6.142143271260000000e+12
6.758627030594000000e+12
6.207915831679000000e+12
5.636898139464000000e+12
6.629604677857000000e+12
5.234913920702000000e+12
6.178169755901000000e+12
5.632469817798000000e+12
5.111671951821000000e+12
5.011321901612000000e+12
5.708252972917000000e+12
5.351591442548000000e+12
5.060860848688000000e+12
5.198698555826000000e+12
5.406175176734000000e+12
5.349052467678000000e+12
5.015625678086000000e+12
4.973698322456000000e+12
4.581808489110000000e+12
4.796080576840000000e+12
5.165560903264000000e+12
5.398798172158000000e+12
5.286534486779000000e+12
4.872253559539000000e+12
5.180693646421000000e+12
4.172649063237000000e+12
4.698769672029000000e+12
4.668202157702000000e+12
3.747911182362000000e+12
4.139546999890000000e+12
4.977975018060000000e+12
5.042123663024000000e+12
4.280172999935000000e+12
3.628907233783000000e+12
4.422240559581000000e+12
4.218919243805000000e+12
4.309353837381000000e+12
3.711673611644000000e+12
4.299087862541000000e+12
4.566969577550000000e+12
4.075486912016000000e+12
4.205953742211000000e+12
4.715143557405000000e+12
3.448973283525000000e+12
3.980387593224000000e+12
3.658346158202000000e+12
4.413063060931000000e+12
3.362527075226000000e+12
3.496443372680000000e+12
3.667496835355000000e+12
3.366640206837000000e+12
2.654576796074000000e+12
2.930510314199000000e+12
4.208230964997000000e+12
3.335660975756000000e+12
3.452152907228000000e+12
3.125505439567000000e+12
2.665461222233000000e+12
3.332953744151000000e+12
2.937287953671000000e+12
2.811883634577000000e+12
3.194856421072000000e+12
2.840811338527000000e+12
3.044252772480000000e+12
2.582422292904000000e+12
3.130632508244000000e+12
3.721639827590000000e+12
2.917699230868000000e+12
2.191167904495000000e+12
2.904108312489000000e+12
2.842065565314000000e+12
3.093407657106000000e+12
2.794942845892000000e+12
2.614894531729000000e+12
2.802742108710000000e+12
2.760962322385000000e+12
2.312460081651000000e+12
3.028880773253000000e+12
2.893218232808000000e+12
3.123028338954000000e+12
2.641700844000000000e+12
2.298711103959000000e+12
2.150275214054000000e+12
3.253652468455000000e+12
2.773412281403000000e+12
2.193858419184000000e+12
2.319975779949000000e+12
2.917393944038000000e+12
1.609473199629000000e+12
2.224146461178000000e+12
1.944834186274000000e+12
2.232376029069000000e+12
1.964772055298000000e+12
2.054592658384000000e+12
2.160359923428000000e+12
1.991991542890000000e+12
1.546396427522000000e+12
1.785373633965000000e+12
2.498021543626000000e+12
1.513586577063000000e+12
2.002665207128000000e+12
2.046020317991000000e+12
2.141001506550000000e+12
1.687850141916000000e+12
1.722328324187000000e+12
1.769393528284000000e+12
2.020205248686000000e+12
1.816757661243000000e+12
1.326801063407000000e+12
1.799347915713000000e+12
2.216325114752000000e+12
1.694150410585000000e+12
1.681677531933000000e+12
1.422842743001000000e+12
2.234038068932000000e+12
1.691746339607000000e+12
2.003311647706000000e+12
1.807512524749000000e+12
2.019913560988000000e+12
1.481990699170000000e+12
2.127689072669000000e+12
2.087992074997000000e+12
1.552538829189000000e+12
1.471537203863000000e+12
1.030556514880000000e+12
1.321898564008000000e+12
2.216976142110000000e+12
1.468027314549000000e+12
1.320897511515000000e+12
1.101688674182000000e+12
1.476270970845000000e+12
2.571843040244000000e+12
1.358210581497000000e+12
1.810019788301000000e+12
1.386080991697000000e+12
1.832628517833000000e+12
1.651168834908000000e+12
1.253367287284000000e+12
1.047118441615000000e+12
1.638638700995000000e+12
1.453630190019000000e+12
1.229710697638000000e+12
1.165655534103000000e+12
1.368421199153000000e+12
2.023270681088000000e+12
1.779519495181000000e+12
8.509410166970000000e+11
9.467950819520000000e+11
1.447782825810000000e+12
1.641629035628000000e+12
1.043159391852000000e+12
7.487422877640000000e+11
9.503482860870000000e+11
1.530223489532000000e+12
1.254662733698000000e+12
1.541072182538000000e+12
9.884440227490000000e+11
1.094961551068000000e+12
1.464516577915000000e+12
1.052837364714000000e+12
1.132384443687000000e+12
1.002899666171000000e+12
1.170375489820000000e+12
9.941908504240000000e+11
9.386105010370000000e+11
1.144395206020000000e+12
1.167234766964000000e+12
7.326150925680000000e+11
1.449220852982000000e+12
7.672628072380000000e+11
1.424113393231000000e+12
1.385613083285000000e+12
1.037205688520000000e+12
7.535182747510000000e+11
1.021850128571000000e+12
1.331598580084000000e+12
7.597640967980000000e+11
5.266686695730000000e+11
6.965657758960000000e+11
1.763411934440000000e+12
1.090771453527000000e+12
1.136392665918000000e+12
7.029634032490000000e+11
1.465378335266000000e+12
1.157144231296000000e+12
6.797743478320000000e+11
9.236964542050000000e+11
6.354148137310000000e+11
6.612362895360000000e+11
1.162480451744000000e+12
1.008672367998000000e+12
8.204488025550000000e+11
6.267994328990000000e+11
8.758984425270000000e+11
4.762446121240000000e+11
8.680564912230000000e+11
1.058052228298000000e+12
8.792762927370000000e+11
3.916190642520000000e+11
9.129744259300000000e+11
4.420063714210000000e+11
7.766665072050000000e+11
2.634171337090000000e+11
9.916852168150000000e+11
1.313555246648000000e+12
9.261631865340000000e+11
5.176014047650000000e+11
8.851502248450000000e+11
1.044471802238000000e+12
9.583421669120000000e+11
8.201186262060000000e+11
6.881382744840000000e+11
5.063060614620000000e+11
5.725532097460000000e+11
8.332857003410000000e+11
5.892632815030000000e+11
9.308181681220000000e+11
8.134553521320000000e+11
1.202094479116000000e+12
1.408237473190000000e+12
6.136634552400000000e+11
5.912764482160000000e+11
8.510531050060000000e+11
5.032785049140000000e+11
6.319811143770000000e+11
2.700976166280000000e+11
1.104516645376000000e+12
8.944525248870000000e+11
4.057387654990000000e+11
7.599173144200000000e+11
1.204196486120000000e+12
4.891448497790000000e+11
7.124363227590000000e+11
5.800485279970000000e+11
8.154227788600000000e+11
1.199887005271000000e+12
7.925176858540000000e+11
6.201524365090000000e+11
7.393801149740000000e+11
7.400334971170000000e+11
6.028715719170000000e+11
4.506666639680000000e+11
4.981435319160000000e+11
5.857811395130000000e+11
1.245217415059000000e+12
9.004419565420000000e+11
4.287394745940000000e+11
8.209011932280000000e+11
9.126822248320000000e+11
1.156146396607000000e+12
5.606936558930000000e+11
8.059727357730000000e+11
7.955569368070000000e+11
5.967392975490000000e+11
5.768009085210000000e+11
6.956364585900000000e+11
3.789139193260000000e+11
7.762036387070000000e+11
6.611856419010000000e+11
9.306402004780000000e+11
9.112478312490000000e+11
7.252460328570000000e+11
3.017669052520000000e+11
3.991583684870000000e+11
8.694869042240000000e+11
6.294246732760000000e+11
9.535202068910000000e+11
6.159778284250000000e+11
8.527799395190000000e+11
4.175934716700000000e+11
3.798732338490000000e+11
5.571227660610000000e+11
5.871444986190000000e+11
9.412929276640000000e+11
8.529928397190000000e+11
1.000226312359000000e+12
7.217890887180000000e+11
1.096306148875000000e+12
5.683641745110000000e+11
8.900539918860000000e+11
3.974010775300000000e+11
3.212500750800000000e+11
7.494145113410000000e+11
3.821884399410000000e+11
4.014213648450000000e+11
6.502079512160000000e+11
5.338514643170000000e+11
5.053813968790000000e+11
5.281786133720000000e+11
7.076614586460000000e+11
7.335425531380000000e+11
6.810502886030000000e+11
6.023569346130000000e+11
3.940873873380000000e+11
3.381547933890000000e+11
4.463715925000000000e+11
5.292439506950000000e+11
4.880339583090000000e+11
8.329284950610000000e+11
3.223111626580000000e+11
5.318334878680000000e+11
3.587068060320000000e+11
2.511825731340000000e+11
5.290528462110000000e+11
5.845144176480000000e+11
3.397466960630000000e+11
7.328578602520000000e+11
2.903942741500000000e+11
4.509865400300000000e+11
4.929681803430000000e+11
3.458062069520000000e+11
4.312873826070000000e+11
5.505883628020000000e+11
6.433857005820000000e+11
4.334603580190000000e+11
4.877015504030000000e+11
3.635252022100000000e+11
4.073298665360000000e+11
3.822433230650000000e+11
6.616019424120000000e+11
7.423966434340000000e+11
1.967555833980000000e+11
3.214372561400000000e+11
5.867891121680000000e+11
4.257053377410000000e+11
4.171364970160000000e+11
2.663465007940000000e+11
1.082562841732000000e+12
5.042431901610000000e+11
5.764839582140000000e+11
5.206547207630000000e+11
7.100537498400000000e+10
5.016973564490000000e+11
5.576911490060000000e+11
5.313542541260000000e+11
3.806176379080000000e+11
1.330779089060000000e+11
5.049445719370000000e+11
1.967943011480000000e+11
7.642420546400000000e+10
2.732933886840000000e+11
3.312492425180000000e+11
7.806099038420000000e+11
1.003762329865000000e+12
6.714814060680000000e+11
2.410314274040000000e+11
2.069363162860000000e+11
3.841276542870000000e+11
5.706810489840000000e+11
3.860308844760000000e+11
7.267959463470000000e+11
6.749091861500000000e+11
1.307109763450000000e+11
5.002195990200000000e+11
4.171219908800000000e+11
1.697389754970000000e+11
5.107008857710000000e+11
4.441786897990000000e+11
3.259419937840000000e+11
3.946013113820000000e+11
4.844899588770000000e+11
1.844923224390000000e+11
4.987184420480000000e+11
3.448230869990000000e+11
5.057879290770000000e+11
2.938876417280000000e+11
3.174093176480000000e+11
2.179191759100000000e+11
6.080363150970000000e+11
4.242490127930000000e+11
3.600104938600000000e+11
5.380249017120000000e+11
2.798706040400000000e+11
5.407605485470000000e+11
2.667982330650000000e+11
3.019573975980000000e+11
2.918757559960000000e+11
4.484791568860000000e+11
3.863026188090000000e+11
6.307510236460000000e+11
2.548170855100000000e+11
3.695868419810000000e+11
4.509018246970000000e+11
2.688166205470000000e+11
3.071872110200000000e+11
3.138958685580000000e+11
1.951792522920000000e+11
1.622949975240000000e+11
1.980405505370000000e+11
3.799777644960000000e+11
1.349224743090000000e+11
2.553331853360000000e+11
5.536692453890000000e+11
2.954565127300000000e+11
1.898345419640000000e+11
3.785528940950000000e+11
6.221469287150000000e+11
4.963652592530000000e+11
8.160464138900000000e+10
2.193317971640000000e+11
1.387202784450000000e+11
3.897412624160000000e+11
4.689234550720000000e+11
1.661318222990000000e+11
3.213556248530000000e+11
2.855338988440000000e+11
2.785834630820000000e+11
2.828740569020000000e+11
4.604660401160000000e+11
3.011328038270000000e+11
1.286722560480000000e+11
1.833149859830000000e+11
1.487847364730000000e+11
2.876929155000000000e+11
2.229003570500000000e+11
6.381094771200000000e+11
3.999177787400000000e+11
2.746431002190000000e+11
8.961930631800000000e+10
2.113949971960000000e+11
4.026311274800000000e+10
3.159496329830000000e+11
1.708848687000000000e+11
1.260925440840000000e+11
1.587948656110000000e+11
4.308861357100000000e+10
1.026010592920000000e+11
1.145121154060000000e+11
4.329494236860000000e+11
4.707193973500000000e+10
1.491656876740000000e+11
1.437986009940000000e+11
2.902292123380000000e+11
5.920550900600000000e+10
1.343289088920000000e+11
4.004628008900000000e+10
1.825170974570000000e+11
9.330422393700000000e+10
8.409713786700000000e+10
1.458439376400000000e+11
2.114508008730000000e+11
3.550520936480000000e+11
1.349054093930000000e+11
6.357685912500000000e+10
2.030655633090000000e+11
1.996153382140000000e+11
1.609461630430000000e+11
1.684076262690000000e+11
1.008572011880000000e+11
1.172762756690000000e+11
1.654192968730000000e+11
3.813185177600000000e+10
8.781161056000000000e+10
3.856559751000000000e+10
1.332759117020000000e+11
2.712734149920000000e+11
3.414973403500000000e+11
2.717405493100000000e+10
1.269523508400000000e+11
2.004978367030000000e+11
8.613164283600000000e+10
1.355921114260000000e+11
4.768572838120000000e+11
2.069449071300000000e+10
3.520013801400000000e+11
1.713800000170000000e+11
1.480438134270000000e+11
5.052871626400000000e+10
1.069173052170000000e+11
1.681487642150000000e+11
1.276930642290000000e+11
4.379778995400000000e+10
3.191595481160000000e+11
1.550219177020000000e+11
1.636143724060000000e+11
9.180181559500000000e+10
5.656174360700000000e+10
5.572499221200000000e+10
1.675354696660000000e+11
3.766804599720000000e+11
3.973834500000000000e+10
5.358183968000000000e+10
1.438589172410000000e+11
1.360026436790000000e+11
1.697670196360000000e+11
4.926669323900000000e+10
4.726143892700000000e+10
2.196215905040000000e+11
3.926318604400000000e+10
1.062855543040000000e+11
4.728725419500000000e+10
1.770080165080000000e+11
2.171814333140000000e+11
5.276533086900000000e+10
6.311673800500000000e+10
1.818152521190000000e+11
1.496540465000000000e+10
1.265710822640000000e+11
1.600348559000000000e+09
4.044786531400000000e+10
5.501206573400000000e+10
2.706151134800000000e+10
1.345525540680000000e+11
1.172393566150000000e+11
4.020753345700000000e+10
1.587484954700000000e+10
8.659703409100000000e+10
2.352875536100000000e+10
2.742469520400000000e+10
2.236682983000000000e+10
2.850216894300000000e+10
5.341477715000000000e+09
3.718631379000000000e+10
2.532137100400000000e+10
1.178261136420000000e+11
5.796995922800000000e+10
1.210387454540000000e+11
1.346958723900000000e+10
4.591364260500000000e+10
4.573161976200000000e+10
1.621258978310000000e+11
2.590406597100000000e+10
2.917070637100000000e+10
3.401132570300000000e+10
2.761897928500000000e+10
1.602751360080000000e+11
4.145704640000000000e+10
3.219406940300000000e+10
2.935277211100000000e+10
2.453740620400000000e+10
1.452741178030000000e+11
2.193922041250000000e+11
2.727772206500000000e+10
1.044042591870000000e+11
1.304375826500000000e+10
2.540807929600000000e+10
1.212435576900000000e+11
1.149529094500000000e+10
4.264595672600000000e+10
1.244488994900000000e+10
6.916156233700000000e+10
1.168706825100000000e+10
4.200870342700000000e+10
7.417252824300000000e+10
8.356766552300000000e+10
3.791224783000000000e+09
7.292931212000000000e+09
8.980303231400000000e+10
1.632985519570000000e+11
5.023486739000000000e+09
2.366554280970000000e+11
1.961021390100000000e+10
3.566291894600000000e+10
9.766194725400000000e+10
8.449566270000000000e+09
2.782705926200000000e+10
5.173609797000000000e+09
4.471817590200000000e+10
3.253912788000000000e+09
1.008748384350000000e+11
7.330300995000000000e+09
3.049300003800000000e+10
2.376331506000000000e+09
4.242140896600000000e+10
1.797273569500000000e+10
9.057122450000000000e+09
1.356782558630000000e+11
5.031118305400000000e+10
1.377071486100000000e+10
2.170910825000000000e+09
2.856239207900000000e+10
1.062602509810000000e+11
1.595816801000000000e+09
4.107819051000000000e+09
7.991751117000000000e+09
3.667775201100000000e+10
2.161967174200000000e+10
4.980777166000000000e+09
8.453674574400000000e+10
1.885492869500000000e+10
4.357689195600000000e+10
