0
0
0
0
0
0
0
0
0
0
0
0
0
0
0
0
0
0
0
0
0
0
0
0
0
0
0
0
0
0
0
0
0
0
0
0
0
0
0
0
0
0
0
294727749628461
481980722527155
436082786050457
419879979159948
389969004468543
354142153915870
330495898603297
304284160572349
286874220173134
275044218495948
251945757792499
238730963629987
221922730348458
205694400517060
201456779960368
187729048880907
177813144748451
171147585304844
161483320454214
148436706924133
141417526611395
141082744943387
134548507350638
122435844147379
113139187712821
115111787836492
107053306154988
102186545566632
97434609051545
95408468589603
90733975635086
80517001201432
81244812515872
75985541047560
74043276392492
68160079942286
67845196959330
66183926413422
61736315106673
58425705811593
57551245509312
56294460547658
53991216393001
50607842127778
48714347943524
47996047367344
45441682900157
44956449024065
41920707246594
39079856420939
39803502821455
36673514531664
37889713984331
35923643042204
32309526042468
29481328473282
30242323571698
32488976015606
28403714653230
28694568557581
26678956788422
27198989955080
25804111245965
25453911076703
24603753392676
23307586505313
22466550442483
23019544238820
21003319314967
20823012663244
19907502253335
18472405163606
19521359114154
17288111343742
16649013604020
16559444417645
16468388404350
15267317356146
15135861452793
14475592665978
14353775610439
13794667053887
14360964659985
13261881980699
11563015281710
12678694028488
12561574229818
11877886391154
11529218223759
12016308122486
10979783104543
10643993996772
10710187834129
9761734127568
9549567243138
9527527572394
9017404195074
8539042198922
9241660308954
8029922080410
8302685911808
7228762033285
7484044498362
6773547183180
6674529626834
7160184487110
6812218522183
6694810457121
6783851519567
6254738143412
6715559571964
5554408793390
5797133867701
5761615087463
5078616424536
5169753214248
5299241347746
5532369518196
4551767148770
4801930337926
4662365879580
4198717491717
4942400220666
4382181687934
4078099415415
4236379894009
3822211087595
4314306832607
4150470277363
3677645537411
3798457935638
3855438087883
3461688557413
2984467277350
3165330783384
3505467098961
3020267877681
3131176460049
2529459681121
3051454758657
2691261712978
2577679645660
2661361265374
2494440903116
2737058236966
2398724027721
2782437385746
2364719734466
2110501307089
2100851989204
2149859373822
1974243655631
1867191450549
2089462006357
2029475901705
2019138892574
1823515085151
1789133711845
1786761122330
1602229674746
1633181362468
1516334944887
1570248830101
1606074179614
1462051552497
1472584997248
1761824546446
1413640305824
1329019161419
1585296871372
1766811742771
1360840735357
1305776788973
1344679126919
1213369177871
1335747637042
1236451917424
1044878362324
1107411139729
1024073808081
1094508957805
1056129994239
966668676701
1021979325406
921877917289
953602483495
899915434572
922726929460
856772899736
847386137852
1045939440762
949763858384
786771704447
659931689726
800461855472
939593171942
685950188145
667764067914
770435009071
748705331677
660067086363
706890635263
696155739419
620625395982
713236168926
563210627601
739629782116
582585228278
621365447564
759780407367
586878131470
451433508535
503648437881
357250857095
483824486457
472553354107
579216535492
583183600193
385037803154
424646038174
364992093169
347727095065
502189361473
571287135938
448405929416
344832123480
318251386880
345116985898
366539575198
281085557327
215085461658
352417027536
403741936072
242610289226
386002573141
244094904282
245967968712
167900045313
308065678695
184449519710
288672688856
267712245513
233352856226
241289295993
232659302468
279589749896
206905720601
215602274178
248716624988
206547329561
211635768611
215794692437
249137990737
172416984094
192145594010
304930417808
243754888143
159193525138
153716992077
189616428125
162836733169
164921467136
193666018476
248039618671
146054888010
107697657681
146689789718
147878021605
126018792809
121634313994
130601241236
163191353047
156160061516
201324876700
130153855066
149499574586
121765882450
115160576508
153365384548
100635913055
178923493583
91109541155
166522612602
86245001038
128358567701
99973940530
115065294430
211129501331
89366802706
40534648352
117165419092
94004254346
117221044567
128389519324
87003013890
55125564151
90362532057
77209884683
50349016336
88546787348
62687212385
100877412940
76457008215
44938139724
73836821788
125836209665
66372124481
74288137355
54052754739
127074306444
48575716874
49899574610
46769606682
101378806510
53885514172
53854321412
57103044033
54200049891
50924406574
72068387576
80103765562
34572223001
70013554591
15136383583
41987154848
98943338370
61258759933
30438121644
44363202547
13029506520
40042929496
59695111943
31843357654
37313902789
10240675122
38238651158
19654395386
17854803531
47906013723
63797484665
29808597612
13801667576
39347527829
24445614993
32002049396
39098114849
22131614200
55338310717
7856803569
29940914602
27513610961
28186952012
52978245943
44809332174
25173456365
3979278347
41194262399
39499005311
15622891222
21060699158
1294211105
12177753469
46737472819
21419321188
24465479849
74989242461
14819122751
11834852248
28901915676
27114544853
29158583854
12367821091
30842944836
19096937647
4461705566
16694925782
26080099827
40544168311
18801137977
13010251032
0
0
3619360213
0
20634277960
12279917332
8785881309
20019890262
1274028368
1275459504
7310375894
2951963277
0
46807473956
13892024626
23747603455
8145721304
7480882546
5460678441
23910705464
3603356593
12839110612
0
5587055798
0
9297495626
2282690691
0
0
46153855590
18717879990
1517653664
1578368333
10312670105
3268741091
0
1293126060
3827720431
9062627039
6731402551
16578546628
14399800451
1676517161
8736617764
0
20801398233
4277946196
9154598647
0
1310629799
15260228427
0
0
0
26581610625
0
3279734918
20827753145
0
21819604278
0
0
1276203057
8841144925
2691686144
3831327806
0
4581215804
7744930524
0
0
9018332310
0
1877936879
0
0
1313374725
1518146688
0
3037475154
1419691012
0
0
6504008832
0
16220199585
0
0
1727289978
0
7855888742
10245653241
0
0
0
0
0
12297638579
0
0
6518423554
0
0
0
3356215462
0
0
3630441808
17441403854
1289681904
1286554629
5793386379
0
3001247829
0
0
12101160987
2856878523
10107292943
5814516242
8608606722
0
0
0
0
0
0
0
0
0
0
3896727234
3302237625
7827170319
0
0
6993478983
0
0
0
0
0
0
0
0
0
0
7009412534
0
0
0
10357219111
0
0
0
0
0
6590291290
6280111938
0
0
6511891078
0
0
0
0
6569293914
0
0
0
0
0
0
0
3869117169
0
0
0
9418803139
0
4226909683
0
2588652787
5211579773
0
0
0
0
0
0
0
0
0
0
0
7099631252
0
0
0
0
0
0
0
0
5152390632
0
0
0
0
0
0
0
0
2596209492
0
0
0
0
0
0
0
0
0
3256250003
0
0
0
0
0
0
0
0
0
0
0
0
0
0
0
0
0
0
0
0
0
0
0
0
0
0
0
0
0
0
0
0
0
0
0
0
0
0
0
0
0
0
0
0
0
0
5946207055
0
0
0
5974996749
0
0
0
0
0
0
0
0
0
0
0
0
0
0
0
0
0
0
0
0
0
0
0
0
0
0
0
0
0
0
0
0
0
0
0
0
0
0
0
0
0
0
0
0
0
0
0
0
0
0
0
0
0
0
0
0
0
0
0
0
0
3915068706
0
0
0
0
0
0
0
0
0
0
0
0
0
0
0
0
0
0
0
0
0
0
6960772394
0
0
0
0
0
0
0
0
0
0
0
0
0
0
0
0
0
0
0
0
0
0
0
0
0
0
0
0
0
0
0
0
0
0
0
0
0
0
0
0
0
0
0
0
0
0
0
0
0
0
0
0
0
0
0
0
0
0
0
0
0
0
0
0
0
0
0
0
0
0
0
0
0
0
0
0
0
0
0
0
0
0
0
0
0
0
0
0
0
0
0
0
0
0
0
0
0
0
0
0
0
0
0
0
0
0
0
0
0
0
0
0
0
0
0
0
0
0
0
0
0
0
0
0
0
0
0
0
0
0
0
0
0
0
0
0
0
0
0
0
0
0
0
0
0
0
0
0
0
0
0
0
0
0
0
0
0
0
0
0
0
0
0
0
0
0
0
0
0
0
0
0
0
0
0
0
0
0
0
0
0
0
0
0
0
0
0
0
0
0
0
0
0
0
0
0
0
0
0
0
0
0
0
0
0
0
0
0
0
0
0
0
0
0
0
0
0
