9.241222830904070000e+14
8.510938158775220000e+14
7.850698043615140000e+14
7.302163638825870000e+14
6.928981546621690000e+14
6.593910459785460000e+14
6.219543358155800000e+14
5.933016670924530000e+14
5.661415511021640000e+14
5.446561785241500000e+14
5.255432477145000000e+14
5.090310416856810000e+14
4.918672339544280000e+14
4.758231100715250000e+14
4.582371154362090000e+14
4.403236660996620000e+14
4.261831262140490000e+14
4.126555560346320000e+14
4.078401916058310000e+14
3.988025844933790000e+14
3.862968770863750000e+14
3.725472850181420000e+14
3.713951286610960000e+14
3.563712838420200000e+14
3.503918706201070000e+14
3.399357323992120000e+14
3.401948867789840000e+14
3.323794030466710000e+14
3.284669688495860000e+14
3.220877701742180000e+14
3.106581659377490000e+14
3.111253423890130000e+14
3.058031159199040000e+14
2.950771397379110000e+14
2.951053592580110000e+14
2.848312780316260000e+14
2.821484791232230000e+14
2.811010426991030000e+14
2.760159318961120000e+14
2.750091641099560000e+14
2.732271867234040000e+14
2.656375483063660000e+14
2.554760287932390000e+14
2.535027477622230000e+14
2.493497259828020000e+14
2.499509270255970000e+14
2.460407949002650000e+14
2.468742154661090000e+14
2.399225954371020000e+14
2.325949630502880000e+14
2.278984398854370000e+14
2.287637854964650000e+14
2.281821772012530000e+14
2.244816915138550000e+14
2.164610943250890000e+14
2.200485987553080000e+14
2.184000284367170000e+14
2.131819434236370000e+14
2.119566771861210000e+14
2.064699725777550000e+14
2.032545750454120000e+14
2.067371589276440000e+14
1.988517067070910000e+14
1.956241228439150000e+14
1.914791147732980000e+14
1.927035609328590000e+14
1.931077588549550000e+14
1.887788450334900000e+14
1.895734848823580000e+14
1.877768527253910000e+14
1.851718677029550000e+14
1.806535461327680000e+14
1.783186265163940000e+14
1.759264721759530000e+14
1.777286825032760000e+14
1.732982365289430000e+14
1.695134538775890000e+14
1.673691702070580000e+14
1.675089591065320000e+14
1.681963776634010000e+14
1.567897456348910000e+14
1.615381193698730000e+14
1.600998721539030000e+14
1.555206026325610000e+14
1.548346784349880000e+14
1.515855114136450000e+14
1.498821315448850000e+14
1.459204942606710000e+14
1.489029088757050000e+14
1.425936417180630000e+14
1.437315539930760000e+14
1.400182801255210000e+14
1.376365951304250000e+14
1.373746507329490000e+14
1.360828888298160000e+14
1.355280331482610000e+14
1.327889872681890000e+14
1.303019940428600000e+14
1.259226831788050000e+14
1.278843063771840000e+14
1.242322636414660000e+14
1.268488570771670000e+14
1.225312868514600000e+14
1.216804947515050000e+14
1.166147979548300000e+14
1.169396530725940000e+14
1.149603071509720000e+14
1.125119597952040000e+14
1.131109736477230000e+14
1.092512436908780000e+14
1.099794045661360000e+14
1.061146514859180000e+14
1.036052151221720000e+14
1.037302222600650000e+14
1.010624308632610000e+14
9.980657754315400000e+13
9.917597015509900000e+13
1.003851549400700000e+14
1.018174501932150000e+14
9.663438595238100000e+13
9.410756387272800000e+13
9.436894540724000000e+13
9.275866103317700000e+13
8.979640021094700000e+13
8.866326071148200000e+13
9.058059974475000000e+13
8.785736828814700000e+13
8.591368166535200000e+13
8.595753294489900000e+13
8.502590128319100000e+13
8.153777921803600000e+13
7.960521203778700000e+13
7.924760725282600000e+13
7.785158470168700000e+13
7.555294131408900000e+13
7.593812396414500000e+13
7.565912322905100000e+13
7.958373712289300000e+13
7.328084387646100000e+13
7.568437130256200000e+13
7.202726384317100000e+13
7.001250600449100000e+13
7.087532875171100000e+13
6.954026704974500000e+13
6.953163300546000000e+13
6.612869879991500000e+13
6.568029187451300000e+13
6.528771953119800000e+13
6.462932583167600000e+13
6.490561858297500000e+13
6.302120818495900000e+13
6.203989366765800000e+13
5.941659392390600000e+13
5.717254800903000000e+13
6.006854048340200000e+13
5.805313766953200000e+13
5.643010266762900000e+13
5.739217770678900000e+13
5.464282217076100000e+13
5.833552580510000000e+13
5.327280339357900000e+13
5.471063634412200000e+13
5.189539462529800000e+13
5.231239012809400000e+13
5.065510040919500000e+13
5.208400771388600000e+13
4.835246651338800000e+13
4.935447067010600000e+13
5.071066982384500000e+13
4.781870486693700000e+13
4.832795804871400000e+13
4.964811562178300000e+13
4.574753998393300000e+13
4.642860367581500000e+13
4.477732238336800000e+13
4.263328553242700000e+13
4.485422906987100000e+13
4.341090227862600000e+13
4.216450545065000000e+13
4.070655298842500000e+13
4.130522575125500000e+13
4.251066517775200000e+13
4.073586975289200000e+13
3.824106758953600000e+13
3.946828839841900000e+13
4.042276450518300000e+13
4.226964044264700000e+13
3.818567337000900000e+13
3.551655918928100000e+13
3.711514655032100000e+13
3.604833149823300000e+13
3.551947823820400000e+13
3.392343544988700000e+13
3.629392181806100000e+13
3.419141568524600000e+13
3.481614576322200000e+13
3.273333246551300000e+13
3.308519271107900000e+13
3.165490739283900000e+13
3.444048737235800000e+13
3.087588043682500000e+13
3.237262706001000000e+13
3.192043168410300000e+13
3.120136879474000000e+13
3.108412377860900000e+13
3.146059169276100000e+13
2.885227136121100000e+13
2.851146065760300000e+13
2.634497203732300000e+13
2.825043114906600000e+13
2.746385320881200000e+13
2.626996355691700000e+13
2.735038760266800000e+13
2.529867407356000000e+13
2.654461920438000000e+13
2.686667860457500000e+13
2.723346896177300000e+13
2.594837850600600000e+13
2.743582190074600000e+13
2.374783373744600000e+13
2.464106759103800000e+13
2.383973309343600000e+13
2.291610024934300000e+13
2.320769546052500000e+13
2.453401349597200000e+13
2.272479237713800000e+13
2.171626777136600000e+13
2.315548168209100000e+13
2.172472018352800000e+13
2.156709354152100000e+13
2.300727545858500000e+13
2.141210588195700000e+13
2.078091189847400000e+13
2.094414088542000000e+13
2.069723533024300000e+13
1.924715944916100000e+13
2.060267871641800000e+13
1.955657717553700000e+13
2.065377702364200000e+13
2.012385213655400000e+13
1.953417376788400000e+13
1.836546834365500000e+13
1.966902860143600000e+13
1.861289057059500000e+13
1.806240813538500000e+13
1.813710810191300000e+13
1.793405239954400000e+13
1.714202732873900000e+13
1.819484096339300000e+13
1.720482076398500000e+13
1.843560943083600000e+13
1.808620529420100000e+13
1.653209446699500000e+13
1.640423741693300000e+13
1.581779894583800000e+13
1.700804272458900000e+13
1.638415212742900000e+13
1.467744999407300000e+13
1.600627907452900000e+13
1.566958939164300000e+13
1.578243967091200000e+13
1.482412771753800000e+13
1.487877578989600000e+13
1.465740408390400000e+13
1.496786923404500000e+13
1.336808277752100000e+13
1.447496697991100000e+13
1.399622665477100000e+13
1.300591602829000000e+13
1.362938234289600000e+13
1.406822825706300000e+13
1.412642790826500000e+13
1.322385690982800000e+13
1.284952030423100000e+13
1.291888195655000000e+13
1.276834626702400000e+13
1.259560035957900000e+13
1.306519494043900000e+13
1.223500246983700000e+13
1.334468914167600000e+13
1.343713935993900000e+13
1.225410531509900000e+13
1.164896374803900000e+13
1.118082252056100000e+13
1.160777630624400000e+13
1.177243913909700000e+13
1.127156486864300000e+13
1.263935704916600000e+13
1.063349172349600000e+13
1.096922666629100000e+13
9.723564941974000000e+12
1.154293983992900000e+13
1.045233380209400000e+13
9.779562099940000000e+12
1.153721262718900000e+13
9.601282646494000000e+12
1.178103516991600000e+13
1.005281295803300000e+13
1.112314052700300000e+13
9.361168119197000000e+12
1.002195544175600000e+13
9.454651652277000000e+12
9.579780591414000000e+12
8.209683600257000000e+12
8.340953551934000000e+12
7.937582737865000000e+12
8.430699639704000000e+12
8.682402345882000000e+12
9.298695549439000000e+12
9.813626133345000000e+12
8.288630071512000000e+12
7.813229350211000000e+12
9.051828924960000000e+12
9.215070275079000000e+12
8.262185290707000000e+12
8.460277729173000000e+12
8.074756190418000000e+12
7.981469497311000000e+12
8.892035845613000000e+12
8.146966344159000000e+12
7.754004300468000000e+12
7.657982942005000000e+12
7.426856276207000000e+12
6.798295670287000000e+12
8.179965424227000000e+12
7.496452409968000000e+12
6.777540057813000000e+12
7.646001798016000000e+12
8.398506523398000000e+12
7.319851474091000000e+12
7.042303073351000000e+12
7.437109911169000000e+12
7.502383669400000000e+12
6.520863407498000000e+12
6.100267316670000000e+12
7.033534585387000000e+12
7.485842444634000000e+12
6.804541314232000000e+12
7.126827777997000000e+12
6.767003210984000000e+12
6.727756075659000000e+12
6.044475994862000000e+12
7.331798300717000000e+12
6.287671598222000000e+12
7.003163885621000000e+12
6.437772368981000000e+12
5.840939331798000000e+12
5.503510643200000000e+12
6.047883258597000000e+12
6.359080933934000000e+12
5.690250208225000000e+12
6.331517971564000000e+12
5.735209459492000000e+12
5.561257501342000000e+12
6.170341489737000000e+12
5.756816186594000000e+12
4.969674438740000000e+12
5.428502698797000000e+12
5.298774682818000000e+12
5.112474332935000000e+12
5.467157407105000000e+12
4.527169166413000000e+12
5.579990957682000000e+12
5.423966483782000000e+12
5.177534526666000000e+12
4.783719997133000000e+12
5.254601302972000000e+12
5.254007129408000000e+12
4.717028075376000000e+12
5.045153327318000000e+12
5.197665962580000000e+12
4.277900570990000000e+12
5.816566496840000000e+12
4.866809178794000000e+12
4.817470570181000000e+12
4.969468520490000000e+12
5.366545442624000000e+12
3.900778414730000000e+12
5.119331048289000000e+12
3.637743677780000000e+12
4.460947653696000000e+12
5.102589368824000000e+12
4.074141701687000000e+12
4.678541080138000000e+12
3.674617336234000000e+12
4.179976197630000000e+12
4.030203736413000000e+12
4.080527390963000000e+12
4.194378745100000000e+12
4.251265079579000000e+12
4.382291574617000000e+12
3.745440010541000000e+12
4.963669125868000000e+12
4.013292818004000000e+12
4.122978511284000000e+12
3.635545831800000000e+12
5.494699752424000000e+12
4.675170325878000000e+12
3.640740224694000000e+12
3.956305765818000000e+12
3.497318851683000000e+12
4.253595928801000000e+12
4.266707051073000000e+12
4.405371635742000000e+12
4.068328164147000000e+12
3.441629375777000000e+12
4.219241965267000000e+12
4.097705966948000000e+12
3.602114916344000000e+12
3.785876602360000000e+12
4.109207508022000000e+12
3.315949774388000000e+12
3.960769570129000000e+12
4.117465351600000000e+12
3.171150594532000000e+12
3.643476227408000000e+12
3.162971085423000000e+12
2.652912698279000000e+12
3.612931913569000000e+12
2.825774330094000000e+12
3.723045305919000000e+12
3.097207756961000000e+12
3.556718273119000000e+12
3.448544967124000000e+12
3.835187314791000000e+12
3.262393008376000000e+12
3.800619491691000000e+12
3.086968718073000000e+12
3.242119521996000000e+12
3.381683440738000000e+12
3.084317844043000000e+12
2.625963568917000000e+12
2.766828280297000000e+12
3.392390036027000000e+12
2.554448417249000000e+12
3.553383718053000000e+12
3.586527504307000000e+12
3.161170512146000000e+12
3.461280589041000000e+12
3.411198352314000000e+12
3.098550246081000000e+12
2.184105912336000000e+12
2.652250012005000000e+12
2.345910461920000000e+12
3.054754093853000000e+12
3.335492584981000000e+12
2.485738791462000000e+12
3.058487477878000000e+12
2.433332174987000000e+12
2.740614798403000000e+12
2.543275468943000000e+12
2.813543335186000000e+12
2.713389913321000000e+12
2.567114641494000000e+12
2.056390154912000000e+12
2.070278299051000000e+12
2.263080615293000000e+12
2.765674252653000000e+12
3.223949428729000000e+12
2.333658192339000000e+12
2.017424620536000000e+12
2.608931142769000000e+12
2.347376813146000000e+12
1.907328292180000000e+12
2.178920838162000000e+12
2.358563533694000000e+12
3.196723082470000000e+12
2.098126083661000000e+12
1.629379354172000000e+12
1.956093056077000000e+12
2.054236209179000000e+12
2.683503694329000000e+12
2.037345914192000000e+12
2.238842568476000000e+12
2.234787713941000000e+12
1.621572093727000000e+12
1.560262496874000000e+12
2.293188592058000000e+12
2.033957452625000000e+12
2.404680742257000000e+12
2.565272218643000000e+12
1.858075840224000000e+12
1.701635580430000000e+12
2.372623184858000000e+12
2.185250972077000000e+12
1.991483678744000000e+12
1.550912687108000000e+12
1.661159616430000000e+12
2.032431584422000000e+12
1.706066895664000000e+12
1.968963117415000000e+12
1.752735794593000000e+12
1.989055896859000000e+12
1.758004033454000000e+12
1.850034363466000000e+12
1.827528557356000000e+12
1.626111347778000000e+12
1.851163412765000000e+12
1.420544445210000000e+12
1.618986777307000000e+12
1.927555962092000000e+12
2.096423924037000000e+12
1.748234679513000000e+12
1.245030452908000000e+12
1.652930883986000000e+12
2.001687472912000000e+12
1.804763598832000000e+12
1.418364311474000000e+12
1.320522062536000000e+12
1.292236524627000000e+12
1.611123920080000000e+12
1.681707719860000000e+12
1.740717776350000000e+12
1.630486449180000000e+12
1.470221276164000000e+12
1.082146873369000000e+12
2.010713747115000000e+12
1.435665757935000000e+12
1.174038194880000000e+12
1.184047102890000000e+12
1.511219193099000000e+12
1.348433573864000000e+12
1.651432334255000000e+12
1.263613302439000000e+12
1.573538266165000000e+12
1.750077544179000000e+12
1.491333561846000000e+12
1.409655997562000000e+12
1.279462300294000000e+12
1.564886106323000000e+12
1.650229994829000000e+12
1.089456354251000000e+12
1.255139969511000000e+12
1.425088496171000000e+12
1.536520807816000000e+12
1.750436519865000000e+12
9.636712502890000000e+11
1.093455836511000000e+12
9.198792705530000000e+11
1.323340553379000000e+12
5.006529574480000000e+11
1.016072121489000000e+12
6.682877886600000000e+11
8.895249580470000000e+11
1.562249338293000000e+12
1.105981656202000000e+12
1.223695549090000000e+12
1.090373914067000000e+12
1.211911680063000000e+12
1.091330737000000000e+12
1.416742616169000000e+12
1.233865432838000000e+12
1.297683120879000000e+12
1.372926333836000000e+12
7.323835652090000000e+11
1.140855073920000000e+12
1.243610836022000000e+12
9.118356561580000000e+11
7.401684406210000000e+11
1.193525000792000000e+12
1.235727823837000000e+12
1.014310707252000000e+12
1.116290496799000000e+12
1.179975305384000000e+12
1.503768343117000000e+12
1.109466244989000000e+12
1.249423671744000000e+12
7.645662295020000000e+11
9.545684294700000000e+11
9.566563539560000000e+11
8.947005783040000000e+11
1.030408676119000000e+12
1.121911023833000000e+12
1.055380089894000000e+12
7.787809405390000000e+11
7.763829573200000000e+11
9.896243193900000000e+11
1.038411710921000000e+12
8.891009433160000000e+11
8.969252180500000000e+11
6.623787707090000000e+11
7.514725756880000000e+11
1.040581469401000000e+12
5.207042292440000000e+11
8.848173306290000000e+11
6.429819201130000000e+11
5.148856794580000000e+11
8.363394655110000000e+11
8.407983668020000000e+11
8.656096374870000000e+11
6.543192499870000000e+11
7.307012860090000000e+11
6.467373661690000000e+11
5.994868453850000000e+11
5.019484135660000000e+11
5.651516188190000000e+11
5.417105870990000000e+11
5.747021406710000000e+11
4.333112274150000000e+11
8.950804667550000000e+11
8.164299649300000000e+11
6.519727715400000000e+11
7.467951731380000000e+11
5.082485345460000000e+11
3.313768588850000000e+11
5.469604260500000000e+11
5.741416172760000000e+11
6.686671683510000000e+11
6.649538121440000000e+11
6.686828703490000000e+11
4.697075738060000000e+11
4.624679273320000000e+11
6.600401506690000000e+11
7.241823041700000000e+11
2.924086225410000000e+11
3.876689497120000000e+11
4.915979176070000000e+11
4.303386433780000000e+11
3.475439068770000000e+11
5.979452728320000000e+11
5.719369205110000000e+11
4.605736564730000000e+11
7.661998053640000000e+11
4.803210414240000000e+11
2.838681885080000000e+11
7.065295780810000000e+11
6.748513343960000000e+11
3.935183835150000000e+11
5.611989004620000000e+11
5.156237645820000000e+11
2.665190143440000000e+11
3.794381460480000000e+11
4.020398721780000000e+11
3.594785944510000000e+11
3.404209205530000000e+11
3.532402738410000000e+11
1.774200102360000000e+11
4.226760699870000000e+11
2.830539158750000000e+11
3.416518408700000000e+11
4.055695793790000000e+11
4.914033408220000000e+11
3.819347500260000000e+11
3.561840803480000000e+11
3.824174087310000000e+11
2.888218113420000000e+11
4.020136302270000000e+11
3.037765150880000000e+11
4.393496584170000000e+11
3.859151812160000000e+11
1.986965676390000000e+11
3.611789345610000000e+11
2.578411335090000000e+11
2.270645010840000000e+11
2.915070815060000000e+11
1.849302343520000000e+11
1.843973879220000000e+11
2.204905026130000000e+11
1.527940205550000000e+11
2.222533968000000000e+11
3.935444150120000000e+11
2.898732480390000000e+11
1.890089335190000000e+11
1.140745670970000000e+11
2.639828939750000000e+11
3.753949204430000000e+11
2.512874440930000000e+11
3.012829456090000000e+11
1.321802761340000000e+11
1.411097270520000000e+11
1.633767909090000000e+11
2.019659112000000000e+11
3.165823844400000000e+11
3.098701004710000000e+11
1.864679380900000000e+11
1.777537463920000000e+11
1.159090308270000000e+11
1.872171892700000000e+11
1.489264048400000000e+11
2.311757636790000000e+11
1.363638445740000000e+11
1.358033270600000000e+11
1.958130101130000000e+11
1.412937462210000000e+11
1.107757093990000000e+11
2.643749437880000000e+11
1.614517193870000000e+11
1.640561422780000000e+11
1.587497813550000000e+11
1.344935445250000000e+11
1.318570887140000000e+11
1.511771047830000000e+11
2.254033559610000000e+11
3.291962109680000000e+11
2.055625299210000000e+11
9.804520527100000000e+10
2.452574078320000000e+11
7.479265964000000000e+10
1.563393513380000000e+11
1.964587880510000000e+11
1.165024827360000000e+11
1.304536407740000000e+11
2.077199604120000000e+11
9.353217533400000000e+10
2.703680919270000000e+11
2.307939515870000000e+11
7.890652708300000000e+10
8.724427520900000000e+10
5.525747195400000000e+10
1.778252723820000000e+11
1.087775342860000000e+11
7.132784671000000000e+10
1.048727375730000000e+11
1.449829972520000000e+11
1.611103334740000000e+11
1.408411897670000000e+11
1.815674174620000000e+11
7.641351990000000000e+10
1.202149460780000000e+11
2.848363036800000000e+10
1.360883723930000000e+11
3.288372506900000000e+10
6.804935827600000000e+10
2.275239678880000000e+11
1.415137163700000000e+11
8.301795385200000000e+10
9.251587198900000000e+10
1.004008591980000000e+11
9.935148303000000000e+10
1.470570847370000000e+11
8.731084431800000000e+10
1.768234936320000000e+11
1.853728336050000000e+11
7.190201579000000000e+10
6.938460483500000000e+10
6.884950744300000000e+10
1.160028580330000000e+11
3.275658414600000000e+10
2.735500509300000000e+10
1.258136064410000000e+11
2.601944934300000000e+10
7.434855405000000000e+10
4.712620533500000000e+10
4.289697675900000000e+10
