3346045896832587
3028016862862700
2781879923107674
2485901916526078
2314612881396645
2131174958927105
2014795741356123
1873864454193043
1794911739791165
1665681763255019
1532494741117167
1488880643500930
1439049424519490
1361374420127878
1276582573072503
1249164782492624
1141619306568846
1114726366514702
1090606641792858
1033641514485577
993288112290011
935909054503979
894364577019986
863532069381624
853863139277778
808067960197683
808186080430788
798872355043986
722200229139827
724942186828960
715065407348300
688147799606090
639923096991369
650144096265257
612134199044269
613015908101572
591482076708857
565693663055499
536372090055576
527860320766413
522333311744540
522244024802239
494300918939576
475307640175358
453334135057442
453852361735903
444161450958160
448450895712999
440831246723397
419189594196906
393847531452290
418415410459850
371741801384801
384238822338337
355556221035525
358121336525178
349459838702336
350397832043837
338403564594811
343116156077490
316713266752667
311086098633648
324051230774996
289230606542873
298377073813675
286573331789740
276591449718363
287255602552544
283709160544329
276005887710837
247223871547495
266328878917991
253654614498615
252144734886410
239133804342102
259526734250893
228514676136070
228723983829662
221613734529871
222576892942488
227564108084796
227578668263747
215249266581758
203646548203347
194636043419015
205716468403957
203820731109006
190708204979353
182090346892727
190020766627327
191672082912386
164747134999132
176930957094179
174866465698304
184840620279443
181441164854655
167172515326115
173868702302927
155470592373180
154125125337989
154455255287776
155499325174615
159590036811908
153983163560849
142222072244688
140478749944403
141109678504048
141035891514277
139974883356668
133381108358839
139152083379310
128283649144593
126142036246994
114230261765234
131591302338284
132273653853095
124787719771048
115879898987240
117935355538370
122121550275744
107721026063660
106472004001363
97277677046258
108658000194403
107599369731971
113196549108279
108140255671800
92476843496838
92213272840424
97091898477601
93774812630994
95513609678636
90347155675229
92333631388151
85903382898421
88640800210786
81869480476930
84314162479157
75838101176555
77017148351233
79802793259228
78839993627614
79797800372631
76888005451147
78768747937239
70533973030526
76929451576490
69102489249121
63005054862320
67962904519345
73358246099318
64455741436924
65207936686774
70591963892605
62105304770089
66351085786610
60724708218384
60589667224419
63830217854760
65051681001862
59228649927742
60555179506350
61415359475995
55023011608421
55815519621508
57573457815005
51697357679772
50894179719708
54432260021423
48410898352965
46879215475138
46847431059072
50464137929377
43609098203868
38902018946405
43870334511469
52442244405629
48395550365465
45164033819605
43758935472447
44165152268336
45316369991144
43441161238501
35601922516912
37176893576194
40433582240948
44460984753053
38622061916009
36829649611181
37030910264691
39265321393793
37745033125628
32367879339284
38908695975410
32505629073830
42475659999288
37449158720971
35491559798914
28576492739825
36449585617487
30620454201830
32590696798259
29987228381424
28471085406885
32037442743923
21731525166678
29212822463914
28456566646361
23785740921363
31101136105234
24377126138742
26423407592447
28807616186112
25194887370182
28048846208966
30867777470396
24035619249399
23987847705526
24021287130692
26633458498853
20521016619690
24365724571371
28063341413293
21490509638749
22923320856512
21476689988299
21377228075826
17760803555486
17624965292909
22318216682983
18393292131491
20153044052307
22966457890633
19044885447133
19171770715698
17952739958064
16965378073977
18833030667674
15904817605593
16776514123720
16261818183128
17526380155574
13463136966883
17805229305335
18400444371726
13299950359474
16873548035986
14470399763247
17614135735263
10805529849514
16813466967181
14666699871977
10465852732313
10810921289295
12275760263013
10543649612122
11087707166098
13263150340213
10489995809579
10408228347877
10866655660227
11745471392580
9328533346558
10424525514814
12201478781965
11644802692171
12337602873691
13553111061370
10775802457642
10435912775407
9588328375432
6426605392331
10287492029985
10908739783991
9502756577085
12351011396664
9897181391184
9896586396520
11719472874641
8793352190903
8205785548339
8681990301069
7590637392565
8078856362452
7893576326227
7198539357996
8010415722968
7630741687818
9089862551690
9487512840701
8625560528217
6878595216041
6697552078525
8541786130211
7577742601151
6321446926675
7938631783816
6079483373106
8413250345909
7537359781857
5651098122607
8056844918415
7082742759373
5943058237656
5041368154133
7352407192628
4273274544737
4945118195459
3999028212404
5558619258465
6249360920914
5525488523512
7920024384004
5699386671541
5357147775058
3533887646407
5438117608424
4028362163213
5816851101829
3947318788027
5654552517378
5031902293299
4751912465859
3196701700164
4997140237969
3480092592805
2571207441805
3878967479918
3842503696761
2181567536131
4262268686165
5335104511888
3084205161616
3945694643659
4623023061787
3076453283112
1837297059887
3041840059510
3746539030538
3819236269312
4703937458640
4022229802421
3397792309000
4576777806838
1996178079226
2255755434939
3261981531054
3333970059494
2096534882277
2436902225319
2113642073230
3026330349509
3217223804268
2751163689655
1472569028258
2390363765338
2133464235234
3752223973604
3752750927868
2127121118732
1256827521019
5353078773653
2343288398731
1852277656258
3230225953672
2541424687003
3318349388675
812022364857
1788727138308
1188530107062
1626194148356
2201588184054
2935540954915
2269060937658
2320710192285
2380562865081
2366577151905
622251885469
2718715026569
1116109976014
780871571378
2312298370505
1525652115563
2223809118463
1911328244231
1327146481585
1295075677144
771863060574
1190135258923
927087199353
2151796104673
1741207766812
1806053645737
734111890474
1098634652253
1802300713084
889575728585
1611939931165
1933588717342
1352782535223
1641043338945
2742968759145
1780154566935
1487186509288
1811822290600
2213860687542
1501167169671
937002741528
1021289934026
1599863172233
339204903553
516887020820
1805504457275
1208514357306
1507340205346
2364626679919
903657175527
917818417758
937940041730
471484722453
607419648392
958587463566
917646603264
899414132696
694907607474
925431382049
1859922646306
1854573573049
885007704755
438641111592
327116862701
1668990938672
598397945056
907028558608
269848207778
1194573183152
1479165710293
613258269074
910354877664
622302091070
682061312442
1492895863214
295002568251
1480373783631
295002568251
301795760927
889415542412
1477451777900
730557435982
315932726587
1180010273007
1053865431029
1175043416354
330894083148
295002568251
316090183740
383358693866
10664613736
307143444601
1180010273007
352080709794
630024043032
958797160239
648885869668
635180316438
590005136503
1203126226680
336202684863
630575934206
1313290498949
903840326635
516225565974
912539163549
551667480261
590005136503
885007704755
305635966901
932701512958
331140463511
347827484591
614275063478
295002568251
306563177710
600797989765
590005136503
295002568251
627844264343
295002568251
885007704755
295002568251
295002568251
295002568251
885007704755
295002568251
295002568251
15459409467
978274035005
670257469340
304875165823
295002568251
7867022647
5507043776
295002568251
55002145231
885007704755
611525162551
295002568251
15586393715
590005136503
5958704147
301393969197
1228869735957
327424452253
885007704755
295002568251
885007704755
594158557407
