8.416499999999999204e+00
8.959500000000000242e+00
9.502499999999999503e+00
1.004550000000000054e+01
1.058849999999999980e+01
1.113149999999999906e+01
1.167450000000000010e+01
1.221750000000000114e+01
1.276050000000000040e+01
1.330349999999999966e+01
1.384649999999999892e+01
1.438949999999999996e+01
1.493250000000000099e+01
1.547550000000000026e+01
1.601849999999999952e+01
1.656149999999999878e+01
1.710450000000000159e+01
1.764750000000000085e+01
1.819050000000000011e+01
1.873349999999999937e+01
1.927649999999999864e+01
1.981949999999999790e+01
2.036250000000000071e+01
2.090549999999999997e+01
2.144849999999999923e+01
2.199150000000000205e+01
2.253450000000000131e+01
2.307750000000000057e+01
2.362049999999999983e+01
2.416349999999999909e+01
2.470649999999999835e+01
2.524950000000000117e+01
2.579250000000000043e+01
2.633549999999999969e+01
2.687849999999999895e+01
2.742150000000000176e+01
2.796450000000000102e+01
2.850750000000000028e+01
2.905049999999999955e+01
2.959349999999999881e+01
3.013649999999999807e+01
3.067950000000000088e+01
3.122250000000000014e+01
3.176549999999999940e+01
3.230849999999999511e+01
3.285150000000000148e+01
3.339449999999999363e+01
3.393750000000000000e+01
3.448050000000000637e+01
3.502349999999999852e+01
3.556650000000000489e+01
3.610949999999999704e+01
3.665250000000000341e+01
3.719549999999999557e+01
3.773850000000000193e+01
3.828149999999999409e+01
3.882450000000000045e+01
3.936749999999999972e+01
3.991049999999999898e+01
4.045350000000000534e+01
4.099649999999999750e+01
4.153950000000000387e+01
4.208249999999999602e+01
4.262550000000000239e+01
4.316849999999999454e+01
4.371150000000000091e+01
4.425450000000000017e+01
4.479749999999999943e+01
4.534050000000000580e+01
4.588349999999999795e+01
4.642650000000000432e+01
4.696949999999999648e+01
4.751250000000000284e+01
4.805549999999999500e+01
4.859850000000000136e+01
4.914149999999999352e+01
4.968449999999999989e+01
5.022750000000000625e+01
5.077049999999999841e+01
5.131350000000000477e+01
5.185649999999999693e+01
5.239950000000000330e+01
5.294249999999999545e+01
5.348550000000000182e+01
5.402849999999999397e+01
5.457150000000000034e+01
5.511450000000000671e+01
5.565749999999999886e+01
5.620050000000000523e+01
5.674349999999999739e+01
5.728650000000000375e+01
5.782949999999999591e+01
5.837250000000000227e+01
5.891549999999999443e+01
5.945850000000000080e+01
6.000150000000000006e+01
6.054449999999999932e+01
6.108750000000000568e+01
6.163049999999999784e+01
6.217350000000000421e+01
6.271649999999999636e+01
6.325950000000000273e+01
6.380249999999999488e+01
6.434550000000000125e+01
6.488849999999999341e+01
6.543149999999999977e+01
6.597450000000000614e+01
6.651749999999999829e+01
6.706049999999999045e+01
6.760349999999999682e+01
6.814650000000000318e+01
6.868950000000000955e+01
6.923250000000000171e+01
6.977549999999999386e+01
7.031850000000000023e+01
7.086150000000000659e+01
7.140449999999999875e+01
7.194749999999999091e+01
7.249049999999999727e+01
7.303350000000000364e+01
7.357650000000001000e+01
7.411950000000000216e+01
7.466249999999999432e+01
7.520550000000000068e+01
7.574850000000000705e+01
7.629149999999999920e+01
7.683449999999999136e+01
7.737749999999999773e+01
7.792050000000000409e+01
7.846349999999999625e+01
7.900650000000000261e+01
7.954949999999999477e+01
8.009250000000000114e+01
8.063550000000000750e+01
8.117849999999999966e+01
8.172149999999999181e+01
8.226449999999999818e+01
8.280750000000000455e+01
8.335049999999999670e+01
8.389350000000000307e+01
8.443649999999999523e+01
8.497950000000000159e+01
8.552250000000000796e+01
8.606550000000000011e+01
8.660849999999999227e+01
8.715149999999999864e+01
8.769450000000000500e+01
8.823749999999999716e+01
8.878050000000000352e+01
8.932349999999999568e+01
8.986650000000000205e+01
9.040950000000000841e+01
9.095250000000000057e+01
9.149549999999999272e+01
9.203849999999999909e+01
9.258150000000000546e+01
9.312449999999999761e+01
9.366749999999998977e+01
9.421049999999999613e+01
9.475350000000000250e+01
9.529650000000000887e+01
9.583950000000000102e+01
9.638249999999999318e+01
9.692549999999999955e+01
9.746850000000000591e+01
9.801149999999999807e+01
9.855449999999999022e+01
9.909749999999999659e+01
9.964050000000000296e+01
1.001835000000000093e+02
1.007265000000000015e+02
1.012694999999999936e+02
1.018125000000000000e+02
1.023555000000000064e+02
1.028984999999999985e+02
1.034414999999999907e+02
1.039844999999999970e+02
1.045275000000000034e+02
1.050705000000000098e+02
1.056135000000000019e+02
1.061564999999999941e+02
1.066995000000000005e+02
1.072425000000000068e+02
1.077854999999999990e+02
1.083284999999999911e+02
1.088714999999999975e+02
1.094145000000000039e+02
1.099575000000000102e+02
1.105005000000000024e+02
1.110434999999999945e+02
1.115865000000000009e+02
1.121295000000000073e+02
1.126724999999999994e+02
1.132154999999999916e+02
1.137584999999999980e+02
1.143015000000000043e+02
1.148444999999999965e+02
1.153875000000000028e+02
1.159304999999999950e+02
1.164735000000000014e+02
1.170165000000000077e+02
1.175594999999999999e+02
1.181024999999999920e+02
1.186454999999999984e+02
1.191885000000000048e+02
1.197314999999999969e+02
1.202745000000000033e+02
1.208174999999999955e+02
1.213605000000000018e+02
1.219035000000000082e+02
1.224465000000000003e+02
1.229894999999999925e+02
1.235324999999999989e+02
1.240755000000000052e+02
1.246184999999999974e+02
1.251615000000000038e+02
1.257044999999999959e+02
1.262475000000000023e+02
1.267905000000000086e+02
1.273335000000000008e+02
1.278764999999999930e+02
1.284194999999999993e+02
1.289625000000000057e+02
1.295054999999999836e+02
1.300484999999999900e+02
1.305914999999999964e+02
1.311345000000000027e+02
1.316775000000000091e+02
1.322205000000000155e+02
1.327634999999999934e+02
1.333064999999999998e+02
1.338495000000000061e+02
1.343924999999999841e+02
1.349354999999999905e+02
1.354784999999999968e+02
1.360215000000000032e+02
1.365645000000000095e+02
1.371075000000000159e+02
1.376504999999999939e+02
1.381935000000000002e+02
1.387365000000000066e+02
1.392794999999999845e+02
1.398224999999999909e+02
1.403654999999999973e+02
1.409085000000000036e+02
1.414515000000000100e+02
1.419945000000000164e+02
1.425374999999999943e+02
1.430805000000000007e+02
1.436235000000000070e+02
1.441664999999999850e+02
1.447094999999999914e+02
1.452524999999999977e+02
1.457955000000000041e+02
1.463385000000000105e+02
1.468815000000000168e+02
1.474244999999999948e+02
1.479675000000000011e+02
1.485105000000000075e+02
1.490534999999999854e+02
1.495964999999999918e+02
1.501394999999999982e+02
1.506825000000000045e+02
1.512255000000000109e+02
1.517685000000000173e+02
1.523114999999999952e+02
1.528545000000000016e+02
1.533975000000000080e+02
1.539404999999999859e+02
1.544834999999999923e+02
1.550264999999999986e+02
1.555695000000000050e+02
1.561125000000000114e+02
1.566554999999999893e+02
1.571984999999999957e+02
1.577415000000000020e+02
1.582845000000000084e+02
1.588274999999999864e+02
1.593704999999999927e+02
1.599134999999999991e+02
1.604565000000000055e+02
1.609995000000000118e+02
1.615424999999999898e+02
1.620854999999999961e+02
1.626285000000000025e+02
1.631715000000000089e+02
1.637144999999999868e+02
1.642574999999999932e+02
1.648004999999999995e+02
1.653435000000000059e+02
1.658865000000000123e+02
1.664294999999999902e+02
1.669724999999999966e+02
1.675155000000000030e+02
1.680585000000000093e+02
1.686014999999999873e+02
1.691444999999999936e+02
1.696875000000000000e+02
1.702305000000000064e+02
1.707735000000000127e+02
1.713164999999999907e+02
1.718594999999999970e+02
1.724025000000000034e+02
1.729455000000000098e+02
1.734884999999999877e+02
1.740314999999999941e+02
1.745745000000000005e+02
1.751175000000000068e+02
1.756605000000000132e+02
1.762034999999999911e+02
1.767464999999999975e+02
1.772895000000000039e+02
1.778325000000000102e+02
1.783754999999999882e+02
1.789184999999999945e+02
1.794615000000000009e+02
1.800045000000000073e+02
1.805475000000000136e+02
1.810904999999999916e+02
1.816334999999999980e+02
1.821765000000000043e+02
1.827195000000000107e+02
1.832624999999999886e+02
1.838054999999999950e+02
1.843485000000000014e+02
1.848915000000000077e+02
1.854345000000000141e+02
1.859774999999999920e+02
1.865204999999999984e+02
1.870635000000000048e+02
1.876064999999999827e+02
1.881494999999999891e+02
1.886924999999999955e+02
1.892355000000000018e+02
1.897785000000000082e+02
1.903215000000000146e+02
1.908644999999999925e+02
1.914074999999999989e+02
1.919505000000000052e+02
1.924934999999999832e+02
1.930364999999999895e+02
1.935794999999999959e+02
1.941225000000000023e+02
1.946655000000000086e+02
1.952085000000000150e+02
1.957514999999999930e+02
1.962944999999999993e+02
1.968375000000000057e+02
1.973804999999999836e+02
1.979234999999999900e+02
1.984664999999999964e+02
1.990095000000000027e+02
1.995525000000000091e+02
2.000955000000000155e+02
2.006384999999999934e+02
2.011814999999999998e+02
2.017245000000000061e+02
2.022674999999999841e+02
2.028104999999999905e+02
2.033534999999999968e+02
2.038965000000000032e+02
2.044395000000000095e+02
2.049825000000000159e+02
2.055254999999999939e+02
2.060685000000000002e+02
2.066115000000000066e+02
2.071544999999999845e+02
2.076974999999999909e+02
2.082404999999999973e+02
2.087835000000000036e+02
2.093265000000000100e+02
2.098695000000000164e+02
2.104124999999999943e+02
2.109555000000000007e+02
2.114985000000000070e+02
2.120414999999999850e+02
2.125844999999999914e+02
2.131274999999999977e+02
2.136705000000000041e+02
2.142135000000000105e+02
2.147565000000000168e+02
2.152994999999999948e+02
2.158425000000000011e+02
2.163855000000000075e+02
2.169284999999999854e+02
2.174714999999999918e+02
2.180144999999999982e+02
2.185575000000000045e+02
2.191005000000000109e+02
2.196435000000000173e+02
2.201864999999999952e+02
2.207295000000000016e+02
2.212725000000000080e+02
2.218154999999999859e+02
2.223584999999999923e+02
2.229014999999999986e+02
2.234445000000000050e+02
2.239875000000000114e+02
2.245304999999999893e+02
2.250734999999999957e+02
2.256165000000000020e+02
2.261595000000000084e+02
2.267024999999999864e+02
2.272454999999999927e+02
2.277884999999999991e+02
2.283315000000000055e+02
2.288745000000000118e+02
2.294174999999999898e+02
2.299604999999999961e+02
2.305035000000000025e+02
2.310465000000000089e+02
2.315894999999999868e+02
2.321324999999999932e+02
2.326754999999999995e+02
2.332185000000000059e+02
2.337615000000000123e+02
