2.570700000000000074e+01
2.696099999999999852e+01
2.821499999999999986e+01
2.946900000000000119e+01
3.072299999999999898e+01
3.197700000000000031e+01
3.323099999999999454e+01
3.448499999999999943e+01
3.573900000000000432e+01
3.699299999999999500e+01
3.824699999999999989e+01
3.950100000000000477e+01
4.075499999999999545e+01
4.200900000000000034e+01
4.326300000000000523e+01
4.451699999999999591e+01
4.577100000000000080e+01
4.702500000000000568e+01
4.827899999999999636e+01
4.953300000000000125e+01
5.078699999999999903e+01
5.204099999999999682e+01
5.329500000000000171e+01
5.454899999999999949e+01
5.580299999999999727e+01
5.705700000000000216e+01
5.831099999999999994e+01
5.956499999999999773e+01
6.081900000000000261e+01
6.207300000000000040e+01
6.332699999999999818e+01
6.458100000000000307e+01
6.583500000000000796e+01
6.708899999999999864e+01
6.834299999999998931e+01
6.959700000000000841e+01
7.085099999999999909e+01
7.210499999999998977e+01
7.335900000000000887e+01
7.461299999999999955e+01
7.586699999999999022e+01
7.712100000000000932e+01
7.837500000000000000e+01
7.962899999999999068e+01
8.088300000000000978e+01
8.213700000000000045e+01
8.339099999999999113e+01
8.464500000000001023e+01
8.589900000000000091e+01
8.715299999999999159e+01
8.840700000000001069e+01
8.966100000000000136e+01
9.091499999999999204e+01
9.216900000000001114e+01
9.342300000000000182e+01
9.467699999999999250e+01
9.593100000000001160e+01
9.718500000000000227e+01
9.843899999999999295e+01
9.969299999999999784e+01
1.009470000000000027e+02
1.022009999999999934e+02
1.034549999999999983e+02
1.047090000000000032e+02
1.059629999999999939e+02
1.072169999999999987e+02
1.084710000000000036e+02
1.097249999999999943e+02
1.109789999999999992e+02
1.122330000000000041e+02
1.134869999999999948e+02
1.147409999999999997e+02
1.159950000000000045e+02
1.172489999999999952e+02
1.185030000000000001e+02
1.197570000000000050e+02
1.210109999999999957e+02
1.222650000000000006e+02
1.235190000000000055e+02
1.247729999999999961e+02
1.260270000000000010e+02
1.272810000000000059e+02
1.285349999999999966e+02
1.297889999999999873e+02
1.310430000000000064e+02
1.322969999999999970e+02
1.335509999999999877e+02
1.348050000000000068e+02
1.360589999999999975e+02
1.373129999999999882e+02
1.385670000000000073e+02
1.398209999999999980e+02
1.410749999999999886e+02
1.423290000000000077e+02
1.435829999999999984e+02
1.448369999999999891e+02
1.460910000000000082e+02
1.473449999999999989e+02
1.485989999999999895e+02
1.498530000000000086e+02
1.511069999999999993e+02
1.523609999999999900e+02
1.536150000000000091e+02
1.548689999999999998e+02
1.561229999999999905e+02
1.573770000000000095e+02
1.586310000000000002e+02
1.598849999999999909e+02
1.611390000000000100e+02
1.623930000000000007e+02
1.636469999999999914e+02
1.649010000000000105e+02
1.661550000000000011e+02
1.674089999999999918e+02
1.686630000000000109e+02
1.699170000000000016e+02
1.711709999999999923e+02
1.724250000000000114e+02
1.736790000000000020e+02
1.749329999999999927e+02
1.761870000000000118e+02
1.774410000000000025e+02
1.786949999999999932e+02
1.799490000000000123e+02
1.812030000000000030e+02
1.824569999999999936e+02
1.837110000000000127e+02
1.849650000000000034e+02
1.862189999999999941e+02
1.874730000000000132e+02
1.887270000000000039e+02
1.899809999999999945e+02
1.912350000000000136e+02
1.924890000000000043e+02
1.937429999999999950e+02
1.949970000000000141e+02
1.962509999999999764e+02
1.975049999999999955e+02
1.987590000000000146e+02
2.000129999999999768e+02
2.012669999999999959e+02
2.025210000000000150e+02
2.037749999999999773e+02
2.050289999999999964e+02
2.062830000000000155e+02
2.075369999999999777e+02
2.087909999999999968e+02
2.100450000000000159e+02
2.112989999999999782e+02
2.125529999999999973e+02
2.138070000000000164e+02
2.150609999999999786e+02
2.163149999999999977e+02
2.175690000000000168e+02
2.188229999999999791e+02
2.200769999999999982e+02
2.213310000000000173e+02
2.225849999999999795e+02
2.238389999999999986e+02
2.250930000000000177e+02
2.263469999999999800e+02
2.276009999999999991e+02
2.288550000000000182e+02
2.301089999999999804e+02
2.313629999999999995e+02
2.326170000000000186e+02
2.338709999999999809e+02
2.351250000000000000e+02
2.363790000000000191e+02
2.376329999999999814e+02
2.388870000000000005e+02
2.401410000000000196e+02
2.413949999999999818e+02
2.426490000000000009e+02
2.439030000000000200e+02
2.451569999999999823e+02
2.464110000000000014e+02
2.476650000000000205e+02
2.489189999999999827e+02
2.501730000000000018e+02
2.514270000000000209e+02
2.526809999999999832e+02
2.539350000000000023e+02
2.551890000000000214e+02
2.564429999999999836e+02
2.576970000000000027e+02
2.589510000000000218e+02
2.602049999999999841e+02
2.614590000000000032e+02
2.627129999999999654e+02
2.639669999999999845e+02
2.652210000000000036e+02
2.664750000000000227e+02
2.677289999999999850e+02
2.689830000000000041e+02
2.702369999999999663e+02
2.714909999999999854e+02
2.727450000000000045e+02
2.739990000000000236e+02
2.752529999999999859e+02
2.765070000000000050e+02
2.777609999999999673e+02
2.790149999999999864e+02
2.802690000000000055e+02
2.815230000000000246e+02
2.827769999999999868e+02
2.840310000000000059e+02
2.852849999999999682e+02
2.865389999999999873e+02
2.877930000000000064e+02
2.890470000000000255e+02
2.903009999999999877e+02
2.915550000000000068e+02
2.928089999999999691e+02
2.940629999999999882e+02
2.953170000000000073e+02
2.965710000000000264e+02
2.978249999999999886e+02
2.990790000000000077e+02
3.003329999999999700e+02
3.015869999999999891e+02
3.028410000000000082e+02
3.040950000000000273e+02
3.053489999999999895e+02
3.066030000000000086e+02
3.078569999999999709e+02
3.091109999999999900e+02
3.103650000000000091e+02
3.116190000000000282e+02
3.128729999999999905e+02
3.141270000000000095e+02
3.153809999999999718e+02
3.166349999999999909e+02
3.178890000000000100e+02
3.191430000000000291e+02
3.203969999999999914e+02
3.216510000000000105e+02
3.229049999999999727e+02
3.241589999999999918e+02
3.254130000000000109e+02
3.266670000000000300e+02
3.279209999999999923e+02
3.291750000000000114e+02
3.304289999999999736e+02
3.316829999999999927e+02
3.329370000000000118e+02
3.341910000000000309e+02
3.354449999999999932e+02
3.366990000000000123e+02
3.379529999999999745e+02
3.392069999999999936e+02
3.404610000000000127e+02
3.417150000000000318e+02
3.429689999999999941e+02
3.442230000000000132e+02
3.454769999999999754e+02
3.467309999999999945e+02
3.479850000000000136e+02
3.492390000000000327e+02
3.504929999999999950e+02
3.517470000000000141e+02
3.530009999999999764e+02
3.542549999999999955e+02
3.555090000000000146e+02
3.567630000000000337e+02
3.580169999999999959e+02
3.592710000000000150e+02
3.605249999999999773e+02
3.617789999999999964e+02
3.630330000000000155e+02
3.642870000000000346e+02
3.655409999999999968e+02
3.667950000000000159e+02
3.680489999999999782e+02
3.693029999999999973e+02
3.705570000000000164e+02
3.718110000000000355e+02
3.730649999999999977e+02
3.743190000000000168e+02
3.755729999999999791e+02
3.768269999999999982e+02
3.780810000000000173e+02
3.793350000000000364e+02
3.805889999999999986e+02
3.818430000000000177e+02
3.830969999999999800e+02
3.843509999999999991e+02
3.856050000000000182e+02
3.868590000000000373e+02
3.881129999999999995e+02
3.893670000000000186e+02
3.906209999999999809e+02
3.918750000000000000e+02
3.931290000000000191e+02
3.943829999999999814e+02
3.956370000000000005e+02
3.968909999999999627e+02
3.981449999999999818e+02
3.993990000000000009e+02
4.006530000000000200e+02
4.019069999999999823e+02
4.031610000000000014e+02
4.044149999999999636e+02
4.056689999999999827e+02
4.069230000000000018e+02
4.081770000000000209e+02
4.094309999999999832e+02
4.106850000000000023e+02
4.119389999999999645e+02
4.131929999999999836e+02
4.144470000000000027e+02
4.157010000000000218e+02
4.169549999999999841e+02
4.182090000000000032e+02
4.194629999999999654e+02
4.207169999999999845e+02
4.219710000000000036e+02
4.232250000000000227e+02
4.244789999999999850e+02
4.257330000000000041e+02
4.269869999999999663e+02
4.282409999999999854e+02
4.294950000000000045e+02
4.307490000000000236e+02
4.320029999999999859e+02
4.332570000000000050e+02
4.345109999999999673e+02
4.357649999999999864e+02
4.370190000000000055e+02
4.382730000000000246e+02
4.395269999999999868e+02
4.407810000000000059e+02
4.420349999999999682e+02
4.432889999999999873e+02
4.445430000000000064e+02
4.457970000000000255e+02
4.470509999999999877e+02
4.483050000000000068e+02
4.495589999999999691e+02
4.508129999999999882e+02
4.520670000000000073e+02
4.533210000000000264e+02
4.545749999999999886e+02
4.558290000000000077e+02
4.570829999999999700e+02
4.583369999999999891e+02
4.595910000000000082e+02
4.608450000000000273e+02
4.620989999999999895e+02
4.633530000000000086e+02
4.646069999999999709e+02
4.658609999999999900e+02
4.671150000000000091e+02
4.683690000000000282e+02
4.696229999999999905e+02
4.708770000000000095e+02
4.721309999999999718e+02
4.733849999999999909e+02
4.746390000000000100e+02
4.758930000000000291e+02
4.771469999999999914e+02
4.784010000000000105e+02
4.796549999999999727e+02
4.809089999999999918e+02
4.821630000000000109e+02
4.834170000000000300e+02
4.846709999999999923e+02
4.859250000000000114e+02
4.871789999999999736e+02
4.884329999999999927e+02
4.896870000000000118e+02
4.909410000000000309e+02
4.921949999999999932e+02
4.934490000000000123e+02
4.947029999999999745e+02
4.959569999999999936e+02
4.972110000000000127e+02
4.984650000000000318e+02
4.997189999999999941e+02
5.009730000000000132e+02
5.022269999999999754e+02
5.034809999999999945e+02
5.047350000000000136e+02
5.059890000000000327e+02
5.072429999999999950e+02
5.084970000000000141e+02
5.097509999999999764e+02
5.110049999999999955e+02
5.122590000000000146e+02
5.135129999999999200e+02
5.147670000000000528e+02
5.160209999999999582e+02
5.172750000000000909e+02
5.185289999999999964e+02
5.197829999999999018e+02
5.210370000000000346e+02
5.222909999999999400e+02
5.235450000000000728e+02
5.247989999999999782e+02
5.260529999999999973e+02
5.273070000000000164e+02
5.285609999999999218e+02
5.298150000000000546e+02
5.310689999999999600e+02
5.323230000000000928e+02
5.335769999999999982e+02
5.348309999999999036e+02
5.360850000000000364e+02
5.373389999999999418e+02
5.385930000000000746e+02
5.398469999999999800e+02
5.411009999999999991e+02
5.423550000000000182e+02
5.436089999999999236e+02
5.448630000000000564e+02
5.461169999999999618e+02
5.473710000000000946e+02
5.486250000000000000e+02
5.498789999999999054e+02
5.511330000000000382e+02
5.523869999999999436e+02
5.536410000000000764e+02
5.548949999999999818e+02
5.561490000000000009e+02
5.574030000000000200e+02
5.586569999999999254e+02
5.599110000000000582e+02
5.611649999999999636e+02
5.624190000000000964e+02
5.636730000000000018e+02
5.649269999999999072e+02
5.661810000000000400e+02
5.674349999999999454e+02
5.686890000000000782e+02
5.699429999999999836e+02
5.711970000000000027e+02
5.724510000000000218e+02
5.737049999999999272e+02
5.749590000000000600e+02
5.762129999999999654e+02
5.774670000000000982e+02
5.787210000000000036e+02
5.799749999999999091e+02
5.812290000000000418e+02
5.824829999999999472e+02
5.837370000000000800e+02
5.849909999999999854e+02
5.862450000000000045e+02
5.874990000000000236e+02
5.887529999999999291e+02
5.900070000000000618e+02
5.912609999999999673e+02
5.925150000000001000e+02
5.937690000000000055e+02
5.950229999999999109e+02
5.962770000000000437e+02
5.975309999999999491e+02
5.987850000000000819e+02
6.000389999999999873e+02
6.012930000000000064e+02
6.025470000000000255e+02
6.038009999999999309e+02
6.050550000000000637e+02
6.063089999999999691e+02
6.075630000000001019e+02
6.088170000000000073e+02
6.100709999999999127e+02
6.113250000000000455e+02
6.125789999999999509e+02
6.138330000000000837e+02
6.150869999999999891e+02
6.163410000000000082e+02
6.175950000000000273e+02
6.188489999999999327e+02
6.201030000000000655e+02
6.213569999999999709e+02
6.226110000000001037e+02
6.238650000000000091e+02
6.251189999999999145e+02
6.263730000000000473e+02
6.276269999999999527e+02
6.288810000000000855e+02
6.301349999999999909e+02
6.313889999999998963e+02
6.326430000000000291e+02
6.338969999999999345e+02
6.351510000000000673e+02
6.364049999999999727e+02
6.376589999999999918e+02
6.389130000000000109e+02
6.401669999999999163e+02
6.414210000000000491e+02
6.426749999999999545e+02
6.439290000000000873e+02
6.451829999999999927e+02
6.464369999999998981e+02
6.476910000000000309e+02
6.489449999999999363e+02
6.501990000000000691e+02
6.514529999999999745e+02
6.527069999999999936e+02
6.539610000000000127e+02
6.552149999999999181e+02
6.564690000000000509e+02
6.577229999999999563e+02
6.589770000000000891e+02
6.602309999999999945e+02
6.614849999999999000e+02
6.627390000000000327e+02
6.639929999999999382e+02
6.652470000000000709e+02
6.665009999999999764e+02
6.677549999999999955e+02
6.690090000000000146e+02
6.702629999999999200e+02
6.715170000000000528e+02
6.727709999999999582e+02
6.740250000000000909e+02
6.752789999999999964e+02
6.765329999999999018e+02
6.777870000000000346e+02
6.790409999999999400e+02
6.802950000000000728e+02
6.815489999999999782e+02
6.828029999999999973e+02
6.840570000000000164e+02
6.853109999999999218e+02
6.865650000000000546e+02
6.878189999999999600e+02
6.890730000000000928e+02
6.903269999999999982e+02
6.915809999999999036e+02
6.928350000000000364e+02
6.940889999999999418e+02
6.953430000000000746e+02
6.965969999999999800e+02
6.978509999999999991e+02
6.991050000000000182e+02
7.003589999999999236e+02
7.016130000000000564e+02
7.028669999999999618e+02
7.041210000000000946e+02
7.053750000000000000e+02
7.066289999999999054e+02
7.078830000000000382e+02
7.091369999999999436e+02
7.103910000000000764e+02
7.116449999999999818e+02
7.128990000000000009e+02
7.141530000000000200e+02
7.154069999999999254e+02
7.166610000000000582e+02
7.179149999999999636e+02
7.191690000000000964e+02
7.204230000000000018e+02
7.216769999999999072e+02
7.229310000000000400e+02
7.241849999999999454e+02
7.254390000000000782e+02
7.266929999999999836e+02
7.279470000000000027e+02
7.292010000000000218e+02
7.304549999999999272e+02
7.317090000000000600e+02
7.329629999999999654e+02
7.342170000000000982e+02
7.354710000000000036e+02
7.367249999999999091e+02
7.379790000000000418e+02
7.392329999999999472e+02
7.404870000000000800e+02
7.417409999999999854e+02
7.429950000000000045e+02
7.442490000000000236e+02
7.455029999999999291e+02
7.467570000000000618e+02
7.480109999999999673e+02
7.492650000000001000e+02
7.505190000000000055e+02
7.517729999999999109e+02
7.530270000000000437e+02
7.542809999999999491e+02
7.555350000000000819e+02
7.567889999999999873e+02
7.580430000000000064e+02
7.592970000000000255e+02
7.605509999999999309e+02
7.618050000000000637e+02
7.630589999999999691e+02
7.643130000000001019e+02
7.655670000000000073e+02
7.668209999999999127e+02
7.680750000000000455e+02
7.693289999999999509e+02
7.705830000000000837e+02
7.718369999999999891e+02
7.730910000000000082e+02
7.743450000000000273e+02
7.755989999999999327e+02
7.768530000000000655e+02
7.781069999999999709e+02
7.793610000000001037e+02
7.806150000000000091e+02
7.818689999999999145e+02
7.831230000000000473e+02
7.843769999999999527e+02
7.856310000000000855e+02
7.868849999999999909e+02
7.881389999999998963e+02
7.893930000000000291e+02
7.906469999999999345e+02
7.919010000000000673e+02
7.931549999999999727e+02
7.944089999999999918e+02
7.956630000000000109e+02
7.969169999999999163e+02
7.981710000000000491e+02
7.994249999999999545e+02
8.006790000000000873e+02
8.019329999999999927e+02
8.031869999999998981e+02
8.044410000000000309e+02
8.056949999999999363e+02
8.069490000000000691e+02
8.082029999999999745e+02
8.094569999999999936e+02
8.107110000000000127e+02
8.119649999999999181e+02
8.132190000000000509e+02
8.144729999999999563e+02
8.157270000000000891e+02
8.169809999999999945e+02
8.182349999999999000e+02
8.194890000000000327e+02
8.207429999999999382e+02
8.219970000000000709e+02
8.232509999999999764e+02
8.245049999999999955e+02
8.257590000000000146e+02
8.270129999999999200e+02
8.282670000000000528e+02
8.295209999999999582e+02
8.307750000000000909e+02
8.320289999999999964e+02
8.332829999999999018e+02
8.345370000000000346e+02
8.357909999999999400e+02
8.370450000000000728e+02
8.382989999999999782e+02
8.395529999999999973e+02
8.408070000000000164e+02
8.420609999999999218e+02
8.433150000000000546e+02
8.445689999999999600e+02
8.458230000000000928e+02
8.470769999999999982e+02
8.483309999999999036e+02
8.495850000000000364e+02
8.508389999999999418e+02
8.520930000000000746e+02
8.533469999999999800e+02
8.546009999999999991e+02
8.558550000000000182e+02
8.571089999999999236e+02
8.583630000000000564e+02
8.596169999999999618e+02
8.608710000000000946e+02
8.621250000000000000e+02
8.633789999999999054e+02
8.646330000000000382e+02
8.658869999999999436e+02
8.671410000000000764e+02
8.683949999999999818e+02
8.696490000000000009e+02
8.709030000000000200e+02
8.721569999999999254e+02
8.734110000000000582e+02
8.746649999999999636e+02
8.759190000000000964e+02
8.771730000000000018e+02
8.784269999999999072e+02
8.796810000000000400e+02
8.809349999999999454e+02
8.821890000000000782e+02
8.834429999999999836e+02
8.846970000000000027e+02
8.859510000000000218e+02
8.872049999999999272e+02
8.884590000000000600e+02
8.897129999999999654e+02
8.909670000000000982e+02
8.922210000000000036e+02
8.934749999999999091e+02
8.947290000000000418e+02
8.959829999999999472e+02
8.972370000000000800e+02
8.984909999999999854e+02
8.997450000000000045e+02
9.009990000000000236e+02
9.022529999999999291e+02
9.035070000000000618e+02
9.047609999999999673e+02
9.060150000000001000e+02
9.072690000000000055e+02
9.085229999999999109e+02
9.097770000000000437e+02
9.110309999999999491e+02
9.122850000000000819e+02
9.135389999999999873e+02
9.147930000000000064e+02
9.160470000000000255e+02
9.173009999999999309e+02
9.185550000000000637e+02
9.198089999999999691e+02
9.210630000000001019e+02
9.223170000000000073e+02
9.235709999999999127e+02
9.248250000000000455e+02
9.260789999999999509e+02
9.273330000000000837e+02
9.285869999999999891e+02
9.298410000000000082e+02
9.310950000000000273e+02
9.323489999999999327e+02
9.336030000000000655e+02
9.348569999999999709e+02
9.361110000000001037e+02
9.373650000000000091e+02
9.386189999999999145e+02
9.398730000000000473e+02
9.411269999999999527e+02
9.423810000000000855e+02
9.436349999999999909e+02
9.448889999999998963e+02
9.461430000000000291e+02
9.473969999999999345e+02
9.486510000000000673e+02
9.499049999999999727e+02
9.511589999999999918e+02
9.524130000000000109e+02
9.536669999999999163e+02
9.549210000000000491e+02
9.561749999999999545e+02
9.574290000000000873e+02
9.586829999999999927e+02
9.599369999999998981e+02
9.611910000000000309e+02
9.624449999999999363e+02
9.636990000000000691e+02
9.649529999999999745e+02
9.662069999999999936e+02
9.674610000000000127e+02
9.687149999999999181e+02
9.699690000000000509e+02
9.712229999999999563e+02
9.724770000000000891e+02
9.737309999999999945e+02
9.749849999999999000e+02
9.762390000000000327e+02
9.774929999999999382e+02
9.787470000000000709e+02
9.800009999999999764e+02
9.812549999999999955e+02
9.825090000000000146e+02
9.837629999999999200e+02
9.850170000000000528e+02
9.862709999999999582e+02
9.875250000000000909e+02
9.887789999999999964e+02
9.900329999999999018e+02
9.912870000000000346e+02
9.925409999999999400e+02
9.937950000000000728e+02
9.950489999999999782e+02
9.963029999999999973e+02
9.975570000000000164e+02
9.988109999999999218e+02
1.000065000000000055e+03
1.001318999999999960e+03
1.002573000000000093e+03
1.003826999999999998e+03
1.005080999999999904e+03
1.006335000000000036e+03
1.007588999999999942e+03
1.008843000000000075e+03
1.010096999999999980e+03
1.011350999999999999e+03
1.012605000000000018e+03
1.013858999999999924e+03
1.015113000000000056e+03
1.016366999999999962e+03
1.017621000000000095e+03
1.018875000000000000e+03
1.020128999999999905e+03
1.021383000000000038e+03
1.022636999999999944e+03
1.023891000000000076e+03
1.025144999999999982e+03
1.026398999999999887e+03
1.027653000000000020e+03
1.028907000000000153e+03
1.030161000000000058e+03
1.031414999999999964e+03
1.032668999999999869e+03
1.033923000000000002e+03
1.035177000000000135e+03
1.036431000000000040e+03
1.037684999999999945e+03
1.038938999999999851e+03
1.040192999999999984e+03
1.041447000000000116e+03
1.042701000000000022e+03
1.043954999999999927e+03
1.045209000000000060e+03
1.046462999999999965e+03
1.047717000000000098e+03
1.048971000000000004e+03
1.050224999999999909e+03
1.051479000000000042e+03
1.052732999999999947e+03
1.053987000000000080e+03
1.055240999999999985e+03
1.056494999999999891e+03
1.057749000000000024e+03
1.059003000000000156e+03
1.060257000000000062e+03
1.061510999999999967e+03
1.062764999999999873e+03
1.064019000000000005e+03
1.065273000000000138e+03
1.066527000000000044e+03
1.067780999999999949e+03
1.069034999999999854e+03
1.070288999999999987e+03
1.071543000000000120e+03
1.072797000000000025e+03
1.074050999999999931e+03
1.075305000000000064e+03
1.076558999999999969e+03
1.077813000000000102e+03
1.079067000000000007e+03
1.080320999999999913e+03
1.081575000000000045e+03
1.082828999999999951e+03
1.084083000000000084e+03
1.085336999999999989e+03
1.086590999999999894e+03
1.087845000000000027e+03
1.089099000000000160e+03
1.090353000000000065e+03
1.091606999999999971e+03
1.092860999999999876e+03
1.094115000000000009e+03
1.095369000000000142e+03
1.096623000000000047e+03
1.097876999999999953e+03
1.099130999999999858e+03
1.100384999999999991e+03
1.101639000000000124e+03
1.102893000000000029e+03
1.104146999999999935e+03
1.105400999999999840e+03
1.106654999999999973e+03
1.107909000000000106e+03
1.109163000000000011e+03
1.110416999999999916e+03
1.111671000000000049e+03
1.112924999999999955e+03
1.114179000000000087e+03
1.115432999999999993e+03
1.116686999999999898e+03
1.117941000000000031e+03
1.119194999999999936e+03
1.120449000000000069e+03
1.121702999999999975e+03
1.122956999999999880e+03
1.124211000000000013e+03
1.125465000000000146e+03
1.126719000000000051e+03
1.127972999999999956e+03
1.129226999999999862e+03
1.130480999999999995e+03
1.131735000000000127e+03
1.132989000000000033e+03
1.134242999999999938e+03
1.135496999999999844e+03
1.136750999999999976e+03
1.138005000000000109e+03
1.139259000000000015e+03
1.140512999999999920e+03
1.141767000000000053e+03
1.143020999999999958e+03
1.144275000000000091e+03
1.145528999999999996e+03
1.146782999999999902e+03
1.148037000000000035e+03
1.149290999999999940e+03
1.150545000000000073e+03
1.151798999999999978e+03
1.153052999999999884e+03
1.154307000000000016e+03
1.155561000000000149e+03
1.156815000000000055e+03
1.158068999999999960e+03
1.159322999999999865e+03
1.160576999999999998e+03
1.161831000000000131e+03
1.163085000000000036e+03
1.164338999999999942e+03
1.165592999999999847e+03
1.166846999999999980e+03
1.168101000000000113e+03
1.169355000000000018e+03
1.170608999999999924e+03
1.171863000000000056e+03
1.173116999999999962e+03
1.174371000000000095e+03
