2.055711000016520000e+14
1.864002627460910000e+14
1.675214873700850000e+14
1.524654552116990000e+14
1.440164906444610000e+14
1.337089808334770000e+14
1.220445800513010000e+14
1.144348559182240000e+14
1.087177230067620000e+14
1.018816567753710000e+14
9.562543440667500000e+13
9.073643898943600000e+13
8.745655634763300000e+13
8.136876860015300000e+13
7.436268736256300000e+13
7.214403905306700000e+13
7.172228724082500000e+13
6.621152645126900000e+13
6.375693880189600000e+13
6.090472704046500000e+13
5.967836407246500000e+13
5.372723684898600000e+13
5.472008039191000000e+13
5.189725931952500000e+13
5.146129210731200000e+13
4.894881460405000000e+13
4.667441976782700000e+13
4.812205185190000000e+13
4.643091629394100000e+13
4.449993861598700000e+13
4.247406025364200000e+13
4.300919838486500000e+13
4.084783737021000000e+13
4.014214188642400000e+13
3.969885914441400000e+13
3.948330849542200000e+13
3.742496629518800000e+13
3.800609476719300000e+13
3.777108441827300000e+13
3.487811813527300000e+13
3.511825804393500000e+13
3.624680662820600000e+13
3.331211423322500000e+13
3.208807649675600000e+13
3.209029437266600000e+13
3.042066959269900000e+13
3.103323142761300000e+13
3.035974171511600000e+13
3.139656611965200000e+13
3.081874807243900000e+13
2.916795403658600000e+13
2.856816199168800000e+13
2.673006258098500000e+13
2.855918868920600000e+13
2.692499550401100000e+13
2.686369700701100000e+13
2.499411941782900000e+13
2.597876844586900000e+13
2.440646452066200000e+13
2.540929102322200000e+13
2.471005956058100000e+13
2.313741192163900000e+13
2.385981099960700000e+13
2.277950971263800000e+13
2.378730174866100000e+13
2.167255352817300000e+13
2.322818769073300000e+13
2.188404582935200000e+13
1.971484159343200000e+13
2.080993677131200000e+13
2.099648962447700000e+13
2.027175994222300000e+13
2.068436158882600000e+13
2.075608387288900000e+13
1.952485330677800000e+13
1.815142040645800000e+13
1.850526345216400000e+13
1.986671332170000000e+13
1.825391854955600000e+13
1.933820764233000000e+13
1.753509439464000000e+13
1.738117665007200000e+13
1.689904821385800000e+13
1.748245630734200000e+13
1.667617151426300000e+13
1.766877006139000000e+13
1.561699562992200000e+13
1.554160484536000000e+13
1.485710285691600000e+13
1.535332606232700000e+13
1.513176606495700000e+13
1.613543470555600000e+13
1.424335635171100000e+13
1.496860802196800000e+13
1.366087379204600000e+13
1.422295570098000000e+13
1.380870438048300000e+13
1.331562895251000000e+13
1.303998308714100000e+13
1.283800145094500000e+13
1.314492824764300000e+13
1.300102047147800000e+13
1.157231495305000000e+13
1.178594712070100000e+13
1.178514626594300000e+13
1.191108505054100000e+13
1.260169477859500000e+13
1.152643613789100000e+13
1.192304450526900000e+13
1.203017283582400000e+13
9.924515850626000000e+12
1.140726805796700000e+13
1.178330753282000000e+13
1.098844397866900000e+13
1.043186081477100000e+13
1.109057897669100000e+13
1.074891261922800000e+13
1.180988937365500000e+13
1.086786297881600000e+13
1.036436511037200000e+13
9.684228712295000000e+12
8.446469081744000000e+12
8.631950789667000000e+12
8.916846862503000000e+12
8.818444210635000000e+12
8.652225569561000000e+12
8.720253356402000000e+12
8.411058903239000000e+12
9.155287338722000000e+12
8.668562845072000000e+12
8.794750164554000000e+12
8.165040168496000000e+12
8.668880409922000000e+12
8.395237192577000000e+12
8.018224638638000000e+12
7.272373154509000000e+12
7.085707479049000000e+12
7.019069361875000000e+12
8.553686397463000000e+12
7.285567199788000000e+12
7.328296667983000000e+12
7.011376989979000000e+12
7.254776946310000000e+12
6.489747669409000000e+12
7.567331839757000000e+12
6.844733682860000000e+12
7.375601866649000000e+12
6.294557280172000000e+12
6.947595568778000000e+12
6.379179654122000000e+12
7.443895048370000000e+12
6.190464880106000000e+12
5.996282331434000000e+12
6.403972837061000000e+12
5.830365513018000000e+12
6.344438655449000000e+12
5.315342379054000000e+12
5.959895488407000000e+12
6.350411554926000000e+12
5.457380992520000000e+12
5.463426613298000000e+12
5.897811159612000000e+12
5.856282963572000000e+12
6.025731769646000000e+12
5.354737889145000000e+12
4.919190956919000000e+12
5.102929541609000000e+12
5.578580104844000000e+12
5.543064945725000000e+12
5.279395906748000000e+12
5.455453819866000000e+12
4.850449575181000000e+12
5.968223588508000000e+12
5.112939955638000000e+12
4.812479419403000000e+12
4.494754702968000000e+12
4.818460349679000000e+12
5.573075008953000000e+12
5.426329053215000000e+12
4.583684861619000000e+12
4.879226749703000000e+12
4.373070205498000000e+12
4.754541920070000000e+12
3.893180989254000000e+12
4.425357986676000000e+12
3.915686359988000000e+12
3.535194293862000000e+12
3.946963093206000000e+12
3.780782487637000000e+12
3.547824266777000000e+12
3.860628891325000000e+12
4.013904647909000000e+12
3.807367752422000000e+12
4.300806517285000000e+12
3.958826835196000000e+12
3.890421069020000000e+12
3.817682260205000000e+12
3.564058370940000000e+12
3.845809433669000000e+12
3.544154261365000000e+12
3.637888924150000000e+12
3.761332099186000000e+12
3.259199656693000000e+12
2.950274746457000000e+12
3.916927053661000000e+12
3.637368164829000000e+12
3.147845716617000000e+12
2.759347431799000000e+12
3.778107687286000000e+12
2.916525976079000000e+12
2.811267463006000000e+12
3.161225017931000000e+12
2.812429223083000000e+12
2.902127087768000000e+12
3.037260027306000000e+12
3.098135779859000000e+12
2.785443691426000000e+12
3.277924470672000000e+12
2.187059586255000000e+12
3.056531062109000000e+12
3.373237588131000000e+12
2.907121689806000000e+12
2.829230325891000000e+12
2.901723747883000000e+12
3.355495622618000000e+12
2.476619391979000000e+12
3.022069743482000000e+12
2.750426440758000000e+12
2.317834024768000000e+12
2.635424711401000000e+12
2.570768929166000000e+12
2.567316709396000000e+12
2.759326900313000000e+12
2.712949072646000000e+12
2.440362651655000000e+12
2.433465817647000000e+12
2.322015820278000000e+12
2.286504570734000000e+12
2.454541591696000000e+12
2.433317332503000000e+12
2.151924327051000000e+12
2.571956412370000000e+12
2.569657500406000000e+12
1.963627949668000000e+12
2.414452961761000000e+12
2.106196317255000000e+12
2.001252506178000000e+12
1.780487409947000000e+12
2.032475644605000000e+12
1.958355021717000000e+12
2.035930781526000000e+12
2.207336391272000000e+12
2.487041770367000000e+12
2.372845594769000000e+12
2.443000046727000000e+12
1.680628283501000000e+12
1.801198050332000000e+12
2.281430336769000000e+12
1.975388857272000000e+12
1.929475652130000000e+12
1.950822527455000000e+12
1.925715255899000000e+12
1.853448080347000000e+12
1.841477481946000000e+12
1.892921465835000000e+12
1.514542789114000000e+12
1.899593821559000000e+12
1.777748909247000000e+12
1.517879488082000000e+12
1.633972383389000000e+12
1.755331046727000000e+12
1.388123172952000000e+12
1.293508837207000000e+12
1.275792451457000000e+12
1.693121668620000000e+12
2.048815273799000000e+12
1.235177561848000000e+12
1.678986198151000000e+12
1.614146521710000000e+12
1.357592011214000000e+12
1.394478456617000000e+12
1.122883682068000000e+12
1.277928054768000000e+12
1.480565432038000000e+12
1.139588175659000000e+12
1.364592846235000000e+12
1.505095303913000000e+12
1.848885233106000000e+12
1.464591840684000000e+12
1.851706783425000000e+12
1.344243961150000000e+12
1.353437393716000000e+12
1.690148664816000000e+12
1.705699324712000000e+12
1.283044104553000000e+12
1.295521919133000000e+12
1.350162135913000000e+12
1.155650480006000000e+12
1.391637179088000000e+12
1.650295741051000000e+12
1.769200892407000000e+12
1.382839887752000000e+12
1.507461277305000000e+12
1.136885968337000000e+12
1.208783546856000000e+12
1.141680091464000000e+12
1.205198383822000000e+12
1.333807330098000000e+12
1.724389727390000000e+12
9.866479830480000000e+11
1.302450916815000000e+12
1.206461274692000000e+12
1.313964682815000000e+12
1.309764203752000000e+12
1.185717099865000000e+12
1.002393392376000000e+12
1.202983770240000000e+12
1.295689739034000000e+12
1.432597509332000000e+12
9.866910911600000000e+11
9.190785421430000000e+11
1.141246188871000000e+12
9.338534534830000000e+11
8.518601015260000000e+11
8.738720577370000000e+11
1.019941557221000000e+12
1.146682625379000000e+12
1.183575641050000000e+12
9.358846353360000000e+11
7.287393538980000000e+11
1.167404550551000000e+12
1.184007122589000000e+12
1.340684142827000000e+12
9.084734818940000000e+11
9.041473930560000000e+11
9.236298100380000000e+11
6.978362749990000000e+11
1.001115906073000000e+12
9.010005295370000000e+11
8.021062980490000000e+11
9.366529252440000000e+11
8.674102903420000000e+11
9.336298228370000000e+11
6.831331457380000000e+11
8.022734506470000000e+11
1.095616535637000000e+12
7.827357583030000000e+11
6.698111695540000000e+11
9.782390788300000000e+11
8.446279942020000000e+11
6.616738437360000000e+11
7.389263976700000000e+11
1.113622522040000000e+12
9.383651700080000000e+11
8.894806105860000000e+11
1.009843899908000000e+12
9.099199042360000000e+11
8.210985806570000000e+11
7.757190447870000000e+11
6.380879201080000000e+11
9.902750882100000000e+11
7.517951671690000000e+11
7.851449660110000000e+11
4.535339989100000000e+11
7.953628805030000000e+11
8.206650777700000000e+11
8.230060561900000000e+11
8.261714193080000000e+11
6.723902052170000000e+11
4.978782819060000000e+11
6.041440002690000000e+11
8.485180854230000000e+11
8.256828132900000000e+11
7.213696916620000000e+11
4.811377960490000000e+11
4.790235946300000000e+11
7.408693294590000000e+11
7.978935682110000000e+11
7.411397988830000000e+11
5.613365676570000000e+11
6.175751283530000000e+11
9.312477265860000000e+11
5.141890153040000000e+11
5.807301078510000000e+11
4.515659703100000000e+11
7.193964256660000000e+11
6.503044316380000000e+11
7.730545746900000000e+11
5.174306147970000000e+11
4.620233589550000000e+11
6.091389916400000000e+11
3.922688280170000000e+11
6.032637743860000000e+11
8.776751080540000000e+11
5.061320922740000000e+11
4.146607939450000000e+11
5.156775725700000000e+11
5.327885022120000000e+11
6.987751949250000000e+11
7.913346041560000000e+11
8.129051585210000000e+11
6.981125247740000000e+11
4.846863400990000000e+11
5.277118165340000000e+11
6.949693870010000000e+11
4.787746612560000000e+11
3.813468673000000000e+11
5.158342335070000000e+11
5.617483002360000000e+11
5.491599633200000000e+11
5.940446548410000000e+11
7.479713294490000000e+11
6.567626040720000000e+11
4.791218139170000000e+11
5.316117696030000000e+11
5.237226293690000000e+11
4.733788519440000000e+11
8.919075855890000000e+11
5.270170654360000000e+11
3.533037841270000000e+11
3.958000154260000000e+11
3.905432152110000000e+11
3.043330945340000000e+11
3.651315173490000000e+11
3.514065621140000000e+11
5.407604373160000000e+11
6.810349660820000000e+11
7.256141447830000000e+11
3.869117291940000000e+11
4.498775200380000000e+11
6.700780729280000000e+11
4.845624007390000000e+11
3.932114986810000000e+11
5.172897734430000000e+11
3.184194069530000000e+11
5.942566847030000000e+11
5.985495465040000000e+11
5.075963354670000000e+11
4.891545033290000000e+11
3.705640331510000000e+11
4.151655661150000000e+11
6.756417602990000000e+11
6.211137802320000000e+11
3.894843403070000000e+11
4.057494090380000000e+11
6.859941187850000000e+11
3.948150573570000000e+11
3.269108952660000000e+11
3.340875694300000000e+11
5.197418773940000000e+11
5.913960029510000000e+11
4.352700419590000000e+11
4.340369707180000000e+11
5.591207493740000000e+11
2.845278570730000000e+11
4.801127314970000000e+11
7.964292579560000000e+11
4.860083382100000000e+11
3.503829384280000000e+11
4.869262015240000000e+11
3.549741770210000000e+11
3.439020501980000000e+11
5.544899590220000000e+11
6.320381028990000000e+11
3.787796388800000000e+11
4.163864028410000000e+11
2.939572121550000000e+11
5.005452020190000000e+11
3.827984055350000000e+11
2.924515401710000000e+11
2.959417217700000000e+11
4.109324302870000000e+11
1.907298476540000000e+11
4.938090115560000000e+11
4.459023703650000000e+11
3.807739770260000000e+11
4.385368176580000000e+11
6.052477661170000000e+11
2.845840244590000000e+11
4.057071158110000000e+11
8.346222912780000000e+11
3.678183114920000000e+11
2.320797196590000000e+11
4.716230712790000000e+11
3.608124242670000000e+11
4.596520816430000000e+11
2.811359338100000000e+11
2.379421531010000000e+11
4.172300976550000000e+11
2.446062905750000000e+11
1.669456744330000000e+11
3.607299222120000000e+11
4.299984281240000000e+11
2.540032365930000000e+11
3.159492835250000000e+11
3.082842022870000000e+11
4.995413840690000000e+11
5.941168097510000000e+11
2.460669497420000000e+11
3.579953041890000000e+11
2.087492284900000000e+11
7.116457596750000000e+11
3.023221571490000000e+11
1.613396537570000000e+11
4.218126970150000000e+11
1.527253814150000000e+11
2.712311809080000000e+11
1.461853052970000000e+11
4.402826802580000000e+11
2.346639406960000000e+11
1.460850944710000000e+11
4.068134142430000000e+11
4.286892302510000000e+11
4.445494858610000000e+11
2.395143114910000000e+11
3.046827377730000000e+11
3.089041086050000000e+11
5.065148380240000000e+11
1.926113429420000000e+11
3.123091673400000000e+11
3.245611248400000000e+11
2.613410047330000000e+11
3.422240416800000000e+11
2.898251460010000000e+11
2.449687978070000000e+11
3.099557896170000000e+11
1.637588316960000000e+11
2.098555134600000000e+11
2.264597065630000000e+11
2.042301044530000000e+11
3.037958151390000000e+11
2.185946132500000000e+11
3.565806184560000000e+11
5.144191719020000000e+11
9.426516060500000000e+10
1.496891495910000000e+11
2.585673187650000000e+11
3.115316884350000000e+11
3.462157169210000000e+11
1.806556600920000000e+11
2.763381552950000000e+11
3.995968091970000000e+11
1.552533942480000000e+11
1.877022238050000000e+11
3.527718563030000000e+11
2.728031820870000000e+11
1.294978697840000000e+11
2.184066548270000000e+11
3.403565473580000000e+11
1.980343406370000000e+11
1.957186074330000000e+11
1.218468389310000000e+11
2.647800522100000000e+11
1.698976919460000000e+11
2.805010326840000000e+11
1.866550771760000000e+11
2.426715849770000000e+11
3.713106006730000000e+11
2.072269374970000000e+11
9.156349305900000000e+10
9.583897649800000000e+10
2.826433337440000000e+11
9.067974389600000000e+10
1.187574757640000000e+11
1.725027773270000000e+11
8.060238651500000000e+10
3.617990074860000000e+11
2.223333710890000000e+11
1.865818757430000000e+11
2.027836478570000000e+11
1.856779612130000000e+11
1.753983562450000000e+11
1.099357839850000000e+11
2.355809813620000000e+11
2.561026922220000000e+11
1.181042478890000000e+11
2.001700237770000000e+11
2.179158965050000000e+11
2.479954143560000000e+11
1.774071690520000000e+11
1.475557540950000000e+11
1.613099614990000000e+11
1.532347524610000000e+11
2.869915847240000000e+11
2.205087051780000000e+11
2.739276611860000000e+11
9.751492979800000000e+10
1.033858133820000000e+11
2.476661115530000000e+11
3.021989326680000000e+11
1.300789191660000000e+11
1.901947898700000000e+11
1.160918728690000000e+11
2.273094277410000000e+11
1.770429649820000000e+11
9.292571844800000000e+10
1.440858144370000000e+11
2.015221143260000000e+11
6.730437732300000000e+10
9.817658279800000000e+10
1.387958167490000000e+11
9.154328036400000000e+10
1.525617749540000000e+11
1.845246388090000000e+11
3.268975534480000000e+11
1.513352595880000000e+11
1.433922939410000000e+11
6.303053830600000000e+10
1.500337308460000000e+11
1.117539447090000000e+11
1.144249790020000000e+11
1.559250437370000000e+11
1.018675552640000000e+11
9.319442104500000000e+10
7.222120756300000000e+10
1.140046545650000000e+11
6.606707534400000000e+10
2.421643108300000000e+11
6.666067507700000000e+10
8.486877157100000000e+10
1.968335560080000000e+11
2.373649068940000000e+11
1.376294237080000000e+11
5.948592210000000000e+10
1.679896362530000000e+11
1.242269639100000000e+11
2.158015186110000000e+11
2.853541767900000000e+10
5.844198155300000000e+10
1.022821988970000000e+11
8.295686605600000000e+10
1.233147527650000000e+11
7.017690975800000000e+10
8.588336665500000000e+10
7.713996993700000000e+10
1.391645699980000000e+11
7.731392913200000000e+10
1.276100180090000000e+11
8.975689635500000000e+10
8.128340728900000000e+10
8.191327976100000000e+10
1.604406676880000000e+11
7.906338843400000000e+10
9.346669620200000000e+10
6.633815144400000000e+10
6.803092181000000000e+10
1.296596299100000000e+11
7.380017963800000000e+10
2.817277111900000000e+10
7.972903364700000000e+10
4.594333712100000000e+10
8.220733364900000000e+10
6.980942016400000000e+10
6.878396933800000000e+10
7.291039383400000000e+10
1.132677263300000000e+11
9.714648278300000000e+10
9.784670614900000000e+10
1.134478872480000000e+11
8.576460453500000000e+10
6.940885284700000000e+10
1.295017517300000000e+11
5.001523586700000000e+10
8.628088815800000000e+10
7.645298942900000000e+10
6.713743649000000000e+10
4.400756797800000000e+10
9.937672465500000000e+10
9.281445423200000000e+10
6.431769374400000000e+10
7.335533468300000000e+10
9.077959815200000000e+10
6.269979909000000000e+10
3.644935860300000000e+10
6.154120094300000000e+10
7.607851982600000000e+10
5.145973516900000000e+10
9.227160234700000000e+10
4.457028999400000000e+10
6.587896925800000000e+10
6.838892837200000000e+10
1.205072971740000000e+11
4.471160753100000000e+10
7.923589208800000000e+10
8.191606795100000000e+10
7.937141845600000000e+10
4.073873062100000000e+10
6.642228220800000000e+10
1.900354749220000000e+11
3.259960124200000000e+10
7.433136858400000000e+10
6.068758508400000000e+10
5.235961559400000000e+10
7.197397537400000000e+10
7.704049299100000000e+10
6.954332018800000000e+10
4.924419622700000000e+10
3.461611562200000000e+10
8.485694616000000000e+10
6.389721139500000000e+10
6.801466446500000000e+10
4.444028585900000000e+10
7.614488135600000000e+10
2.888318668000000000e+10
1.388903189490000000e+11
6.011416163800000000e+10
2.216662688100000000e+10
7.333381318800000000e+10
7.001333688400000000e+10
5.259735521600000000e+10
3.079006115000000000e+10
7.801784930200000000e+10
4.162426707200000000e+10
1.676031019030000000e+11
5.072550251400000000e+10
7.964428590600000000e+10
6.899624096500000000e+10
1.436957021820000000e+11
2.652372007500000000e+10
3.176386425900000000e+10
6.894186261100000000e+10
5.093712723000000000e+10
4.964207704600000000e+10
6.265547588500000000e+10
6.956020894700000000e+10
4.176947917300000000e+10
3.745872729300000000e+10
7.299002152500000000e+10
3.294085924000000000e+10
4.087635025300000000e+10
4.585169663100000000e+10
3.450933918000000000e+10
4.546971109300000000e+10
5.009987116400000000e+10
3.405384619400000000e+10
3.210979278300000000e+10
2.493756232400000000e+10
6.273072679300000000e+10
3.496106782000000000e+10
4.916507818400000000e+10
5.773661443500000000e+10
3.887312876500000000e+10
6.349835874100000000e+10
3.880714317800000000e+10
3.948229533000000000e+10
5.220321279600000000e+10
3.171997220400000000e+10
5.603907979800000000e+10
6.448341105500000000e+10
4.835340554500000000e+10
4.021358378000000000e+10
4.042107949000000000e+10
6.133568708600000000e+10
4.060855000300000000e+10
4.108320373000000000e+10
3.200418418300000000e+10
5.102899872700000000e+10
3.994042289500000000e+10
3.510354287100000000e+10
2.963224357600000000e+10
5.566078955500000000e+10
4.233716021300000000e+10
4.529682555400000000e+10
3.306059963700000000e+10
3.408591527500000000e+10
6.437217403700000000e+10
5.724359629200000000e+10
4.335114210100000000e+10
3.395922422400000000e+10
3.430443514000000000e+10
3.997853724200000000e+10
3.678240383400000000e+10
3.945103917400000000e+10
5.199270169000000000e+10
2.883014537700000000e+10
5.058810175300000000e+10
5.117599797000000000e+10
3.713928173700000000e+10
2.801851049800000000e+10
5.809926500600000000e+10
3.103444065800000000e+10
3.659521257100000000e+10
3.933044565000000000e+10
4.037881555700000000e+10
1.846722339100000000e+10
2.468282879400000000e+10
3.621457934400000000e+10
2.773932344500000000e+10
2.883556884800000000e+10
2.511221328500000000e+10
2.853352434000000000e+10
3.090410242400000000e+10
3.409503729700000000e+10
3.322081120200000000e+10
3.835900910800000000e+10
2.146521079500000000e+10
2.460113306500000000e+10
5.580582432800000000e+10
7.198994305100000000e+10
2.941825222700000000e+10
1.642740526300000000e+10
5.293578203600000000e+10
3.134883266900000000e+10
3.830353777700000000e+10
4.298583844300000000e+10
2.834490511200000000e+10
2.234190220700000000e+10
4.245993941800000000e+10
3.252754999700000000e+10
3.464691334600000000e+10
3.114718956600000000e+10
4.615095330600000000e+10
3.185381476500000000e+10
2.152213805600000000e+10
4.724531381200000000e+10
3.527623185100000000e+10
4.176891950300000000e+10
3.046337898600000000e+10
5.453354309600000000e+10
2.817553150900000000e+10
4.875100464200000000e+10
2.501691866200000000e+10
4.309186355200000000e+10
3.553800667300000000e+10
2.356326939700000000e+10
2.596133852000000000e+10
2.781985634100000000e+10
3.032488936100000000e+10
3.241014872400000000e+10
4.708475705600000000e+10
3.034500446400000000e+10
2.719385844900000000e+10
2.300482460200000000e+10
2.940617057700000000e+10
3.412446148300000000e+10
3.190545464300000000e+10
2.247775009400000000e+10
3.685351036800000000e+10
3.436090963200000000e+10
4.376444872800000000e+10
4.609457170400000000e+10
3.119418679900000000e+10
4.330082860300000000e+10
4.901549578200000000e+10
3.400794573900000000e+10
1.403397586000000000e+10
3.587292692000000000e+10
3.945279752200000000e+10
4.686001390500000000e+10
2.532814256100000000e+10
3.299260105400000000e+10
2.461994910000000000e+10
2.936241138500000000e+10
3.422308290500000000e+10
3.434712673500000000e+10
2.872772583200000000e+10
2.685453544900000000e+10
3.177299372400000000e+10
2.819140254700000000e+10
2.779534692600000000e+10
3.058066098900000000e+10
2.530868713900000000e+10
2.236234156500000000e+10
7.771429612000000000e+09
3.085205149800000000e+10
1.432556058100000000e+10
1.528401351900000000e+10
2.395464266800000000e+10
2.610953519400000000e+10
1.367986885400000000e+10
2.013536813500000000e+10
2.744493784300000000e+10
2.068697227700000000e+10
1.772329946000000000e+10
2.815113242400000000e+10
2.086107875600000000e+10
1.748915527500000000e+10
2.570125100100000000e+10
1.182670966100000000e+10
1.180039973600000000e+10
1.219944440800000000e+10
1.903456720600000000e+10
9.225926503000000000e+09
1.447361131000000000e+10
7.831982794000000000e+09
5.232580845000000000e+09
1.822107797600000000e+10
7.164955535000000000e+09
2.360185764900000000e+10
2.025054313400000000e+10
1.243999239200000000e+10
9.874535139000000000e+09
4.489206991000000000e+09
1.665936995700000000e+10
6.829034583000000000e+09
1.001454035600000000e+10
1.110714265100000000e+10
1.355230199900000000e+10
1.938750168900000000e+10
1.116580011100000000e+10
2.188487780000000000e+09
1.793013217400000000e+10
1.038774700500000000e+10
1.051527335700000000e+10
6.302791027000000000e+09
1.251785930100000000e+10
1.160162672500000000e+10
6.404487923000000000e+09
1.597308986400000000e+10
3.775507367000000000e+09
7.460821305000000000e+09
6.836719202000000000e+09
7.057542056000000000e+09
9.863921686000000000e+09
1.510810877100000000e+10
1.822290114000000000e+09
7.423684943000000000e+09
6.873955029000000000e+09
9.973429810000000000e+09
3.441875205000000000e+09
4.338432155000000000e+09
2.200249789000000000e+09
