23.002000
24.486000
25.970000
27.454000
28.938000
30.422000
31.906000
33.390000
34.874000
36.358000
37.842000
39.326000
40.810000
42.294000
43.778000
45.262000
46.746000
48.230000
49.714000
51.198000
52.682000
54.166000
55.650000
57.134000
58.618000
60.102000
61.586000
63.070000
64.554000
66.038000
67.522000
69.006000
70.490000
71.974000
73.458000
74.942000
76.426000
77.910000
79.394000
80.878000
82.362000
83.846000
85.330000
86.814000
88.298000
89.782000
91.266000
92.750000
94.234000
95.718000
97.202000
98.686000
100.170000
101.654000
103.138000
104.622000
106.106000
107.590000
109.074000
110.558000
112.042000
113.526000
115.010000
116.494000
117.978000
119.462000
120.946000
122.430000
123.914000
125.398000
126.882000
128.366000
129.850000
131.334000
132.818000
134.302000
135.786000
137.270000
138.754000
140.238000
141.722000
143.206000
144.690000
146.174000
147.658000
149.142000
150.626000
152.110000
153.594000
155.078000
156.562000
158.046000
159.530000
161.014000
162.498000
163.982000
165.466000
166.950000
168.434000
169.918000
171.402000
172.886000
174.370000
175.854000
177.338000
178.822000
180.306000
181.790000
183.274000
184.758000
186.242000
187.726000
189.210000
190.694000
192.178000
193.662000
195.146000
196.630000
198.114000
199.598000
201.082000
202.566000
204.050000
205.534000
207.018000
208.502000
209.986000
211.470000
212.954000
214.438000
215.922000
217.406000
218.890000
220.374000
221.858000
223.342000
224.826000
226.310000
227.794000
229.278000
230.762000
232.246000
233.730000
235.214000
236.698000
238.182000
239.666000
241.150000
242.634000
244.118000
245.602000
247.086000
248.570000
250.054000
251.538000
253.022000
254.506000
255.990000
257.474000
258.958000
260.442000
261.926000
263.410000
264.894000
266.378000
267.862000
269.346000
270.830000
272.314000
273.798000
275.282000
276.766000
278.250000
279.734000
281.218000
282.702000
284.186000
285.670000
287.154000
288.638000
290.122000
291.606000
293.090000
294.574000
296.058000
297.542000
299.026000
300.510000
301.994000
303.478000
304.962000
306.446000
307.930000
309.414000
310.898000
312.382000
313.866000
315.350000
316.834000
318.318000
319.802000
321.286000
322.770000
324.254000
325.738000
327.222000
328.706000
330.190000
331.674000
333.158000
334.642000
336.126000
337.610000
339.094000
340.578000
342.062000
343.546000
345.030000
346.514000
347.998000
349.482000
350.966000
352.450000
353.934000
355.418000
356.902000
358.386000
359.870000
361.354000
362.838000
364.322000
365.806000
367.290000
368.774000
370.258000
371.742000
373.226000
374.710000
376.194000
377.678000
379.162000
380.646000
382.130000
383.614000
385.098000
386.582000
388.066000
389.550000
391.034000
392.518000
394.002000
395.486000
396.970000
398.454000
399.938000
401.422000
402.906000
404.390000
405.874000
407.358000
408.842000
410.326000
411.810000
413.294000
414.778000
416.262000
417.746000
419.230000
420.714000
422.198000
423.682000
425.166000
426.650000
428.134000
429.618000
431.102000
432.586000
434.070000
435.554000
437.038000
438.522000
440.006000
441.490000
442.974000
444.458000
445.942000
447.426000
448.910000
450.394000
451.878000
453.362000
454.846000
456.330000
457.814000
459.298000
460.782000
462.266000
463.750000
465.234000
466.718000
468.202000
469.686000
471.170000
472.654000
474.138000
475.622000
477.106000
478.590000
480.074000
481.558000
483.042000
484.526000
486.010000
487.494000
488.978000
490.462000
491.946000
493.430000
494.914000
496.398000
497.882000
499.366000
500.850000
502.334000
503.818000
505.302000
506.786000
508.270000
509.754000
511.238000
512.722000
514.206000
515.690000
517.174000
518.658000
520.142000
521.626000
523.110000
524.594000
526.078000
527.562000
529.046000
530.530000
532.014000
533.498000
534.982000
536.466000
537.950000
539.434000
540.918000
542.402000
543.886000
545.370000
546.854000
548.338000
549.822000
551.306000
552.790000
554.274000
555.758000
557.242000
558.726000
560.210000
561.694000
563.178000
564.662000
566.146000
567.630000
569.114000
570.598000
572.082000
573.566000
575.050000
576.534000
578.018000
579.502000
580.986000
582.470000
583.954000
585.438000
586.922000
588.406000
589.890000
591.374000
592.858000
594.342000
595.826000
597.310000
598.794000
600.278000
601.762000
603.246000
604.730000
606.214000
607.698000
609.182000
610.666000
612.150000
613.634000
615.118000
616.602000
618.086000
619.570000
621.054000
622.538000
624.022000
625.506000
626.990000
628.474000
629.958000
631.442000
632.926000
634.410000
635.894000
637.378000
638.862000
640.346000
641.830000
643.314000
644.798000
646.282000
647.766000
649.250000
650.734000
652.218000
653.702000
655.186000
656.670000
658.154000
659.638000
661.122000
662.606000
664.090000
665.574000
667.058000
668.542000
670.026000
671.510000
672.994000
674.478000
675.962000
677.446000
678.930000
680.414000
681.898000
683.382000
684.866000
686.350000
687.834000
689.318000
690.802000
692.286000
693.770000
695.254000
696.738000
698.222000
699.706000
701.190000
702.674000
704.158000
705.642000
707.126000
708.610000
710.094000
711.578000
713.062000
714.546000
716.030000
717.514000
718.998000
720.482000
721.966000
723.450000
724.934000
726.418000
727.902000
729.386000
730.870000
732.354000
733.838000
735.322000
736.806000
738.290000
739.774000
741.258000
742.742000
744.226000
745.710000
747.194000
748.678000
750.162000
751.646000
753.130000
754.614000
756.098000
757.582000
759.066000
760.550000
762.034000
763.518000
765.002000
766.486000
767.970000
769.454000
770.938000
772.422000
773.906000
775.390000
776.874000
778.358000
779.842000
781.326000
782.810000
784.294000
785.778000
787.262000
788.746000
790.230000
791.714000
793.198000
794.682000
796.166000
797.650000
799.134000
800.618000
802.102000
803.586000
805.070000
806.554000
808.038000
809.522000
811.006000
812.490000
813.974000
815.458000
816.942000
818.426000
819.910000
821.394000
822.878000
824.362000
825.846000
827.330000
828.814000
830.298000
831.782000
833.266000
834.750000
836.234000
837.718000
839.202000
840.686000
842.170000
843.654000
845.138000
846.622000
848.106000
849.590000
851.074000
852.558000
854.042000
855.526000
857.010000
858.494000
859.978000
861.462000
862.946000
864.430000
865.914000
867.398000
868.882000
870.366000
871.850000
873.334000
874.818000
876.302000
877.786000
879.270000
880.754000
882.238000
883.722000
885.206000
886.690000
888.174000
889.658000
891.142000
892.626000
894.110000
895.594000
897.078000
898.562000
900.046000
901.530000
903.014000
904.498000
905.982000
907.466000
908.950000
910.434000
911.918000
913.402000
914.886000
916.370000
917.854000
919.338000
920.822000
922.306000
923.790000
925.274000
926.758000
928.242000
929.726000
931.210000
932.694000
934.178000
935.662000
937.146000
938.630000
940.114000
941.598000
943.082000
944.566000
946.050000
947.534000
949.018000
950.502000
951.986000
953.470000
954.954000
956.438000
957.922000
959.406000
960.890000
962.374000
963.858000
965.342000
966.826000
968.310000
969.794000
971.278000
972.762000
974.246000
975.730000
977.214000
978.698000
980.182000
981.666000
983.150000
984.634000
986.118000
987.602000
989.086000
990.570000
992.054000
993.538000
995.022000
996.506000
997.990000
999.474000
1000.958000
1002.442000
1003.926000
1005.410000
1006.894000
1008.378000
1009.862000
1011.346000
1012.830000
1014.314000
1015.798000
1017.282000
1018.766000
1020.250000
1021.734000
1023.218000
1024.702000
1026.186000
1027.670000
1029.154000
1030.638000
1032.122000
1033.606000
1035.090000
1036.574000
1038.058000
1039.542000
1041.026000
1042.510000
1043.994000
1045.478000
1046.962000
1048.446000
1049.930000
1051.414000
1052.898000
1054.382000
1055.866000
1057.350000
1058.834000
1060.318000
1061.802000
1063.286000
1064.770000
1066.254000
1067.738000
1069.222000
1070.706000
1072.190000
1073.674000
1075.158000
1076.642000
1078.126000
1079.610000
1081.094000
1082.578000
1084.062000
1085.546000
1087.030000
1088.514000
1089.998000
1091.482000
1092.966000
1094.450000
1095.934000
1097.418000
1098.902000
1100.386000
1101.870000
1103.354000
1104.838000
1106.322000
1107.806000
1109.290000
1110.774000
1112.258000
1113.742000
1115.226000
1116.710000
1118.194000
1119.678000
1121.162000
