0.000000
1.209000
2.418000
3.627000
4.836000
6.045000
7.254000
8.463000
9.672000
10.881000
12.090000
13.299000
14.508000
15.717000
16.926000
18.135000
19.344000
20.553000
21.762000
22.971000
24.180000
25.389000
26.598000
27.807000
29.016000
30.225000
31.434000
32.643000
33.852000
35.061000
36.270000
37.479000
38.688000
39.897000
41.106000
42.315000
43.524000
44.733000
45.942000
47.151000
48.360000
49.569000
50.778000
51.987000
53.196000
54.405000
55.614000
56.823000
58.032000
59.241000
60.450000
61.659000
62.868000
64.077000
65.286000
66.495000
67.704000
68.913000
70.122000
71.331000
72.540000
73.749000
74.958000
76.167000
77.376000
78.585000
79.794000
81.003000
82.212000
83.421000
84.630000
85.839000
87.048000
88.257000
89.466000
90.675000
91.884000
93.093000
94.302000
95.511000
96.720000
97.929000
99.138000
100.347000
101.556000
102.765000
103.974000
105.183000
106.392000
107.601000
108.810000
110.019000
111.228000
112.437000
113.646000
114.855000
116.064000
117.273000
118.482000
119.691000
120.900000
122.109000
123.318000
124.527000
125.736000
126.945000
128.154000
129.363000
130.572000
131.781000
132.990000
134.199000
135.408000
136.617000
137.826000
139.035000
140.244000
141.453000
142.662000
143.871000
145.080000
146.289000
147.498000
148.707000
149.916000
151.125000
152.334000
153.543000
154.752000
155.961000
157.170000
158.379000
159.588000
160.797000
162.006000
163.215000
164.424000
165.633000
166.842000
168.051000
169.260000
170.469000
171.678000
172.887000
174.096000
175.305000
176.514000
177.723000
178.932000
180.141000
181.350000
182.559000
183.768000
184.977000
186.186000
187.395000
188.604000
189.813000
191.022000
192.231000
193.440000
194.649000
195.858000
197.067000
198.276000
199.485000
200.694000
201.903000
203.112000
204.321000
205.530000
206.739000
207.948000
209.157000
210.366000
211.575000
212.784000
213.993000
215.202000
216.411000
217.620000
218.829000
220.038000
221.247000
222.456000
223.665000
224.874000
226.083000
227.292000
228.501000
229.710000
230.919000
232.128000
233.337000
234.546000
235.755000
236.964000
238.173000
239.382000
240.591000
241.800000
243.009000
244.218000
245.427000
246.636000
247.845000
249.054000
250.263000
251.472000
252.681000
253.890000
255.099000
256.308000
257.517000
258.726000
259.935000
261.144000
262.353000
263.562000
264.771000
265.980000
267.189000
268.398000
269.607000
270.816000
272.025000
273.234000
274.443000
275.652000
276.861000
278.070000
279.279000
280.488000
281.697000
282.906000
284.115000
285.324000
286.533000
287.742000
288.951000
290.160000
291.369000
292.578000
293.787000
294.996000
296.205000
297.414000
298.623000
299.832000
301.041000
302.250000
303.459000
304.668000
305.877000
307.086000
308.295000
309.504000
310.713000
311.922000
313.131000
314.340000
315.549000
316.758000
317.967000
319.176000
320.385000
321.594000
322.803000
324.012000
325.221000
326.430000
327.639000
328.848000
330.057000
331.266000
332.475000
333.684000
334.893000
336.102000
337.311000
338.520000
339.729000
340.938000
342.147000
343.356000
344.565000
345.774000
346.983000
348.192000
349.401000
350.610000
351.819000
353.028000
354.237000
355.446000
356.655000
357.864000
359.073000
360.282000
361.491000
362.700000
363.909000
365.118000
366.327000
367.536000
368.745000
369.954000
371.163000
372.372000
373.581000
374.790000
375.999000
377.208000
378.417000
379.626000
380.835000
382.044000
383.253000
384.462000
385.671000
386.880000
388.089000
389.298000
390.507000
391.716000
392.925000
394.134000
395.343000
396.552000
397.761000
398.970000
400.179000
401.388000
402.597000
403.806000
405.015000
406.224000
407.433000
408.642000
409.851000
411.060000
412.269000
413.478000
414.687000
415.896000
417.105000
418.314000
419.523000
420.732000
421.941000
423.150000
424.359000
425.568000
426.777000
427.986000
429.195000
430.404000
431.613000
432.822000
434.031000
435.240000
436.449000
437.658000
438.867000
440.076000
441.285000
442.494000
443.703000
444.912000
446.121000
447.330000
448.539000
449.748000
450.957000
452.166000
453.375000
454.584000
455.793000
457.002000
458.211000
459.420000
460.629000
461.838000
463.047000
464.256000
465.465000
466.674000
467.883000
469.092000
470.301000
471.510000
472.719000
473.928000
475.137000
476.346000
477.555000
478.764000
479.973000
481.182000
482.391000
483.600000
484.809000
486.018000
487.227000
488.436000
489.645000
490.854000
492.063000
493.272000
494.481000
495.690000
496.899000
498.108000
499.317000
500.526000
501.735000
502.944000
504.153000
505.362000
506.571000
507.780000
508.989000
510.198000
511.407000
512.616000
513.825000
515.034000
516.243000
517.452000
518.661000
519.870000
521.079000
522.288000
523.497000
524.706000
525.915000
527.124000
528.333000
529.542000
530.751000
531.960000
533.169000
534.378000
535.587000
536.796000
538.005000
539.214000
540.423000
541.632000
542.841000
544.050000
545.259000
546.468000
547.677000
548.886000
550.095000
551.304000
552.513000
553.722000
554.931000
556.140000
557.349000
558.558000
559.767000
560.976000
562.185000
563.394000
564.603000
565.812000
567.021000
568.230000
569.439000
570.648000
571.857000
573.066000
574.275000
575.484000
576.693000
577.902000
579.111000
580.320000
581.529000
582.738000
583.947000
585.156000
586.365000
587.574000
588.783000
589.992000
591.201000
592.410000
593.619000
594.828000
596.037000
597.246000
598.455000
599.664000
600.873000
602.082000
603.291000
604.500000
605.709000
606.918000
608.127000
609.336000
610.545000
611.754000
612.963000
614.172000
615.381000
616.590000
617.799000
619.008000
620.217000
621.426000
622.635000
623.844000
625.053000
626.262000
627.471000
628.680000
629.889000
631.098000
632.307000
633.516000
634.725000
635.934000
637.143000
638.352000
639.561000
640.770000
641.979000
643.188000
644.397000
645.606000
646.815000
648.024000
649.233000
650.442000
651.651000
652.860000
654.069000
655.278000
656.487000
657.696000
658.905000
660.114000
661.323000
662.532000
663.741000
664.950000
666.159000
667.368000
668.577000
669.786000
670.995000
672.204000
673.413000
674.622000
675.831000
677.040000
678.249000
679.458000
680.667000
681.876000
683.085000
684.294000
685.503000
686.712000
687.921000
689.130000
690.339000
691.548000
692.757000
693.966000
695.175000
696.384000
697.593000
698.802000
700.011000
701.220000
702.429000
703.638000
704.847000
706.056000
707.265000
708.474000
709.683000
710.892000
712.101000
713.310000
714.519000
715.728000
716.937000
718.146000
719.355000
720.564000
721.773000
722.982000
724.191000
725.400000
726.609000
727.818000
729.027000
730.236000
731.445000
732.654000
733.863000
735.072000
736.281000
737.490000
738.699000
739.908000
741.117000
742.326000
743.535000
744.744000
745.953000
747.162000
748.371000
749.580000
750.789000
751.998000
753.207000
754.416000
755.625000
756.834000
758.043000
759.252000
760.461000
761.670000
762.879000
764.088000
765.297000
766.506000
767.715000
768.924000
770.133000
771.342000
772.551000
773.760000
774.969000
776.178000
777.387000
778.596000
779.805000
781.014000
782.223000
783.432000
784.641000
785.850000
787.059000
788.268000
789.477000
790.686000
791.895000
793.104000
794.313000
795.522000
796.731000
797.940000
799.149000
800.358000
801.567000
802.776000
803.985000
805.194000
806.403000
807.612000
808.821000
810.030000
811.239000
812.448000
813.657000
814.866000
816.075000
817.284000
818.493000
819.702000
820.911000
822.120000
823.329000
824.538000
825.747000
826.956000
828.165000
829.374000
830.583000
831.792000
833.001000
834.210000
835.419000
836.628000
837.837000
839.046000
840.255000
841.464000
842.673000
843.882000
845.091000
846.300000
847.509000
848.718000
849.927000
851.136000
852.345000
853.554000
854.763000
855.972000
857.181000
858.390000
859.599000
860.808000
862.017000
863.226000
864.435000
865.644000
866.853000
868.062000
869.271000
870.480000
871.689000
872.898000
874.107000
875.316000
876.525000
877.734000
878.943000
880.152000
881.361000
882.570000
883.779000
884.988000
886.197000
887.406000
888.615000
889.824000
891.033000
892.242000
893.451000
894.660000
895.869000
897.078000
898.287000
899.496000
900.705000
901.914000
903.123000
904.332000
905.541000
906.750000
907.959000
909.168000
910.377000
911.586000
912.795000
914.004000
915.213000
916.422000
917.631000
918.840000
920.049000
921.258000
922.467000
923.676000
924.885000
926.094000
927.303000
928.512000
929.721000
930.930000
932.139000
933.348000
934.557000
935.766000
936.975000
938.184000
939.393000
940.602000
941.811000
943.020000
944.229000
945.438000
946.647000
947.856000
949.065000
950.274000
951.483000
952.692000
953.901000
955.110000
956.319000
957.528000
958.737000
959.946000
961.155000
962.364000
963.573000
964.782000
965.991000
967.200000
968.409000
969.618000
970.827000
972.036000
973.245000
974.454000
975.663000
976.872000
978.081000
979.290000
980.499000
981.708000
982.917000
984.126000
985.335000
986.544000
987.753000
988.962000
990.171000
991.380000
992.589000
993.798000
995.007000
996.216000
997.425000
998.634000
999.843000
1001.052000
1002.261000
1003.470000
1004.679000
1005.888000
1007.097000
1008.306000
1009.515000
1010.724000
1011.933000
1013.142000
1014.351000
1015.560000
1016.769000
1017.978000
1019.187000
1020.396000
1021.605000
1022.814000
1024.023000
1025.232000
1026.441000
1027.650000
1028.859000
1030.068000
1031.277000
1032.486000
1033.695000
1034.904000
1036.113000
1037.322000
1038.531000
1039.740000
1040.949000
1042.158000
1043.367000
1044.576000
1045.785000
1046.994000
1048.203000
1049.412000
1050.621000
1051.830000
1053.039000
1054.248000
1055.457000
1056.666000
1057.875000
1059.084000
1060.293000
1061.502000
1062.711000
1063.920000
1065.129000
1066.338000
1067.547000
1068.756000
1069.965000
1071.174000
1072.383000
1073.592000
1074.801000
1076.010000
1077.219000
1078.428000
1079.637000
1080.846000
1082.055000
1083.264000
1084.473000
1085.682000
1086.891000
1088.100000
1089.309000
1090.518000
1091.727000
1092.936000
1094.145000
1095.354000
1096.563000
1097.772000
1098.981000
1100.190000
1101.399000
1102.608000
1103.817000
1105.026000
1106.235000
1107.444000
1108.653000
1109.862000
1111.071000
1112.280000
1113.489000
1114.698000
1115.907000
1117.116000
1118.325000
1119.534000
1120.743000
1121.952000
1123.161000
1124.370000
1125.579000
1126.788000
1127.997000
1129.206000
1130.415000
1131.624000
1132.833000
1134.042000
1135.251000
1136.460000
1137.669000
1138.878000
1140.087000
1141.296000
1142.505000
1143.714000
1144.923000
1146.132000
1147.341000
1148.550000
1149.759000
1150.968000
1152.177000
1153.386000
1154.595000
1155.804000
1157.013000
1158.222000
1159.431000
1160.640000
1161.849000
1163.058000
1164.267000
1165.476000
1166.685000
1167.894000
1169.103000
1170.312000
1171.521000
1172.730000
1173.939000
1175.148000
1176.357000
1177.566000
1178.775000
1179.984000
1181.193000
1182.402000
1183.611000
1184.820000
1186.029000
1187.238000
1188.447000
1189.656000
1190.865000
1192.074000
1193.283000
1194.492000
1195.701000
1196.910000
1198.119000
1199.328000
1200.537000
1201.746000
1202.955000
1204.164000
1205.373000
1206.582000
1207.791000
1209.000000
