2654903719935300
2369716310053085
2166012240345137
1981013012093960
1814045775336171
1684137341842130
1553320269938969
1464028782764919
1369135978780474
1292048488695021
1207972391796393
1181649213254893
1077729542987415
1066259950405223
975701594744804
951064296339797
885842739448702
864813303964230
864842596714632
783756375744742
771451880946523
727532215412740
704595867354002
684021295307815
672004404757530
645713071950448
622703179622904
596067490285457
570825575851253
543059640991868
554930805809812
517892697860709
518486491029919
500539951606907
453328394701048
452181646234123
452793942273825
437214361113060
409389712637691
400234682875865
404006491165652
380746915548891
370420749667787
373726756747545
349446849847815
336958324340892
338119056569039
308102641760443
330247293395372
315048582175369
318957009972955
300685837607831
290658946922762
277726138278305
269622484154027
264288580460325
266798494510140
253055736935295
242869166676328
252193097854491
226855857918644
223290048529764
227000730848934
224148601164494
216087289316109
206569872737665
201400348926264
210138189256093
199402915502031
200321557343774
186593825447351
185629553218390
189961941134779
181403146621893
172471310512529
177538985785591
158188408553299
157354626096119
158287784861766
154522011924629
156714412935011
144985681293680
132427586469072
139595898912310
148733864877174
134524529465763
133884679367841
127634285544936
125986117698584
131312035501776
121534155091022
120864500743047
123675639108254
123111287479085
120895360385758
111686325776491
113124699837314
117836819606428
107981981084684
111601552442318
109891118564941
100733272381180
93320205507247
102443700613575
96586339673775
101929447152543
85236141554804
90874957941224
85050188763475
97726469376499
87323916361639
82051856259233
76475009428763
85455936834073
76687376039600
76963458042890
81413529890881
81016677391874
76401618032699
81130650552294
70288487410389
65821164426634
69341756956076
61320867494558
64717116232029
63200993084071
65284003203403
64785267994186
54793109893589
57000811613812
62480106858800
56003610538911
59674100713467
55157454692521
51700512674085
57949691834845
54121891253209
53145746636156
53098828807495
52573163769120
52262052601222
51006958497927
43498957925954
49879909072773
51145562818320
41563873815610
42327455690634
38657162339321
40635721969219
43700253344268
45155705645630
43444796746655
39272362417887
41486142107046
39058119804812
38423588881284
36374300508542
38048942047008
36479551345585
33734946942476
34483088695176
35382018727427
35804430871089
28313090555083
32484153344940
31788602354614
31223919830203
31219357295642
31468758576425
30396225501249
30908313450452
26605722751934
28510448562624
32056829176444
25885179109347
27444559737046
26062242966357
30205303786160
29455907874666
26813448131111
23466213576016
29407479333439
26263074893442
27029941905889
22481464165851
21098696662070
18821363484975
24573353668968
20986682807739
20139804762171
25172774723655
20214465206078
20231953851510
18656546969689
21115154001837
21830926853728
18439412318712
19035948120223
21035687662622
19021312634016
19818643772263
19509405582299
15371755083749
18542308777810
17124729785150
19656345678842
17236438353265
15496130397422
16828161259402
13073308834168
14963246869130
16808035717768
18153387810976
13675848195439
10606385283124
13636552670594
10941658833372
9283255384174
11829351503698
12436121653099
12911242486171
10008106336914
12746265690688
10069388235283
10060996456932
13682659155504
10338473034500
8539379715091
11048747332184
11904937537632
10652309332591
10397684421631
10351102200364
7641656606619
9887498725436
9632931058604
9785508323407
10855057926530
10604292748652
10525923213164
9289104029165
9135735530581
9263185878414
5223751856419
10254920428688
8486556855508
7751608473333
7966902543428
7333624340461
8650421671713
9338519129319
6047817972885
5921860777305
7168055457022
8634043287441
6648043533724
5310149705319
5650174364031
7642567346932
6955944072641
6927844872682
4965981534360
6725781327007
6107904865630
7002653581790
5901146017743
7087739500793
3951193539176
6097722410674
5150522525244
5542952336738
5158647913141
4444804763701
2975564174344
5812103898180
5350321721628
3944530737673
5661275870457
4676231663142
5445932116930
3127119719061
3267946668898
4368388054169
3124954786125
2784781559468
4118440768107
1811459630678
4000084605998
2163149803203
4382983174328
3662542646582
1703323863559
3241327198523
3441689973653
3171798408785
3500890483242
2804606246388
3121287699218
2611189565575
4305596410433
3522491156223
2345379733365
1669444625405
3072776351212
1295923529443
3420804089683
3823118301592
2095169215400
648664866646
2519733805503
3957955536242
2651345234466
1834584323261
3718348662715
1326114470179
2461976676612
2608905488675
1342424663591
2263370299104
1790255578919
2981163158277
3301593135006
3393581327501
2452560743946
2683034412406
1806390597331
1920441663908
848850690647
1938995885957
2722819379596
877081340535
3074604032429
2021940614088
1492702652730
1846512575946
949003058894
1170854864682
913221656144
950839112153
1481654174178
2322122099149
1499712907890
3529061323666
1471895385211
2229626054450
2689640779870
2095233135771
1667197801704
1803019986505
2221659910212
1440266890557
1587172976662
899598090624
2137334911514
915942935516
544299000887
783328832059
919147450594
1711441304290
948660199714
951329650229
2272131049183
1441410859429
1402834214274
320902190152
1203312362031
152480293361
1143677345958
1449948569981
989547196306
2030498349063
1348363124501
1554830403507
748428269978
544443406398
954233881291
683761397912
772367424525
864426784318
1024729119766
1383157918567
540812397977
2383945804812
891177441693
1010102825923
729752979758
1205756363778
409019459841
2169196607836
700253748465
1626654316866
1431389634132
1159445546354
1515750743065
933177032282
1364776405420
388647883798
213148197063
1111092057290
1298793312001
515922954663
514018497278
822517601605
936082216203
1511485761481
1099212187527
1046239337668
1638062615170
1179295106752
460911939570
1706439166831
170147591512
750119053063
1427099534220
2475218754527
149394571148
381918815215
679388110268
1011802415217
982493883834
1285615006098
492968886459
1330333455118
483733708239
977194782555
668146491851
699612774474
980596694859
577613849440
619023203262
422345377124
709221137995
813483918061
367694714846
853647509655
1001502029197
414348734048
992261089608
426713234167
866700061516
1010014375361
1285894689482
361431717239
538717922752
1022620861407
694601910802
392359520921
637652572157
1249086865975
81290761589
271862719553
641196734790
979153867124
930417167579
34397717724
340758031235
62252315469
476919473239
448588174221
343458760329
636269122895
210292123098
194021594044
117519486310
33698174785
686609324555
111969463205
633635345399
912647266097
338150971976
320411049783
257792510402
321531286719
643330324462
362333911444
53837911272
354086441058
643534119955
700508726925
617470979318
365149909336
593912286591
58257416124
99899957158
90137456133
363455483300
58029753713
321218488100
339356108840
311316053068
610338296416
626621305413
581375457475
361400337267
774582363919
316003970507
41913069759
57627685862
22521099041
312469080573
338165821843
325047292888
42868718108
338048979298
359811492571
315180721873
817195914253
257761032566
28069441843
23212753121
387812897827
869880698904
46424634063
165058062637
486322219158
212881932454
325095978857
360728451339
305950781755
331122325694
165035071549
348574441195
325136120166
318794267330
62007477240
122248106283
324843080657
39907503730
313068412365
23266538988
3172274019
345206046070
37995567620
609775877521
530268414766
47543748278
452897202139
628946611684
616931166003
338890068347
288955347993
157959882877
37878571078
14024093760
343336937537
21128662818
432248805487
303053653561
40127698498
39889391359
330914750460
358042024885
84584235556
23076269891
3538282353
5596109114
607889776341
340521834615
3228853785
374686777733
316825888557
337132778999
321470619702
639779372527
22363873939
900514733517
311360836065
245382869137
121694813844
7639136378
3434050838
149047607826
56658345654
24880528879
40748929743
9509098773
317480567498
10733380931
15635606938
17630174174
670807834975
3179110009
6841702272
8556524625
12554269509
320472826059
11562938730
52990173736
98472271519
299842255322
32672796481
9701590074
304204675211
12186572546
7172567048
20836351521
302497351812
46263702532
278488515420
17937313408
14231091614
3597961575
160106239687
298799077451
10695659740
3173988953
630176273932
17392875515
75255639767
