0
0
11882078855662490
9539360045050994
7878410088544533
4997264179980395
3387664558871503
2368747397672533
1789699208607184
1380918862163451
1122395368510270
932423855451269
784493360132960
657443131974953
573777502489396
499507478838911
446065928866083
399789395320218
366703654849377
324367862668242
300796050891206
276023610400512
262290792765791
234064496119003
218300092389991
206609695035568
194278143851263
178675633907469
165150690037004
157416992794357
151693017804372
145749190466625
140212106938568
131707735018808
120771666718642
119429560295862
119596652796653
109322898058458
106628964449072
106188434331166
93966444609416
96808676692175
89691781114433
86547563449429
92515069823774
85151019146817
79233357575744
76095285060027
73845413177074
77374283645983
73781396580510
63666007592288
70470708937228
64599942198212
66790732767190
61583158012419
61264002308027
62851788791126
59869267441845
61745283015962
53981587492886
53605032973822
54863588559857
52091504996530
54332860715474
47823354031005
52749887704197
48031704324363
48015002635606
46916614777691
43787474363129
44877176116790
51585021651192
50362181216131
45026508089078
45182651031188
47394225503321
41545502250896
40929626081476
38985380818825
35417326785002
37204853321315
41357170396292
36110435973341
34463826833183
39019704591195
39196810053278
37465843939495
38443566757734
38886658050314
34419846278630
36854437259562
36520274906391
33363674617778
33873622396454
34332483414898
33954937862238
35829492706187
27939720147704
27623324438565
33216033177683
28603465956291
30564962760183
33219815759583
31815571116643
30728612173806
33422528156513
32751259745286
30021283348937
27852434686036
24853563690594
28097203176810
26290100535292
30470979588131
27099574275508
27394500779112
25268530442921
27211285178832
24654874315827
26013192914365
25192108747592
22674794512980
26331377083531
27945087404074
27662555031079
23467756107736
23128416055543
24486081841708
25698363834766
23549480303511
24187356502996
25953821286252
23680201554926
25052849771769
20916000084132
23784145477406
24849940283170
21203648651138
20076977789133
21188676595175
20542401188497
20076120647425
18670278979707
22115993092470
20386720111615
17691827158919
21376868297260
20668419073025
19674779806904
17733627654821
18898155445472
20044482773771
18627318582285
20031839720032
18860952662141
18134176811490
16840095144119
18052852945411
17656055997404
18523516179037
17669627709172
18094852034726
15502898875677
18787078201758
17244831784504
18566970836036
16107293807371
15310291499393
13025763643294
14531858953988
14499647074623
15781255629193
14664409915258
14353063589015
14788003878769
14623411172263
14484293338684
13803163183366
17293850771734
13357365126518
15178364834335
14559629189889
15257809829336
14963722572818
12859973714702
15936051044980
14695283794380
13352335160614
13123702837922
11663561109088
14050677830005
13718234129935
13360757159271
12895504942846
11061412776325
13980553805240
13175292026770
12741531038339
14850202884607
10330791958370
10983416397289
13172404826421
11933224434317
11218156767824
12803958226864
9813495224556
10891581454498
9572755335574
12201680489983
11808485079871
10686778067437
12240744229405
11612972202158
12834561635484
10816730763803
9802611288363
11167520558050
11172895631682
8343771958879
9307609947821
11075220450622
9926465291928
10334343494205
9135002615860
8805142679562
9664864678447
7851400768736
8569279085669
8117882510757
11568600940696
11132054085120
10590141328994
8161121545929
12712654487669
7743946195256
10117379846208
9194573172398
6351937047077
9645436126483
9512461580628
9365617171951
7812067881852
8064708345751
9077230754757
7243767752094
9442161543125
8810849013861
9058225595214
8123506523661
6048098343417
7273543063282
8661940519876
8604140735009
8673199138664
7600895664387
7297173776130
7276010052465
6997118210724
7144622637441
7574939877401
7914832698729
6481930322188
5775048221461
7051158938987
7635497527017
7804274975132
7580121623054
7055053218873
8138279621583
6389862589901
7116740563742
6423576978364
4149186775580
7237565056964
6249327776489
5691218362664
6185845578613
5377073925732
5016965483427
5684834221176
6948706439753
6086413839449
6661662619261
7129879024204
5127690412390
6384380582302
7437710194839
6071714633622
6604320821151
6034369071096
3869263051271
5947017738214
5677934230583
4893394825023
4879239100862
5659042208870
5862481285672
6018433353729
5208155385676
4698286194601
3971343496199
6188921265915
4666926251884
4195864392667
4483580244764
6569940775875
5809188285825
6504959823935
4376023896034
4619672150123
4390516017775
4183256730095
5281324551664
3678852003203
4702185467967
4802741765850
5105977463127
4213494620494
3343771153313
4964487294815
6569032647560
4721961731287
4326021434185
2307750305142
3821819480934
3754359637354
3662345837977
4806432398105
4360121185495
3933290781919
3719562495454
3787214337945
4976194530615
4687659768791
3448724355431
3585926074910
3343429648602
5127996497122
2323953494666
3198282018635
4241244971038
3471401457809
3321333349704
3387591427706
4728234814765
3856840910006
4006251573836
2604347197499
3767824299895
3158442373422
4028417741464
3127935410865
3402472431187
3215577907020
3870985326501
3468436036977
2459671298835
2636696944979
3267608079499
2205891854415
3019138756497
2147342087860
2294681066272
3422831469921
2435963986276
2473917997653
2485656998299
3196304317716
3260103972877
1992533679321
3266324262577
2953947365987
1722541754455
1927151759738
2254950012233
2395491578720
3212756843852
2323795073017
2385623476356
2056995158078
2605735698211
2881247021086
2464510596565
1661239718972
2279799539937
2395732939843
2234311443610
1525920648202
2014377270998
2047210070644
2198777459346
2269665263541
1631409630066
1245104860117
1374819849001
2868309704327
1805369853967
2509143263660
1362273087353
1889099750008
2268612403436
1652312513546
1749856105860
1381856688584
1771126051743
2146871010307
2284780601533
1266898488065
2098490709595
3202794279176
1831120149428
1333280822490
1461916032918
1340538985660
1229271942524
1173080098002
737626588398
1517865990468
627193713148
1603210644173
1783783883780
1096294618519
1489380532157
1469590426315
985268099833
1233250484614
965387288803
1002415471457
1752800710141
1112165639119
1338785205310
831499001194
1526143656905
849469189759
836046736924
1340502944144
1695226076745
1625875019251
1912710330634
892446871227
908163255964
1204121277495
788449441630
566417916820
1632150484272
916701666598
885563949421
1687135117753
1176021174276
377682363895
563878785617
1445114508181
994823436716
555674144950
1740702827672
1474493394033
1465636357208
232746161641
623437381564
1229484114804
856317165982
839695874068
291152479840
989317220170
696512572329
868137793505
395095231062
672328536630
702714917696
953665898294
990874583831
379098966883
1076728267318
1242244646611
711634392875
505726934550
64246263049
865674843348
689474510726
1580618436013
185278190090
900733248933
898496675274
620840207497
405661182317
254864592971
747246848504
145002092296
887393389332
776106011101
1279089574443
77307965135
657698698856
1110946501355
439245381322
774676008322
199377471960
687785980639
351062434363
656399633745
215035862940
393297634022
617362923411
205649205893
494252461866
192323184422
194766006592
629794196905
379823794333
349455307742
110205961217
698030094924
684400973765
794692614032
475894742234
480178185886
776117130220
308179586936
242435428807
280657640190
345617078954
344848210610
733998207092
915439969033
34124206892
464311218416
332183479044
464343038859
175635164747
767798674682
211312865053
201685904142
25831556518
170120546955
467808722999
219506231055
109198344837
347922608761
41209472470
162014796734
463013472653
325824252249
317277893931
172029391795
325540570785
327951399145
586332560151
498690666043
18884191029
154370909212
59071497063
169225523483
392755790858
6251453673
494007035622
4814790414
30059870714
181954240516
35904060399
534027274521
434354103880
106116757614
171304784609
483687174533
277126484667
330969987177
313120807629
311616587131
169705937509
16756352788
158819955849
225924620391
315485810392
386728617019
12786252046
458828627238
6728413103
15343217339
279109020036
741094898757
161414176549
321162659052
310227040055
39251265312
302362845480
20133448535
533421513222
15416893296
470171528126
167162927214
153929685704
302698956657
165456030935
19767470326
158944186019
28063989304
159515901532
454766039968
600168651892
307849960289
311118577826
158947442305
310877361206
9810878790
607839620788
159018965913
307446483350
6516901636
166856195236
154958025508
3898719869
288323798107
10365955594
619046899402
450126488919
233530726876
150042162973
160124553145
13626508791
5973473957
3907944096
16596645416
14112606086
150042162973
434008280983
310495038261
152739534484
2094659372
302979499980
163962071469
315511490954
1657457720
154958282260
19542441670
307911752438
6368864406
216042941381
307538795308
103473699343
0
309252322130
300084325946
13575400828
150042162973
2804532586
5331322892
150042162973
312647005069
299719785063
66475407840
0
14707076411
238823860617
151924378519
300084325946
309001031159
6574831834
8851074931
152717182645
23277157647
300084325946
0
3664244642
0
0
0
154822084187
156449205889
0
8121270699
379878389202
0
352155803184
0
7911202549
150042162973
150042162973
150042162973
0
300084325946
150042162973
303002763198
6692625937
5538641246
43211523125
150042162973
150042162973
150042162973
152474085026
159058992678
5257181557
150042162973
163989337331
150042162973
300084325946
0
4701891061
150042162973
157221721452
2459319737
150042162973
159229448224
233573078345
450126488919
0
150042162973
151707227175
151765347040
152048955208
0
0
0
0
7365282635
1612189503
0
12016621986
0
150042162973
152218942358
0
150042162973
0
0
2033977737
0
150042162973
0
0
5354464543
0
0
8161567021
0
0
0
0
311829145079
0
0
12341382779
0
0
150042162973
0
0
0
0
150042162973
0
150042162973
0
158861137261
0
0
0
8664091088
0
0
0
150042162973
0
0
0
0
0
0
0
0
0
150042162973
159696313500
0
1874252885
0
0
0
0
3883694687
4027755084
0
0
0
150042162973
0
0
0
5186955243
0
150042162973
0
0
0
153306675065
0
0
0
0
0
0
0
0
0
0
0
4596895683
0
0
150042162973
0
6545024786
0
0
0
0
0
0
0
0
0
0
0
0
0
0
0
0
0
0
0
0
0
0
10854601450
0
0
0
0
0
0
2885609382
0
0
0
0
0
150042162973
0
0
0
0
0
0
0
2370038951
0
0
0
5779757819
0
0
0
0
0
0
0
0
0
0
0
0
0
0
0
0
0
0
0
0
1875418478
0
0
0
0
0
150042162973
0
0
0
0
0
0
0
144241252770
0
0
0
0
0
0
0
0
0
0
0
0
0
0
0
0
0
3537222341
0
0
0
0
0
0
0
0
0
0
0
0
0
0
0
0
0
0
0
0
0
0
0
0
0
0
0
0
0
0
0
0
0
0
0
0
0
0
0
0
0
0
0
0
0
0
0
6846395197
0
0
0
0
0
0
0
0
0
0
0
0
0
0
0
0
0
0
0
0
0
0
0
0
0
0
0
0
0
0
0
0
0
0
0
0
0
0
150042162973
0
