0
256106374853488
5817645984094658
3148897352051509
2383110082698499
1358447148904763
862612203818507
575034041657899
389755698206679
288809081524395
211449325831459
164638101839329
124203248305096
96095187516466
77917796281889
61834635436343
52847486575759
42934762090582
35973280479495
32943291943709
29143231369500
24996029984749
22110287304867
20465442702208
19736054887363
17187758784301
16108027375013
14947653134338
14040460473735
14189766797437
12213167598087
12240494665235
10740814724098
10443228578730
9416817593176
9114133000128
8624780769867
8586743223022
7856733183034
7157978090821
7478706168424
6948049599163
6956347711102
6810458928954
6415837331828
6645690122872
5929833216862
5963767851558
5044602989181
4927928757047
4481703495652
4953636388408
5415100609369
4801287705710
4495762828952
3872733911478
3932331846568
4298697201795
4066207620023
3889663971074
4151967006231
3740080039139
3976260679521
2961903352819
3135346606813
3435549007252
3266568803255
3123698684624
2920651143065
3024964234578
2552455781404
3119498120293
3307808228239
2762088161545
3461273261210
2937248996822
3133029037745
2629723429942
2281262812205
2427812553593
2341804473420
2647465411453
2617037622850
2397774722981
2211533795189
2429430069120
1909573660455
1743452609017
1780673755435
2136860368495
2481373079890
2146120372408
2139386288995
2083758780982
1755388426828
1645147413700
1887555391236
1929156940043
1708348014334
2020560577077
2466497890346
1701759668939
1406626899461
1937201742852
1588325349284
2027278169845
1899634712152
2120328112346
1642254757636
1601316115612
1452692571746
1566662498145
1734023477616
1842520678778
2246466319554
1453403607666
1851432221257
1726905327092
1444492686224
1953141210668
1260530932274
1894033924367
1583899117616
1570219794218
1190866939092
1047391374351
1362088245644
1989217861947
1501273992050
1682665560032
819669113141
1611722433006
1195167489946
1553018523321
1386322645566
1161521676803
1830618322270
1326769350761
1293609200925
1240343484506
1298478209429
1165768575407
1399591305330
1249745227544
1236812526681
1082612059284
1175352758206
916509451205
1356654435973
890745341498
1169191813334
1362923795568
1046325503570
1178737859988
766513235995
686233851129
1361573205074
820884412763
1338973552186
1659920664577
1028029622007
1048129480550
875771477684
575127328555
961931438148
832147466823
1279295753396
1152507044846
704358060807
802216525914
1039170108558
802796563947
863878957990
667313996985
754038667460
499091071635
1028785899498
788227720785
747202933030
642907914510
604766944034
873570129120
679161643475
702130088330
1103950517924
1000402426167
824300624603
943447089632
551089906485
600142005094
883262639889
946895570124
1042433247328
768164615220
537324147120
626794694597
646647203130
481821286330
561590640305
908349808162
1038713107183
720720367023
617614373135
412033639328
850790842565
774024012198
768400597319
594045823079
620128516229
743610866150
987409492164
511128381051
768774735696
546886618374
931873439331
601981230345
957846155505
627084515951
737979574528
774111734371
519938376867
709288980871
663614382359
645664570643
684093418864
1022455311743
579089804250
631344827790
703570232596
502533240069
658642855731
345724175676
607929534929
750077210335
429067797892
390120887942
429854234651
632659494393
404227078215
587981900685
521144361094
617156334616
688371073974
366915628144
567318484193
783573326714
541672681734
533176876376
326413899380
804192532321
598682814365
522641477676
759230472056
411375427591
884513114633
634150895204
497059958869
435696671311
708728134805
299461131884
348272806067
404111616853
583358992442
515441320609
536866849857
432580812527
552508975505
576245714460
892622975205
588036029628
536204472806
393427740449
577401412253
308024641639
464784355138
713835125465
476342732190
540871139044
325032608316
518658315865
590937476098
494977498886
534859858857
424275637551
505000818503
787613197160
574446599681
343141526252
279475667528
521763851504
699072179142
536483293983
740357348991
1078988109603
650929770363
346598826595
493713283887
401731305285
340963031908
282946904327
394092125919
334653078418
329716022580
757281427062
260636252425
219777357746
293788336883
449055922985
210818816454
402057847483
515013412511
396549791156
294286725723
627245200483
335907413620
453533199440
241243378247
328863749553
328942115377
501907054650
394563106248
711423819671
653755144016
195651354843
424725241802
508990590135
279552887117
200695072803
469200826675
719200495171
403559440369
255259879964
817991967650
287298069007
312975012558
379096367052
406726217444
578152114409
370603577518
510310905786
309338475370
268286864876
430205362815
320711340481
378416257812
251143441849
256214510068
191308470808
332640295657
261507297614
154705327195
443208926845
24262117784
70519893152
260478972891
362095052524
530267065508
257658930667
234352238923
27939279185
366237233467
188567533083
209361731202
17622670310
392268830878
422583980980
148935682696
225319950045
283195665851
104393653525
511640624263
263887870056
336168628368
434639057891
84943008989
404267808446
260574083289
256214964701
191186931833
215158771116
279461619775
17497039769
367205815204
253780143945
229747198038
386227783268
232410336837
531947305321
437686148428
278975118289
295814837735
214332137940
83631426042
187865064406
329975538399
477923004957
367173981541
166762572488
85994395555
141473761642
213210486759
188818044495
505700712261
330822578307
206119146407
242229784231
306051467482
142645381788
193494881160
307978948038
190535293152
374646004903
298185611159
156586292031
75001243052
193474476819
393495617677
191596010724
255674338408
316246197589
302368694648
209274666583
207413927755
473893711047
274416267043
165988555993
154058248837
76088173117
397020835965
7835966986
198927130381
214677966442
178140817245
125381307325
425986358408
255977009222
62201978707
149704113118
319963768148
75592915408
204029027999
89463978503
113335233775
80731729722
120890326634
89902832357
80572620786
76866058038
377967775833
140996351490
76790533352
135054694110
84513789107
186368685574
247350436752
58558498592
79660976026
78148560997
55830779686
124570070060
195164797901
43982118924
257823670901
138568053670
9511085282
123877486140
153774346343
6947014096
483000575414
266150464633
92453072602
188681271018
185778467781
65598011663
69665439140
14785602858
447767329860
339074385685
71769323519
110174634073
55910835609
200054148174
436301207765
148212169317
8062535657
16210953637
108726028432
253599309521
125591196923
184194136255
204878681024
296042553377
231300649281
66226416760
207431281776
276012667584
172473243323
70130065821
135932466305
58038003136
116523206830
70711031825
4788071101
149940015909
9585764158
383206438411
169539217319
63587857309
100150611645
70241459272
77184148049
183795802649
122221768562
49166631210
139336128949
141936170276
185150818113
131696930228
8613791605
255708803817
78555863725
213366934925
117880529095
209848113816
140102739559
61281005508
194768818743
69692594470
195279709277
197581677051
234492487261
122056920950
69503905172
155600729314
7227528056
185399163292
187087303388
193074209912
273251333889
114800441313
190551702815
132929376518
47947300336
75776666539
78629523422
73564157716
67303457858
9590355359
109153590136
48770124983
61865028259
117152048086
7442765341
78259739005
61896095965
50412002877
130694986708
1978140284
61581803863
130189735841
66544685897
65594056599
190313249950
122789101166
64390629534
7357385268
218985493816
68981348470
61855914198
70542601531
118383912710
47704209872
58382626944
109562375868
217908092716
130519673142
61658424220
260421217455
187123938547
64199065743
52492926144
67540719219
79669627192
3176325157
5407005231
7453381438
11769333060
3095044478
138088887731
52544384669
76082185238
7202418222
51104807768
129227435501
57922121006
127901622945
0
57777404568
5813229575
7335802493
48257919964
223712110006
2128547065
160288559573
0
5620311538
189934052050
51658793936
120404717092
66576363642
59921097715
0
56862885288
108050496060
124337248949
253349711883
137769055757
4405153854
4700359033
0
127828699362
157369891035
1442952303
108830686815
2650916905
1448354260
48603288663
54677516169
120536518451
0
51262553517
63287721097
0
47806362845
4908047200
1274601509
1879752151
47912643549
65232489451
45801521065
73463734838
64955985691
65713692359
86627091098
69889167365
65361126299
122536587368
0
4725870114
231862000714
4313135163
2123506860
104194063767
0
54376785233
0
136047998708
0
61437912247
0
59880624986
70283289493
1564977632
53018263588
196694396821
2866258949
48388296459
4290837716
1441147737
80877275459
157477676911
0
1649165327
0
53487978409
60003489215
44463262902
0
118596410651
166822918199
70535515379
181086909595
0
2476253907
1498009981
0
2299285565
66805248310
0
141650990235
0
5480917689
6913852076
2893370108
0
0
0
59223775903
0
62275937370
0
50375030094
67144377334
56132987922
0
0
125955093910
57247326795
47663347643
61171750762
70336026972
0
128885863371
1353043075
0
0
0
136141737080
0
0
57919891743
0
0
1274294873
46764492361
64438513043
0
2438583370
1403043938
0
0
48640770931
46903796888
73846491442
0
0
0
0
73666577424
60878890305
0
0
78911066131
61231055904
49256233677
0
0
0
0
0
0
0
66718777251
0
0
73798581173
0
0
51622522163
66496301170
0
0
0
62048323487
50270322324
0
0
0
101890630422
0
0
0
0
0
0
0
0
65556823856
56621120640
0
0
0
59302544048
0
0
61601874738
0
0
1313337557
0
0
53606999662
41367354821
52785838861
0
0
1278720656
59628997156
0
0
57276179625
70856116307
66804744990
0
0
0
0
135742416270
0
0
0
0
0
0
0
69619191709
0
69047883568
0
0
0
0
53456165714
0
0
0
0
0
0
50715900760
0
0
0
0
0
118028912843
0
0
0
0
0
0
0
0
0
0
0
0
0
0
0
0
0
65369417681
51926542369
58031659226
0
0
0
71904431574
0
0
0
0
0
0
0
0
0
0
0
0
0
0
0
0
0
0
0
0
68706139078
0
0
0
0
0
0
0
0
0
52802002488
0
0
0
0
0
0
0
0
0
1276094713
0
0
0
0
52876970899
0
0
0
0
0
0
0
69696809563
0
0
0
61166465248
0
0
0
0
0
0
0
0
0
0
0
0
0
0
0
0
0
0
0
0
0
0
0
0
0
0
0
0
0
0
0
0
0
0
0
0
0
0
0
0
0
0
0
0
0
0
0
0
0
0
0
0
0
0
0
0
0
0
0
0
0
0
0
0
0
0
0
0
0
0
0
0
0
0
0
0
0
0
0
0
44230779698
0
