0.000000
0.295000
0.590000
0.885000
1.180000
1.475000
1.770000
2.065000
2.360000
2.655000
2.950000
3.245000
3.540000
3.835000
4.130000
4.425000
4.720000
5.015000
5.310000
5.605000
5.900000
6.195000
6.490000
6.785000
7.080000
7.375000
7.670000
7.965000
8.260000
8.555000
8.850000
9.145000
9.440000
9.735000
10.030000
10.325000
10.620000
10.915000
11.210000
11.505000
11.800000
12.095000
12.390000
12.685000
12.980000
13.275000
13.570000
13.865000
14.160000
14.455000
14.750000
15.045000
15.340000
15.635000
15.930000
16.225000
16.520000
16.815000
17.110000
17.405000
17.700000
17.995000
18.290000
18.585000
18.880000
19.175000
19.470000
19.765000
20.060000
20.355000
20.650000
20.945000
21.240000
21.535000
21.830000
22.125000
22.420000
22.715000
23.010000
23.305000
23.600000
23.895000
24.190000
24.485000
24.780000
25.075000
25.370000
25.665000
25.960000
26.255000
26.550000
26.845000
27.140000
27.435000
27.730000
28.025000
28.320000
28.615000
28.910000
29.205000
29.500000
29.795000
30.090000
30.385000
30.680000
30.975000
31.270000
31.565000
31.860000
32.155000
32.450000
32.745000
33.040000
33.335000
33.630000
33.925000
34.220000
34.515000
34.810000
35.105000
35.400000
35.695000
35.990000
36.285000
36.580000
36.875000
37.170000
37.465000
37.760000
38.055000
38.350000
38.645000
38.940000
39.235000
39.530000
39.825000
40.120000
40.415000
40.710000
41.005000
41.300000
41.595000
41.890000
42.185000
42.480000
42.775000
43.070000
43.365000
43.660000
43.955000
44.250000
44.545000
44.840000
45.135000
45.430000
45.725000
46.020000
46.315000
46.610000
46.905000
47.200000
47.495000
47.790000
48.085000
48.380000
48.675000
48.970000
49.265000
49.560000
49.855000
50.150000
50.445000
50.740000
51.035000
51.330000
51.625000
51.920000
52.215000
52.510000
52.805000
53.100000
53.395000
53.690000
53.985000
54.280000
54.575000
54.870000
55.165000
55.460000
55.755000
56.050000
56.345000
56.640000
56.935000
57.230000
57.525000
57.820000
58.115000
58.410000
58.705000
59.000000
59.295000
59.590000
59.885000
60.180000
60.475000
60.770000
61.065000
61.360000
61.655000
61.950000
62.245000
62.540000
62.835000
63.130000
63.425000
63.720000
64.015000
64.310000
64.605000
64.900000
65.195000
65.490000
65.785000
66.080000
66.375000
66.670000
66.965000
67.260000
67.555000
67.850000
68.145000
68.440000
68.735000
69.030000
69.325000
69.620000
69.915000
70.210000
70.505000
70.800000
71.095000
71.390000
71.685000
71.980000
72.275000
72.570000
72.865000
73.160000
73.455000
73.750000
74.045000
74.340000
74.635000
74.930000
75.225000
75.520000
75.815000
76.110000
76.405000
76.700000
76.995000
77.290000
77.585000
77.880000
78.175000
78.470000
78.765000
79.060000
79.355000
79.650000
79.945000
80.240000
80.535000
80.830000
81.125000
81.420000
81.715000
82.010000
82.305000
82.600000
82.895000
83.190000
83.485000
83.780000
84.075000
84.370000
84.665000
84.960000
85.255000
85.550000
85.845000
86.140000
86.435000
86.730000
87.025000
87.320000
87.615000
87.910000
88.205000
88.500000
88.795000
89.090000
89.385000
89.680000
89.975000
90.270000
90.565000
90.860000
91.155000
91.450000
91.745000
92.040000
92.335000
92.630000
92.925000
93.220000
93.515000
93.810000
94.105000
94.400000
94.695000
94.990000
95.285000
95.580000
95.875000
96.170000
96.465000
96.760000
97.055000
97.350000
97.645000
97.940000
98.235000
98.530000
98.825000
99.120000
99.415000
99.710000
100.005000
100.300000
100.595000
100.890000
101.185000
101.480000
101.775000
102.070000
102.365000
102.660000
102.955000
103.250000
103.545000
103.840000
104.135000
104.430000
104.725000
105.020000
105.315000
105.610000
105.905000
106.200000
106.495000
106.790000
107.085000
107.380000
107.675000
107.970000
108.265000
108.560000
108.855000
109.150000
109.445000
109.740000
110.035000
110.330000
110.625000
110.920000
111.215000
111.510000
111.805000
112.100000
112.395000
112.690000
112.985000
113.280000
113.575000
113.870000
114.165000
114.460000
114.755000
115.050000
115.345000
115.640000
115.935000
116.230000
116.525000
116.820000
117.115000
117.410000
117.705000
118.000000
118.295000
118.590000
118.885000
119.180000
119.475000
119.770000
120.065000
120.360000
120.655000
120.950000
121.245000
121.540000
121.835000
122.130000
122.425000
122.720000
123.015000
123.310000
123.605000
123.900000
124.195000
124.490000
124.785000
125.080000
125.375000
125.670000
125.965000
126.260000
126.555000
126.850000
127.145000
127.440000
127.735000
128.030000
128.325000
128.620000
128.915000
129.210000
129.505000
129.800000
130.095000
130.390000
130.685000
130.980000
131.275000
131.570000
131.865000
132.160000
132.455000
132.750000
133.045000
133.340000
133.635000
133.930000
134.225000
134.520000
134.815000
135.110000
135.405000
135.700000
135.995000
136.290000
136.585000
136.880000
137.175000
137.470000
137.765000
138.060000
138.355000
138.650000
138.945000
139.240000
139.535000
139.830000
140.125000
140.420000
140.715000
141.010000
141.305000
141.600000
141.895000
142.190000
142.485000
142.780000
143.075000
143.370000
143.665000
143.960000
144.255000
144.550000
144.845000
145.140000
145.435000
145.730000
146.025000
146.320000
146.615000
146.910000
147.205000
147.500000
147.795000
148.090000
148.385000
148.680000
148.975000
149.270000
149.565000
149.860000
150.155000
150.450000
150.745000
151.040000
151.335000
151.630000
151.925000
152.220000
152.515000
152.810000
153.105000
153.400000
153.695000
153.990000
154.285000
154.580000
154.875000
155.170000
155.465000
155.760000
156.055000
156.350000
156.645000
156.940000
157.235000
157.530000
157.825000
158.120000
158.415000
158.710000
159.005000
159.300000
159.595000
159.890000
160.185000
160.480000
160.775000
161.070000
161.365000
161.660000
161.955000
162.250000
162.545000
162.840000
163.135000
163.430000
163.725000
164.020000
164.315000
164.610000
164.905000
165.200000
165.495000
165.790000
166.085000
166.380000
166.675000
166.970000
167.265000
167.560000
167.855000
168.150000
168.445000
168.740000
169.035000
169.330000
169.625000
169.920000
170.215000
170.510000
170.805000
171.100000
171.395000
171.690000
171.985000
172.280000
172.575000
172.870000
173.165000
173.460000
173.755000
174.050000
174.345000
174.640000
174.935000
175.230000
175.525000
175.820000
176.115000
176.410000
176.705000
177.000000
177.295000
177.590000
177.885000
178.180000
178.475000
178.770000
179.065000
179.360000
179.655000
179.950000
180.245000
180.540000
180.835000
181.130000
181.425000
181.720000
182.015000
182.310000
182.605000
182.900000
183.195000
183.490000
183.785000
184.080000
184.375000
184.670000
184.965000
185.260000
185.555000
185.850000
186.145000
186.440000
186.735000
187.030000
187.325000
187.620000
187.915000
188.210000
188.505000
188.800000
189.095000
189.390000
189.685000
189.980000
190.275000
190.570000
190.865000
191.160000
191.455000
191.750000
192.045000
192.340000
192.635000
192.930000
193.225000
193.520000
193.815000
194.110000
194.405000
194.700000
194.995000
195.290000
195.585000
195.880000
196.175000
196.470000
196.765000
197.060000
197.355000
197.650000
197.945000
198.240000
198.535000
198.830000
199.125000
199.420000
199.715000
200.010000
200.305000
200.600000
200.895000
201.190000
201.485000
201.780000
202.075000
202.370000
202.665000
202.960000
203.255000
203.550000
203.845000
204.140000
204.435000
204.730000
205.025000
205.320000
205.615000
205.910000
206.205000
206.500000
206.795000
207.090000
207.385000
207.680000
207.975000
208.270000
208.565000
208.860000
209.155000
209.450000
209.745000
210.040000
210.335000
210.630000
210.925000
211.220000
211.515000
211.810000
212.105000
212.400000
212.695000
212.990000
213.285000
213.580000
213.875000
214.170000
214.465000
214.760000
215.055000
215.350000
215.645000
215.940000
216.235000
216.530000
216.825000
217.120000
217.415000
217.710000
218.005000
218.300000
218.595000
218.890000
219.185000
219.480000
219.775000
220.070000
220.365000
220.660000
220.955000
221.250000
221.545000
221.840000
222.135000
222.430000
222.725000
223.020000
223.315000
223.610000
223.905000
224.200000
224.495000
224.790000
225.085000
225.380000
225.675000
225.970000
226.265000
226.560000
226.855000
227.150000
227.445000
227.740000
228.035000
228.330000
228.625000
228.920000
229.215000
229.510000
229.805000
230.100000
230.395000
230.690000
230.985000
231.280000
231.575000
231.870000
232.165000
232.460000
232.755000
233.050000
233.345000
233.640000
233.935000
234.230000
234.525000
234.820000
235.115000
235.410000
235.705000
236.000000
236.295000
236.590000
236.885000
237.180000
237.475000
237.770000
238.065000
238.360000
238.655000
238.950000
239.245000
239.540000
239.835000
240.130000
240.425000
240.720000
241.015000
241.310000
241.605000
241.900000
242.195000
242.490000
242.785000
243.080000
243.375000
243.670000
243.965000
244.260000
244.555000
244.850000
245.145000
245.440000
245.735000
246.030000
246.325000
246.620000
246.915000
247.210000
247.505000
247.800000
248.095000
248.390000
248.685000
248.980000
249.275000
249.570000
249.865000
250.160000
250.455000
250.750000
251.045000
251.340000
251.635000
251.930000
252.225000
252.520000
252.815000
253.110000
253.405000
253.700000
253.995000
254.290000
254.585000
254.880000
255.175000
255.470000
255.765000
256.060000
256.355000
256.650000
256.945000
257.240000
257.535000
257.830000
258.125000
258.420000
258.715000
259.010000
259.305000
259.600000
259.895000
260.190000
260.485000
260.780000
261.075000
261.370000
261.665000
261.960000
262.255000
262.550000
262.845000
263.140000
263.435000
263.730000
264.025000
264.320000
264.615000
264.910000
265.205000
265.500000
265.795000
266.090000
266.385000
266.680000
266.975000
267.270000
267.565000
267.860000
268.155000
268.450000
268.745000
269.040000
269.335000
269.630000
269.925000
270.220000
270.515000
270.810000
271.105000
271.400000
271.695000
271.990000
272.285000
272.580000
272.875000
273.170000
273.465000
273.760000
274.055000
274.350000
274.645000
274.940000
275.235000
275.530000
275.825000
276.120000
276.415000
276.710000
277.005000
277.300000
277.595000
277.890000
278.185000
278.480000
278.775000
279.070000
279.365000
279.660000
279.955000
280.250000
280.545000
280.840000
281.135000
281.430000
281.725000
282.020000
282.315000
282.610000
282.905000
283.200000
283.495000
283.790000
284.085000
284.380000
284.675000
284.970000
285.265000
285.560000
285.855000
286.150000
286.445000
286.740000
287.035000
287.330000
287.625000
287.920000
288.215000
288.510000
288.805000
289.100000
289.395000
289.690000
289.985000
290.280000
290.575000
290.870000
291.165000
291.460000
291.755000
292.050000
292.345000
292.640000
292.935000
293.230000
293.525000
293.820000
294.115000
294.410000
294.705000
295.000000
