0.000000
4.981000
9.962000
14.943000
19.924000
24.905000
29.886000
34.867000
39.848000
44.829000
49.810000
54.791000
59.772000
64.753000
69.734000
74.715000
79.696000
84.677000
89.658000
94.639000
99.620000
104.601000
109.582000
114.563000
119.544000
124.525000
129.506000
134.487000
139.468000
144.449000
149.430000
154.411000
159.392000
164.373000
169.354000
174.335000
179.316000
184.297000
189.278000
194.259000
199.240000
204.221000
209.202000
214.183000
219.164000
224.145000
229.126000
234.107000
239.088000
244.069000
249.050000
254.031000
259.012000
263.993000
268.974000
273.955000
278.936000
283.917000
288.898000
293.879000
298.860000
303.841000
308.822000
313.803000
318.784000
323.765000
328.746000
333.727000
338.708000
343.689000
348.670000
353.651000
358.632000
363.613000
368.594000
373.575000
378.556000
383.537000
388.518000
393.499000
398.480000
403.461000
408.442000
413.423000
418.404000
423.385000
428.366000
433.347000
438.328000
443.309000
448.290000
453.271000
458.252000
463.233000
468.214000
473.195000
478.176000
483.157000
488.138000
493.119000
498.100000
503.081000
508.062000
513.043000
518.024000
523.005000
527.986000
532.967000
537.948000
542.929000
547.910000
552.891000
557.872000
562.853000
567.834000
572.815000
577.796000
582.777000
587.758000
592.739000
597.720000
602.701000
607.682000
612.663000
617.644000
622.625000
627.606000
632.587000
637.568000
642.549000
647.530000
652.511000
657.492000
662.473000
667.454000
672.435000
677.416000
682.397000
687.378000
692.359000
697.340000
702.321000
707.302000
712.283000
717.264000
722.245000
727.226000
732.207000
737.188000
742.169000
747.150000
752.131000
757.112000
762.093000
767.074000
772.055000
777.036000
782.017000
786.998000
791.979000
796.960000
801.941000
806.922000
811.903000
816.884000
821.865000
826.846000
831.827000
836.808000
841.789000
846.770000
851.751000
856.732000
861.713000
866.694000
871.675000
876.656000
881.637000
886.618000
891.599000
896.580000
901.561000
906.542000
911.523000
916.504000
921.485000
926.466000
931.447000
936.428000
941.409000
946.390000
951.371000
956.352000
961.333000
966.314000
971.295000
976.276000
981.257000
986.238000
991.219000
996.200000
1001.181000
1006.162000
1011.143000
1016.124000
1021.105000
1026.086000
1031.067000
1036.048000
1041.029000
1046.010000
1050.991000
1055.972000
1060.953000
1065.934000
1070.915000
1075.896000
1080.877000
1085.858000
1090.839000
1095.820000
1100.801000
1105.782000
1110.763000
1115.744000
1120.725000
1125.706000
1130.687000
1135.668000
1140.649000
1145.630000
1150.611000
1155.592000
1160.573000
1165.554000
1170.535000
1175.516000
1180.497000
1185.478000
1190.459000
1195.440000
1200.421000
1205.402000
1210.383000
1215.364000
1220.345000
1225.326000
1230.307000
1235.288000
1240.269000
1245.250000
1250.231000
1255.212000
1260.193000
1265.174000
1270.155000
1275.136000
1280.117000
1285.098000
1290.079000
1295.060000
1300.041000
1305.022000
1310.003000
1314.984000
1319.965000
1324.946000
1329.927000
1334.908000
1339.889000
1344.870000
1349.851000
1354.832000
1359.813000
1364.794000
1369.775000
1374.756000
1379.737000
1384.718000
1389.699000
1394.680000
1399.661000
1404.642000
1409.623000
1414.604000
1419.585000
1424.566000
1429.547000
1434.528000
1439.509000
1444.490000
1449.471000
1454.452000
1459.433000
1464.414000
1469.395000
1474.376000
1479.357000
1484.338000
1489.319000
1494.300000
1499.281000
1504.262000
1509.243000
1514.224000
1519.205000
1524.186000
1529.167000
1534.148000
1539.129000
1544.110000
1549.091000
1554.072000
1559.053000
1564.034000
1569.015000
1573.996000
1578.977000
1583.958000
1588.939000
1593.920000
1598.901000
1603.882000
1608.863000
1613.844000
1618.825000
1623.806000
1628.787000
1633.768000
1638.749000
1643.730000
1648.711000
1653.692000
1658.673000
1663.654000
1668.635000
1673.616000
1678.597000
1683.578000
1688.559000
1693.540000
1698.521000
1703.502000
1708.483000
1713.464000
1718.445000
1723.426000
1728.407000
1733.388000
1738.369000
1743.350000
1748.331000
1753.312000
1758.293000
1763.274000
1768.255000
1773.236000
1778.217000
1783.198000
1788.179000
1793.160000
1798.141000
1803.122000
1808.103000
1813.084000
1818.065000
1823.046000
1828.027000
1833.008000
1837.989000
1842.970000
1847.951000
1852.932000
1857.913000
1862.894000
1867.875000
1872.856000
1877.837000
1882.818000
1887.799000
1892.780000
1897.761000
1902.742000
1907.723000
1912.704000
1917.685000
1922.666000
1927.647000
1932.628000
1937.609000
1942.590000
1947.571000
1952.552000
1957.533000
1962.514000
1967.495000
1972.476000
1977.457000
1982.438000
1987.419000
1992.400000
1997.381000
2002.362000
2007.343000
2012.324000
2017.305000
2022.286000
2027.267000
2032.248000
2037.229000
2042.210000
2047.191000
2052.172000
2057.153000
2062.134000
2067.115000
2072.096000
2077.077000
2082.058000
2087.039000
2092.020000
2097.001000
2101.982000
2106.963000
2111.944000
2116.925000
2121.906000
2126.887000
2131.868000
2136.849000
2141.830000
2146.811000
2151.792000
2156.773000
2161.754000
2166.735000
2171.716000
2176.697000
2181.678000
2186.659000
2191.640000
2196.621000
2201.602000
2206.583000
2211.564000
2216.545000
2221.526000
2226.507000
2231.488000
2236.469000
2241.450000
2246.431000
2251.412000
2256.393000
2261.374000
2266.355000
2271.336000
2276.317000
2281.298000
2286.279000
2291.260000
2296.241000
2301.222000
2306.203000
2311.184000
2316.165000
2321.146000
2326.127000
2331.108000
2336.089000
2341.070000
2346.051000
2351.032000
2356.013000
2360.994000
2365.975000
2370.956000
2375.937000
2380.918000
2385.899000
2390.880000
2395.861000
2400.842000
2405.823000
2410.804000
2415.785000
2420.766000
2425.747000
2430.728000
2435.709000
2440.690000
2445.671000
2450.652000
2455.633000
2460.614000
2465.595000
2470.576000
2475.557000
2480.538000
2485.519000
2490.500000
2495.481000
2500.462000
2505.443000
2510.424000
2515.405000
2520.386000
2525.367000
2530.348000
2535.329000
2540.310000
2545.291000
2550.272000
2555.253000
2560.234000
2565.215000
2570.196000
2575.177000
2580.158000
2585.139000
2590.120000
2595.101000
2600.082000
2605.063000
2610.044000
2615.025000
2620.006000
2624.987000
2629.968000
2634.949000
2639.930000
2644.911000
2649.892000
2654.873000
2659.854000
2664.835000
2669.816000
2674.797000
2679.778000
2684.759000
2689.740000
2694.721000
2699.702000
2704.683000
2709.664000
2714.645000
2719.626000
2724.607000
2729.588000
2734.569000
2739.550000
2744.531000
2749.512000
2754.493000
2759.474000
2764.455000
2769.436000
2774.417000
2779.398000
2784.379000
2789.360000
2794.341000
2799.322000
2804.303000
2809.284000
2814.265000
2819.246000
2824.227000
2829.208000
2834.189000
2839.170000
2844.151000
2849.132000
2854.113000
2859.094000
2864.075000
2869.056000
2874.037000
2879.018000
2883.999000
2888.980000
2893.961000
2898.942000
2903.923000
2908.904000
2913.885000
2918.866000
2923.847000
2928.828000
2933.809000
2938.790000
2943.771000
2948.752000
2953.733000
2958.714000
2963.695000
2968.676000
2973.657000
2978.638000
2983.619000
2988.600000
2993.581000
2998.562000
3003.543000
3008.524000
3013.505000
3018.486000
3023.467000
3028.448000
3033.429000
3038.410000
3043.391000
3048.372000
3053.353000
3058.334000
3063.315000
3068.296000
3073.277000
3078.258000
3083.239000
3088.220000
3093.201000
3098.182000
3103.163000
3108.144000
3113.125000
3118.106000
3123.087000
3128.068000
3133.049000
3138.030000
3143.011000
3147.992000
3152.973000
3157.954000
3162.935000
3167.916000
3172.897000
3177.878000
3182.859000
3187.840000
3192.821000
3197.802000
3202.783000
3207.764000
3212.745000
3217.726000
3222.707000
3227.688000
3232.669000
3237.650000
3242.631000
3247.612000
3252.593000
3257.574000
3262.555000
3267.536000
3272.517000
3277.498000
3282.479000
3287.460000
3292.441000
3297.422000
3302.403000
3307.384000
3312.365000
3317.346000
3322.327000
3327.308000
3332.289000
3337.270000
3342.251000
3347.232000
3352.213000
3357.194000
3362.175000
3367.156000
3372.137000
3377.118000
3382.099000
3387.080000
3392.061000
3397.042000
3402.023000
3407.004000
3411.985000
3416.966000
3421.947000
3426.928000
3431.909000
3436.890000
3441.871000
3446.852000
3451.833000
3456.814000
3461.795000
3466.776000
3471.757000
3476.738000
3481.719000
3486.700000
3491.681000
3496.662000
3501.643000
3506.624000
3511.605000
3516.586000
3521.567000
3526.548000
3531.529000
3536.510000
3541.491000
3546.472000
3551.453000
3556.434000
3561.415000
3566.396000
3571.377000
3576.358000
3581.339000
3586.320000
3591.301000
3596.282000
3601.263000
3606.244000
3611.225000
3616.206000
3621.187000
3626.168000
3631.149000
3636.130000
3641.111000
3646.092000
3651.073000
3656.054000
3661.035000
3666.016000
3670.997000
3675.978000
3680.959000
3685.940000
3690.921000
3695.902000
3700.883000
3705.864000
3710.845000
3715.826000
3720.807000
3725.788000
3730.769000
3735.750000
3740.731000
3745.712000
3750.693000
3755.674000
3760.655000
3765.636000
3770.617000
3775.598000
3780.579000
3785.560000
3790.541000
3795.522000
3800.503000
3805.484000
3810.465000
3815.446000
3820.427000
3825.408000
3830.389000
3835.370000
3840.351000
3845.332000
3850.313000
3855.294000
3860.275000
3865.256000
3870.237000
3875.218000
3880.199000
3885.180000
3890.161000
3895.142000
3900.123000
3905.104000
3910.085000
3915.066000
3920.047000
3925.028000
3930.009000
3934.990000
3939.971000
3944.952000
3949.933000
3954.914000
3959.895000
3964.876000
3969.857000
3974.838000
3979.819000
3984.800000
3989.781000
3994.762000
3999.743000
4004.724000
4009.705000
4014.686000
4019.667000
4024.648000
4029.629000
4034.610000
4039.591000
4044.572000
4049.553000
4054.534000
4059.515000
4064.496000
4069.477000
4074.458000
4079.439000
4084.420000
4089.401000
4094.382000
4099.363000
4104.344000
4109.325000
4114.306000
4119.287000
4124.268000
4129.249000
4134.230000
4139.211000
4144.192000
4149.173000
4154.154000
4159.135000
4164.116000
4169.097000
4174.078000
4179.059000
4184.040000
4189.021000
4194.002000
4198.983000
4203.964000
4208.945000
4213.926000
4218.907000
4223.888000
4228.869000
4233.850000
4238.831000
4243.812000
4248.793000
4253.774000
4258.755000
4263.736000
4268.717000
4273.698000
4278.679000
4283.660000
4288.641000
4293.622000
4298.603000
4303.584000
4308.565000
4313.546000
4318.527000
4323.508000
4328.489000
4333.470000
4338.451000
4343.432000
4348.413000
4353.394000
4358.375000
4363.356000
4368.337000
4373.318000
4378.299000
4383.280000
4388.261000
4393.242000
4398.223000
4403.204000
4408.185000
4413.166000
4418.147000
4423.128000
4428.109000
4433.090000
4438.071000
4443.052000
4448.033000
4453.014000
4457.995000
4462.976000
4467.957000
4472.938000
4477.919000
4482.900000
4487.881000
4492.862000
4497.843000
4502.824000
4507.805000
4512.786000
4517.767000
4522.748000
4527.729000
4532.710000
4537.691000
4542.672000
4547.653000
4552.634000
4557.615000
4562.596000
4567.577000
4572.558000
4577.539000
4582.520000
4587.501000
4592.482000
4597.463000
4602.444000
4607.425000
4612.406000
4617.387000
4622.368000
4627.349000
4632.330000
4637.311000
4642.292000
4647.273000
4652.254000
4657.235000
4662.216000
4667.197000
4672.178000
4677.159000
4682.140000
4687.121000
4692.102000
4697.083000
4702.064000
4707.045000
4712.026000
4717.007000
4721.988000
4726.969000
4731.950000
4736.931000
4741.912000
4746.893000
4751.874000
4756.855000
4761.836000
4766.817000
4771.798000
4776.779000
4781.760000
4786.741000
4791.722000
4796.703000
4801.684000
4806.665000
4811.646000
4816.627000
4821.608000
4826.589000
4831.570000
4836.551000
4841.532000
4846.513000
4851.494000
4856.475000
4861.456000
4866.437000
4871.418000
4876.399000
4881.380000
4886.361000
4891.342000
4896.323000
4901.304000
4906.285000
4911.266000
4916.247000
4921.228000
4926.209000
4931.190000
4936.171000
4941.152000
4946.133000
4951.114000
4956.095000
4961.076000
4966.057000
4971.038000
4976.019000
4981.000000
