416457877401072
402208783102319
367394188538868
351510147636759
328251275642578
312560607409249
294827375008498
277324690037672
269002486064376
258355538701144
237186382607940
231480364140499
224106554726618
208742127787198
204670262508819
199814495808158
185319450359384
177227156255379
170214277245254
168155262925227
165378372088876
152778318100439
153318097474552
147778957990980
141631954552496
143644615579731
136433478206490
127310367842475
129534639953508
128100697708291
124055056308393
113143491928505
113326028228538
113925218111209
111966691740351
111129650164368
106797409987145
96850103006583
96677586348045
96178350620882
92478354819447
94777118552697
92883930829705
88775077492582
86743406782587
83072081129412
87321572254460
80766005224936
75715466159555
76913086916612
78212879413272
78055859259319
70465177922262
74930025909117
68568933065974
71021248259038
69111198534913
68311451160132
65238524125371
66409319641934
57193046423994
65434640838495
61009591417159
61661002772394
58739854978717
56479109980397
56258366827122
58145610753833
52180560031577
55558019642253
55205488586518
51202406023135
54273206025960
50580077086260
45888078469293
50371857993116
46421887798428
46530948465974
41277246262580
46940043262862
45064307435028
46852415319542
44691522143992
41562748162914
43517804813048
44386219443075
42217602346055
38544607073841
43590992117881
42010814760649
39662523557816
39468548766659
39659771723763
36023264332354
36758122262403
34464759210010
39084294663051
36191750520630
33933950633312
35708386490226
35753231829605
33076393290517
34109186433790
36267000741788
34500983012106
32413467467297
31412309185776
31241666774965
31295872258945
28130618256888
31570476097694
31496520872204
31795952234652
29563225350030
30008414598563
31082186932140
28283901229100
29556806947730
26124954836013
25251859656447
27798757134273
29374844073594
27072240100428
25718224386980
24188730033224
24134376103079
24905717551960
25348375473167
25545549721097
24200400146946
24806247316427
24095770143292
26692931522572
23935380752079
23198959841334
23797227973931
22993431032685
22095469497977
21892631554102
25133855193307
20745753207599
22896525552603
20681488261553
20422636371005
21884912587964
20748311751426
22095559080655
21275923230044
20615188740606
21910617145147
19440845538988
20757598339559
19851830579583
17035075813671
21352830135794
19193895346913
17569403912050
16973652855278
18847738919921
17802035977652
16421333537520
16664375798641
16609731199482
18640678679078
15246298734048
17851201559189
16376396117479
17612299110772
16163736011687
15287974248026
17600494373131
16588352777702
17196708905397
15769801565567
16802763240251
16020675817108
15233300286750
16049984148533
13293149257045
15627611202903
13523435316035
13695981373662
13999427677870
13774119932211
14586107055372
15848837375966
13617819982271
13859048566752
13425578826943
13013959340030
12217040029009
12653116143462
11318261370206
12266378321878
12577949019604
12845455669694
10195287558106
11920344723952
11655533052689
11004849212401
9791085387969
10495115425366
11700969715626
11612733637555
10468841930870
11171531543513
10884351320250
10302525524972
9232593060312
10085974499584
9884383666267
9590206528948
11595722788453
9223251000792
9236180028114
7551220124208
8912981523807
8956117431389
9815459845235
8081336239188
7688615663139
8477488703689
8476474807938
9615625836049
8831727984268
5888954720980
7516434607202
7616952429975
8101128868330
7293053787140
7579600094325
7056565588894
7668135042986
7456942138680
8466974150468
8266815626569
7658016524685
8070703278063
7378791053895
5057383212812
8062824398241
7182655125066
7343189390340
8388409834877
7854416834358
6927482627409
8668238459975
6937027389972
6233241103567
7437818675638
7774547163096
6333633746478
5070556926359
7256191816302
7962369025606
7165009586075
4917583836031
6148352456585
6675109790928
6854844944341
7156889639909
6107908035402
6860652583140
5526203088406
6856285566532
6694253266117
6500928595969
6624296513054
5729573476095
5731492421826
7184526406847
6322624067314
4993577905826
6834166383681
7031043249534
6248368624472
5436637691151
6141906804066
6159420787404
6008942519186
6078826781594
5234362408967
4801395594857
5848338963499
5215692098752
5425357699697
5542430153088
4770606176199
6700744880246
4965943889724
5345726851574
3956674653002
5454747819720
4735881002731
6503167868305
7076278830200
4743434839643
4628557383798
5661534489900
4601877419112
4469812645771
5220944258624
4595830747411
4755189065166
4086245565422
5029179339688
4129082306335
4675709618306
4607378942970
4750350162040
5291389368279
4500940025591
4201854979673
3740168956135
4871718050769
3644174606992
4775301358817
4297408745405
5368063787000
4820890223893
3728054741465
4731084616457
4670889915994
5230775662261
3497224645082
4036132283493
4941980146721
4963087576131
4520051540727
3908075408143
3419533095580
5009985179139
3959943912138
3785300495351
4134839246761
4214587720582
4082934217479
3414425107850
5046642663869
3629969748647
3868669766746
4029532718757
3289978389339
3201448620215
3376713266798
4082762155425
4180305961787
4247151759859
3089346733474
4243097513477
4378292313023
3044949088950
3570335747662
4538402193469
3759615923544
3152521110696
2114100014134
3204670721590
2845935802187
3167151324975
2996027222146
2250300171018
2962076693559
4182190842989
4229031887988
2126176188668
3566802127071
3921237068248
2666958218514
3482257467905
2846958522602
4111591671666
3583177122129
2966898251584
2998625370278
3093164983805
2706505949570
1935761890031
2102883843752
1983021823151
3465473215325
4028083741590
2332069472664
3579011189032
2870547414840
3074173995294
2588184007751
2857069128485
1761072872365
2335488483505
3595584991074
2886183684296
2279515361150
3089847405236
2090997782805
3010027845869
2283211900077
2502492487589
1899601869366
2944204709018
2765087859953
1387564187918
2127347765337
2191523036790
2021197834703
1799223479883
1457789783832
2490809089106
2696428917326
2219420803292
2531561967710
2478869761058
2959365995754
2318740435766
2274187044872
1005649977431
1300113389095
2536338660173
2058979160483
1339275540057
2080272288637
2583180581676
1847536032375
2096408911439
2281379357017
2049552178033
2317882714175
1593199551359
1649445642304
2146078801058
1986999123538
2271721449077
2031002341175
1608558707622
2041527071131
2547210671425
1669423630146
1608199168801
1503501770052
2020457278981
1506605679946
1459803190020
1651507710613
1202745773197
1288894569594
970455811044
1701800579108
2104932199606
1277222594163
1384523129299
1819795324834
2020079325803
1436525754096
1365680475391
1222299748631
1069420996409
1621458002291
1578239512452
1436484400530
1227096805862
725623024840
1883387229135
1238271652929
1437299888015
1097766830731
1360162528328
2107478484500
1239510584211
1065437384984
1024842726271
1755831483361
1719562228284
1632349911551
1320343652185
1480781964762
1219621690028
1004448968531
1774424330971
1143057001969
856454818411
1233562344316
1088051975448
1017696928907
1801902118332
1250930916046
1143551774064
694746853856
423941048400
808757472612
786863437465
1070061492109
1104887445844
612521023421
874336934618
975982644402
929296676106
707339560586
992393604486
932802422547
947908071307
467345606813
977042909653
479623316468
1100140734607
1021024488288
644610836421
769472663573
1126236934171
378356103122
1537601296019
1072100359009
684917238927
890168774863
1170455837226
801481761210
810952123535
687371595284
571457416529
970623834247
658444807508
1086518137887
978456344104
824820119693
652552194389
1026992105814
711974125423
384469230167
914256310574
645752434980
1019677942517
600431362030
802203454487
385709426147
332038543238
459624088005
672349290779
432349996931
382238479926
531726837896
390982354375
684562793417
676904986897
562445767103
446734953645
400328851234
540733760428
984376155112
783265167865
1153676000847
211355813821
529092595954
731837869244
345347161228
433014956305
446437189041
608552315885
182278863009
338734909357
411516292219
468230509395
573809861326
66266628023
792765817237
371587729140
230444549205
452296708801
392481967184
223044939557
449953030458
272065095199
249085746819
116388895817
284687681610
346757042717
70427123434
248622457938
247765243430
323434671672
612996046682
269226611251
103650874733
196543858991
526434726240
305674064934
599381430401
296545554339
197942775569
213322439763
184432167129
267631845829
378844175611
189649220070
298803890490
218378330180
442146633001
242033354233
182562167247
215703434502
120419362185
53971524342
378773548114
180411366615
62172463339
234451025799
61136320909
73076109787
4035115415
131004511065
288335401008
54624202152
194263797686
68438996035
89114265752
237787454455
118006569748
44844141289
165324421402
28680109798
52003483334
80085006674
3964473300
127858353986
76756750438
208395457537
108768188102
1587497709
335435639573
89361694010
133705906044
173107274546
177400202686
72737228019
238047478624
216033049962
148985301653
163269589759
301251119582
2144635174
67880636024
149908147576
117953677105
65861014086
205617780975
52660733095
63587272396
117369519865
37958382516
101664677994
2194528486
176441952131
148267050776
24586217942
71110763199
25973403371
1844939769
2366924290
152413530719
164812003243
146594367561
19701074131
172968231415
90850755138
169284498715
83217817483
81487391735
170621266911
106297036483
204767400176
92929462758
22309448975
