3.794550000000000267e+01
3.979650000000000176e+01
4.164750000000000085e+01
4.349849999999999994e+01
4.534949999999999903e+01
4.720049999999999812e+01
4.905149999999999721e+01
5.090250000000000341e+01
5.275350000000000250e+01
5.460450000000000159e+01
5.645550000000000068e+01
5.830649999999999977e+01
6.015749999999999886e+01
6.200849999999999795e+01
6.385949999999999704e+01
6.571049999999999613e+01
6.756149999999999523e+01
6.941249999999999432e+01
7.126349999999999341e+01
7.311449999999999250e+01
7.496550000000000580e+01
7.681650000000000489e+01
7.866750000000000398e+01
8.051850000000000307e+01
8.236950000000000216e+01
8.422050000000000125e+01
8.607150000000000034e+01
8.792249999999999943e+01
8.977349999999999852e+01
9.162449999999999761e+01
9.347549999999999670e+01
9.532649999999999579e+01
9.717749999999999488e+01
9.902849999999999397e+01
1.008795000000000073e+02
1.027305000000000064e+02
1.045815000000000055e+02
1.064325000000000045e+02
1.082835000000000036e+02
1.101345000000000027e+02
1.119855000000000018e+02
1.138365000000000009e+02
1.156875000000000000e+02
1.175384999999999991e+02
1.193894999999999982e+02
1.212404999999999973e+02
1.230914999999999964e+02
1.249424999999999955e+02
1.267934999999999945e+02
1.286444999999999936e+02
1.304954999999999927e+02
1.323464999999999918e+02
1.341974999999999909e+02
1.360484999999999900e+02
1.378994999999999891e+02
1.397504999999999882e+02
1.416014999999999873e+02
1.434524999999999864e+02
1.453034999999999854e+02
1.471545000000000130e+02
1.490055000000000121e+02
1.508565000000000111e+02
1.527075000000000102e+02
1.545585000000000093e+02
1.564095000000000084e+02
1.582605000000000075e+02
1.601115000000000066e+02
1.619625000000000057e+02
1.638135000000000048e+02
1.656645000000000039e+02
1.675155000000000030e+02
1.693665000000000020e+02
1.712175000000000011e+02
1.730685000000000002e+02
1.749194999999999993e+02
1.767704999999999984e+02
1.786214999999999975e+02
1.804724999999999966e+02
1.823234999999999957e+02
1.841744999999999948e+02
1.860254999999999939e+02
1.878764999999999930e+02
1.897274999999999920e+02
1.915784999999999911e+02
1.934294999999999902e+02
1.952804999999999893e+02
1.971314999999999884e+02
1.989824999999999875e+02
2.008334999999999866e+02
2.026845000000000141e+02
2.045355000000000132e+02
2.063865000000000123e+02
2.082375000000000114e+02
2.100885000000000105e+02
2.119395000000000095e+02
2.137905000000000086e+02
2.156415000000000077e+02
2.174925000000000068e+02
2.193435000000000059e+02
2.211945000000000050e+02
2.230455000000000041e+02
2.248965000000000032e+02
2.267475000000000023e+02
2.285985000000000014e+02
2.304495000000000005e+02
2.323004999999999995e+02
2.341514999999999986e+02
2.360024999999999977e+02
2.378534999999999968e+02
2.397044999999999959e+02
2.415554999999999950e+02
2.434064999999999941e+02
2.452574999999999932e+02
2.471084999999999923e+02
2.489594999999999914e+02
2.508104999999999905e+02
2.526614999999999895e+02
2.545124999999999886e+02
2.563634999999999877e+02
2.582144999999999868e+02
2.600654999999999859e+02
2.619164999999999850e+02
2.637674999999999841e+02
2.656184999999999832e+02
2.674694999999999823e+02
2.693204999999999814e+02
2.711714999999999804e+02
2.730224999999999795e+02
2.748734999999999786e+02
2.767244999999999777e+02
2.785754999999999768e+02
2.804264999999999759e+02
2.822774999999999750e+02
2.841284999999999741e+02
2.859794999999999732e+02
2.878304999999999723e+02
2.896815000000000282e+02
2.915325000000000273e+02
2.933835000000000264e+02
2.952345000000000255e+02
2.970855000000000246e+02
2.989365000000000236e+02
3.007875000000000227e+02
3.026385000000000218e+02
3.044895000000000209e+02
3.063405000000000200e+02
3.081915000000000191e+02
3.100425000000000182e+02
3.118935000000000173e+02
3.137445000000000164e+02
3.155955000000000155e+02
3.174465000000000146e+02
3.192975000000000136e+02
3.211485000000000127e+02
3.229995000000000118e+02
3.248505000000000109e+02
3.267015000000000100e+02
3.285525000000000091e+02
3.304035000000000082e+02
3.322545000000000073e+02
3.341055000000000064e+02
3.359565000000000055e+02
3.378075000000000045e+02
3.396585000000000036e+02
3.415095000000000027e+02
3.433605000000000018e+02
3.452115000000000009e+02
3.470625000000000000e+02
3.489134999999999991e+02
3.507644999999999982e+02
3.526154999999999973e+02
3.544664999999999964e+02
3.563174999999999955e+02
3.581684999999999945e+02
3.600194999999999936e+02
3.618704999999999927e+02
3.637214999999999918e+02
3.655724999999999909e+02
3.674234999999999900e+02
3.692744999999999891e+02
3.711254999999999882e+02
3.729764999999999873e+02
3.748274999999999864e+02
3.766784999999999854e+02
3.785294999999999845e+02
3.803804999999999836e+02
3.822314999999999827e+02
3.840824999999999818e+02
3.859334999999999809e+02
3.877844999999999800e+02
3.896354999999999791e+02
3.914864999999999782e+02
3.933374999999999773e+02
3.951884999999999764e+02
3.970394999999999754e+02
3.988904999999999745e+02
4.007414999999999736e+02
4.025924999999999727e+02
4.044434999999999718e+02
4.062945000000000277e+02
4.081455000000000268e+02
4.099965000000000259e+02
4.118475000000000250e+02
4.136985000000000241e+02
4.155495000000000232e+02
4.174005000000000223e+02
4.192515000000000214e+02
4.211025000000000205e+02
4.229535000000000196e+02
4.248045000000000186e+02
4.266555000000000177e+02
4.285065000000000168e+02
4.303575000000000159e+02
4.322085000000000150e+02
4.340595000000000141e+02
4.359105000000000132e+02
4.377615000000000123e+02
4.396125000000000114e+02
4.414635000000000105e+02
4.433145000000000095e+02
4.451655000000000086e+02
4.470165000000000077e+02
4.488675000000000068e+02
4.507185000000000059e+02
4.525695000000000050e+02
4.544205000000000041e+02
4.562715000000000032e+02
4.581225000000000023e+02
4.599735000000000014e+02
4.618245000000000005e+02
4.636754999999999995e+02
4.655264999999999986e+02
4.673774999999999977e+02
4.692284999999999968e+02
4.710794999999999959e+02
4.729304999999999950e+02
4.747814999999999941e+02
4.766324999999999932e+02
4.784834999999999923e+02
4.803344999999999914e+02
4.821854999999999905e+02
4.840364999999999895e+02
4.858874999999999886e+02
4.877384999999999877e+02
4.895894999999999868e+02
4.914404999999999859e+02
4.932914999999999850e+02
4.951424999999999841e+02
4.969934999999999832e+02
4.988444999999999823e+02
5.006954999999999814e+02
5.025464999999999804e+02
5.043974999999999795e+02
5.062484999999999786e+02
5.080994999999999777e+02
5.099504999999999768e+02
5.118014999999999759e+02
5.136524999999999181e+02
5.155035000000000309e+02
5.173544999999999163e+02
5.192055000000000291e+02
5.210564999999999145e+02
5.229075000000000273e+02
5.247584999999999127e+02
5.266095000000000255e+02
5.284604999999999109e+02
5.303115000000000236e+02
5.321624999999999091e+02
5.340135000000000218e+02
5.358644999999999072e+02
5.377155000000000200e+02
5.395664999999999054e+02
5.414175000000000182e+02
5.432684999999999036e+02
5.451195000000000164e+02
5.469704999999999018e+02
5.488215000000000146e+02
5.506724999999999000e+02
5.525235000000000127e+02
5.543744999999998981e+02
5.562255000000000109e+02
5.580764999999998963e+02
5.599275000000000091e+02
5.617784999999998945e+02
5.636295000000000073e+02
5.654804999999998927e+02
5.673315000000000055e+02
5.691824999999998909e+02
5.710335000000000036e+02
5.728844999999998890e+02
5.747355000000000018e+02
5.765864999999998872e+02
5.784375000000000000e+02
5.802885000000001128e+02
5.821394999999999982e+02
5.839905000000001110e+02
5.858414999999999964e+02
5.876925000000001091e+02
5.895434999999999945e+02
5.913945000000001073e+02
5.932454999999999927e+02
5.950965000000001055e+02
5.969474999999999909e+02
5.987985000000001037e+02
6.006494999999999891e+02
6.025005000000001019e+02
6.043514999999999873e+02
6.062025000000001000e+02
6.080534999999999854e+02
6.099045000000000982e+02
6.117554999999999836e+02
6.136065000000000964e+02
6.154574999999999818e+02
6.173085000000000946e+02
6.191594999999999800e+02
6.210105000000000928e+02
6.228614999999999782e+02
6.247125000000000909e+02
6.265634999999999764e+02
6.284145000000000891e+02
6.302654999999999745e+02
6.321165000000000873e+02
6.339674999999999727e+02
6.358185000000000855e+02
6.376694999999999709e+02
6.395205000000000837e+02
6.413714999999999691e+02
6.432225000000000819e+02
6.450734999999999673e+02
6.469245000000000800e+02
6.487754999999999654e+02
6.506265000000000782e+02
6.524774999999999636e+02
6.543285000000000764e+02
6.561794999999999618e+02
6.580305000000000746e+02
6.598814999999999600e+02
6.617325000000000728e+02
6.635834999999999582e+02
6.654345000000000709e+02
6.672854999999999563e+02
6.691365000000000691e+02
6.709874999999999545e+02
6.728385000000000673e+02
6.746894999999999527e+02
6.765405000000000655e+02
6.783914999999999509e+02
6.802425000000000637e+02
6.820934999999999491e+02
6.839445000000000618e+02
6.857954999999999472e+02
6.876465000000000600e+02
6.894974999999999454e+02
6.913485000000000582e+02
6.931994999999999436e+02
6.950505000000000564e+02
6.969014999999999418e+02
6.987525000000000546e+02
7.006034999999999400e+02
7.024545000000000528e+02
7.043054999999999382e+02
7.061565000000000509e+02
7.080074999999999363e+02
7.098585000000000491e+02
7.117094999999999345e+02
7.135605000000000473e+02
7.154114999999999327e+02
7.172625000000000455e+02
7.191134999999999309e+02
7.209645000000000437e+02
7.228154999999999291e+02
7.246665000000000418e+02
7.265174999999999272e+02
7.283685000000000400e+02
7.302194999999999254e+02
7.320705000000000382e+02
7.339214999999999236e+02
7.357725000000000364e+02
7.376234999999999218e+02
7.394745000000000346e+02
7.413254999999999200e+02
7.431765000000000327e+02
7.450274999999999181e+02
7.468785000000000309e+02
7.487294999999999163e+02
7.505805000000000291e+02
7.524314999999999145e+02
7.542825000000000273e+02
7.561334999999999127e+02
7.579845000000000255e+02
7.598354999999999109e+02
7.616865000000000236e+02
7.635374999999999091e+02
7.653885000000000218e+02
7.672394999999999072e+02
7.690905000000000200e+02
7.709414999999999054e+02
7.727925000000000182e+02
7.746434999999999036e+02
7.764945000000000164e+02
7.783454999999999018e+02
7.801965000000000146e+02
7.820474999999999000e+02
7.838985000000000127e+02
7.857494999999998981e+02
7.876005000000000109e+02
7.894514999999998963e+02
7.913025000000000091e+02
7.931534999999998945e+02
7.950045000000000073e+02
7.968554999999998927e+02
7.987065000000000055e+02
8.005574999999998909e+02
8.024085000000000036e+02
8.042594999999998890e+02
8.061105000000000018e+02
8.079614999999998872e+02
8.098125000000000000e+02
8.116635000000001128e+02
8.135144999999999982e+02
8.153655000000001110e+02
8.172164999999999964e+02
8.190675000000001091e+02
8.209184999999999945e+02
8.227695000000001073e+02
8.246204999999999927e+02
8.264715000000001055e+02
8.283224999999999909e+02
8.301735000000001037e+02
8.320244999999999891e+02
8.338755000000001019e+02
8.357264999999999873e+02
8.375775000000001000e+02
8.394284999999999854e+02
8.412795000000000982e+02
8.431304999999999836e+02
8.449815000000000964e+02
8.468324999999999818e+02
8.486835000000000946e+02
8.505344999999999800e+02
8.523855000000000928e+02
8.542364999999999782e+02
8.560875000000000909e+02
8.579384999999999764e+02
8.597895000000000891e+02
8.616404999999999745e+02
8.634915000000000873e+02
8.653424999999999727e+02
8.671935000000000855e+02
8.690444999999999709e+02
8.708955000000000837e+02
8.727464999999999691e+02
8.745975000000000819e+02
8.764484999999999673e+02
8.782995000000000800e+02
8.801504999999999654e+02
8.820015000000000782e+02
8.838524999999999636e+02
8.857035000000000764e+02
8.875544999999999618e+02
8.894055000000000746e+02
8.912564999999999600e+02
8.931075000000000728e+02
8.949584999999999582e+02
8.968095000000000709e+02
8.986604999999999563e+02
9.005115000000000691e+02
9.023624999999999545e+02
9.042135000000000673e+02
9.060644999999999527e+02
9.079155000000000655e+02
9.097664999999999509e+02
9.116175000000000637e+02
9.134684999999999491e+02
9.153195000000000618e+02
9.171704999999999472e+02
9.190215000000000600e+02
9.208724999999999454e+02
9.227235000000000582e+02
9.245744999999999436e+02
9.264255000000000564e+02
9.282764999999999418e+02
9.301275000000000546e+02
9.319784999999999400e+02
9.338295000000000528e+02
9.356804999999999382e+02
