1.255500000000000060e+00
1.336500000000000021e+00
1.417499999999999982e+00
1.498499999999999943e+00
1.579499999999999904e+00
1.660500000000000087e+00
1.741500000000000048e+00
1.822500000000000009e+00
1.903499999999999970e+00
1.984499999999999931e+00
2.065500000000000114e+00
2.146499999999999631e+00
2.227500000000000036e+00
2.308499999999999996e+00
2.389499999999999957e+00
2.470500000000000362e+00
2.551499999999999879e+00
2.632500000000000284e+00
2.713499999999999801e+00
2.794500000000000206e+00
2.875499999999999723e+00
2.956500000000000128e+00
3.037499999999999645e+00
3.118500000000000050e+00
3.199500000000000011e+00
3.280499999999999972e+00
3.361500000000000377e+00
3.442499999999999893e+00
3.523500000000000298e+00
3.604499999999999815e+00
3.685500000000000220e+00
3.766499999999999737e+00
3.847500000000000142e+00
3.928499999999999659e+00
4.009500000000000064e+00
4.090500000000000469e+00
4.171499999999999986e+00
4.252499999999999503e+00
4.333499999999999908e+00
4.414500000000000313e+00
4.495499999999999829e+00
4.576499999999999346e+00
4.657500000000000639e+00
4.738500000000000156e+00
4.819499999999999673e+00
4.900500000000000078e+00
4.981500000000000483e+00
5.062500000000000000e+00
5.143499999999999517e+00
5.224499999999999922e+00
5.305500000000000327e+00
5.386499999999999844e+00
5.467499999999999361e+00
5.548500000000000654e+00
5.629500000000000171e+00
5.710499999999999687e+00
5.791500000000000092e+00
5.872500000000000497e+00
5.953500000000000014e+00
6.034499999999999531e+00
6.115499999999999936e+00
6.196500000000000341e+00
6.277499999999999858e+00
6.358499999999999375e+00
6.439500000000000668e+00
6.520500000000000185e+00
6.601499999999999702e+00
6.682500000000000107e+00
6.763500000000000512e+00
6.844500000000000028e+00
6.925499999999999545e+00
7.006499999999999950e+00
7.087500000000000355e+00
7.168499999999999872e+00
7.249499999999999389e+00
7.330500000000000682e+00
7.411500000000000199e+00
7.492499999999999716e+00
7.573500000000000121e+00
7.654500000000000526e+00
7.735500000000000043e+00
7.816499999999999559e+00
7.897499999999999964e+00
7.978500000000000369e+00
8.059499999999999886e+00
8.140499999999999403e+00
8.221499999999998920e+00
8.302500000000000213e+00
8.383499999999999730e+00
8.464500000000001023e+00
8.545500000000000540e+00
8.626500000000000057e+00
8.707499999999999574e+00
8.788499999999999091e+00
8.869500000000000384e+00
8.950499999999999901e+00
9.031499999999999417e+00
9.112500000000000711e+00
9.193500000000000227e+00
9.274499999999999744e+00
9.355499999999999261e+00
9.436500000000000554e+00
9.517500000000000071e+00
9.598499999999999588e+00
9.679500000000000881e+00
9.760500000000000398e+00
9.841499999999999915e+00
9.922499999999999432e+00
1.000349999999999895e+01
1.008450000000000024e+01
1.016549999999999976e+01
1.024650000000000105e+01
1.032750000000000057e+01
1.040850000000000009e+01
1.048949999999999960e+01
1.057049999999999912e+01
1.065150000000000041e+01
1.073249999999999993e+01
1.081349999999999945e+01
1.089450000000000074e+01
1.097550000000000026e+01
1.105649999999999977e+01
1.113749999999999929e+01
1.121850000000000058e+01
1.129950000000000010e+01
1.138049999999999962e+01
1.146150000000000091e+01
1.154250000000000043e+01
1.162349999999999994e+01
1.170449999999999946e+01
1.178549999999999898e+01
1.186650000000000027e+01
1.194749999999999979e+01
1.202850000000000108e+01
1.210950000000000060e+01
1.219050000000000011e+01
1.227149999999999963e+01
1.235249999999999915e+01
1.243350000000000044e+01
1.251449999999999996e+01
1.259549999999999947e+01
1.267650000000000077e+01
1.275750000000000028e+01
1.283849999999999980e+01
1.291949999999999932e+01
1.300050000000000061e+01
1.308150000000000013e+01
1.316249999999999964e+01
1.324350000000000094e+01
1.332450000000000045e+01
1.340549999999999997e+01
1.348649999999999949e+01
1.356749999999999901e+01
1.364850000000000030e+01
1.372949999999999982e+01
1.381050000000000111e+01
1.389150000000000063e+01
1.397250000000000014e+01
1.405349999999999966e+01
1.413449999999999918e+01
1.421550000000000047e+01
1.429649999999999999e+01
1.437749999999999950e+01
1.445850000000000080e+01
1.453950000000000031e+01
1.462049999999999983e+01
1.470149999999999935e+01
1.478250000000000064e+01
1.486350000000000016e+01
1.494449999999999967e+01
1.502550000000000097e+01
1.510650000000000048e+01
1.518750000000000000e+01
1.526849999999999952e+01
1.534949999999999903e+01
1.543050000000000033e+01
1.551149999999999984e+01
1.559249999999999936e+01
1.567350000000000065e+01
1.575450000000000017e+01
1.583549999999999969e+01
1.591649999999999920e+01
1.599750000000000050e+01
1.607849999999999824e+01
1.615950000000000131e+01
1.624049999999999727e+01
1.632150000000000034e+01
1.640249999999999986e+01
1.648349999999999937e+01
1.656450000000000244e+01
1.664549999999999841e+01
1.672650000000000148e+01
1.680749999999999744e+01
1.688850000000000051e+01
1.696950000000000003e+01
1.705049999999999955e+01
1.713150000000000261e+01
1.721249999999999858e+01
1.729350000000000165e+01
1.737449999999999761e+01
1.745550000000000068e+01
1.753650000000000020e+01
1.761749999999999972e+01
1.769850000000000279e+01
1.777949999999999875e+01
1.786050000000000182e+01
1.794149999999999778e+01
1.802250000000000085e+01
1.810349999999999682e+01
1.818449999999999989e+01
1.826550000000000296e+01
1.834649999999999892e+01
1.842750000000000199e+01
1.850849999999999795e+01
1.858950000000000102e+01
1.867049999999999699e+01
1.875150000000000006e+01
1.883250000000000313e+01
1.891349999999999909e+01
1.899450000000000216e+01
1.907549999999999812e+01
1.915650000000000119e+01
1.923749999999999716e+01
1.931850000000000023e+01
1.939950000000000330e+01
1.948049999999999926e+01
1.956150000000000233e+01
1.964249999999999829e+01
1.972350000000000136e+01
1.980449999999999733e+01
1.988550000000000040e+01
1.996649999999999991e+01
2.004749999999999943e+01
2.012850000000000250e+01
2.020949999999999847e+01
2.029050000000000153e+01
2.037149999999999750e+01
2.045250000000000057e+01
2.053350000000000009e+01
2.061449999999999960e+01
2.069550000000000267e+01
2.077649999999999864e+01
2.085750000000000171e+01
2.093849999999999767e+01
2.101950000000000074e+01
2.110049999999999670e+01
2.118149999999999977e+01
2.126250000000000284e+01
2.134349999999999881e+01
2.142450000000000188e+01
2.150549999999999784e+01
2.158650000000000091e+01
2.166749999999999687e+01
2.174849999999999994e+01
2.182950000000000301e+01
2.191049999999999898e+01
2.199150000000000205e+01
2.207249999999999801e+01
2.215350000000000108e+01
2.223449999999999704e+01
2.231550000000000011e+01
2.239650000000000318e+01
2.247749999999999915e+01
2.255850000000000222e+01
2.263949999999999818e+01
2.272050000000000125e+01
2.280149999999999721e+01
2.288250000000000028e+01
2.296349999999999980e+01
2.304449999999999932e+01
2.312550000000000239e+01
2.320649999999999835e+01
2.328750000000000142e+01
2.336849999999999739e+01
2.344950000000000045e+01
2.353049999999999997e+01
2.361149999999999949e+01
2.369250000000000256e+01
2.377349999999999852e+01
2.385450000000000159e+01
2.393549999999999756e+01
2.401650000000000063e+01
2.409750000000000014e+01
2.417849999999999966e+01
2.425950000000000273e+01
2.434049999999999869e+01
2.442150000000000176e+01
2.450249999999999773e+01
2.458350000000000080e+01
2.466449999999999676e+01
2.474549999999999983e+01
2.482650000000000290e+01
2.490749999999999886e+01
2.498850000000000193e+01
2.506949999999999790e+01
2.515050000000000097e+01
2.523149999999999693e+01
2.531250000000000000e+01
2.539350000000000307e+01
2.547449999999999903e+01
2.555550000000000210e+01
2.563649999999999807e+01
2.571750000000000114e+01
2.579849999999999710e+01
2.587950000000000017e+01
2.596050000000000324e+01
2.604149999999999920e+01
2.612250000000000227e+01
2.620349999999999824e+01
2.628450000000000131e+01
2.636549999999999727e+01
2.644650000000000034e+01
2.652749999999999986e+01
2.660849999999999937e+01
2.668950000000000244e+01
2.677049999999999841e+01
2.685150000000000148e+01
2.693249999999999744e+01
2.701350000000000051e+01
2.709450000000000003e+01
2.717549999999999955e+01
2.725650000000000261e+01
2.733749999999999858e+01
2.741850000000000165e+01
2.749949999999999761e+01
2.758050000000000068e+01
2.766150000000000020e+01
2.774249999999999972e+01
2.782350000000000279e+01
2.790449999999999875e+01
2.798550000000000182e+01
2.806649999999999778e+01
2.814750000000000085e+01
2.822849999999999682e+01
2.830949999999999989e+01
2.839050000000000296e+01
2.847149999999999892e+01
2.855250000000000199e+01
2.863349999999999795e+01
2.871450000000000102e+01
2.879549999999999699e+01
2.887650000000000006e+01
2.895750000000000313e+01
2.903849999999999909e+01
2.911950000000000216e+01
2.920049999999999812e+01
2.928150000000000119e+01
2.936249999999999716e+01
2.944350000000000023e+01
2.952450000000000330e+01
2.960549999999999926e+01
2.968650000000000233e+01
2.976749999999999829e+01
2.984850000000000136e+01
2.992949999999999733e+01
3.001050000000000040e+01
3.009149999999999991e+01
3.017249999999999943e+01
3.025350000000000250e+01
3.033449999999999847e+01
3.041550000000000153e+01
3.049649999999999750e+01
3.057750000000000057e+01
3.065850000000000009e+01
3.073949999999999960e+01
3.082050000000000267e+01
3.090149999999999864e+01
3.098250000000000171e+01
3.106349999999999767e+01
3.114450000000000074e+01
3.122549999999999670e+01
3.130649999999999977e+01
3.138750000000000284e+01
3.146849999999999881e+01
3.154950000000000188e+01
3.163049999999999784e+01
3.171150000000000091e+01
3.179249999999999687e+01
3.187349999999999994e+01
3.195450000000000301e+01
3.203549999999999898e+01
3.211650000000000205e+01
3.219749999999999801e+01
3.227850000000000108e+01
3.235949999999999704e+01
3.244050000000000011e+01
3.252150000000000318e+01
3.260249999999999915e+01
3.268349999999999511e+01
3.276449999999999818e+01
3.284550000000000125e+01
3.292650000000000432e+01
3.300750000000000028e+01
3.308849999999999625e+01
3.316949999999999932e+01
3.325050000000000239e+01
3.333149999999999835e+01
3.341250000000000142e+01
3.349349999999999739e+01
3.357450000000000045e+01
3.365550000000000352e+01
3.373649999999999949e+01
3.381749999999999545e+01
3.389849999999999852e+01
3.397950000000000159e+01
3.406050000000000466e+01
3.414150000000000063e+01
3.422249999999999659e+01
3.430349999999999966e+01
3.438450000000000273e+01
3.446549999999999869e+01
3.454650000000000176e+01
3.462749999999999773e+01
3.470850000000000080e+01
3.478950000000000387e+01
3.487049999999999983e+01
3.495149999999999579e+01
3.503249999999999886e+01
3.511350000000000193e+01
3.519450000000000500e+01
3.527550000000000097e+01
3.535649999999999693e+01
3.543750000000000000e+01
3.551850000000000307e+01
3.559949999999999903e+01
3.568049999999999500e+01
3.576149999999999807e+01
3.584250000000000114e+01
3.592350000000000421e+01
3.600450000000000017e+01
3.608549999999999613e+01
3.616649999999999920e+01
3.624750000000000227e+01
3.632849999999999824e+01
3.640950000000000131e+01
3.649049999999999727e+01
3.657150000000000034e+01
3.665250000000000341e+01
3.673349999999999937e+01
3.681449999999999534e+01
3.689549999999999841e+01
3.697650000000000148e+01
3.705750000000000455e+01
3.713850000000000051e+01
3.721949999999999648e+01
3.730049999999999955e+01
3.738150000000000261e+01
3.746249999999999858e+01
3.754350000000000165e+01
3.762449999999999761e+01
3.770550000000000068e+01
3.778650000000000375e+01
3.786749999999999972e+01
3.794849999999999568e+01
3.802949999999999875e+01
3.811050000000000182e+01
3.819150000000000489e+01
3.827250000000000085e+01
3.835349999999999682e+01
3.843449999999999989e+01
3.851550000000000296e+01
3.859649999999999892e+01
3.867750000000000199e+01
3.875849999999999795e+01
3.883950000000000102e+01
3.892050000000000409e+01
3.900150000000000006e+01
3.908249999999999602e+01
3.916349999999999909e+01
3.924450000000000216e+01
3.932549999999999812e+01
3.940650000000000119e+01
3.948749999999999716e+01
3.956850000000000023e+01
3.964950000000000330e+01
3.973049999999999926e+01
3.981149999999999523e+01
3.989249999999999829e+01
3.997350000000000136e+01
4.005450000000000443e+01
4.013550000000000040e+01
4.021649999999999636e+01
4.029749999999999943e+01
4.037850000000000250e+01
4.045949999999999847e+01
4.054050000000000153e+01
4.062149999999999750e+01
4.070250000000000057e+01
4.078350000000000364e+01
4.086449999999999960e+01
4.094549999999999557e+01
4.102649999999999864e+01
4.110750000000000171e+01
4.118850000000000477e+01
4.126950000000000074e+01
4.135049999999999670e+01
4.143149999999999977e+01
4.151250000000000284e+01
4.159349999999999881e+01
4.167450000000000188e+01
4.175549999999999784e+01
4.183650000000000091e+01
4.191750000000000398e+01
4.199849999999999994e+01
4.207949999999999591e+01
4.216049999999999898e+01
4.224150000000000205e+01
4.232249999999999801e+01
4.240350000000000108e+01
4.248449999999999704e+01
4.256550000000000011e+01
4.264650000000000318e+01
4.272749999999999915e+01
4.280849999999999511e+01
4.288949999999999818e+01
4.297050000000000125e+01
4.305150000000000432e+01
4.313250000000000028e+01
4.321349999999999625e+01
4.329449999999999932e+01
4.337550000000000239e+01
4.345649999999999835e+01
4.353750000000000142e+01
4.361849999999999739e+01
4.369950000000000045e+01
4.378050000000000352e+01
4.386149999999999949e+01
4.394249999999999545e+01
4.402349999999999852e+01
4.410450000000000159e+01
4.418550000000000466e+01
4.426650000000000063e+01
4.434749999999999659e+01
4.442849999999999966e+01
4.450950000000000273e+01
4.459049999999999869e+01
4.467150000000000176e+01
4.475249999999999773e+01
4.483350000000000080e+01
4.491450000000000387e+01
4.499549999999999983e+01
4.507649999999999579e+01
