2.227500
2.308500
2.389500
2.470500
2.551500
2.632500
2.713500
2.794500
2.875500
2.956500
3.037500
3.118500
3.199500
3.280500
3.361500
3.442500
3.523500
3.604500
3.685500
3.766500
3.847500
3.928500
4.009500
4.090500
4.171500
4.252500
4.333500
4.414500
4.495500
4.576500
4.657500
4.738500
4.819500
4.900500
4.981500
5.062500
5.143500
5.224500
5.305500
5.386500
5.467500
5.548500
5.629500
5.710500
5.791500
5.872500
5.953500
6.034500
6.115500
6.196500
6.277500
6.358500
6.439500
6.520500
6.601500
6.682500
6.763500
6.844500
6.925500
7.006500
7.087500
7.168500
7.249500
7.330500
7.411500
7.492500
7.573500
7.654500
7.735500
7.816500
7.897500
7.978500
8.059500
8.140500
8.221500
8.302500
8.383500
8.464500
8.545500
8.626500
8.707500
8.788500
8.869500
8.950500
9.031500
9.112500
9.193500
9.274500
9.355500
9.436500
9.517500
9.598500
9.679500
9.760500
9.841500
9.922500
10.003500
10.084500
10.165500
10.246500
10.327500
10.408500
10.489500
10.570500
10.651500
10.732500
10.813500
10.894500
10.975500
11.056500
11.137500
11.218500
11.299500
11.380500
11.461500
11.542500
11.623500
11.704500
11.785500
11.866500
11.947500
12.028500
12.109500
12.190500
12.271500
12.352500
12.433500
12.514500
12.595500
12.676500
12.757500
12.838500
12.919500
13.000500
13.081500
13.162500
13.243500
13.324500
13.405500
13.486500
13.567500
13.648500
13.729500
13.810500
13.891500
13.972500
14.053500
14.134500
14.215500
14.296500
14.377500
14.458500
14.539500
14.620500
14.701500
14.782500
14.863500
14.944500
15.025500
15.106500
15.187500
15.268500
15.349500
15.430500
15.511500
15.592500
15.673500
15.754500
15.835500
15.916500
15.997500
16.078500
16.159500
16.240500
16.321500
16.402500
16.483500
16.564500
16.645500
16.726500
16.807500
16.888500
16.969500
17.050500
17.131500
17.212500
17.293500
17.374500
17.455500
17.536500
17.617500
17.698500
17.779500
17.860500
17.941500
18.022500
18.103500
18.184500
18.265500
18.346500
18.427500
18.508500
18.589500
18.670500
18.751500
18.832500
18.913500
18.994500
19.075500
19.156500
19.237500
19.318500
19.399500
19.480500
19.561500
19.642500
19.723500
19.804500
19.885500
19.966500
20.047500
20.128500
20.209500
20.290500
20.371500
20.452500
20.533500
20.614500
20.695500
20.776500
20.857500
20.938500
21.019500
21.100500
21.181500
21.262500
21.343500
21.424500
21.505500
21.586500
21.667500
21.748500
21.829500
21.910500
21.991500
22.072500
22.153500
22.234500
22.315500
22.396500
22.477500
22.558500
22.639500
22.720500
22.801500
22.882500
22.963500
23.044500
23.125500
23.206500
23.287500
23.368500
23.449500
23.530500
23.611500
23.692500
23.773500
23.854500
23.935500
24.016500
24.097500
24.178500
24.259500
24.340500
24.421500
24.502500
24.583500
24.664500
24.745500
24.826500
24.907500
24.988500
25.069500
25.150500
25.231500
25.312500
25.393500
25.474500
25.555500
25.636500
25.717500
25.798500
25.879500
25.960500
26.041500
26.122500
26.203500
26.284500
26.365500
26.446500
26.527500
26.608500
26.689500
26.770500
26.851500
26.932500
27.013500
27.094500
27.175500
27.256500
27.337500
27.418500
27.499500
27.580500
27.661500
27.742500
27.823500
27.904500
27.985500
28.066500
28.147500
28.228500
28.309500
28.390500
28.471500
28.552500
28.633500
28.714500
28.795500
28.876500
28.957500
29.038500
29.119500
29.200500
29.281500
29.362500
29.443500
29.524500
29.605500
29.686500
29.767500
29.848500
29.929500
30.010500
30.091500
30.172500
30.253500
30.334500
30.415500
30.496500
30.577500
30.658500
30.739500
30.820500
30.901500
30.982500
31.063500
31.144500
31.225500
31.306500
31.387500
31.468500
31.549500
31.630500
31.711500
31.792500
31.873500
31.954500
32.035500
32.116500
32.197500
32.278500
32.359500
32.440500
32.521500
32.602500
32.683500
32.764500
32.845500
32.926500
33.007500
33.088500
33.169500
33.250500
33.331500
33.412500
33.493500
33.574500
33.655500
33.736500
33.817500
33.898500
33.979500
34.060500
34.141500
34.222500
34.303500
34.384500
34.465500
34.546500
34.627500
34.708500
34.789500
34.870500
34.951500
35.032500
35.113500
35.194500
35.275500
35.356500
35.437500
35.518500
35.599500
35.680500
35.761500
35.842500
35.923500
36.004500
36.085500
36.166500
36.247500
36.328500
36.409500
36.490500
36.571500
36.652500
36.733500
36.814500
36.895500
36.976500
37.057500
37.138500
37.219500
37.300500
37.381500
37.462500
37.543500
37.624500
37.705500
37.786500
37.867500
37.948500
38.029500
38.110500
38.191500
38.272500
38.353500
38.434500
38.515500
38.596500
38.677500
38.758500
38.839500
38.920500
39.001500
39.082500
39.163500
39.244500
39.325500
39.406500
39.487500
39.568500
39.649500
39.730500
39.811500
39.892500
39.973500
40.054500
40.135500
40.216500
40.297500
40.378500
40.459500
40.540500
40.621500
40.702500
40.783500
40.864500
40.945500
41.026500
41.107500
41.188500
41.269500
41.350500
41.431500
41.512500
41.593500
41.674500
41.755500
41.836500
41.917500
41.998500
42.079500
42.160500
42.241500
42.322500
42.403500
42.484500
42.565500
42.646500
42.727500
42.808500
42.889500
42.970500
43.051500
43.132500
43.213500
43.294500
43.375500
43.456500
43.537500
43.618500
43.699500
43.780500
43.861500
43.942500
44.023500
44.104500
44.185500
44.266500
44.347500
44.428500
44.509500
44.590500
44.671500
44.752500
44.833500
44.914500
44.995500
45.076500
45.238500
45.319500
45.400500
45.481500
45.562500
45.643500
45.724500
45.805500
45.886500
45.967500
46.048500
46.129500
46.210500
46.291500
46.372500
46.453500
46.615500
46.696500
46.777500
46.858500
47.020500
47.101500
47.182500
47.263500
47.344500
47.425500
47.506500
47.587500
47.668500
47.749500
47.911500
47.992500
48.073500
48.154500
48.235500
48.316500
48.397500
48.478500
48.559500
48.640500
48.721500
48.802500
48.883500
48.964500
49.126500
49.207500
49.288500
49.369500
49.450500
49.612500
49.693500
49.774500
50.098500
50.179500
50.260500
50.341500
50.503500
50.746500
50.908500
51.070500
51.151500
51.232500
51.313500
51.394500
51.475500
51.556500
51.637500
51.718500
51.799500
51.880500
51.961500
52.042500
52.123500
52.204500
52.285500
52.366500
52.447500
52.528500
52.609500
52.690500
52.771500
52.852500
52.933500
