20.336000
21.648000
22.960000
24.272000
25.584000
26.896000
28.208000
29.520000
30.832000
32.144000
33.456000
34.768000
36.080000
37.392000
38.704000
40.016000
41.328000
42.640000
43.952000
45.264000
46.576000
47.888000
49.200000
50.512000
51.824000
53.136000
54.448000
55.760000
57.072000
58.384000
59.696000
61.008000
62.320000
63.632000
64.944000
66.256000
67.568000
68.880000
70.192000
71.504000
72.816000
74.128000
75.440000
76.752000
78.064000
79.376000
80.688000
82.000000
83.312000
84.624000
85.936000
87.248000
88.560000
89.872000
91.184000
92.496000
93.808000
95.120000
96.432000
97.744000
99.056000
100.368000
101.680000
102.992000
104.304000
105.616000
106.928000
108.240000
109.552000
110.864000
112.176000
113.488000
114.800000
116.112000
117.424000
118.736000
120.048000
121.360000
122.672000
123.984000
125.296000
126.608000
127.920000
129.232000
130.544000
131.856000
133.168000
134.480000
135.792000
137.104000
138.416000
139.728000
141.040000
142.352000
143.664000
144.976000
146.288000
147.600000
148.912000
150.224000
151.536000
152.848000
154.160000
155.472000
156.784000
158.096000
159.408000
160.720000
162.032000
163.344000
164.656000
165.968000
167.280000
168.592000
169.904000
171.216000
172.528000
173.840000
175.152000
176.464000
177.776000
179.088000
180.400000
181.712000
183.024000
184.336000
185.648000
186.960000
188.272000
189.584000
190.896000
192.208000
193.520000
194.832000
196.144000
197.456000
198.768000
200.080000
201.392000
202.704000
204.016000
205.328000
206.640000
207.952000
209.264000
210.576000
211.888000
213.200000
214.512000
215.824000
217.136000
218.448000
219.760000
221.072000
222.384000
223.696000
225.008000
226.320000
227.632000
228.944000
230.256000
231.568000
232.880000
234.192000
235.504000
236.816000
238.128000
239.440000
240.752000
242.064000
243.376000
244.688000
246.000000
247.312000
248.624000
249.936000
251.248000
252.560000
253.872000
255.184000
256.496000
257.808000
259.120000
260.432000
261.744000
263.056000
264.368000
265.680000
266.992000
268.304000
269.616000
270.928000
272.240000
273.552000
274.864000
276.176000
277.488000
278.800000
280.112000
281.424000
282.736000
284.048000
285.360000
286.672000
287.984000
289.296000
290.608000
291.920000
293.232000
294.544000
295.856000
297.168000
298.480000
299.792000
301.104000
302.416000
303.728000
305.040000
306.352000
307.664000
308.976000
310.288000
311.600000
312.912000
314.224000
315.536000
316.848000
318.160000
319.472000
320.784000
322.096000
323.408000
324.720000
326.032000
327.344000
328.656000
329.968000
331.280000
332.592000
333.904000
335.216000
336.528000
337.840000
339.152000
340.464000
341.776000
343.088000
344.400000
345.712000
347.024000
348.336000
349.648000
350.960000
352.272000
353.584000
354.896000
356.208000
357.520000
358.832000
360.144000
361.456000
362.768000
364.080000
365.392000
366.704000
368.016000
369.328000
370.640000
371.952000
373.264000
374.576000
375.888000
377.200000
378.512000
379.824000
381.136000
382.448000
383.760000
385.072000
386.384000
387.696000
389.008000
390.320000
391.632000
392.944000
394.256000
395.568000
396.880000
398.192000
399.504000
400.816000
402.128000
403.440000
404.752000
406.064000
407.376000
408.688000
410.000000
411.312000
412.624000
413.936000
415.248000
416.560000
417.872000
419.184000
420.496000
421.808000
423.120000
424.432000
425.744000
427.056000
428.368000
429.680000
430.992000
432.304000
433.616000
434.928000
436.240000
437.552000
438.864000
440.176000
441.488000
442.800000
444.112000
445.424000
446.736000
448.048000
449.360000
450.672000
451.984000
453.296000
454.608000
455.920000
457.232000
458.544000
459.856000
461.168000
462.480000
463.792000
465.104000
466.416000
467.728000
469.040000
470.352000
471.664000
472.976000
474.288000
475.600000
476.912000
478.224000
479.536000
480.848000
482.160000
483.472000
484.784000
486.096000
487.408000
488.720000
490.032000
491.344000
492.656000
493.968000
495.280000
496.592000
497.904000
499.216000
500.528000
501.840000
503.152000
504.464000
505.776000
507.088000
508.400000
509.712000
511.024000
512.336000
513.648000
514.960000
516.272000
517.584000
518.896000
520.208000
521.520000
522.832000
524.144000
525.456000
526.768000
528.080000
529.392000
530.704000
532.016000
533.328000
534.640000
535.952000
537.264000
538.576000
539.888000
541.200000
542.512000
543.824000
545.136000
546.448000
547.760000
549.072000
550.384000
551.696000
553.008000
554.320000
555.632000
556.944000
558.256000
559.568000
560.880000
562.192000
563.504000
564.816000
566.128000
567.440000
568.752000
570.064000
571.376000
572.688000
574.000000
575.312000
576.624000
577.936000
579.248000
580.560000
581.872000
583.184000
584.496000
585.808000
587.120000
588.432000
589.744000
591.056000
592.368000
593.680000
594.992000
596.304000
597.616000
598.928000
600.240000
601.552000
602.864000
604.176000
605.488000
606.800000
608.112000
609.424000
610.736000
612.048000
613.360000
614.672000
615.984000
617.296000
618.608000
619.920000
621.232000
622.544000
623.856000
625.168000
626.480000
627.792000
629.104000
630.416000
631.728000
633.040000
634.352000
635.664000
636.976000
638.288000
639.600000
640.912000
642.224000
643.536000
644.848000
646.160000
647.472000
648.784000
650.096000
651.408000
652.720000
654.032000
655.344000
656.656000
657.968000
659.280000
660.592000
661.904000
663.216000
664.528000
665.840000
667.152000
668.464000
669.776000
671.088000
672.400000
673.712000
675.024000
676.336000
677.648000
678.960000
680.272000
681.584000
682.896000
684.208000
685.520000
686.832000
688.144000
689.456000
690.768000
692.080000
693.392000
694.704000
696.016000
697.328000
698.640000
699.952000
701.264000
702.576000
703.888000
705.200000
706.512000
707.824000
709.136000
710.448000
711.760000
713.072000
714.384000
715.696000
717.008000
718.320000
719.632000
720.944000
722.256000
723.568000
724.880000
726.192000
727.504000
728.816000
730.128000
731.440000
732.752000
734.064000
735.376000
736.688000
738.000000
739.312000
740.624000
741.936000
743.248000
744.560000
745.872000
747.184000
748.496000
749.808000
751.120000
752.432000
753.744000
755.056000
756.368000
757.680000
758.992000
760.304000
761.616000
762.928000
764.240000
765.552000
766.864000
768.176000
769.488000
770.800000
772.112000
773.424000
774.736000
776.048000
777.360000
778.672000
779.984000
781.296000
782.608000
783.920000
785.232000
786.544000
787.856000
789.168000
790.480000
791.792000
793.104000
794.416000
795.728000
797.040000
798.352000
799.664000
800.976000
802.288000
803.600000
804.912000
806.224000
807.536000
808.848000
810.160000
811.472000
812.784000
814.096000
815.408000
816.720000
818.032000
819.344000
820.656000
821.968000
823.280000
824.592000
825.904000
827.216000
828.528000
829.840000
831.152000
832.464000
833.776000
836.400000
837.712000
839.024000
840.336000
841.648000
842.960000
844.272000
845.584000
846.896000
848.208000
849.520000
850.832000
852.144000
853.456000
854.768000
856.080000
857.392000
858.704000
860.016000
861.328000
862.640000
863.952000
865.264000
866.576000
867.888000
869.200000
870.512000
871.824000
873.136000
874.448000
875.760000
877.072000
878.384000
879.696000
881.008000
882.320000
883.632000
884.944000
886.256000
887.568000
888.880000
890.192000
891.504000
892.816000
894.128000
895.440000
898.064000
899.376000
900.688000
902.000000
903.312000
904.624000
905.936000
907.248000
908.560000
909.872000
911.184000
912.496000
913.808000
915.120000
916.432000
917.744000
919.056000
920.368000
921.680000
922.992000
924.304000
925.616000
926.928000
928.240000
929.552000
930.864000
932.176000
933.488000
934.800000
936.112000
937.424000
938.736000
940.048000
941.360000
942.672000
943.984000
945.296000
946.608000
947.920000
949.232000
950.544000
951.856000
954.480000
955.792000
957.104000
958.416000
959.728000
961.040000
962.352000
964.976000
966.288000
967.600000
968.912000
970.224000
971.536000
972.848000
974.160000
975.472000
976.784000
978.096000
979.408000
980.720000
983.344000
984.656000
985.968000
988.592000
989.904000
991.216000
992.528000
993.840000
995.152000
996.464000
997.776000
999.088000
1000.400000
1001.712000
1003.024000
1004.336000
1005.648000
1006.960000
1008.272000
1009.584000
1010.896000
1012.208000
1013.520000
1014.832000
1016.144000
1017.456000
1020.080000
1021.392000
1022.704000
1024.016000
