506983843958771
469791317034703
432246044603696
402746567127907
372977435645403
358021432060333
332001284441912
321678939395119
298730662450258
280126878135260
275347789904206
261212630798635
250426243216537
240002892330739
234937941466516
229539755699609
223554994406267
208859584011795
200799811779747
193831598127556
185562203609213
184493271033435
174777126060402
167345632966176
164198046395007
171024863250643
157655961538633
155229708488409
148979568212143
141542523236343
147968686051499
144502654124611
135260447535143
136679342240234
130518180819438
125722358058454
120746790217209
121875898304625
120791731185404
115296783267985
117414553431556
115802870501962
113748266941117
106522323192518
110429737312378
107313868687615
102397583624670
96189643494811
100331252317169
93092790218398
93711115685394
85094074444081
87058542613315
86040113162643
87237263460862
86857714597191
85821140108935
80055202203613
85667552147282
79065224951243
76432428640937
76606793341452
72107879650879
78791054574209
72708070189194
67355416490022
72147372946261
68694781150314
65569894394585
71144056857423
63809143823079
68579411030852
62669219919299
64251641339860
54482681058146
57637771041782
56795627966103
62950177162780
60875881356953
57832796251313
56770534202153
56665103817939
51933372914170
53172560501145
52040283117551
48723117853443
51109038789654
46238874277363
46685670809681
48970602442663
48074977608323
44728976221864
48487025380064
45338564987681
45926522034794
42843031528444
40883557209829
42846931144551
43078037968726
41037850964271
42613315632448
40314273298702
38888905188748
42397142300403
39889577062388
37740583713009
37439076234277
41185312414518
42712718090734
34202660847888
39081772899175
38492407175468
37681299818186
33569688515560
33943591349622
34981478322757
35615440552607
37893586159524
31833192380402
35410014206575
29850967658150
35004534159592
32514719386095
32193829841991
30984486218329
31562244996662
29335197783160
32456386215194
25097234140731
27706998568845
28078608859737
28678177545084
28004057166910
26996483293397
26342467455526
26643759017361
29174090558945
26864888271158
25986844058817
25546858505346
26197250596934
22530490614395
23970915597512
23897566973560
24150893722823
22740663558978
23253636643225
23646497429984
24450095791819
23383465781725
24717368316861
22963492973069
24977690577578
22801872018738
24206656892814
23620898838385
23594806690836
23568487073651
19623752910687
23980186037527
21005377925830
21317275823255
18421870325509
21144748859675
20885902681411
19625721237588
20777462079121
20916306984691
20587404704812
20060591239752
21651843331646
20930768909589
19931041843375
22022609849315
17610407923754
18839677501022
18817104761366
17093047040085
18517335614936
19238505711417
15829874450268
17752281408577
17357326358673
17810141855648
19097128359231
18537999035567
19112013226114
16164147256759
16629504560851
18301881551714
17073308504524
17669702556605
17909591108278
16010796494050
15622486435086
18710132716163
18644841621071
15482438153089
16173838397615
13252368996310
15035967743108
17880010543671
17922227082978
15150519091818
14256368298902
14645449099653
16598108624886
16185946578289
15306424299932
16072414358336
13538502106263
15099250178957
14642270266935
15962142363842
14065761001479
13988775543994
14256173946162
12325159753010
13608914679216
13739733741523
13823319016183
13188488533553
15947682650055
15710414230597
13101520740493
15363924262805
15651053096908
14352216870645
15594224821581
14911475870440
13885847082787
15030207490421
11887444241631
11932393228569
12301345156921
13483421274284
11815058896636
12471439077272
11376640501779
10962349862686
14496422567182
12325680111078
13709223982070
12873846726966
11443903175660
12191727430504
13972888085371
13908315457822
12763576202965
12938826146718
14415485732311
9481958111744
10760348959518
13232681117581
9898822158217
9654326418123
11113874834865
12108013931192
10772137378175
10564304973526
10719262842429
11148360138295
10740403178924
10702358571299
10510586199724
9425726019580
10041883243816
12154522658511
9658782688248
11302727105508
12533104740902
9486695415232
10128252384940
10835710754246
10273810496645
8998250523388
10661281832598
10350147018347
9654529921849
10451581373039
8447176625289
9388489428200
9180515666398
9769258640269
9563017483664
8828419511646
8479918591890
10557504318108
9676951579542
8143650175298
8068595242765
8632156860334
9274472949325
8774701261310
8172784894527
8047032199853
10445610750447
10262913769629
9521605015396
9078529454464
8321949792884
9605031629404
7275621397544
9375819990902
7294876126486
8734271647843
8438818634399
7902147139009
8015987976851
9162093482325
8789931362690
9644333899885
8805448814465
5567400356313
8737901375838
8353528654133
7802196653217
8331509195796
9943688527927
8934015405023
6840498289563
7835086145100
7267231363214
5739254678455
7185381765925
6401163182818
8029814314040
5689369068828
8005685926402
6415754560187
5605678572052
7693435907802
5800854495639
5302268288929
6777433977825
5821448107629
8389203128597
5953560311985
7039768701247
5547078447673
7174265781048
6681313009345
6252737368871
5690407578784
6330434164298
6271584207701
6404167383915
6083405385302
5387605147487
4331575501449
6241727608271
5620711641483
4806070035344
4883794936953
4193884897735
4440859686588
6624005219070
6345201465903
7157690894721
4303604008723
4710785440820
4568211138913
6371598912981
5300804280390
5258219710431
5752292576254
5448129653225
5161965921805
5332133758773
4571275336776
4986429310964
4690067520359
4625719373630
4845133735787
4361158126355
4406691841630
4360963254473
3902169692666
4294501088596
5431115293274
2886353612261
5299633703226
3780310674744
5319746216132
3487111862092
4525321371254
5292322264689
4045627689644
4963959448060
5479884897977
4666543981557
4807597270425
4035642669283
3483810999898
3939304926991
3596684480284
5397824990553
3476483470702
4777947826001
2643092450942
3589892646603
4912466962298
5047654972221
4488988617370
4166373752482
4690796556508
4893125635353
3621937561608
3646118106834
3289239576953
5156513071276
4481334067656
3864413165824
3588991144026
3355790174108
3154680088928
3561623807566
3791577861384
3954977931047
3072257431064
4445573959055
2344629134535
3857731127299
3089128109278
3740706883493
4786930119362
3605547536308
2645704423899
2495996861433
3296747779445
3539374705986
2284258585651
2689019334026
3943946230688
2775070124353
2549024456811
2895694697418
2470925525557
2437184957748
2393814308460
3103468644167
3354821784889
2202211724101
3175540626799
3204545332722
2842002561103
1988239612800
2816393861009
2721535398075
2669048719909
3022817273430
2541106592586
3853971824437
3220443365035
2472975350179
2873340580765
2850979227752
1938427626058
2562527544239
2719756862183
2386967555890
2428339604700
2458521152624
3080262057110
3895651325631
2684623528956
2235044847645
4117660977002
2842701875452
1688905992095
2430878735984
1870740822267
3364283223086
2155004373711
3686512007326
2100193218242
3542307639854
2084142040430
1405762988609
3236179394943
2812757642591
1734582677032
2728506623146
2083460291228
2538516319219
2686346171724
2545024219345
1702807962361
3103218754053
1638293410394
2225565715637
1990863414554
1900913893710
2638496444058
2044450893492
2270998861554
994130768745
2496007836084
2026211250408
2408488457023
915641775158
2623770199331
891702515925
2241083625351
2293794854353
2111185395882
1373638108322
1768627718910
1867992166341
1866139501873
2352228298677
2146915060852
2235478517127
1440920967444
1581171536437
1477463398019
1467011721665
2129291512333
1052347402379
1762765259912
1861162021268
1605998848487
1879890575935
1338766686421
1617171681875
849859802749
983099346336
1495549734879
1397041452987
1326234685865
999231586902
2188538016976
1289228334362
1312623751519
1000153239291
2222451233948
1787073209348
902824639390
1041360948661
1509565622145
2294095706475
1971371790883
1806002224133
1309092813631
1463671731102
1623999088468
1699256415799
1913162361778
1851370229972
1411517680221
1274279138541
2642548270089
1365388986952
1569689827327
1096950085132
1680525430344
1229412692686
1718541831797
688695500475
1587660734505
1781390410108
1203619879984
1389904717728
1443882774605
964565371998
980219124096
929872655023
1327368274887
954508724213
1172065107534
1157398473551
970605285753
1552993366865
1659253617997
608675838270
870968986142
1217492366140
1451895742095
786910718990
1297745234590
1099491548257
877868689718
701128675846
695883084181
663301513242
570888874561
1070808840437
1019935229378
1090801362981
720594424132
1694086363623
885572913425
1351126530335
896412149421
1016664270512
1015829680014
335216652965
647261269957
1267024750085
617724208919
1148134527191
1003401812494
484521289893
1072085013047
790996827083
751167841359
524373850833
877922722423
838602320430
1413715002334
766481577468
848825968517
404181932062
699507883402
787086277730
299830773206
517457569216
579748454442
674058306954
816700870171
741857386237
303873269752
692935553985
153149081031
709591854566
701783491441
493000072254
450126488919
404180139860
548539675070
893644103692
929663812290
646161587792
409604259512
769087422094
471974429979
367417969146
639465703815
663947953123
179058538144
536774592119
901186286658
441886202657
400905853201
899684741651
429802512000
105639811795
362073327135
537692021057
692048614938
196005613057
220636502850
556896648146
318191674153
926957557191
406583209167
300084325946
456007669168
466090997830
580801810940
904310166650
314336144088
627534062546
912506060988
339895109121
640414286350
150318700608
235614747706
150042162973
547768100347
449901391157
365973556404
445244317412
139796867218
176122450269
93693963796
97677690454
150042162973
276951508538
323651002636
411049525069
208661699346
565152299850
364938888229
345055149451
457490104927
554171250851
571355342395
329265275922
450126488919
300084325946
502524219533
504839522814
150042162973
129568313518
133415357010
630916525062
543685054144
759346193876
97216098078
355669151207
640704067620
578705898022
59287927818
863052172621
354267539535
150042162973
179242807403
37798911059
196913522271
448482779187
346129817834
92305734730
439519243217
98480944818
103489975400
26441513738
676427283222
546487608491
292262527017
450126488919
34798841605
546470509235
459763093618
225004936044
466048611307
300084325946
300084325946
48747345367
509012134593
113498090959
305520469916
150042162973
600168651892
484626750797
539197600958
256187972532
180228920194
150042162973
554100364956
590101782843
252789808714
387185677964
35706446826
283886693288
130127679286
150042162973
150042162973
206888714625
16281216781
150042162973
200020778526
45663179652
618652789707
188521751675
164158852562
141547305454
133044937508
150042162973
