9.499699999999999989e+01
9.963100000000000023e+01
1.042649999999999864e+02
1.088990000000000009e+02
1.135329999999999870e+02
1.181670000000000016e+02
1.228009999999999877e+02
1.274350000000000023e+02
1.320690000000000168e+02
1.367030000000000030e+02
1.413369999999999891e+02
1.459710000000000036e+02
1.506050000000000182e+02
1.552390000000000043e+02
1.598729999999999905e+02
1.645070000000000050e+02
1.691410000000000196e+02
1.737750000000000057e+02
1.784089999999999918e+02
1.830430000000000064e+02
1.876770000000000209e+02
1.923109999999999786e+02
1.969449999999999932e+02
2.015790000000000077e+02
2.062129999999999939e+02
2.108469999999999800e+02
2.154809999999999945e+02
2.201150000000000091e+02
2.247489999999999952e+02
2.293829999999999814e+02
2.340169999999999959e+02
2.386510000000000105e+02
2.432849999999999966e+02
2.479189999999999827e+02
2.525529999999999973e+02
2.571870000000000118e+02
2.618210000000000264e+02
2.664549999999999841e+02
2.710889999999999986e+02
2.757230000000000132e+02
2.803569999999999709e+02
2.849909999999999854e+02
2.896250000000000000e+02
2.942590000000000146e+02
2.988930000000000291e+02
3.035269999999999868e+02
3.081610000000000014e+02
3.127950000000000159e+02
3.174289999999999736e+02
3.220629999999999882e+02
3.266970000000000027e+02
3.313310000000000173e+02
3.359650000000000318e+02
3.405989999999999895e+02
3.452330000000000041e+02
3.498670000000000186e+02
3.545009999999999764e+02
3.591349999999999909e+02
3.637690000000000055e+02
3.684030000000000200e+02
3.730370000000000346e+02
3.776709999999999923e+02
3.823050000000000068e+02
3.869389999999999645e+02
3.915729999999999791e+02
3.962069999999999936e+02
4.008410000000000082e+02
4.054750000000000227e+02
4.101089999999999804e+02
4.147429999999999950e+02
4.193770000000000095e+02
4.240109999999999673e+02
4.286449999999999818e+02
4.332789999999999964e+02
4.379130000000000109e+02
4.425470000000000255e+02
4.471809999999999832e+02
4.518149999999999977e+02
4.564490000000000123e+02
4.610829999999999700e+02
4.657169999999999845e+02
4.703509999999999991e+02
4.749850000000000136e+02
4.796190000000000282e+02
4.842529999999999859e+02
4.888870000000000005e+02
4.935210000000000150e+02
4.981549999999999727e+02
5.027889999999999873e+02
5.074230000000000018e+02
5.120570000000000164e+02
5.166910000000000309e+02
5.213250000000000455e+02
5.259590000000000600e+02
5.305929999999999609e+02
5.352269999999999754e+02
5.398609999999999900e+02
5.444950000000000045e+02
5.491290000000000191e+02
5.537630000000000337e+02
5.583970000000000482e+02
5.630309999999999491e+02
5.676649999999999636e+02
5.722989999999999782e+02
5.769329999999999927e+02
5.815670000000000073e+02
5.862010000000000218e+02
5.908350000000000364e+02
5.954690000000000509e+02
6.001029999999999518e+02
6.047369999999999663e+02
6.093709999999999809e+02
6.140049999999999955e+02
6.186390000000000100e+02
6.232730000000000246e+02
6.279070000000000391e+02
6.325409999999999400e+02
6.371749999999999545e+02
6.418089999999999691e+02
6.464429999999999836e+02
6.510769999999999982e+02
6.557110000000000127e+02
6.603450000000000273e+02
6.649790000000000418e+02
6.696130000000000564e+02
6.742469999999999573e+02
6.788809999999999718e+02
6.835149999999999864e+02
6.881490000000000009e+02
6.927830000000000155e+02
6.974170000000000300e+02
7.020510000000000446e+02
7.066849999999999454e+02
7.113189999999999600e+02
7.159529999999999745e+02
7.205869999999999891e+02
7.252210000000000036e+02
7.298550000000000182e+02
7.344890000000000327e+02
7.391230000000000473e+02
7.437570000000000618e+02
7.483909999999999627e+02
7.530249999999999773e+02
7.576589999999999918e+02
7.622930000000000064e+02
7.669270000000000209e+02
7.715610000000000355e+02
7.761949999999999363e+02
7.808289999999999509e+02
7.854629999999999654e+02
7.900969999999999800e+02
7.947309999999999945e+02
7.993650000000000091e+02
8.039990000000000236e+02
8.086330000000000382e+02
8.132670000000000528e+02
8.179009999999999536e+02
8.225349999999999682e+02
8.271689999999999827e+02
8.318029999999999973e+02
8.364370000000000118e+02
8.410710000000000264e+02
8.457050000000000409e+02
8.503389999999999418e+02
8.549729999999999563e+02
8.596069999999999709e+02
8.642409999999999854e+02
8.688750000000000000e+02
8.735090000000000146e+02
8.781430000000000291e+02
8.827770000000000437e+02
8.874110000000000582e+02
8.920449999999999591e+02
8.966789999999999736e+02
9.013129999999999882e+02
9.059470000000000027e+02
9.105810000000000173e+02
9.152150000000000318e+02
9.198490000000000464e+02
9.244829999999999472e+02
9.291169999999999618e+02
9.337509999999999764e+02
9.383849999999999909e+02
9.430190000000000055e+02
9.476530000000000200e+02
9.522870000000000346e+02
9.569210000000000491e+02
9.615550000000000637e+02
9.661889999999999645e+02
9.708229999999999791e+02
9.754569999999999936e+02
9.800910000000000082e+02
9.847250000000000227e+02
9.893590000000000373e+02
9.939929999999999382e+02
9.986269999999999527e+02
1.003260999999999967e+03
1.007894999999999982e+03
1.012528999999999996e+03
1.017163000000000011e+03
1.021797000000000025e+03
1.026431000000000040e+03
1.031065000000000055e+03
1.035699000000000069e+03
1.040333000000000084e+03
1.044967000000000098e+03
1.049601000000000113e+03
1.054234999999999900e+03
1.058868999999999915e+03
1.063502999999999929e+03
1.068136999999999944e+03
1.072770999999999958e+03
1.077404999999999973e+03
1.082038999999999987e+03
1.086673000000000002e+03
1.091307000000000016e+03
1.095941000000000031e+03
1.100575000000000045e+03
1.105209000000000060e+03
1.109843000000000075e+03
1.114477000000000089e+03
1.119111000000000104e+03
1.123744999999999891e+03
1.128378999999999905e+03
1.133012999999999920e+03
1.137646999999999935e+03
1.142280999999999949e+03
1.146914999999999964e+03
1.151548999999999978e+03
1.156182999999999993e+03
1.160817000000000007e+03
1.165451000000000022e+03
1.170085000000000036e+03
1.174719000000000051e+03
1.179353000000000065e+03
1.183987000000000080e+03
1.188621000000000095e+03
1.193255000000000109e+03
1.197888999999999896e+03
1.202522999999999911e+03
1.207156999999999925e+03
1.211790999999999940e+03
1.216424999999999955e+03
1.221058999999999969e+03
1.225692999999999984e+03
1.230326999999999998e+03
1.234961000000000013e+03
1.239595000000000027e+03
1.244229000000000042e+03
1.248863000000000056e+03
1.253497000000000071e+03
1.258131000000000085e+03
1.262765000000000100e+03
1.267398999999999887e+03
1.272032999999999902e+03
1.276666999999999916e+03
1.281300999999999931e+03
1.285934999999999945e+03
1.290568999999999960e+03
1.295202999999999975e+03
1.299836999999999989e+03
1.304471000000000004e+03
1.309105000000000018e+03
1.313739000000000033e+03
1.318373000000000047e+03
1.323007000000000062e+03
1.327641000000000076e+03
1.332275000000000091e+03
1.336909000000000106e+03
1.341543000000000120e+03
1.346176999999999907e+03
1.350810999999999922e+03
1.355444999999999936e+03
1.360078999999999951e+03
1.364712999999999965e+03
1.369346999999999980e+03
1.373980999999999995e+03
1.378615000000000009e+03
1.383249000000000024e+03
1.387883000000000038e+03
1.392517000000000053e+03
1.397151000000000067e+03
1.401785000000000082e+03
1.406419000000000096e+03
1.411052999999999884e+03
1.415686999999999898e+03
1.420320999999999913e+03
1.424954999999999927e+03
1.429588999999999942e+03
1.434222999999999956e+03
1.438856999999999971e+03
1.443490999999999985e+03
1.448125000000000000e+03
1.452759000000000015e+03
1.457393000000000029e+03
1.462027000000000044e+03
1.466661000000000058e+03
1.471295000000000073e+03
1.475929000000000087e+03
1.480563000000000102e+03
1.485197000000000116e+03
1.489830999999999904e+03
1.494464999999999918e+03
1.499098999999999933e+03
1.503732999999999947e+03
1.508366999999999962e+03
1.513000999999999976e+03
1.517634999999999991e+03
1.522269000000000005e+03
1.526903000000000020e+03
1.531537000000000035e+03
1.536171000000000049e+03
1.540805000000000064e+03
1.545439000000000078e+03
1.550073000000000093e+03
1.554706999999999880e+03
1.559340999999999894e+03
1.563974999999999909e+03
1.568608999999999924e+03
1.573242999999999938e+03
1.577876999999999953e+03
1.582510999999999967e+03
1.587144999999999982e+03
1.591778999999999996e+03
1.596413000000000011e+03
1.601047000000000025e+03
1.605681000000000040e+03
1.610315000000000055e+03
1.614949000000000069e+03
1.619583000000000084e+03
1.624217000000000098e+03
1.628851000000000113e+03
1.633484999999999900e+03
1.638118999999999915e+03
1.642752999999999929e+03
1.647386999999999944e+03
1.652020999999999958e+03
1.656654999999999973e+03
1.661288999999999987e+03
1.665923000000000002e+03
1.670557000000000016e+03
1.675191000000000031e+03
1.679825000000000045e+03
1.684459000000000060e+03
1.689093000000000075e+03
1.693727000000000089e+03
1.698361000000000104e+03
1.702994999999999891e+03
1.707628999999999905e+03
1.712262999999999920e+03
1.716896999999999935e+03
1.721530999999999949e+03
1.726164999999999964e+03
1.730798999999999978e+03
1.735432999999999993e+03
1.740067000000000007e+03
1.744701000000000022e+03
1.749335000000000036e+03
1.753969000000000051e+03
1.758603000000000065e+03
1.763237000000000080e+03
1.767871000000000095e+03
1.772505000000000109e+03
1.777138999999999896e+03
1.781772999999999911e+03
1.786406999999999925e+03
1.791040999999999940e+03
1.795674999999999955e+03
1.800308999999999969e+03
1.804942999999999984e+03
1.809576999999999998e+03
1.814211000000000013e+03
1.818845000000000027e+03
1.823479000000000042e+03
1.828113000000000056e+03
1.832747000000000071e+03
1.837381000000000085e+03
1.842015000000000100e+03
1.846648999999999887e+03
1.851282999999999902e+03
1.855916999999999916e+03
1.860550999999999931e+03
1.865184999999999945e+03
1.869818999999999960e+03
1.874452999999999975e+03
1.879086999999999989e+03
1.883721000000000004e+03
1.888355000000000018e+03
1.892989000000000033e+03
1.897623000000000047e+03
1.902257000000000062e+03
1.906891000000000076e+03
1.911525000000000091e+03
1.916159000000000106e+03
1.920793000000000120e+03
1.925426999999999907e+03
1.930060999999999922e+03
1.934694999999999936e+03
1.939328999999999951e+03
1.943962999999999965e+03
1.948596999999999980e+03
1.953230999999999995e+03
1.957865000000000009e+03
1.962499000000000024e+03
1.967133000000000038e+03
1.971767000000000053e+03
1.976401000000000067e+03
1.981035000000000082e+03
1.985669000000000096e+03
1.990302999999999884e+03
1.994936999999999898e+03
1.999570999999999913e+03
2.004204999999999927e+03
2.008838999999999942e+03
2.013472999999999956e+03
2.018106999999999971e+03
2.022740999999999985e+03
2.027375000000000000e+03
2.032009000000000015e+03
2.036643000000000029e+03
2.041277000000000044e+03
2.045911000000000058e+03
2.050545000000000073e+03
2.055179000000000087e+03
2.059813000000000102e+03
2.064447000000000116e+03
2.069081000000000131e+03
2.073715000000000146e+03
2.078349000000000160e+03
2.082983000000000175e+03
2.087617000000000189e+03
2.092251000000000204e+03
2.096885000000000218e+03
2.101519000000000233e+03
2.106152999999999793e+03
2.110786999999999807e+03
2.115420999999999822e+03
2.120054999999999836e+03
2.124688999999999851e+03
2.129322999999999865e+03
2.133956999999999880e+03
2.138590999999999894e+03
2.143224999999999909e+03
2.147858999999999924e+03
2.152492999999999938e+03
2.157126999999999953e+03
2.161760999999999967e+03
2.166394999999999982e+03
2.171028999999999996e+03
2.175663000000000011e+03
2.180297000000000025e+03
2.184931000000000040e+03
2.189565000000000055e+03
2.194199000000000069e+03
2.198833000000000084e+03
2.203467000000000098e+03
2.208101000000000113e+03
2.212735000000000127e+03
2.217369000000000142e+03
2.222003000000000156e+03
2.226637000000000171e+03
2.231271000000000186e+03
2.235905000000000200e+03
2.240539000000000215e+03
2.245172999999999774e+03
2.249806999999999789e+03
2.254440999999999804e+03
2.259074999999999818e+03
2.263708999999999833e+03
2.268342999999999847e+03
2.272976999999999862e+03
2.277610999999999876e+03
2.282244999999999891e+03
2.286878999999999905e+03
2.291512999999999920e+03
2.296146999999999935e+03
2.300780999999999949e+03
2.305414999999999964e+03
2.310048999999999978e+03
2.314682999999999993e+03
2.319317000000000007e+03
2.323951000000000022e+03
2.328585000000000036e+03
2.333219000000000051e+03
2.337853000000000065e+03
2.342487000000000080e+03
2.347121000000000095e+03
2.351755000000000109e+03
2.356389000000000124e+03
2.361023000000000138e+03
2.365657000000000153e+03
2.370291000000000167e+03
2.374925000000000182e+03
2.379559000000000196e+03
2.384193000000000211e+03
2.388827000000000226e+03
2.393460999999999785e+03
2.398094999999999800e+03
2.402728999999999814e+03
2.407362999999999829e+03
2.411996999999999844e+03
2.416630999999999858e+03
2.421264999999999873e+03
2.425898999999999887e+03
2.430532999999999902e+03
2.435166999999999916e+03
2.439800999999999931e+03
2.444434999999999945e+03
2.449068999999999960e+03
2.453702999999999975e+03
2.458336999999999989e+03
2.462971000000000004e+03
2.467605000000000018e+03
2.472239000000000033e+03
2.476873000000000047e+03
2.481507000000000062e+03
2.486141000000000076e+03
2.490775000000000091e+03
2.495409000000000106e+03
2.500043000000000120e+03
2.504677000000000135e+03
2.509311000000000149e+03
2.513945000000000164e+03
2.518579000000000178e+03
2.523213000000000193e+03
2.527847000000000207e+03
2.532480999999999767e+03
2.537114999999999782e+03
2.541748999999999796e+03
2.546382999999999811e+03
2.551016999999999825e+03
2.555650999999999840e+03
2.560284999999999854e+03
2.564918999999999869e+03
2.569552999999999884e+03
2.574186999999999898e+03
2.578820999999999913e+03
2.583454999999999927e+03
2.588088999999999942e+03
2.592722999999999956e+03
2.597356999999999971e+03
2.601990999999999985e+03
2.606625000000000000e+03
2.611259000000000015e+03
2.615893000000000029e+03
2.620527000000000044e+03
2.625161000000000058e+03
2.629795000000000073e+03
2.634429000000000087e+03
2.639063000000000102e+03
2.643697000000000116e+03
2.648331000000000131e+03
2.652965000000000146e+03
2.657599000000000160e+03
2.662233000000000175e+03
2.666867000000000189e+03
2.671501000000000204e+03
2.676135000000000218e+03
2.680769000000000233e+03
2.685402999999999793e+03
2.690036999999999807e+03
2.694670999999999822e+03
2.699304999999999836e+03
2.703938999999999851e+03
2.708572999999999865e+03
2.713206999999999880e+03
2.717840999999999894e+03
2.722474999999999909e+03
2.727108999999999924e+03
2.731742999999999938e+03
2.736376999999999953e+03
2.741010999999999967e+03
2.745644999999999982e+03
2.750278999999999996e+03
2.754913000000000011e+03
2.759547000000000025e+03
2.764181000000000040e+03
2.768815000000000055e+03
2.773449000000000069e+03
2.778083000000000084e+03
2.782717000000000098e+03
2.787351000000000113e+03
2.791985000000000127e+03
2.796619000000000142e+03
2.801253000000000156e+03
2.805887000000000171e+03
2.810521000000000186e+03
2.815155000000000200e+03
2.819789000000000215e+03
2.824422999999999774e+03
2.829056999999999789e+03
2.833690999999999804e+03
2.838324999999999818e+03
2.842958999999999833e+03
2.847592999999999847e+03
2.852226999999999862e+03
2.856860999999999876e+03
2.861494999999999891e+03
2.866128999999999905e+03
2.870762999999999920e+03
2.875396999999999935e+03
2.880030999999999949e+03
2.884664999999999964e+03
2.889298999999999978e+03
2.893932999999999993e+03
2.898567000000000007e+03
2.903201000000000022e+03
2.907835000000000036e+03
2.912469000000000051e+03
2.917103000000000065e+03
2.921737000000000080e+03
2.926371000000000095e+03
2.931005000000000109e+03
2.935639000000000124e+03
2.940273000000000138e+03
2.944907000000000153e+03
2.949541000000000167e+03
2.954175000000000182e+03
2.958809000000000196e+03
2.963443000000000211e+03
2.968077000000000226e+03
2.972710999999999785e+03
2.977344999999999800e+03
2.981978999999999814e+03
2.986612999999999829e+03
2.991246999999999844e+03
2.995880999999999858e+03
3.000514999999999873e+03
3.005148999999999887e+03
3.009782999999999902e+03
3.014416999999999916e+03
3.019050999999999931e+03
3.023684999999999945e+03
3.028318999999999960e+03
3.032952999999999975e+03
3.037586999999999989e+03
3.042221000000000004e+03
3.046855000000000018e+03
3.051489000000000033e+03
3.056123000000000047e+03
3.060757000000000062e+03
3.065391000000000076e+03
3.070025000000000091e+03
3.074659000000000106e+03
3.079293000000000120e+03
3.083927000000000135e+03
3.088561000000000149e+03
3.093195000000000164e+03
3.097829000000000178e+03
3.102463000000000193e+03
3.107097000000000207e+03
3.111730999999999767e+03
3.116364999999999782e+03
3.120998999999999796e+03
3.125632999999999811e+03
3.130266999999999825e+03
3.134900999999999840e+03
3.139534999999999854e+03
3.144168999999999869e+03
3.148802999999999884e+03
3.153436999999999898e+03
3.158070999999999913e+03
3.162704999999999927e+03
3.167338999999999942e+03
3.171972999999999956e+03
3.176606999999999971e+03
3.181240999999999985e+03
3.185875000000000000e+03
3.190509000000000015e+03
3.195143000000000029e+03
3.199777000000000044e+03
3.204411000000000058e+03
3.209045000000000073e+03
3.213679000000000087e+03
3.218313000000000102e+03
3.222947000000000116e+03
3.227581000000000131e+03
3.232215000000000146e+03
3.236849000000000160e+03
3.241483000000000175e+03
3.246117000000000189e+03
3.250751000000000204e+03
3.255385000000000218e+03
3.260019000000000233e+03
3.264652999999999793e+03
3.269286999999999807e+03
3.273920999999999822e+03
3.278554999999999836e+03
3.283188999999999851e+03
3.287822999999999865e+03
3.292456999999999880e+03
3.297090999999999894e+03
3.301724999999999909e+03
3.306358999999999924e+03
3.310992999999999938e+03
3.315626999999999953e+03
3.320260999999999967e+03
3.324894999999999982e+03
3.329528999999999996e+03
3.334163000000000011e+03
3.338797000000000025e+03
3.343431000000000040e+03
3.348065000000000055e+03
3.352699000000000069e+03
3.357333000000000084e+03
3.361967000000000098e+03
3.366601000000000113e+03
3.371235000000000127e+03
3.375869000000000142e+03
3.380503000000000156e+03
3.385137000000000171e+03
3.389771000000000186e+03
3.394405000000000200e+03
3.399039000000000215e+03
3.403672999999999774e+03
3.408306999999999789e+03
3.412940999999999804e+03
3.417574999999999818e+03
3.422208999999999833e+03
3.426842999999999847e+03
3.431476999999999862e+03
3.436110999999999876e+03
3.440744999999999891e+03
3.445378999999999905e+03
3.450012999999999920e+03
3.454646999999999935e+03
3.459280999999999949e+03
3.463914999999999964e+03
3.468548999999999978e+03
3.473182999999999993e+03
3.477817000000000007e+03
3.482451000000000022e+03
3.487085000000000036e+03
3.491719000000000051e+03
3.496353000000000065e+03
3.500987000000000080e+03
3.505621000000000095e+03
3.510255000000000109e+03
3.514889000000000124e+03
3.519523000000000138e+03
