1.242646589796299000e+15
1.167931434235840000e+15
1.099371497634785000e+15
1.032539536389055000e+15
9.909730303515940000e+14
9.278855176912960000e+14
8.972378792064060000e+14
8.478992726372200000e+14
8.285545520081890000e+14
7.944330888908700000e+14
7.584848990975280000e+14
7.325191431035860000e+14
7.163722973684030000e+14
6.933961997120060000e+14
6.675974259466860000e+14
6.456464587120560000e+14
6.395465359408570000e+14
6.174776299625800000e+14
5.952067989883530000e+14
5.850689800346480000e+14
5.682807978623680000e+14
5.700981344591540000e+14
5.537062850974690000e+14
5.387372350408700000e+14
5.350438747267230000e+14
5.180173560031420000e+14
5.123576400830580000e+14
5.056579952005720000e+14
4.972973387954950000e+14
4.866304318786130000e+14
4.826481900911360000e+14
4.790258375942340000e+14
4.627335128064700000e+14
4.602587690029730000e+14
4.548641486740830000e+14
4.453620302857950000e+14
4.406892360453120000e+14
4.300534703225660000e+14
4.200995317367550000e+14
4.195784890094070000e+14
4.081320847566430000e+14
4.025429904961780000e+14
3.970030970778520000e+14
3.903231530195270000e+14
3.928813811938120000e+14
3.943273417201870000e+14
3.806577758991130000e+14
3.805948401610860000e+14
3.728288757257720000e+14
3.634271611617960000e+14
3.597818536049720000e+14
3.586793160760430000e+14
3.569010261564910000e+14
3.495530524072570000e+14
3.422414315737310000e+14
3.378534682816100000e+14
3.337002120329820000e+14
3.331566507932600000e+14
3.256040622690530000e+14
3.236493998581760000e+14
3.195429608753250000e+14
3.182087142361770000e+14
3.146348308324070000e+14
3.175644000814850000e+14
3.046749227209510000e+14
3.042010164634270000e+14
3.025869214038400000e+14
2.917685923206320000e+14
2.926966236861680000e+14
2.880737205702550000e+14
2.813729119782070000e+14
2.795867431869720000e+14
2.779301989649710000e+14
2.715552887270300000e+14
2.654238399418730000e+14
2.665389542676300000e+14
2.681592061523370000e+14
2.564405803954670000e+14
2.546452973335310000e+14
2.489416626551010000e+14
2.542196549800540000e+14
2.483077405379790000e+14
2.436813854224810000e+14
2.409107714155250000e+14
2.372052990891200000e+14
2.296324526741560000e+14
2.286751289837260000e+14
2.294106311416930000e+14
2.217948972743280000e+14
2.204183219713770000e+14
2.201973766446720000e+14
2.175117059945480000e+14
2.150866995487260000e+14
2.120386701145930000e+14
2.048540231332760000e+14
2.028296465960630000e+14
2.017504589132950000e+14
1.985369184609160000e+14
1.986651964881930000e+14
1.942350079767710000e+14
1.901138033488480000e+14
1.861924897269080000e+14
1.870334223858890000e+14
1.793129013508550000e+14
1.795953073378050000e+14
1.797604257611410000e+14
1.787515517701690000e+14
1.713827605581450000e+14
1.699497205168910000e+14
1.681545411315640000e+14
1.662022255058940000e+14
1.662714628715760000e+14
1.641028160542540000e+14
1.535991414736800000e+14
1.600565890473070000e+14
1.554309443004870000e+14
1.535786604416230000e+14
1.481569890061090000e+14
1.481563844457960000e+14
1.444870048970150000e+14
1.439612674055440000e+14
1.413597447181570000e+14
1.398928464374430000e+14
1.378058358153720000e+14
1.368212475768000000e+14
1.338255634012760000e+14
1.359701343421130000e+14
1.290684706623550000e+14
1.284588088218300000e+14
1.303999539213830000e+14
1.296924442259890000e+14
1.234571872433020000e+14
1.239897521375990000e+14
1.193923766814990000e+14
1.160594908338950000e+14
1.167159169885140000e+14
1.155220582339770000e+14
1.187621238580310000e+14
1.113798186420280000e+14
1.095226095448970000e+14
1.108445345539480000e+14
1.086787514537170000e+14
1.052123009150990000e+14
1.055589468777980000e+14
1.038662200956440000e+14
1.052640473791400000e+14
1.031669922527670000e+14
1.022637243136120000e+14
9.750198730176200000e+13
9.767696431211200000e+13
9.771951769510100000e+13
9.474952188158800000e+13
8.965623636610700000e+13
9.049968538459600000e+13
8.672322381437900000e+13
8.758293717424100000e+13
8.948055104008300000e+13
9.001622585858200000e+13
8.667008073266200000e+13
8.417732310900200000e+13
8.138413285784400000e+13
8.371542219814000000e+13
8.103292728081100000e+13
7.919410795124400000e+13
7.865496751407000000e+13
7.782008807599900000e+13
7.842395637373500000e+13
7.542508583947100000e+13
7.299748301373000000e+13
7.331006639618800000e+13
7.121782839491200000e+13
7.111744036945900000e+13
7.006232633586400000e+13
7.061487807140500000e+13
7.073761891169100000e+13
6.570168593396000000e+13
6.728394496480900000e+13
6.681430326437100000e+13
6.501861563762400000e+13
6.451440019600900000e+13
6.360281575946000000e+13
6.008792382832900000e+13
6.396810174557600000e+13
5.838168552184000000e+13
5.975504408711500000e+13
5.964440876058100000e+13
6.030377257293900000e+13
5.819928225299600000e+13
5.636222350423700000e+13
5.547571568846800000e+13
5.388693625933600000e+13
5.525137844306900000e+13
5.613402112150700000e+13
5.276497708411600000e+13
5.213788879336300000e+13
5.076178035800000000e+13
5.011149891280300000e+13
5.091419328986100000e+13
4.844724842722600000e+13
5.019899659967800000e+13
4.989061666066500000e+13
4.803743816779500000e+13
4.674973127436100000e+13
4.566842800596200000e+13
4.475154154035600000e+13
4.558828520647600000e+13
4.636155106570100000e+13
4.424715975535500000e+13
4.450674748749900000e+13
4.409720304222300000e+13
4.436572959682300000e+13
4.465223373475400000e+13
4.000993547682100000e+13
4.135574275487900000e+13
4.185962171725900000e+13
4.092652178373400000e+13
3.966903282222900000e+13
4.006811157769100000e+13
3.798474660605400000e+13
3.779179044491100000e+13
3.724853837368800000e+13
3.766572563039900000e+13
3.576694143950300000e+13
3.755526779320700000e+13
3.800739065623000000e+13
3.659959572795200000e+13
3.823386137120500000e+13
3.637874324609300000e+13
3.630606518074200000e+13
3.403163535976000000e+13
3.620795683078900000e+13
3.307458214619100000e+13
3.323895529667100000e+13
3.429263918368500000e+13
3.142105485135100000e+13
3.192238735599600000e+13
3.266459362537300000e+13
3.158654501378300000e+13
3.109044175516100000e+13
3.101208093859800000e+13
2.963588479575400000e+13
2.922729866916200000e+13
3.055171132792600000e+13
3.016120040004000000e+13
2.945726320350200000e+13
2.720173835976200000e+13
2.655309063743600000e+13
2.773427990001700000e+13
2.883949494356500000e+13
2.838897744391900000e+13
2.618234044259300000e+13
2.779759972028900000e+13
2.743306896635200000e+13
2.812645067401500000e+13
2.546595002658700000e+13
2.594235297341500000e+13
2.523253001564800000e+13
2.439174878827700000e+13
2.679311259187600000e+13
2.415720191735100000e+13
2.466637732194300000e+13
2.584742802178300000e+13
2.408888478599400000e+13
2.370051993786300000e+13
2.315589099728200000e+13
2.350896430545500000e+13
2.343023118674200000e+13
2.284679684815600000e+13
2.281142554932400000e+13
2.264185581163600000e+13
2.231019397676200000e+13
2.246298789647500000e+13
2.098156826337000000e+13
2.061148102239700000e+13
2.161411436551500000e+13
1.972662542556100000e+13
2.111890435426300000e+13
1.986999563479100000e+13
1.875019708045700000e+13
1.923611444599400000e+13
2.029954088209300000e+13
1.975567527319000000e+13
1.820011482308200000e+13
1.855845217330600000e+13
1.924483097656600000e+13
1.854072973783000000e+13
1.904749322061900000e+13
1.821261260776100000e+13
1.621896878290400000e+13
1.807015048223400000e+13
1.809161867877000000e+13
1.739740822782700000e+13
1.679363926073300000e+13
1.763811235051300000e+13
1.651499972036300000e+13
1.691367420449900000e+13
1.694857340751900000e+13
1.672567697273300000e+13
1.626910706454200000e+13
1.556006609473400000e+13
1.552069510172600000e+13
1.384535118181300000e+13
1.610153989188600000e+13
1.534110378519800000e+13
1.517901751624100000e+13
1.564865649692900000e+13
1.501320336972100000e+13
1.481601553375400000e+13
1.450799298285500000e+13
1.574869372785200000e+13
1.456882714027000000e+13
1.448078679649700000e+13
1.433173791112400000e+13
1.294888822361900000e+13
1.350454772547900000e+13
1.295120229699100000e+13
1.392726621389300000e+13
1.278121286536000000e+13
1.322318489472100000e+13
1.225245057892600000e+13
1.315456650100300000e+13
1.235224955486800000e+13
1.144930369369600000e+13
1.157005391907700000e+13
1.199827206313800000e+13
1.154371198324200000e+13
1.197539924555800000e+13
1.273967774456900000e+13
1.108899983005500000e+13
1.216041364030300000e+13
1.172681263245100000e+13
1.149873930983900000e+13
1.066594357086500000e+13
1.092112429835300000e+13
1.138945792671800000e+13
1.127156808968400000e+13
1.069913604394200000e+13
1.063202095399100000e+13
1.071437196560900000e+13
1.036032087216600000e+13
1.007601370800300000e+13
9.877343559576000000e+12
9.592419711292000000e+12
1.056577999818000000e+13
9.739729370311000000e+12
1.018984561168600000e+13
9.312128253974000000e+12
9.421965729374000000e+12
9.604883418594000000e+12
9.390724291773000000e+12
9.690025217706000000e+12
8.349050039713000000e+12
8.957035681429000000e+12
9.870071112798000000e+12
9.478167588197000000e+12
8.365467218266000000e+12
8.104546693036000000e+12
8.431299449275000000e+12
7.948763078839000000e+12
7.837164796489000000e+12
7.966530129101000000e+12
7.417772808278000000e+12
7.927816047631000000e+12
7.309560132761000000e+12
8.284468707965000000e+12
7.890756355370000000e+12
7.622481529598000000e+12
7.725396764476000000e+12
7.786720978058000000e+12
7.900549737337000000e+12
7.222995514978000000e+12
7.033894409368000000e+12
7.701396957522000000e+12
6.597322963626000000e+12
7.313941309785000000e+12
6.220210237368000000e+12
7.251033823220000000e+12
5.805655666202000000e+12
6.226881703182000000e+12
6.721395508871000000e+12
6.919140011640000000e+12
6.291052984827000000e+12
6.480923882165000000e+12
6.641012521458000000e+12
6.182988136992000000e+12
5.611555528963000000e+12
5.498637589152000000e+12
5.805405016446000000e+12
6.704389072272000000e+12
5.587203037745000000e+12
5.644873967694000000e+12
5.767651677001000000e+12
5.696528682232000000e+12
5.585719213336000000e+12
4.750554278457000000e+12
5.272191867948000000e+12
5.855416368775000000e+12
4.764907067737000000e+12
5.212977583511000000e+12
4.864120555440000000e+12
5.044109543194000000e+12
5.149200827259000000e+12
5.134080964250000000e+12
4.831892436467000000e+12
5.114592848350000000e+12
4.594989686298000000e+12
5.192489590181000000e+12
4.667764405975000000e+12
3.893297496745000000e+12
4.601185879489000000e+12
5.374308889881000000e+12
4.619892426313000000e+12
3.970683978984000000e+12
4.192675366498000000e+12
4.059696136011000000e+12
4.884911974552000000e+12
4.290756427986000000e+12
4.388554930130000000e+12
4.234539009301000000e+12
4.171092861389000000e+12
4.183717430934000000e+12
3.545359522191000000e+12
3.728871171837000000e+12
3.848407997796000000e+12
3.870869086186000000e+12
3.891509108828000000e+12
3.080242045096000000e+12
3.595547158601000000e+12
3.612017757428000000e+12
4.097748178308000000e+12
3.825598203505000000e+12
3.433078290614000000e+12
3.202417662674000000e+12
3.350875050402000000e+12
3.809911940153000000e+12
3.697866007046000000e+12
3.449142546065000000e+12
3.068674163035000000e+12
3.017721891837000000e+12
3.055398647664000000e+12
3.325900746420000000e+12
3.120294737312000000e+12
3.242095558075000000e+12
3.258874047985000000e+12
3.383955406697000000e+12
2.947671582549000000e+12
3.239387117192000000e+12
3.100086322963000000e+12
2.520125315737000000e+12
2.767118928572000000e+12
2.477222433554000000e+12
2.348390005219000000e+12
2.545895573709000000e+12
3.392668268443000000e+12
2.391465868778000000e+12
2.598380098078000000e+12
2.431059794576000000e+12
2.558547631827000000e+12
3.136429462582000000e+12
2.636388538172000000e+12
2.708424257785000000e+12
2.693557437792000000e+12
2.367991614122000000e+12
2.806281159712000000e+12
2.629725695735000000e+12
2.728760950475000000e+12
2.084639098912000000e+12
2.720203053144000000e+12
2.525008664960000000e+12
2.102843815804000000e+12
2.270044471734000000e+12
2.158230513395000000e+12
2.152623458269000000e+12
2.214354353791000000e+12
2.009478305613000000e+12
2.393057590490000000e+12
2.084301770817000000e+12
2.273741523541000000e+12
1.997889961077000000e+12
2.707182835366000000e+12
1.693069058043000000e+12
1.950074610416000000e+12
2.105037044962000000e+12
1.633538520743000000e+12
2.055801929904000000e+12
1.625914215551000000e+12
1.735105504048000000e+12
1.788329732591000000e+12
1.590553102061000000e+12
1.779071439282000000e+12
1.668671833168000000e+12
1.718345560927000000e+12
1.537439357679000000e+12
1.751561685634000000e+12
1.829521591424000000e+12
1.297434041124000000e+12
1.462494058125000000e+12
1.431986091631000000e+12
1.512483992597000000e+12
1.769487487608000000e+12
1.397585843380000000e+12
1.568380329663000000e+12
1.588735790415000000e+12
1.481787073283000000e+12
1.550998615729000000e+12
1.351130733308000000e+12
1.253577501346000000e+12
1.362853730441000000e+12
1.388752513479000000e+12
1.514353162282000000e+12
1.485888587136000000e+12
1.202492676270000000e+12
1.535298575024000000e+12
1.306856429353000000e+12
1.381610297920000000e+12
1.615428749218000000e+12
1.101952129685000000e+12
1.119267800324000000e+12
1.127334656675000000e+12
1.159388383067000000e+12
1.225183269586000000e+12
7.486600630690000000e+11
1.397415239762000000e+12
1.369898788750000000e+12
1.235827101726000000e+12
1.226293995940000000e+12
8.521494758200000000e+11
9.006300333750000000e+11
1.072696586027000000e+12
1.199928195407000000e+12
8.934400084750000000e+11
1.094186317461000000e+12
9.537721247020000000e+11
9.395297270430000000e+11
1.008502602515000000e+12
9.778598014640000000e+11
9.364090241080000000e+11
7.617456864080000000e+11
8.382552340500000000e+11
7.503845278900000000e+11
8.560892275320000000e+11
6.775456358190000000e+11
7.783310940190000000e+11
8.673617699350000000e+11
7.498075123210000000e+11
7.809947979080000000e+11
7.540777026840000000e+11
9.121225008350000000e+11
8.395901307820000000e+11
7.337236614380000000e+11
7.321939614630000000e+11
8.067900378470000000e+11
6.241747404370000000e+11
5.430597178520000000e+11
9.719628421900000000e+11
6.900266522730000000e+11
8.039766952030000000e+11
9.200607710350000000e+11
7.439124440230000000e+11
9.166679714010000000e+11
6.327793693120000000e+11
6.454447989520000000e+11
7.220961328220000000e+11
5.816637687370000000e+11
7.107230732390000000e+11
8.285938103340000000e+11
4.624274614500000000e+11
5.958656854220000000e+11
6.928963514940000000e+11
5.551525430700000000e+11
5.637920981060000000e+11
5.024641687190000000e+11
6.192120153930000000e+11
5.935147218550000000e+11
5.308176275520000000e+11
4.755828703930000000e+11
6.231684589580000000e+11
6.483928169060000000e+11
4.579145254630000000e+11
4.280064626130000000e+11
4.967899085650000000e+11
4.205883004560000000e+11
3.801792072850000000e+11
3.462401681690000000e+11
4.555553907970000000e+11
6.326061952240000000e+11
3.398883573050000000e+11
4.978753836180000000e+11
3.991143706580000000e+11
2.747513054210000000e+11
5.197798774170000000e+11
4.312729229510000000e+11
5.060731219140000000e+11
5.094367569650000000e+11
5.166003020470000000e+11
5.615457789250000000e+11
3.221434496160000000e+11
3.303670694640000000e+11
4.793476458130000000e+11
4.445239643660000000e+11
2.355344368490000000e+11
2.872611783450000000e+11
4.702475146500000000e+11
3.859582794140000000e+11
4.261305468350000000e+11
2.421388138260000000e+11
2.669604246830000000e+11
2.218105145720000000e+11
2.919728872380000000e+11
1.658386424050000000e+11
2.567008268660000000e+11
2.671752202210000000e+11
1.375325806570000000e+11
3.155726453350000000e+11
1.674454378120000000e+11
1.826672450260000000e+11
3.254457038790000000e+11
3.173397019890000000e+11
1.863041631420000000e+11
2.395792895200000000e+11
3.161878278730000000e+11
1.941284780600000000e+11
2.553142609680000000e+11
1.497312686620000000e+11
3.528943608300000000e+11
1.843952816540000000e+11
2.351765673360000000e+11
1.675329341020000000e+11
1.446854062210000000e+11
2.070514667710000000e+11
2.611027072660000000e+11
2.211540421030000000e+11
1.863838724970000000e+11
2.716312560730000000e+11
1.772425326260000000e+11
3.095286668630000000e+11
1.824894030370000000e+11
3.121702361870000000e+11
1.302342494880000000e+11
1.882200715900000000e+11
2.161355135220000000e+11
1.332186170620000000e+11
1.205077759910000000e+11
1.655932536620000000e+11
2.232383069510000000e+11
1.637239461260000000e+11
1.388283530700000000e+11
1.892625315010000000e+11
1.442758626750000000e+11
2.639549665800000000e+10
1.811935019130000000e+11
8.099607732700000000e+10
1.146982376230000000e+11
1.432591755140000000e+11
1.954407338120000000e+11
1.294530606350000000e+11
1.701960249790000000e+11
1.752888802950000000e+11
1.783138647630000000e+11
1.062513469180000000e+11
1.940564984850000000e+11
8.019191985200000000e+10
1.121802343250000000e+11
1.975348406560000000e+11
1.221389447740000000e+11
1.682316754890000000e+11
1.109294579060000000e+11
1.178653576990000000e+11
6.929375895800000000e+10
1.127934769950000000e+11
1.014264312480000000e+11
8.590164994600000000e+10
2.008862521150000000e+11
3.233223943300000000e+10
1.406881579350000000e+11
1.043788070940000000e+11
1.061790172040000000e+11
8.992110500400000000e+10
8.545791095800000000e+10
1.201063880680000000e+11
9.878136069800000000e+10
1.435556874960000000e+11
5.398821735600000000e+10
1.024591768460000000e+11
1.926719744490000000e+11
1.569697646110000000e+11
1.266694587050000000e+11
5.355106838400000000e+10
5.098657282900000000e+10
1.011500620040000000e+11
6.550837266300000000e+10
9.984952843600000000e+10
9.614012480400000000e+10
3.067045986000000000e+10
9.819229029000000000e+10
1.753569862680000000e+11
1.172985819410000000e+11
1.341859029650000000e+11
9.038645227000000000e+09
5.083332369700000000e+10
4.067182314500000000e+10
1.174106383190000000e+11
1.898418783610000000e+11
5.551142805400000000e+10
3.477721118300000000e+10
2.982061325000000000e+10
6.743252743100000000e+10
5.721277749800000000e+10
3.303931723100000000e+10
1.115281144610000000e+11
1.494856424790000000e+11
9.400761217000000000e+10
6.508362700700000000e+10
7.047400760200000000e+10
2.490027462800000000e+10
4.086607172100000000e+10
1.255675615320000000e+11
6.235657525600000000e+10
4.255619843600000000e+10
1.607879182200000000e+10
2.886468933500000000e+10
3.491955758000000000e+10
1.727421276960000000e+11
6.663908460000000000e+09
2.966006322700000000e+10
1.430888476640000000e+11
4.820078177000000000e+10
4.851585730700000000e+10
2.104257769400000000e+10
2.960432317500000000e+10
1.133832664820000000e+11
4.328060130700000000e+10
4.614105805600000000e+10
3.620532369500000000e+10
3.799434856700000000e+10
9.443557350800000000e+10
8.979771300600000000e+10
4.742433325600000000e+10
4.495339052600000000e+10
1.938695044600000000e+10
7.173092719100000000e+10
6.550697128000000000e+10
8.400003641500000000e+10
5.245312017700000000e+10
3.829998337300000000e+10
