4.005199999999999960e+01
4.263599999999999568e+01
4.521999999999999886e+01
4.780400000000000205e+01
5.038799999999999812e+01
5.297200000000000131e+01
5.555599999999999739e+01
5.814000000000000057e+01
6.072400000000000375e+01
6.330799999999999272e+01
6.589199999999999591e+01
6.847599999999999909e+01
7.106000000000000227e+01
7.364400000000000546e+01
7.622800000000000864e+01
7.881199999999999761e+01
8.139600000000000080e+01
8.398000000000000398e+01
8.656399999999999295e+01
8.914799999999999613e+01
9.173199999999999932e+01
9.431600000000000250e+01
9.690000000000000568e+01
9.948399999999999466e+01
1.020679999999999978e+02
1.046520000000000010e+02
1.072360000000000042e+02
1.098199999999999932e+02
1.124039999999999964e+02
1.149879999999999995e+02
1.175720000000000027e+02
1.201560000000000059e+02
1.227399999999999949e+02
1.253239999999999981e+02
1.279079999999999870e+02
1.304919999999999902e+02
1.330759999999999934e+02
1.356599999999999966e+02
1.382439999999999998e+02
1.408280000000000030e+02
1.434120000000000061e+02
1.459960000000000093e+02
1.485800000000000125e+02
1.511639999999999873e+02
1.537479999999999905e+02
1.563319999999999936e+02
1.589159999999999968e+02
1.615000000000000000e+02
1.640840000000000032e+02
1.666680000000000064e+02
1.692520000000000095e+02
1.718360000000000127e+02
1.744199999999999875e+02
1.770039999999999907e+02
1.795879999999999939e+02
1.821719999999999970e+02
1.847560000000000002e+02
1.873400000000000034e+02
1.899240000000000066e+02
1.925080000000000098e+02
1.950919999999999845e+02
1.976759999999999877e+02
2.002599999999999909e+02
2.028439999999999941e+02
2.054279999999999973e+02
2.080120000000000005e+02
2.105960000000000036e+02
2.131800000000000068e+02
2.157640000000000100e+02
2.183480000000000132e+02
2.209319999999999879e+02
2.235159999999999911e+02
2.260999999999999943e+02
2.286839999999999975e+02
2.312680000000000007e+02
2.338520000000000039e+02
2.364360000000000070e+02
2.390200000000000102e+02
2.416039999999999850e+02
2.441879999999999882e+02
2.467719999999999914e+02
2.493559999999999945e+02
2.519399999999999977e+02
2.545240000000000009e+02
2.571080000000000041e+02
2.596920000000000073e+02
2.622759999999999536e+02
2.648600000000000136e+02
2.674439999999999600e+02
2.700280000000000200e+02
2.726119999999999663e+02
2.751960000000000264e+02
2.777799999999999727e+02
2.803640000000000327e+02
2.829479999999999791e+02
2.855320000000000391e+02
2.881159999999999854e+02
2.907000000000000455e+02
2.932839999999999918e+02
2.958680000000000518e+02
2.984519999999999982e+02
3.010360000000000014e+02
3.036200000000000045e+02
3.062039999999999509e+02
3.087880000000000109e+02
3.113719999999999573e+02
3.139560000000000173e+02
3.165399999999999636e+02
3.191240000000000236e+02
3.217079999999999700e+02
3.242920000000000300e+02
3.268759999999999764e+02
3.294600000000000364e+02
3.320439999999999827e+02
3.346280000000000427e+02
3.372119999999999891e+02
3.397960000000000491e+02
3.423799999999999955e+02
3.449639999999999986e+02
3.475480000000000018e+02
3.501319999999999482e+02
3.527160000000000082e+02
3.552999999999999545e+02
3.578840000000000146e+02
3.604679999999999609e+02
3.630520000000000209e+02
3.656359999999999673e+02
3.682200000000000273e+02
3.708039999999999736e+02
3.733880000000000337e+02
3.759719999999999800e+02
3.785560000000000400e+02
3.811399999999999864e+02
3.837240000000000464e+02
3.863079999999999927e+02
3.888920000000000528e+02
3.914759999999999991e+02
3.940599999999999454e+02
3.966440000000000055e+02
3.992279999999999518e+02
4.018120000000000118e+02
4.043959999999999582e+02
4.069800000000000182e+02
4.095639999999999645e+02
4.121480000000000246e+02
4.147319999999999709e+02
4.173160000000000309e+02
4.198999999999999773e+02
4.224840000000000373e+02
4.250679999999999836e+02
4.276520000000000437e+02
4.302359999999999900e+02
4.328200000000000500e+02
4.354039999999999964e+02
4.379879999999999995e+02
4.405720000000000027e+02
4.431559999999999491e+02
4.457400000000000091e+02
4.483239999999999554e+02
4.509080000000000155e+02
4.534919999999999618e+02
4.560760000000000218e+02
4.586599999999999682e+02
4.612440000000000282e+02
4.638279999999999745e+02
4.664120000000000346e+02
4.689959999999999809e+02
4.715800000000000409e+02
4.741639999999999873e+02
4.767480000000000473e+02
4.793319999999999936e+02
4.819160000000000537e+02
4.845000000000000000e+02
4.870839999999999463e+02
4.896680000000000064e+02
4.922519999999999527e+02
4.948360000000000127e+02
4.974199999999999591e+02
5.000040000000000191e+02
5.025879999999999654e+02
5.051720000000000255e+02
5.077559999999999718e+02
5.103400000000000318e+02
5.129239999999999782e+02
5.155080000000000382e+02
5.180919999999999845e+02
5.206759999999999309e+02
5.232599999999999909e+02
5.258440000000000509e+02
5.284279999999999973e+02
5.310119999999999436e+02
5.335960000000000036e+02
5.361800000000000637e+02
5.387640000000000100e+02
5.413479999999999563e+02
5.439320000000000164e+02
5.465160000000000764e+02
5.491000000000000227e+02
5.516839999999999691e+02
5.542680000000000291e+02
5.568519999999999754e+02
5.594359999999999218e+02
5.620199999999999818e+02
5.646040000000000418e+02
5.671879999999999882e+02
5.697719999999999345e+02
5.723559999999999945e+02
5.749400000000000546e+02
5.775240000000000009e+02
5.801079999999999472e+02
5.826920000000000073e+02
5.852760000000000673e+02
5.878600000000000136e+02
5.904439999999999600e+02
5.930280000000000200e+02
5.956120000000000800e+02
5.981960000000000264e+02
6.007799999999999727e+02
6.033640000000000327e+02
6.059479999999999791e+02
6.085319999999999254e+02
6.111159999999999854e+02
6.137000000000000455e+02
6.162839999999999918e+02
6.188679999999999382e+02
6.214519999999999982e+02
6.240360000000000582e+02
6.266200000000000045e+02
6.292039999999999509e+02
6.317880000000000109e+02
6.343720000000000709e+02
6.369560000000000173e+02
6.395399999999999636e+02
6.421240000000000236e+02
6.447080000000000837e+02
6.472919999999999163e+02
6.498759999999999764e+02
6.524600000000000364e+02
6.550439999999999827e+02
6.576279999999999291e+02
6.602119999999999891e+02
6.627960000000000491e+02
6.653799999999999955e+02
6.679639999999999418e+02
6.705480000000000018e+02
6.731320000000000618e+02
6.757160000000000082e+02
6.782999999999999545e+02
6.808840000000000146e+02
6.834680000000000746e+02
6.860520000000000209e+02
6.886359999999999673e+02
6.912200000000000273e+02
6.938039999999999736e+02
6.963879999999999200e+02
6.989719999999999800e+02
7.015560000000000400e+02
7.041399999999999864e+02
7.067239999999999327e+02
7.093079999999999927e+02
7.118920000000000528e+02
7.144759999999999991e+02
7.170599999999999454e+02
7.196440000000000055e+02
7.222280000000000655e+02
7.248120000000000118e+02
7.273959999999999582e+02
7.299800000000000182e+02
7.325640000000000782e+02
7.351480000000000246e+02
7.377319999999999709e+02
7.403160000000000309e+02
7.428999999999999773e+02
7.454839999999999236e+02
7.480679999999999836e+02
7.506520000000000437e+02
7.532359999999999900e+02
7.558199999999999363e+02
7.584039999999999964e+02
7.609880000000000564e+02
7.635720000000000027e+02
7.661559999999999491e+02
7.687400000000000091e+02
7.713240000000000691e+02
7.739080000000000155e+02
7.764919999999999618e+02
7.790760000000000218e+02
7.816600000000000819e+02
7.842439999999999145e+02
7.868279999999999745e+02
7.894120000000000346e+02
7.919959999999999809e+02
7.945799999999999272e+02
7.971639999999999873e+02
7.997480000000000473e+02
8.023319999999999936e+02
8.049159999999999400e+02
8.075000000000000000e+02
8.100840000000000600e+02
8.126680000000000064e+02
8.152519999999999527e+02
8.178360000000000127e+02
8.204200000000000728e+02
8.230040000000000191e+02
8.255879999999999654e+02
8.281720000000000255e+02
8.307560000000000855e+02
8.333399999999999181e+02
8.359239999999999782e+02
8.385080000000000382e+02
8.410919999999999845e+02
8.436759999999999309e+02
8.462599999999999909e+02
8.488440000000000509e+02
8.514279999999999973e+02
8.540119999999999436e+02
8.565960000000000036e+02
8.591800000000000637e+02
8.617640000000000100e+02
8.643479999999999563e+02
8.669320000000000164e+02
8.695160000000000764e+02
8.721000000000000227e+02
8.746839999999999691e+02
8.772680000000000291e+02
8.798519999999999754e+02
8.824359999999999218e+02
8.850199999999999818e+02
8.876040000000000418e+02
8.901879999999999882e+02
8.927719999999999345e+02
8.953559999999999945e+02
8.979400000000000546e+02
9.005240000000000009e+02
9.031079999999999472e+02
9.056920000000000073e+02
9.082760000000000673e+02
9.108600000000000136e+02
9.134439999999999600e+02
9.160280000000000200e+02
9.186120000000000800e+02
9.211960000000000264e+02
9.237799999999999727e+02
9.263640000000000327e+02
9.289479999999999791e+02
9.315319999999999254e+02
9.341159999999999854e+02
9.367000000000000455e+02
9.392839999999999918e+02
9.418679999999999382e+02
9.444519999999999982e+02
9.470360000000000582e+02
9.496200000000000045e+02
9.522039999999999509e+02
9.547880000000000109e+02
9.573720000000000709e+02
9.599560000000000173e+02
9.625399999999999636e+02
9.651240000000000236e+02
9.677080000000000837e+02
9.702919999999999163e+02
9.728759999999999764e+02
9.754600000000000364e+02
9.780439999999999827e+02
9.806279999999999291e+02
9.832119999999999891e+02
9.857960000000000491e+02
9.883799999999999955e+02
9.909639999999999418e+02
9.935480000000000018e+02
9.961320000000000618e+02
9.987160000000000082e+02
1.001299999999999955e+03
1.003884000000000015e+03
1.006468000000000075e+03
1.009052000000000021e+03
1.011635999999999967e+03
1.014220000000000027e+03
1.016803999999999974e+03
1.019387999999999920e+03
1.021971999999999980e+03
1.024556000000000040e+03
1.027139999999999873e+03
1.029724000000000160e+03
1.032307999999999993e+03
1.034891999999999825e+03
1.037476000000000113e+03
1.040059999999999945e+03
1.042644000000000005e+03
1.045228000000000065e+03
1.047811999999999898e+03
1.050396000000000186e+03
1.052980000000000018e+03
1.055563999999999851e+03
1.058148000000000138e+03
1.060731999999999971e+03
1.063315999999999804e+03
1.065900000000000091e+03
1.068483999999999924e+03
1.071067999999999984e+03
1.073652000000000044e+03
1.076235999999999876e+03
1.078820000000000164e+03
1.081403999999999996e+03
1.083987999999999829e+03
1.086572000000000116e+03
1.089155999999999949e+03
1.091740000000000009e+03
1.094324000000000069e+03
1.096907999999999902e+03
1.099492000000000189e+03
1.102076000000000022e+03
1.104659999999999854e+03
1.107244000000000142e+03
1.109827999999999975e+03
1.112411999999999807e+03
1.114996000000000095e+03
1.117579999999999927e+03
1.120163999999999987e+03
1.122748000000000047e+03
1.125331999999999880e+03
1.127916000000000167e+03
1.130500000000000000e+03
1.133083999999999833e+03
1.135668000000000120e+03
1.138251999999999953e+03
1.140836000000000013e+03
1.143420000000000073e+03
1.146003999999999905e+03
1.148588000000000193e+03
1.151172000000000025e+03
1.153755999999999858e+03
1.156340000000000146e+03
1.158923999999999978e+03
1.161507999999999811e+03
1.164092000000000098e+03
1.166675999999999931e+03
1.169259999999999991e+03
1.171844000000000051e+03
1.174427999999999884e+03
1.177012000000000171e+03
1.179596000000000004e+03
1.182179999999999836e+03
1.184764000000000124e+03
1.187347999999999956e+03
1.189932000000000016e+03
1.192516000000000076e+03
1.195099999999999909e+03
1.197684000000000196e+03
1.200268000000000029e+03
1.202851999999999862e+03
1.205436000000000149e+03
1.208019999999999982e+03
1.210603999999999814e+03
1.213188000000000102e+03
1.215771999999999935e+03
1.218355999999999995e+03
1.220940000000000055e+03
1.223523999999999887e+03
1.226108000000000175e+03
1.228692000000000007e+03
1.231275999999999840e+03
1.233860000000000127e+03
1.236443999999999960e+03
1.239028000000000020e+03
1.241612000000000080e+03
1.244195999999999913e+03
1.246779999999999973e+03
1.249364000000000033e+03
1.251947999999999865e+03
1.254532000000000153e+03
1.257115999999999985e+03
1.259699999999999818e+03
1.262284000000000106e+03
1.264867999999999938e+03
1.267451999999999998e+03
1.270036000000000058e+03
1.272619999999999891e+03
1.275204000000000178e+03
1.277788000000000011e+03
1.280371999999999844e+03
1.282956000000000131e+03
1.285539999999999964e+03
1.288124000000000024e+03
1.290708000000000084e+03
1.293291999999999916e+03
1.295875999999999976e+03
1.298460000000000036e+03
1.301043999999999869e+03
1.303628000000000156e+03
1.306211999999999989e+03
1.308795999999999822e+03
1.311380000000000109e+03
1.313963999999999942e+03
1.316548000000000002e+03
1.319132000000000062e+03
1.321715999999999894e+03
1.324300000000000182e+03
1.326884000000000015e+03
1.329467999999999847e+03
1.332052000000000135e+03
1.334635999999999967e+03
1.337220000000000027e+03
1.339804000000000087e+03
1.342387999999999920e+03
1.344971999999999980e+03
1.347556000000000040e+03
1.350139999999999873e+03
1.352724000000000160e+03
1.355307999999999993e+03
1.357891999999999825e+03
1.360476000000000113e+03
