2.403830647554952000e+15
2.189779105186624000e+15
2.005173360750100000e+15
1.865351040875600000e+15
1.712644797432692000e+15
1.541253361150225000e+15
1.490454329131268000e+15
1.382196640233185000e+15
1.329467185837219000e+15
1.253587811646366000e+15
1.185680482130506000e+15
1.112136615404005000e+15
1.059359544979560000e+15
1.003146512170424000e+15
9.428727334212470000e+14
8.966664965034080000e+14
8.553273473349460000e+14
8.507059823521700000e+14
8.343393009882680000e+14
7.778177508547270000e+14
7.456983509418180000e+14
6.952793311371170000e+14
6.612712980837630000e+14
6.584355758296700000e+14
6.119757714144270000e+14
6.224085874359780000e+14
5.937419858639130000e+14
5.847006536052120000e+14
5.536383100959540000e+14
5.353361528707890000e+14
5.098778232314660000e+14
5.027065957976270000e+14
4.840330937592570000e+14
4.908931654107280000e+14
4.666141579706640000e+14
4.345791675578090000e+14
4.224015032078430000e+14
4.220627307917230000e+14
4.099921188729870000e+14
4.151493919627330000e+14
3.818057456863900000e+14
3.709723043779220000e+14
3.768427464967600000e+14
3.371262622388270000e+14
3.471432520619130000e+14
3.168192402263480000e+14
3.088410005013540000e+14
3.112739211398790000e+14
3.091598360493430000e+14
2.920819108859890000e+14
2.858563587119120000e+14
2.854517286225140000e+14
2.538175271311080000e+14
2.654491975358100000e+14
2.565113989219920000e+14
2.516498980176520000e+14
2.479479153437080000e+14
2.457871142665880000e+14
2.324883110731510000e+14
2.354142535899620000e+14
2.141771288557270000e+14
2.105521822415150000e+14
1.954569552971650000e+14
2.135340858653380000e+14
2.006080445792570000e+14
2.029511655450110000e+14
1.998516161623370000e+14
1.908699819958970000e+14
1.926566193237350000e+14
1.823184240518940000e+14
1.768422488073540000e+14
1.835697990726560000e+14
1.752713079459610000e+14
1.679739047281940000e+14
1.647135047655550000e+14
1.619781961847490000e+14
1.585717970474450000e+14
1.368603344393940000e+14
1.504323702928980000e+14
1.483494671476670000e+14
1.426594664763630000e+14
1.395415335049580000e+14
1.374429674807480000e+14
1.154963022518880000e+14
1.303867018049500000e+14
1.324297142389160000e+14
1.196590732300030000e+14
1.248251482241770000e+14
1.240927199754590000e+14
1.236673838358450000e+14
1.171085843465770000e+14
1.077305142370890000e+14
1.116134842885930000e+14
9.858649022078100000e+13
1.066792554033130000e+14
1.006616301464150000e+14
1.006633639933840000e+14
9.969093694176500000e+13
9.700820171304500000e+13
9.674191846554000000e+13
8.923792796224200000e+13
8.668715351274300000e+13
9.808655781099000000e+13
8.062427127079400000e+13
7.729892328318200000e+13
8.418725123552900000e+13
7.723615191492500000e+13
7.722976244186300000e+13
8.358617599748100000e+13
7.430268228828800000e+13
7.022790259432000000e+13
7.339198886153300000e+13
7.250355612186100000e+13
7.209412938189600000e+13
6.673983946425100000e+13
6.448561602862200000e+13
6.897650182391200000e+13
6.988771825047300000e+13
6.633043969421700000e+13
6.911301116578900000e+13
5.562156465696100000e+13
5.881458472623000000e+13
5.882216254981100000e+13
5.773226440790100000e+13
5.628635196612900000e+13
5.400675279135200000e+13
5.735456860876000000e+13
5.625544628065800000e+13
5.734889432680200000e+13
4.960854759897100000e+13
4.402460826785600000e+13
4.414645574874800000e+13
4.802110249347400000e+13
4.680502454426300000e+13
4.671944512979100000e+13
4.710971234259100000e+13
5.343641445382900000e+13
4.310514322877800000e+13
4.053882000768000000e+13
4.451478949664700000e+13
4.221120132761200000e+13
4.355684089317400000e+13
4.366177600443200000e+13
4.372679469979300000e+13
3.370654110990500000e+13
4.186132291104700000e+13
3.942365291776700000e+13
3.046194475483700000e+13
3.801120489219000000e+13
3.428023645362300000e+13
2.905230357773600000e+13
3.733388095446500000e+13
2.990462497702200000e+13
3.309641223716600000e+13
3.057553268866700000e+13
3.431928610312200000e+13
3.306720811029100000e+13
3.132161464691000000e+13
3.155904048576000000e+13
2.542766103927000000e+13
2.688484087825700000e+13
2.907584902935200000e+13
2.897941338688200000e+13
2.680926203073300000e+13
2.573917282832400000e+13
2.736490773462500000e+13
2.586972758341200000e+13
2.739365278420700000e+13
2.704154490804600000e+13
2.654334765382900000e+13
2.468050892622700000e+13
2.408982695779700000e+13
2.524422324769600000e+13
2.415926104088800000e+13
2.116235096004300000e+13
1.857138716690700000e+13
2.220679723698600000e+13
2.203296506745500000e+13
2.322512892947900000e+13
1.753228286664600000e+13
2.179144683470900000e+13
1.909444695782300000e+13
2.236981363441000000e+13
1.939702085655200000e+13
1.768672136456000000e+13
1.769941017230400000e+13
1.978218557240500000e+13
1.886283781461600000e+13
1.925889939409900000e+13
1.522781688771600000e+13
1.644807813280400000e+13
1.645880257106300000e+13
1.397861838186400000e+13
1.630734881611800000e+13
1.757724764862300000e+13
1.712568592459000000e+13
1.373177902859300000e+13
1.460994120825400000e+13
1.525135723081300000e+13
1.813123617845600000e+13
1.497399702295400000e+13
1.389201925824600000e+13
1.491476599520700000e+13
1.480806030708700000e+13
1.487073523554600000e+13
1.270273163242100000e+13
1.212153802167600000e+13
1.219141852885500000e+13
1.514610868725300000e+13
1.148619147197900000e+13
1.202669952070100000e+13
1.192995736047500000e+13
8.673319559195000000e+12
1.041982825509500000e+13
1.182091286208200000e+13
9.580742390831000000e+12
7.077581416148000000e+12
7.899856269021000000e+12
9.118362270702000000e+12
1.341346124258000000e+13
6.126759212855000000e+12
7.402073911920000000e+12
9.309197164872000000e+12
7.565159756068000000e+12
7.067301483999000000e+12
8.735212530829000000e+12
8.512443288288000000e+12
9.794355428650000000e+12
9.082851501540000000e+12
8.208032502907000000e+12
8.894893225785000000e+12
5.451596891736000000e+12
7.471866689252000000e+12
6.792175621850000000e+12
6.761457538686000000e+12
4.789314125866000000e+12
5.630579422502000000e+12
5.360005961842000000e+12
6.763265496124000000e+12
4.576498006067000000e+12
7.072662683990000000e+12
5.929819777925000000e+12
5.033411954007000000e+12
4.927631760851000000e+12
5.836581207550000000e+12
5.995271568614000000e+12
5.690816223112000000e+12
4.923326184016000000e+12
5.251202203824000000e+12
5.853118810874000000e+12
5.100687743047000000e+12
5.416918464348000000e+12
5.428192134174000000e+12
4.820178704934000000e+12
3.421697087478000000e+12
4.436291899007000000e+12
4.468092448019000000e+12
4.395646685599000000e+12
3.178961444860000000e+12
5.586279719450000000e+12
3.184768656016000000e+12
3.351710452426000000e+12
4.655299060113000000e+12
4.831412924598000000e+12
4.208197572923000000e+12
1.877450832793000000e+12
3.192195235192000000e+12
4.107994313890000000e+12
4.794904315475000000e+12
5.293764998048000000e+12
3.717068592271000000e+12
3.430771455111000000e+12
4.646421575558000000e+12
3.489217973647000000e+12
3.577180397749000000e+12
3.500058272204000000e+12
2.406580853542000000e+12
4.072213689945000000e+12
2.913512380018000000e+12
3.706155917025000000e+12
2.393699048032000000e+12
4.515592515306000000e+12
4.305294577091000000e+12
4.345191695824000000e+12
2.634121504172000000e+12
2.976535888794000000e+12
3.733147847369000000e+12
2.946402178384000000e+12
2.723147591552000000e+12
2.136672537808000000e+12
4.049770925251000000e+12
2.999216824469000000e+12
2.207197819762000000e+12
2.945905215139000000e+12
2.740897012373000000e+12
2.213581971166000000e+12
3.554665520474000000e+12
4.656613945779000000e+12
3.253420260910000000e+12
2.912917381846000000e+12
1.665539401641000000e+12
2.092361040012000000e+12
2.861290773539000000e+12
2.652304993913000000e+12
2.277648617844000000e+12
1.811243251756000000e+12
1.130083172412000000e+12
2.204939631098000000e+12
1.086491840624000000e+12
1.873372845751000000e+12
3.277127989538000000e+12
1.693047093066000000e+12
8.419241770210000000e+11
2.652076315673000000e+12
2.555823033726000000e+12
1.945170034567000000e+12
2.738011967295000000e+12
1.284616451159000000e+12
2.551068020611000000e+12
2.043680292390000000e+12
2.935791800626000000e+12
1.322139607331000000e+12
2.838968005719000000e+12
1.306915662583000000e+12
1.013116203102000000e+12
1.343323815585000000e+12
2.515055839780000000e+12
1.807264447007000000e+12
1.241115733330000000e+12
3.329389299307000000e+12
1.617420254966000000e+12
1.538568752820000000e+12
2.019689582896000000e+12
1.816302980134000000e+12
2.045604596006000000e+12
1.408188374995000000e+12
1.450111751059000000e+12
2.165472520163000000e+12
1.411494275591000000e+12
1.813674808111000000e+12
1.072325758835000000e+12
2.849061505534000000e+12
2.201571248366000000e+12
5.373957385220000000e+11
1.008953750462000000e+12
2.211186133376000000e+12
1.153600150656000000e+12
1.657968728757000000e+12
1.303025488332000000e+12
1.881789189676000000e+12
1.606530808313000000e+12
7.665400409170000000e+11
1.343559689844000000e+12
2.011536517686000000e+12
1.351951292696000000e+12
5.191324214280000000e+11
1.307888860394000000e+12
1.765085093301000000e+12
1.270773798416000000e+12
7.019725670140000000e+11
1.276492284763000000e+12
9.505386556280000000e+11
2.192105779725000000e+12
7.448262524690000000e+11
1.844620655956000000e+12
2.089538677551000000e+12
1.300878674175000000e+12
6.641545525900000000e+11
9.084362471840000000e+11
1.577918759096000000e+12
1.511985114420000000e+12
3.665651009820000000e+11
2.197286067051000000e+12
8.864757410430000000e+11
3.732957317920000000e+11
1.362219479422000000e+12
6.535595374650000000e+11
8.257963506990000000e+11
1.284008414077000000e+12
4.420381243230000000e+11
1.091358545713000000e+12
1.019637583717000000e+12
8.334914732790000000e+11
4.164929784850000000e+11
1.555818569639000000e+12
7.514253969220000000e+11
4.096181586810000000e+11
1.302641814731000000e+12
3.486157441350000000e+11
3.989690621000000000e+11
6.666392185790000000e+11
1.008667595566000000e+12
8.851353401370000000e+11
3.974972895880000000e+11
1.622329159392000000e+12
1.240556838098000000e+12
5.047740643090000000e+11
1.043076892422000000e+12
6.865805565970000000e+11
3.780194431570000000e+11
1.219760805926000000e+12
5.199803598210000000e+11
1.504881045520000000e+11
9.147022923620000000e+11
9.517558261020000000e+11
1.675372228739000000e+12
6.951889494320000000e+11
1.238830044836000000e+12
7.997659977120000000e+11
9.604632123520000000e+11
6.742724591520000000e+11
3.938937096650000000e+11
3.642099318470000000e+11
5.248757150300000000e+10
1.262427549008000000e+12
6.226054951980000000e+11
3.244698403900000000e+10
1.563985862537000000e+12
6.342486596220000000e+11
7.284074398350000000e+11
4.120116477090000000e+11
6.175469991350000000e+11
3.833870610820000000e+11
1.080517609340000000e+11
7.010039396350000000e+11
6.395834193450000000e+11
9.041019344200000000e+11
7.217921820690000000e+11
2.609479460200000000e+10
5.270349252100000000e+10
2.284924905170000000e+11
3.032093714120000000e+11
5.693549633790000000e+11
5.620366839220000000e+11
9.267973877990000000e+11
3.494990565780000000e+11
1.166809154860000000e+11
3.401152381900000000e+11
6.944692325830000000e+11
7.613331691630000000e+11
3.348393806480000000e+11
2.112566477970000000e+11
8.250630333200000000e+11
2.051005589300000000e+10
3.181369144300000000e+10
4.573578262600000000e+10
3.951165783740000000e+11
3.740621826170000000e+11
2.587571825300000000e+11
3.632102248970000000e+11
8.932610733230000000e+11
3.906981594650000000e+11
1.877537699700000000e+10
3.374913920200000000e+11
5.532403975600000000e+10
3.497031185500000000e+11
6.110302998950000000e+11
6.700921183470000000e+11
1.233550238896000000e+12
1.494741984938000000e+12
3.589089683100000000e+10
2.906883688460000000e+11
1.211409387776000000e+12
3.122246505990000000e+11
3.447707344120000000e+11
3.591047158680000000e+11
1.225675657466000000e+12
4.705825155340000000e+11
4.566975831110000000e+11
7.528025879200000000e+11
4.781443225670000000e+11
1.175045515100000000e+10
3.098034291100000000e+10
1.814030045480000000e+11
6.082715600990000000e+11
1.437083251580000000e+11
3.185455996110000000e+11
3.210654375170000000e+11
6.232525626440000000e+11
5.402706561430000000e+11
9.236578121810000000e+11
5.989245682640000000e+11
3.969566285130000000e+11
3.227466336300000000e+10
3.331062500710000000e+11
6.048510328970000000e+11
1.098746074000000000e+10
3.047923798190000000e+11
6.025290146240000000e+11
3.290744144530000000e+11
3.417774856830000000e+11
6.183355925910000000e+11
1.336507447500000000e+10
5.995297721820000000e+11
3.049392989120000000e+11
5.501280611490000000e+11
3.483440864520000000e+11
3.226355141200000000e+10
2.380379861000000000e+11
2.607313904000000000e+10
2.950025682510000000e+11
6.609368523390000000e+11
3.176864441000000000e+09
3.192662000200000000e+11
3.048337289570000000e+11
3.178944319550000000e+11
3.063124303900000000e+11
2.484064589400000000e+10
3.240239912000000000e+09
3.665489157000000000e+09
2.950025682510000000e+11
5.256314144600000000e+11
2.950025682510000000e+11
3.091097281680000000e+11
4.295369632800000000e+10
2.995566910610000000e+11
1.191226696100000000e+10
3.162335102870000000e+11
4.489252089300000000e+10
2.719347531300000000e+10
3.148911937160000000e+11
3.182730031000000000e+09
6.001220860030000000e+11
2.727484936400000000e+10
3.013808156600000000e+11
3.023982747770000000e+11
1.303842128900000000e+10
3.699608929600000000e+10
3.186585519000000000e+09
1.695098272620000000e+11
1.159913973400000000e+10
2.541678816400000000e+10
3.323314901650000000e+11
2.040238483980000000e+11
3.171032753300000000e+10
2.268946068120000000e+11
3.006378946900000000e+11
2.099674739100000000e+10
2.831840308600000000e+10
2.950025682510000000e+11
3.008280632100000000e+11
