0
0
0
0
0
0
0
0
0
0
0
0
0
0
0
0
0
0
0
0
0
0
0
0
0
0
0
0
0
0
0
0
0
0
0
0
0
0
0
21605444859997
327460272895403
299655853887591
272730201069838
233387162106721
213601978633694
194260746025259
181309042235504
165491563612357
146390568352169
129786131402034
121919515556646
108498446349713
105896187698309
95696927017561
87267403158853
79318796995184
75204872335260
71864361522472
66110729033829
60207007904192
58975258993964
51979148491316
47705739565494
44695808890862
44410569287142
42590542768524
38876683172728
32581938308693
34398157408711
29894247523630
29621680365200
26919724668328
25047700199387
25446809886641
23371676290250
21637709412152
19276279673890
19074470948373
18359777434386
16791240644627
16611550862472
14925373029006
15374731748707
16133009396089
13107286880880
14562054805995
12055444283135
10530673940839
12209494756826
9978635013538
8511778815786
9514008400541
9139891485414
9183275882034
8448390666275
7581570802119
8588903394594
7628947250915
7931492989578
5611440086885
6558841439651
7131148369820
5775739435580
6143468700063
5884172144108
5560576700133
5007071673013
4726238226809
5393525741242
4983982109720
4689964350890
3685249119233
3091152478279
3686244772234
4289737549060
4193407981511
3273445459119
3557058990547
2213669752573
2716394181902
2910512040098
2982483503694
2558326994497
2492244971682
3061263447191
3140295341595
2586487857483
2409716272834
2337370621554
2271068764389
2456739740984
2067959914941
1299056070904
2036604264014
2126277165841
1467934072936
1404275132684
2183340232762
1336957182153
1727735648496
1237293168117
1392751573113
1502863212589
1260056454243
1290669384795
905210876817
1014369597086
1167448183763
972377432820
899463971893
978111515077
708470553337
1255535007624
866368076274
724988792521
805646349060
751515158657
687281925985
546374319424
827462368995
811935832618
925345359596
361916774680
854111203732
752273024460
966819907109
940850092175
663685890528
375172766916
962826894564
698191193531
516490192972
587691757472
562256596654
722544090208
586558789822
327149383532
424395026521
626569724718
264686669845
272867871439
535260322537
588194393977
492818297924
268127889580
328687684647
490645895477
187856079557
515451787524
245668527578
409045253339
264454638009
244847596051
228214446761
294264178929
246873355662
429731043995
318495730313
265375285321
280006181950
438104734930
190543416540
256393251156
280922686297
259398192630
215799952374
329816722825
274283712581
227827002669
185146116675
172772076075
197342666277
167061922626
243393850309
20560126846
184133070528
139492706250
191239253419
141315024540
171972528393
139323318572
279458740604
280018009990
75408315434
89571814899
103129659789
181719694345
153340149075
159145824321
233107193292
75481306587
176458918549
171035224498
83028591613
277886805596
27607643155
94595702598
103143062446
104031869738
148456380235
135228547472
97518502781
0
41099867302
142098484602
74818019110
92108204959
153285295472
260074890357
54553830385
77673943403
33718729996
37793310895
106681534260
52163686710
75513408315
49307195191
122273030644
40183422108
95205694878
91959152556
34818385962
15223823235
14094931529
63293574794
98866842111
48295805709
108318207772
80400131670
70465814611
39828019548
64861077706
68680289701
114527341343
72479175182
85312559608
75129444654
27560729503
45739234157
84259238205
65796152934
56189624694
62963610013
45726559932
14536916764
25599366236
43913321124
24145019067
59224711395
45782764793
21890202728
35085934374
16811137401
41081901280
62042556020
26499988151
0
19695338454
17435813937
25896196861
28343145162
29704083230
72719941053
58302176582
46291425070
24314971876
15744499106
98917962187
66744192181
53809355097
0
14139150937
64469271051
0
17550350826
15559518878
27623662115
0
0
49555760077
56004895350
15328344915
26362815849
14351459652
32751428507
0
30862644768
25492074995
13454918223
15269298246
70194949992
0
0
0
20170613458
26204720536
18765856982
22870340835
26832579913
0
0
17798926843
14585352511
27063577161
21825051099
29180742366
15461236111
0
0
30116480429
15747382660
0
54253761620
9344928133
17403765745
24326538180
15822623574
0
0
0
15418832951
16477110039
0
9397875523
37373578162
0
33321879197
0
0
13166419300
56368869356
0
0
0
0
0
14651295104
0
13289966853
0
0
8268419688
0
0
0
0
16021527756
16267448230
11929408746
0
0
24183813186
14176667278
12975851860
0
17874567402
0
0
23329739850
0
13495525495
13496493350
0
13679685974
10370616744
0
0
11899873427
0
0
0
0
0
0
0
12943281318
0
0
0
0
17480958207
0
30951869439
0
0
13911454921
0
0
0
0
0
13568062426
0
0
0
0
0
10897506108
0
0
0
0
12991154193
0
0
0
0
0
0
0
0
0
0
0
0
0
10897164161
0
6600351012
0
8337992985
0
0
0
0
16598615461
0
0
0
0
0
0
0
16604534833
0
0
0
0
0
0
0
0
0
0
0
0
0
0
0
0
0
0
0
0
0
0
0
0
0
0
0
0
0
0
0
0
0
0
0
0
10642195638
0
0
0
0
0
0
0
0
0
0
0
0
0
0
0
0
7759601964
0
0
0
0
0
0
7026006598
0
0
0
0
0
0
0
0
0
0
0
0
0
0
0
0
0
0
0
0
0
0
0
0
0
0
0
0
0
0
0
0
0
0
0
0
0
0
0
0
0
0
0
0
0
0
0
0
0
0
0
0
0
0
0
0
8512170402
0
0
0
0
0
0
0
0
0
0
0
0
0
0
0
0
0
0
0
0
0
0
0
0
0
0
0
0
0
0
0
0
0
0
0
0
0
0
0
0
0
0
0
0
0
0
0
0
0
0
0
0
0
0
0
0
0
0
0
0
0
0
0
0
0
0
0
0
0
0
0
0
0
0
0
0
0
0
0
0
0
0
0
0
0
0
0
0
0
0
0
0
0
0
0
0
0
0
0
0
0
0
0
0
0
0
0
0
0
0
0
0
0
0
0
0
0
0
0
0
0
0
0
0
0
0
0
0
0
0
0
0
0
0
0
0
0
0
0
0
0
0
0
0
0
0
0
0
0
0
0
0
0
0
0
0
0
0
0
0
0
0
0
0
0
0
0
0
0
0
0
0
0
0
0
0
0
0
0
0
0
0
0
0
0
0
0
0
0
0
0
0
0
0
0
0
0
0
0
0
0
0
0
0
0
0
0
0
0
0
0
0
0
0
0
0
0
0
0
0
0
0
0
0
0
0
0
0
0
0
0
0
0
0
0
0
0
0
0
0
0
0
0
0
0
0
0
0
0
0
0
0
0
0
0
0
0
0
0
0
0
0
0
0
0
0
0
0
0
0
0
0
0
0
0
0
0
0
0
0
0
0
0
0
0
0
0
0
0
0
0
0
0
0
0
0
0
0
0
0
0
0
0
0
0
0
0
0
0
0
0
0
0
0
0
0
0
0
0
0
0
0
0
0
0
0
0
0
0
0
0
0
0
0
0
0
0
0
0
0
0
0
0
0
0
0
0
0
0
0
0
0
0
0
0
0
0
0
0
0
0
0
0
0
0
0
0
0
0
0
0
0
0
0
0
0
0
0
0
0
0
0
0
0
0
0
0
0
0
0
0
0
0
0
0
0
0
0
0
0
0
0
0
0
0
0
0
0
