2.790655185957379000e+15
2.551818583337935000e+15
2.407585470671514000e+15
2.180563709962427000e+15
2.019680941004326000e+15
1.914514233772878000e+15
1.797264349430228000e+15
1.697461527256727000e+15
1.598887159357094000e+15
1.507273217154643000e+15
1.414759173865797000e+15
1.336876258497798000e+15
1.286392965875702000e+15
1.214042595388567000e+15
1.168188461690575000e+15
1.116609403270419000e+15
1.088066003153043000e+15
1.026307985892609000e+15
9.793845619105550000e+14
9.490644308793970000e+14
9.211392477755180000e+14
8.946279073555720000e+14
8.384717829055020000e+14
8.186010365483120000e+14
7.799942422287780000e+14
7.666609864787450000e+14
7.492472355548760000e+14
7.221920188440610000e+14
6.990039361086250000e+14
6.658057913587380000e+14
6.857502185005360000e+14
6.422947582289650000e+14
6.003871648248270000e+14
6.158222654738120000e+14
5.880111528258130000e+14
5.818372396453290000e+14
5.630697553399940000e+14
5.482288175427840000e+14
5.398623323103030000e+14
5.250899441814930000e+14
5.045877162006290000e+14
5.028943684484860000e+14
4.834199935352270000e+14
4.798377157725610000e+14
4.642848417876330000e+14
4.571490927918570000e+14
4.506389401167420000e+14
4.387182661856500000e+14
4.167776387082050000e+14
4.133431653989340000e+14
3.963526299454950000e+14
3.944108221969800000e+14
3.985202317723910000e+14
3.802864283568780000e+14
3.923874631843350000e+14
3.808930629167280000e+14
3.588612960255700000e+14
3.455325721058010000e+14
3.451635555235600000e+14
3.260589996013410000e+14
3.312539454771090000e+14
3.206473932034140000e+14
3.229446795612630000e+14
3.245636028479930000e+14
3.181396135764550000e+14
2.900946533128710000e+14
3.002116668208830000e+14
2.942052815510660000e+14
2.901499764403340000e+14
2.859370786221020000e+14
2.751296310753610000e+14
2.723527030419650000e+14
2.661513482840200000e+14
2.628124575121560000e+14
2.612475257178880000e+14
2.775489106823660000e+14
2.578736809357590000e+14
2.454427076529620000e+14
2.389103538286030000e+14
2.549333569300130000e+14
2.345821765995940000e+14
2.445970512162440000e+14
2.449788922265720000e+14
2.160013516077600000e+14
2.275983156052230000e+14
2.239138519693640000e+14
2.110288349611050000e+14
2.159577097822710000e+14
2.038376956817620000e+14
2.037628936184630000e+14
2.032492683460660000e+14
1.953411206166400000e+14
2.080606869251710000e+14
1.911801255745200000e+14
1.923040954190920000e+14
1.977790930213220000e+14
1.833649493401120000e+14
1.810082798940660000e+14
1.774860009797420000e+14
1.764542865747850000e+14
1.969379847977540000e+14
1.689173134446890000e+14
1.754333606812100000e+14
1.710712764998920000e+14
1.594532988247600000e+14
1.678422097167510000e+14
1.623154136621780000e+14
1.645971831464280000e+14
1.585353602373480000e+14
1.606353814450620000e+14
1.465377132159370000e+14
1.615372518113220000e+14
1.422588469196000000e+14
1.483484384980130000e+14
1.433833147660330000e+14
1.431653761235000000e+14
1.353187710944240000e+14
1.423199839507600000e+14
1.264753433658950000e+14
1.427337825187800000e+14
1.329852620878490000e+14
1.418380765282390000e+14
1.328602020212730000e+14
1.327991633720290000e+14
1.285510343934190000e+14
1.218218127695770000e+14
1.216668764326200000e+14
1.218251862942920000e+14
1.166389481230200000e+14
1.162155526173680000e+14
1.140869488606150000e+14
1.075093091276400000e+14
1.128563617262660000e+14
1.076826020347830000e+14
1.160652500808930000e+14
1.033418325216060000e+14
1.088704031004030000e+14
1.137934665789270000e+14
9.091689003131300000e+13
1.125503997138970000e+14
1.137529083999270000e+14
1.043923512178440000e+14
9.789857106961000000e+13
9.401798855365200000e+13
9.590142708722700000e+13
1.045176537785950000e+14
9.922718721559300000e+13
9.030757429661500000e+13
9.724742880035800000e+13
1.023112315184910000e+14
9.321486404539500000e+13
9.348453990473500000e+13
8.592380752996300000e+13
8.594481957711600000e+13
8.627790236717200000e+13
7.575939077155900000e+13
8.228825965968800000e+13
8.252391972220200000e+13
8.530081330248800000e+13
7.869514683740200000e+13
8.188092110725400000e+13
7.336583910310900000e+13
7.336969041697200000e+13
8.485430326049800000e+13
7.503600942347400000e+13
7.607968874792800000e+13
7.592871338866500000e+13
6.503581243618000000e+13
6.793879691760100000e+13
7.567231800311400000e+13
7.274997204376800000e+13
7.278757526070800000e+13
6.857059544608800000e+13
7.307407952145400000e+13
6.204214022383600000e+13
6.270733517215600000e+13
6.225708113570400000e+13
6.000402500830200000e+13
6.657839990368700000e+13
5.804097146866200000e+13
6.748797224739200000e+13
6.353974707764500000e+13
5.962856554802100000e+13
5.695091291251700000e+13
5.309839611475700000e+13
5.596065201223300000e+13
5.803199024843800000e+13
5.055357685356300000e+13
5.338440323137000000e+13
5.185951278699300000e+13
5.068103266825600000e+13
5.804497004204700000e+13
5.206296295426800000e+13
5.347834747390700000e+13
4.535974145531800000e+13
4.785215216643100000e+13
5.148872800539200000e+13
4.861236891910400000e+13
4.988320089771000000e+13
4.834005386980400000e+13
5.098433623049800000e+13
4.354271189792500000e+13
4.183058193261500000e+13
4.099477128650900000e+13
4.223929160838300000e+13
4.454504827308200000e+13
4.515309458162900000e+13
4.642656633701500000e+13
4.073208577463700000e+13
3.525573098834100000e+13
3.329927457621500000e+13
3.860692866410900000e+13
3.579864220526600000e+13
3.786948262220100000e+13
4.322262344477800000e+13
4.309149435502100000e+13
3.204362952969700000e+13
3.286870510642000000e+13
3.546817124347400000e+13
3.216324539391700000e+13
3.433518105481400000e+13
3.773556220075400000e+13
3.707541284790100000e+13
3.519136689419600000e+13
3.443139235851900000e+13
4.134585974426800000e+13
2.945977665846700000e+13
3.606756739152200000e+13
3.461215983129400000e+13
3.622233283118000000e+13
2.830946370408000000e+13
3.063670501858600000e+13
3.195750355920200000e+13
2.915492663108900000e+13
3.057867190144100000e+13
2.831125047725200000e+13
2.957846358311400000e+13
2.999041536247900000e+13
3.200863464665800000e+13
2.736910509244100000e+13
2.773803650265700000e+13
2.956477904745900000e+13
2.559141373090300000e+13
2.914713280596400000e+13
2.470691845986200000e+13
2.393126068803500000e+13
2.188396996857100000e+13
2.312076250610000000e+13
2.394948375782600000e+13
2.708776463172400000e+13
2.284706491473600000e+13
2.783289945769700000e+13
2.213258584071900000e+13
2.434520133547600000e+13
2.409274708637100000e+13
2.262661644103800000e+13
2.618327944776600000e+13
2.065500408393300000e+13
2.247685235903900000e+13
2.358465966068700000e+13
2.188441466328200000e+13
2.252847380353700000e+13
2.001861846137500000e+13
2.343802634707800000e+13
2.013544029913600000e+13
1.933526895523300000e+13
2.069340775796900000e+13
2.074031303982700000e+13
2.143057163171400000e+13
1.754682876960100000e+13
2.015630476068900000e+13
1.945867757343800000e+13
2.006371998946000000e+13
2.028439122371200000e+13
1.817371492737900000e+13
1.628699427833600000e+13
2.183105527150200000e+13
2.089373066258800000e+13
1.723884700567600000e+13
1.464881352208100000e+13
1.673027900841500000e+13
1.658287782702200000e+13
1.538941030736800000e+13
1.984915823521500000e+13
1.742668742002300000e+13
1.708944331614500000e+13
1.835619925103600000e+13
1.392294997972400000e+13
1.417482516640700000e+13
1.793388806112600000e+13
1.582019494593800000e+13
2.033538607197900000e+13
1.376798359643600000e+13
1.520971063466500000e+13
1.374421747436300000e+13
1.295116284518900000e+13
1.168212360295000000e+13
1.212072387594300000e+13
1.446707465288700000e+13
1.491969920630400000e+13
1.266986443413400000e+13
1.371956530003600000e+13
1.630719248914700000e+13
1.490562483000600000e+13
1.372055757324700000e+13
1.483862662156600000e+13
1.072742876459200000e+13
1.546027514218300000e+13
1.036337819781100000e+13
1.026576639791300000e+13
1.138277889493000000e+13
1.123392398002900000e+13
1.236790701609300000e+13
1.050818046648300000e+13
1.257088041088200000e+13
9.788295486007000000e+12
1.305887414132900000e+13
1.256190209752800000e+13
1.189770416640500000e+13
8.468905255411000000e+12
1.223366236080000000e+13
6.397801828743000000e+12
1.229832391920000000e+13
1.004042897588500000e+13
1.246830481327700000e+13
8.476186203978000000e+12
9.409161876500000000e+12
8.713651827072000000e+12
5.978030781115000000e+12
8.971001971942000000e+12
8.749269293948000000e+12
1.093473783163400000e+13
9.534838551605000000e+12
8.726664068994000000e+12
9.023581144708000000e+12
1.022807154695900000e+13
9.006813568350000000e+12
7.683856971961000000e+12
7.361124991732000000e+12
1.135131759975300000e+13
8.389911636179000000e+12
9.328953051553000000e+12
5.921103288184000000e+12
9.281802796557000000e+12
8.637428400539000000e+12
7.922786409536000000e+12
8.817241710588000000e+12
7.080830149275000000e+12
9.672136172339000000e+12
6.044362625405000000e+12
7.153440915544000000e+12
9.064000653272000000e+12
1.009543388606500000e+13
7.653110384283000000e+12
7.923740827341000000e+12
6.113335187134000000e+12
5.877856510053000000e+12
8.997991816011000000e+12
6.587761051525000000e+12
4.897806760952000000e+12
8.944189312171000000e+12
8.349508740258000000e+12
5.837490893557000000e+12
7.695247378058000000e+12
6.956086093211000000e+12
8.375514020988000000e+12
1.094012729781800000e+13
7.224400657828000000e+12
5.649853012948000000e+12
7.720870911867000000e+12
6.832255908850000000e+12
5.979061931215000000e+12
6.327466472903000000e+12
6.646903095677000000e+12
7.962641483393000000e+12
7.604894725537000000e+12
7.275096043333000000e+12
6.112029195010000000e+12
5.880619876606000000e+12
5.410360443092000000e+12
8.706988935355000000e+12
4.908336937287000000e+12
4.892400836766000000e+12
6.634204894023000000e+12
5.543948378950000000e+12
7.644265198045000000e+12
4.759481100952000000e+12
6.693565518390000000e+12
5.224175421002000000e+12
5.889247765411000000e+12
4.721026143390000000e+12
6.010403174269000000e+12
5.647185171799000000e+12
4.851628560415000000e+12
4.377870455097000000e+12
5.552405203850000000e+12
2.302939659311000000e+12
3.406551040332000000e+12
6.170330229009000000e+12
6.234324328904000000e+12
5.213087518756000000e+12
3.362401555730000000e+12
3.749692067796000000e+12
5.789754593264000000e+12
4.280472751118000000e+12
5.114299978004000000e+12
4.974160370854000000e+12
6.163923263311000000e+12
2.796115661968000000e+12
3.084763378109000000e+12
6.669699906422000000e+12
5.247686772126000000e+12
4.099333234563000000e+12
3.560599708849000000e+12
4.339602562251000000e+12
5.101470784290000000e+12
2.964547849950000000e+12
3.384767553566000000e+12
5.582830900269000000e+12
5.034294066321000000e+12
2.913946226839000000e+12
3.854187669937000000e+12
4.808546487160000000e+12
5.021552911860000000e+12
3.838098294494000000e+12
2.805718406893000000e+12
5.476470501615000000e+12
5.206462819315000000e+12
5.478740291353000000e+12
2.318713459900000000e+12
3.985889801137000000e+12
3.840360955799000000e+12
2.343678278829000000e+12
6.074636806389000000e+12
3.178729752624000000e+12
5.610431855915000000e+12
2.187244714358000000e+12
3.754940045573000000e+12
3.345851629014000000e+12
3.002962605002000000e+12
2.821755153179000000e+12
3.477560530674000000e+12
2.377952767638000000e+12
2.867429186557000000e+12
2.504568578784000000e+12
2.942330062849000000e+12
2.965183015040000000e+12
2.990940653124000000e+12
2.241078582441000000e+12
1.844664606880000000e+12
2.584254227692000000e+12
3.205146814880000000e+12
4.431653775159000000e+12
2.173883255760000000e+12
2.801650924212000000e+12
2.571521079008000000e+12
2.775001366658000000e+12
1.701883505668000000e+12
3.072938416829000000e+12
3.397611766452000000e+12
2.679172856675000000e+12
1.173056418415000000e+12
2.717180573699000000e+12
3.041538393356000000e+12
3.701346925567000000e+12
2.394150236295000000e+12
2.211870950682000000e+12
2.490820615378000000e+12
1.704865095930000000e+12
2.012477291953000000e+12
2.589249732269000000e+12
2.612637701070000000e+12
2.990096642214000000e+12
2.930309793195000000e+12
1.803498151267000000e+12
1.065763270058000000e+12
3.045389910102000000e+12
2.154830066907000000e+12
2.437717220244000000e+12
1.572351530954000000e+12
4.421630412880000000e+12
1.436273988066000000e+12
2.324625656302000000e+12
3.153500378337000000e+12
1.779970815516000000e+12
2.305475798069000000e+12
1.741079129226000000e+12
1.401744477609000000e+12
7.575898497660000000e+11
2.281160247900000000e+12
1.410768147410000000e+12
1.420921712769000000e+12
5.161854773820000000e+11
9.668365439900000000e+11
1.705765495250000000e+12
1.814828855213000000e+12
2.744556724955000000e+12
2.110910704112000000e+12
1.966425418930000000e+12
1.694332398364000000e+12
3.539620412742000000e+12
9.030265671880000000e+11
3.349054162063000000e+12
1.077983448004000000e+12
1.798412373361000000e+12
1.626268167844000000e+12
2.128787122888000000e+12
1.781549137804000000e+12
1.326744559817000000e+12
1.778851298620000000e+12
1.390684349305000000e+12
2.584610654756000000e+12
2.464562716516000000e+12
1.758587551406000000e+12
9.893114667810000000e+11
2.199901428915000000e+12
2.405308100466000000e+12
3.852871354440000000e+11
6.589430282220000000e+11
6.439499469550000000e+11
1.148771338449000000e+12
7.510570246420000000e+11
1.838330222828000000e+12
2.293283007365000000e+12
1.391254263188000000e+12
2.349577747838000000e+12
1.145560249066000000e+12
2.212111388881000000e+12
1.616745464697000000e+12
5.561946466670000000e+11
1.922257218313000000e+12
2.370744248002000000e+12
1.038248556260000000e+12
1.310255313578000000e+12
2.463069554602000000e+12
9.399667966370000000e+11
1.356997963975000000e+12
8.844934649010000000e+11
7.673448694740000000e+11
1.509313998257000000e+12
2.371619275011000000e+12
5.911086880050000000e+11
1.404619719396000000e+12
1.475977836624000000e+12
4.725805075520000000e+11
6.930651615750000000e+11
4.695940828560000000e+11
5.889373022820000000e+11
