0.000000
2.580000
5.160000
7.740000
10.320000
12.900000
15.480000
18.060000
20.640000
23.220000
25.800000
28.380000
30.960000
33.540000
36.120000
38.700000
41.280000
43.860000
46.440000
49.020000
51.600000
54.180000
56.760000
59.340000
61.920000
64.500000
67.080000
69.660000
72.240000
74.820000
77.400000
79.980000
82.560000
85.140000
87.720000
90.300000
92.880000
95.460000
98.040000
100.620000
103.200000
105.780000
108.360000
110.940000
113.520000
116.100000
118.680000
121.260000
123.840000
126.420000
129.000000
131.580000
134.160000
136.740000
139.320000
141.900000
144.480000
147.060000
149.640000
152.220000
154.800000
157.380000
159.960000
162.540000
165.120000
167.700000
170.280000
172.860000
175.440000
178.020000
180.600000
183.180000
185.760000
188.340000
190.920000
193.500000
196.080000
198.660000
201.240000
203.820000
206.400000
208.980000
211.560000
214.140000
216.720000
219.300000
221.880000
224.460000
227.040000
229.620000
232.200000
234.780000
237.360000
239.940000
242.520000
245.100000
247.680000
250.260000
252.840000
255.420000
258.000000
260.580000
263.160000
265.740000
268.320000
270.900000
273.480000
276.060000
278.640000
281.220000
283.800000
286.380000
288.960000
291.540000
294.120000
296.700000
299.280000
301.860000
304.440000
307.020000
309.600000
312.180000
314.760000
317.340000
319.920000
322.500000
325.080000
327.660000
330.240000
332.820000
335.400000
337.980000
340.560000
343.140000
345.720000
348.300000
350.880000
353.460000
356.040000
358.620000
361.200000
363.780000
366.360000
368.940000
371.520000
374.100000
376.680000
379.260000
381.840000
384.420000
387.000000
389.580000
392.160000
394.740000
397.320000
399.900000
402.480000
405.060000
407.640000
410.220000
412.800000
415.380000
417.960000
420.540000
423.120000
425.700000
428.280000
430.860000
433.440000
436.020000
438.600000
441.180000
443.760000
446.340000
448.920000
451.500000
454.080000
456.660000
459.240000
461.820000
464.400000
466.980000
469.560000
472.140000
474.720000
477.300000
479.880000
482.460000
485.040000
487.620000
490.200000
492.780000
495.360000
497.940000
500.520000
503.100000
505.680000
508.260000
510.840000
513.420000
516.000000
518.580000
521.160000
523.740000
526.320000
528.900000
531.480000
534.060000
536.640000
539.220000
541.800000
544.380000
546.960000
549.540000
552.120000
554.700000
557.280000
559.860000
562.440000
565.020000
567.600000
570.180000
572.760000
575.340000
577.920000
580.500000
583.080000
585.660000
588.240000
590.820000
593.400000
595.980000
598.560000
601.140000
603.720000
606.300000
608.880000
611.460000
614.040000
616.620000
619.200000
621.780000
624.360000
626.940000
629.520000
632.100000
634.680000
637.260000
639.840000
642.420000
645.000000
647.580000
650.160000
652.740000
655.320000
657.900000
660.480000
663.060000
665.640000
668.220000
670.800000
673.380000
675.960000
678.540000
681.120000
683.700000
686.280000
688.860000
691.440000
694.020000
696.600000
699.180000
701.760000
704.340000
706.920000
709.500000
712.080000
714.660000
717.240000
719.820000
722.400000
724.980000
727.560000
730.140000
732.720000
735.300000
737.880000
740.460000
743.040000
745.620000
748.200000
750.780000
753.360000
755.940000
758.520000
761.100000
763.680000
766.260000
768.840000
771.420000
774.000000
776.580000
779.160000
781.740000
784.320000
786.900000
789.480000
792.060000
794.640000
797.220000
799.800000
802.380000
804.960000
807.540000
810.120000
812.700000
815.280000
817.860000
820.440000
823.020000
825.600000
828.180000
830.760000
833.340000
835.920000
838.500000
841.080000
843.660000
846.240000
848.820000
851.400000
853.980000
856.560000
859.140000
861.720000
864.300000
866.880000
869.460000
872.040000
874.620000
877.200000
879.780000
882.360000
884.940000
887.520000
890.100000
892.680000
895.260000
897.840000
900.420000
903.000000
905.580000
908.160000
910.740000
913.320000
915.900000
918.480000
921.060000
923.640000
926.220000
928.800000
931.380000
933.960000
936.540000
939.120000
941.700000
944.280000
946.860000
949.440000
952.020000
954.600000
957.180000
959.760000
962.340000
964.920000
967.500000
970.080000
972.660000
975.240000
977.820000
980.400000
982.980000
985.560000
988.140000
990.720000
993.300000
995.880000
998.460000
1001.040000
1003.620000
1006.200000
1008.780000
1011.360000
1013.940000
1016.520000
1019.100000
1021.680000
1024.260000
1026.840000
1029.420000
1032.000000
1034.580000
1037.160000
1039.740000
1042.320000
1044.900000
1047.480000
1050.060000
1052.640000
1055.220000
1057.800000
1060.380000
1062.960000
1065.540000
1068.120000
1070.700000
1073.280000
1075.860000
1078.440000
1081.020000
1083.600000
1086.180000
1088.760000
1091.340000
1093.920000
1096.500000
1099.080000
1101.660000
1104.240000
1106.820000
1109.400000
1111.980000
1114.560000
1117.140000
1119.720000
1122.300000
1124.880000
1127.460000
1130.040000
1132.620000
1135.200000
1137.780000
1140.360000
1142.940000
1145.520000
1148.100000
1150.680000
1153.260000
1155.840000
1158.420000
1161.000000
1163.580000
1166.160000
1168.740000
1171.320000
1173.900000
1176.480000
1179.060000
1181.640000
1184.220000
1186.800000
1189.380000
1191.960000
1194.540000
1197.120000
1199.700000
1202.280000
1204.860000
1207.440000
1210.020000
1212.600000
1215.180000
1217.760000
1220.340000
1222.920000
1225.500000
1228.080000
1230.660000
1233.240000
1235.820000
1238.400000
1240.980000
1243.560000
1246.140000
1248.720000
1251.300000
1253.880000
1256.460000
1259.040000
1261.620000
1264.200000
1266.780000
1269.360000
1271.940000
1274.520000
1277.100000
1279.680000
1282.260000
1284.840000
1287.420000
1290.000000
1292.580000
1295.160000
1297.740000
1300.320000
1302.900000
1305.480000
1308.060000
1310.640000
1313.220000
1315.800000
1318.380000
1320.960000
1323.540000
1326.120000
1328.700000
1331.280000
1333.860000
1336.440000
1339.020000
1341.600000
1344.180000
1346.760000
1349.340000
1351.920000
1354.500000
1357.080000
1359.660000
1362.240000
1364.820000
1367.400000
1369.980000
1372.560000
1375.140000
1377.720000
1380.300000
1382.880000
1385.460000
1388.040000
1390.620000
1393.200000
1395.780000
1398.360000
1400.940000
1403.520000
1406.100000
1408.680000
1411.260000
1413.840000
1416.420000
1419.000000
1421.580000
1424.160000
1426.740000
1429.320000
1431.900000
1434.480000
1437.060000
1439.640000
1442.220000
1444.800000
1447.380000
1449.960000
1452.540000
1455.120000
1457.700000
1460.280000
1462.860000
1465.440000
1468.020000
1470.600000
1473.180000
1475.760000
1478.340000
1480.920000
1483.500000
1486.080000
1488.660000
1491.240000
1493.820000
1496.400000
1498.980000
1501.560000
1504.140000
1506.720000
1509.300000
1511.880000
1514.460000
1517.040000
1519.620000
1522.200000
1524.780000
1527.360000
1529.940000
1532.520000
1535.100000
1537.680000
1540.260000
1542.840000
1545.420000
1548.000000
1550.580000
1553.160000
1555.740000
1558.320000
1560.900000
1563.480000
1566.060000
1568.640000
1571.220000
1573.800000
1576.380000
1578.960000
1581.540000
1584.120000
1586.700000
1589.280000
1591.860000
1594.440000
1597.020000
1599.600000
1602.180000
1604.760000
1607.340000
1609.920000
1612.500000
1615.080000
1617.660000
1620.240000
1622.820000
1625.400000
1627.980000
1630.560000
1633.140000
1635.720000
1638.300000
1640.880000
1643.460000
1646.040000
1648.620000
1651.200000
1653.780000
1656.360000
1658.940000
1661.520000
1664.100000
1666.680000
1669.260000
1671.840000
1674.420000
1677.000000
1679.580000
1682.160000
1684.740000
1687.320000
1689.900000
1692.480000
1695.060000
1697.640000
1700.220000
1702.800000
1705.380000
1707.960000
1710.540000
1713.120000
1715.700000
1718.280000
1720.860000
1723.440000
1726.020000
1728.600000
1731.180000
1733.760000
1736.340000
1738.920000
1741.500000
1744.080000
1746.660000
1749.240000
1751.820000
1754.400000
1756.980000
1759.560000
1762.140000
1764.720000
1767.300000
1769.880000
1772.460000
1775.040000
1777.620000
1780.200000
1782.780000
1785.360000
1787.940000
1790.520000
1793.100000
1795.680000
1798.260000
1800.840000
1803.420000
1806.000000
1808.580000
1811.160000
1813.740000
1816.320000
1818.900000
1821.480000
1824.060000
1826.640000
1829.220000
1831.800000
1834.380000
1836.960000
1839.540000
1842.120000
1844.700000
1847.280000
1849.860000
1852.440000
1855.020000
1857.600000
1860.180000
1862.760000
1865.340000
1867.920000
1870.500000
1873.080000
1875.660000
1878.240000
1880.820000
1883.400000
1885.980000
1888.560000
1891.140000
1893.720000
1896.300000
1898.880000
1901.460000
1904.040000
1906.620000
1909.200000
1911.780000
1914.360000
1916.940000
1919.520000
1922.100000
1924.680000
1927.260000
1929.840000
1932.420000
1935.000000
1937.580000
1940.160000
1942.740000
1945.320000
1947.900000
1950.480000
1953.060000
1955.640000
1958.220000
1960.800000
1963.380000
1965.960000
1968.540000
1971.120000
1973.700000
1976.280000
1978.860000
1981.440000
1984.020000
1986.600000
1989.180000
1991.760000
1994.340000
1996.920000
1999.500000
2002.080000
2004.660000
2007.240000
2009.820000
2012.400000
2014.980000
2017.560000
2020.140000
2022.720000
2025.300000
2027.880000
2030.460000
2033.040000
2035.620000
2038.200000
2040.780000
2043.360000
2045.940000
2048.520000
2051.100000
2053.680000
2056.260000
2058.840000
2061.420000
2064.000000
2066.580000
2069.160000
2071.740000
2074.320000
2076.900000
2079.480000
2082.060000
2084.640000
2087.220000
2089.800000
2092.380000
2094.960000
2097.540000
2100.120000
2102.700000
2105.280000
2107.860000
2110.440000
2113.020000
2115.600000
2118.180000
2120.760000
2123.340000
2125.920000
2128.500000
2131.080000
2133.660000
2136.240000
2138.820000
2141.400000
2143.980000
2146.560000
2149.140000
2151.720000
2154.300000
2156.880000
2159.460000
2162.040000
2164.620000
2167.200000
2169.780000
2172.360000
2174.940000
2177.520000
2180.100000
2182.680000
2185.260000
2187.840000
2190.420000
2193.000000
2195.580000
2198.160000
2200.740000
2203.320000
2205.900000
2208.480000
2211.060000
2213.640000
2216.220000
2218.800000
2221.380000
2223.960000
2226.540000
2229.120000
2231.700000
2234.280000
2236.860000
2239.440000
2242.020000
2244.600000
2247.180000
2249.760000
2252.340000
2254.920000
2257.500000
2260.080000
2262.660000
2265.240000
2267.820000
2270.400000
2272.980000
2275.560000
2278.140000
2280.720000
2283.300000
2285.880000
2288.460000
2291.040000
2293.620000
2296.200000
2298.780000
2301.360000
2303.940000
2306.520000
2309.100000
2311.680000
2314.260000
2316.840000
2319.420000
2322.000000
2324.580000
2327.160000
2329.740000
2332.320000
2334.900000
2337.480000
2340.060000
2342.640000
2345.220000
2347.800000
2350.380000
2352.960000
2355.540000
2358.120000
2360.700000
2363.280000
2365.860000
2368.440000
2371.020000
2373.600000
2376.180000
2378.760000
2381.340000
2383.920000
2386.500000
2389.080000
2391.660000
2394.240000
2396.820000
2399.400000
2401.980000
2404.560000
2407.140000
2409.720000
2412.300000
2414.880000
2417.460000
2420.040000
2422.620000
2425.200000
2427.780000
2430.360000
2432.940000
2435.520000
2438.100000
2440.680000
2443.260000
2445.840000
2448.420000
2451.000000
2453.580000
2456.160000
2458.740000
2461.320000
2463.900000
2466.480000
2469.060000
2471.640000
2474.220000
2476.800000
2479.380000
2481.960000
2484.540000
2487.120000
2489.700000
2492.280000
2494.860000
2497.440000
2500.020000
2502.600000
2505.180000
2507.760000
2510.340000
2512.920000
2515.500000
2518.080000
2520.660000
2523.240000
2525.820000
2528.400000
2530.980000
2533.560000
2536.140000
2538.720000
2541.300000
2543.880000
2546.460000
2549.040000
2551.620000
2554.200000
2556.780000
2559.360000
2561.940000
2564.520000
2567.100000
2569.680000
2572.260000
2574.840000
2577.420000
2580.000000
