190278031444387
178705856610986
176506020361515
165382793409550
162265550355085
158378716700150
151347671812291
145742590757474
138450636753923
135222812625485
131947610088994
126687535777631
122765896030928
117734415260120
114710969642030
112056305711762
109131577894846
101372024336375
101116874175005
98729593405887
96039282066483
94290579607263
90292523573350
92244963208622
83942955672397
85833334078114
82782952042010
77390419039160
77024757333884
77063737979655
75393981103669
71695479201368
70254135049884
69679207505464
65308008777605
67962110679181
64415392595840
62398721005757
61363837883884
62982978069236
61182481363693
58527327186614
56389239699636
55137201142719
54686323286509
52235261441500
54693016757072
50292261081619
49857642697818
50517564862688
50206245704366
45969456653295
45867075502370
45336379939304
46770397986499
41839132196438
43479037338598
42244648496206
42258924955545
39385503507552
41323784787428
39389999606933
38583789122389
35976351291146
37663959337468
33435498459880
34126035702449
33655868280329
33403589169647
32782599922572
32952401443220
30994901222117
30261227908956
30396869591449
29087404137284
29920405026268
28294509163335
27107531251669
28010210695895
25589822938663
28167066766491
26490296008112
25934506815026
25337591122999
24659588677658
22426871289293
25486255885890
23760745318111
23335450003679
22369286229648
20802970322208
21522603541879
19907154362708
19704139484862
19444133713223
20544474346879
19833362110031
17986124792646
18309014906016
18148835040622
18483302684019
17061890419831
16798928272934
15788480492278
16455795867151
15517121487286
15074346660050
14719773349712
15147459990051
14386572806404
14872341509800
14960212284516
14129584524399
13585765366862
14146999267851
13560749967707
13625705859915
13014192785091
13095686893945
13559629826698
12110531199591
11305680458461
10956867152782
12867564581815
12409591551161
11881195841884
12410734313269
11742179662379
10828001182807
10392783216651
10980234067054
10844752382423
10501088275642
8863533150285
10214410060465
10079539943665
9782205168969
9631631071396
8914037514343
9011038041548
9231395297824
8973261892059
8650459155275
8642635547449
9019884889234
8336372675232
8336706319232
8677258282908
8368802148203
7898337910012
6578274605144
7589372042547
7513313483269
8417608145533
7092439301375
6757295965251
7338256748933
7108583930122
6593474428495
6068133430351
6665925022914
7201398288370
5780542979956
5922161221175
6391520165785
6749569262450
6669619157438
5579647292684
5666371089202
5376968745570
5953548199343
5667244786743
6057564782880
5260907312891
5606808956380
5415301928266
5427611045228
5062852536664
4598999041954
4440712378262
4947285471635
4976716773164
5047379015223
4530595319886
4767370320588
4663068591591
4344706746750
4322432644807
4584020855131
4700637355523
4119719141646
3675211532074
4368723871054
4304138682458
4029612071635
3993319787606
4445016439940
4015627778386
3438792703513
3363479933935
4282573211888
3517857343079
3485552863527
3819258758925
3005559724084
4043110935658
3312205928719
3843778442757
3884090896496
3243695532408
3673812104506
3783766379689
3115225767493
4142539627515
3703052140268
2987625195494
3543084008567
3715933516603
3145662731559
3514462555976
2816081491121
2471973203637
3362410487877
2570192388764
3333618882623
2924692015475
2262544580301
2380178412386
2388067189131
2750602190973
2501824999341
2137478210424
2523573563213
2660664804705
2561539710019
2624144769403
2524716152992
2286310235718
2636593633699
2298271828208
2463497140966
2159945219431
2266563408627
2514288005289
2165571981508
2328698371191
2081402531153
1852514469117
2271155854897
1923317688501
1959461092649
1838663938342
2166914022224
2014815772572
1762866080811
1415416929458
1591715796020
2066799754390
2065247748934
1780691392479
1638739003365
1416006772801
1733513144856
1487329264147
1604337238326
1964480376185
1500819312738
1790453901285
1652604863938
1592867073178
1478254466540
1458600753603
1625072185252
1667420683109
1358666514033
1418313759934
1410745442524
1407973956213
1258348910461
1415273438578
1184439422384
1504933880366
1128617340546
1455434857918
1288353269677
1439145032105
1377784382585
1133014214230
1312296586499
1376226926485
1219249274605
1024061989523
1219983903097
963531041614
1338642704667
1331315341372
1113396780268
1385013571235
1174590162141
1040018478547
1209862358271
1206475989583
1007671641613
972737994033
1009988459821
957121535890
1239560092635
1001051238536
1257852537406
1442961289481
1099809459655
846642750482
1030691800157
1210929191516
982342706948
853135739818
862858303066
899837443014
922951464185
811620702118
1046426764613
736801136994
911940729484
994489859364
1136386236489
853716589260
897340115587
721388706874
869888083915
777718768977
678405675363
885374178447
792991702450
721587371007
854581121691
1167693500992
920357253439
840182170807
920875431925
781703734809
853628183418
977627509315
646950181881
857717480991
598417531584
668189674744
974545288927
727501401425
709951570221
666790367519
769424772916
796287899533
952471938165
816948376025
667817920020
711865864296
602760085902
684795646011
840056911537
852137291474
707586194151
698683254424
694124570635
641503473992
939714042495
571765834530
663636846397
810659158129
834957734632
707380608647
770599856882
619622520883
445618206584
667418992780
503033952600
663244565707
596806020580
691846332518
726652451485
509570940165
553524362910
774421220795
610622807470
541405086824
517742412330
348449680337
425082466348
385645371232
443227653370
412706051050
404266877430
550464607797
579190200494
594907313074
471406363632
410093192231
520966678190
298029800661
483195029491
344843839539
456576579461
422299692704
416499822325
439877640771
451673886937
438677309662
456644409731
475759032626
588560318900
357823078596
487875245931
507855174236
443053592066
334964344379
451834196760
437589507322
443998464505
364767974656
432087740094
387040519813
394611984863
318895900075
412019239413
354553634837
344738324721
355016947505
241208300404
184480621312
247590957034
330583278924
514178633059
254738422822
273229929690
346632675527
386627484811
332496149817
166142489685
247149569121
488189690129
407453048470
378844468970
273810493365
280522499680
250912861190
224239214165
311830342624
296065778572
318717790726
254785530217
247420293030
208703647455
444009551046
185869744001
193207327067
359256669157
217062375199
299905402990
275484574346
197285060018
128662446995
197949704163
191238244926
415936602175
188121153493
251169178283
223079294489
225584181054
241862890266
155830700625
254772616931
181530337509
245501093574
212716810991
293331071926
259283514884
193870637533
210791182053
243692088334
174129937007
237998854845
446664044254
210106820732
151787104515
186677778738
152816315665
183933278124
109874217709
179635807976
254649162721
217524371570
225222212081
179998969660
178829502054
247599733803
90555489967
139314051045
185952358434
195759708141
191415015794
220427722267
185447485009
213679654832
216162814154
141252266120
142387072586
132896965073
278685830224
195669790162
52426057289
212305994151
135743226632
225420509395
63889581164
225277699126
153505221377
31993299259
134906996689
161096794444
103645218872
150143984914
127978955030
165391607630
122051869415
218497732552
171732285853
193650813573
176963965950
106649932631
138809868282
143841569518
105865437220
194243706681
146770587130
159039994808
107216078433
132869876470
132861637028
179896144537
176225828243
234116074240
115686707162
78448067903
139205130978
133500802356
150393902749
184700718489
194316025534
166146343097
157567501288
136055401014
143227660413
115180048888
153364060336
181882496535
87104529401
69221323998
76295716494
207715659352
172431815925
124141444635
53582098020
118168390997
128386087048
68216580149
21570609404
54903747241
77597124342
124303100610
160771737696
95828600427
183707228679
101810578070
220677995770
106708478483
62548623342
58280700414
54539023842
51363964386
126988116629
126145338361
173776461255
80374987356
86235400914
42345904393
79756355107
67901757744
58198420866
252119429040
171615237163
52569377030
110915777278
254974228086
140206007271
126768055331
65331851106
33470163398
105902091714
63040319452
37131921355
62542109209
41205220139
68620778939
22561063113
135714039575
125108714281
67362896943
43782550450
47635902768
43249447909
58151335137
176584532593
120334972464
44162196329
55342059795
101592703487
79828463431
77281058871
165775142443
123097294030
190868881290
65528079521
64688605653
159371963937
18108100070
80211263398
70574846034
38012940538
71706056961
47367194212
27596399478
67522551689
26393261385
31740442649
42447468024
161512586360
67125877957
179453537569
84261878756
31797076620
46822271226
210012575394
32258674024
53773972202
57941496327
36714988969
19647535378
23104677196
68953585406
38840214023
9056567236
31099608796
26269184998
71640294980
19542509113
84338058633
160084067030
71082452391
91577535450
27327772830
39599354410
37543023631
82045878921
18159350775
101591356079
53195481516
73324623920
79941166413
33484466172
40810503588
102125659959
50731759363
91222047087
19095502750
40690494280
70322253055
81782860630
36424898133
73035591694
60373816719
60490462153
27923058963
54548811205
66184475007
60889687522
14689828154
68347334665
37044685679
9924567122
69855401483
51715190230
96223408895
67861008320
37756700671
115124182853
9711801650
62823280331
9285209441
46780173989
46425594944
22114642249
31835868194
49451922084
87211644753
61287552500
10671725105
43778300469
37803910001
56437114508
9468209342
82533917921
49632502240
16952159036
44393202615
50497207358
60592482465
19325427537
51160229266
33831220883
18170851001
50957381309
63613431991
71692975566
45174768231
55776007805
37628624912
36384317750
68317896607
70509087934
43002620761
46336732635
27886571645
45047779480
22423326282
38646523164
63014869826
45466048390
65017478135
16829221871
48290365996
82238688240
35307609754
34849161461
69046076784
80728721812
16622246634
46935667453
17042244445
63984176795
27570765752
8729226865
49863218535
26384213095
50890049766
41798646471
38083224118
60070158800
8881056782
27374605152
31108663861
28133062851
38627206159
77263819943
29979526039
26353271059
19348121479
25044792037
20763680832
26775530024
18191172991
27633822457
63270047369
44650058038
53839795355
34215494833
37303639145
34186206011
61789367600
17809323630
38797215633
40774396222
34630894341
48890054631
55266423937
25495114849
9197982510
27519764783
17230579967
8366599439
8064637361
18019664790
21618284444
18085880041
63875978011
42284842109
53050372325
34583598519
26259345892
30486303405
26496148076
70335968392
66133695948
53835657209
25596117169
26728399273
59003199028
