3.183459623955773000e+15
2.849109557007936000e+15
2.670990599187552000e+15
2.377781275980961000e+15
2.181057267969210000e+15
2.037168093644866000e+15
1.918830391434172000e+15
1.753791664447460000e+15
1.631447749868934000e+15
1.549778954258368000e+15
1.487053966461732000e+15
1.418019946932170000e+15
1.313832126449255000e+15
1.219031337757058000e+15
1.250201356854527000e+15
1.134172123731360000e+15
1.061096722857196000e+15
1.005877702465217000e+15
9.561194084604960000e+14
9.199226528129390000e+14
8.784184108248140000e+14
8.553517159213290000e+14
8.054669577582880000e+14
7.714904783852960000e+14
7.524798326458180000e+14
7.176987504161570000e+14
6.920375755714130000e+14
6.473791337634160000e+14
6.355136625770540000e+14
6.144302391768470000e+14
6.078571272719820000e+14
5.593405174158990000e+14
5.303467471205010000e+14
5.213646856171050000e+14
5.012174100625510000e+14
4.896636735141410000e+14
4.849093131495240000e+14
4.489414568704740000e+14
4.412894792022630000e+14
4.298065510481220000e+14
4.238665879753040000e+14
3.890725808706990000e+14
3.911949560101040000e+14
3.807274859014810000e+14
3.521966316273510000e+14
3.573079021898250000e+14
3.313712067897890000e+14
3.225722891146280000e+14
3.212431956118700000e+14
3.080906228207760000e+14
2.891145322181930000e+14
2.967888941484040000e+14
2.686418573056490000e+14
2.614500421488890000e+14
2.648736666606780000e+14
2.477488507596110000e+14
2.539446259009670000e+14
2.248613423599300000e+14
2.365251901066470000e+14
2.339871403389450000e+14
2.216246180923040000e+14
2.083899961786320000e+14
2.053652540077910000e+14
2.083648893933590000e+14
1.976559654893140000e+14
1.916362766250680000e+14
1.894795985504520000e+14
1.936860257381530000e+14
1.925803323157080000e+14
1.780229762136150000e+14
1.746428355742270000e+14
1.685883412895170000e+14
1.707184632147360000e+14
1.538088946473610000e+14
1.540898398346070000e+14
1.467068626730660000e+14
1.386261078325260000e+14
1.406332874250540000e+14
1.352668566906530000e+14
1.437990359524690000e+14
1.379817655654430000e+14
1.308250124348670000e+14
1.282091087561800000e+14
1.228922253080400000e+14
1.120116788006550000e+14
1.071967651847100000e+14
1.188320322132840000e+14
1.225529426674950000e+14
9.829740127794800000e+13
1.144834035082140000e+14
1.013366285712920000e+14
1.037713013507290000e+14
1.005706472963770000e+14
1.027540047681140000e+14
9.786479856586500000e+13
1.000791392645960000e+14
9.133563248615500000e+13
9.232887635582400000e+13
8.072925632799300000e+13
8.511908788658800000e+13
8.010169559001500000e+13
7.987542345658300000e+13
7.553766636446600000e+13
8.324638136406800000e+13
8.000507726521900000e+13
6.653680724055500000e+13
7.099534284109100000e+13
7.467767990552700000e+13
6.623790782899100000e+13
6.520847321159000000e+13
6.446296928443700000e+13
6.490978269497400000e+13
5.954885659923700000e+13
7.061673401574700000e+13
6.614107025251700000e+13
6.580667545619400000e+13
6.309589618197600000e+13
5.947062210612800000e+13
5.936100358077600000e+13
5.804495716243500000e+13
5.447006851817400000e+13
5.465256645787900000e+13
5.437909686092500000e+13
5.328555421518200000e+13
4.460129578496900000e+13
4.744745685093100000e+13
5.079895335477900000e+13
5.108350121185400000e+13
4.467960742580800000e+13
4.909786635975500000e+13
4.376257396012200000e+13
4.827399579092800000e+13
4.865658551638000000e+13
4.424976709873800000e+13
4.071601611953700000e+13
4.782316315204200000e+13
4.346336664183300000e+13
3.915117818469500000e+13
3.494355530163000000e+13
3.945224177264700000e+13
4.124806792686400000e+13
3.134768690463700000e+13
3.449148478988400000e+13
3.937904675383000000e+13
3.463607674234300000e+13
3.081819139227600000e+13
3.564327694331300000e+13
3.944484553409700000e+13
3.274522219259300000e+13
2.810126521014200000e+13
2.963659428533300000e+13
3.431463106547800000e+13
3.187838155475900000e+13
2.568087970227900000e+13
3.266667169361300000e+13
2.993868170373800000e+13
2.566327359400700000e+13
2.616624607150000000e+13
2.750963317404300000e+13
2.480651457571500000e+13
3.091609411667900000e+13
2.988147026701000000e+13
3.009851683119300000e+13
2.275273189450900000e+13
2.115768129116200000e+13
2.505423160609000000e+13
2.691609552561400000e+13
2.052270848934700000e+13
2.595953586761900000e+13
2.856605720464900000e+13
2.243692294636100000e+13
2.122289995152600000e+13
2.003292123641200000e+13
2.476649643736000000e+13
2.000390430318900000e+13
2.020587976980400000e+13
1.634830429837100000e+13
1.781305530176500000e+13
1.751038757215300000e+13
1.254362547707800000e+13
1.535494685532500000e+13
2.088455585685900000e+13
1.558575636998300000e+13
1.563472368914100000e+13
1.730850491548500000e+13
1.741433184354300000e+13
1.460803179117300000e+13
1.617667014542000000e+13
1.418133792558600000e+13
1.446203299195600000e+13
1.615343191858300000e+13
1.503635370930700000e+13
1.189222718344600000e+13
1.530251928337200000e+13
1.094179239440400000e+13
8.967665345784000000e+12
1.151363915865900000e+13
1.460256761036200000e+13
1.081082024722300000e+13
9.579169801358000000e+12
1.251089050893200000e+13
1.553221099515800000e+13
1.008195993200400000e+13
1.035090848750600000e+13
1.086571074395500000e+13
1.048861019579700000e+13
8.320855267701000000e+12
1.124553547727800000e+13
7.143599531113000000e+12
6.343514008382000000e+12
9.146099571104000000e+12
1.293012548681600000e+13
1.263434415387200000e+13
7.915567941726000000e+12
1.123911418026000000e+13
5.878321996233000000e+12
9.375700303759000000e+12
8.234830376543000000e+12
9.038227051764000000e+12
9.612096441673000000e+12
1.210504354743300000e+13
7.623137901019000000e+12
6.400692755217000000e+12
8.321429560759000000e+12
7.720597590467000000e+12
5.437391431773000000e+12
7.014441093601000000e+12
4.443288074465000000e+12
5.886950424765000000e+12
8.010201556096000000e+12
7.331095968366000000e+12
6.198875356902000000e+12
8.400026863761000000e+12
4.913434443324000000e+12
7.077923594176000000e+12
4.350610505043000000e+12
6.474194362925000000e+12
3.925456201242000000e+12
4.938954380359000000e+12
2.119954898463000000e+12
6.222342728775000000e+12
7.673168900165000000e+12
5.639750271417000000e+12
5.119563472519000000e+12
5.391898366296000000e+12
4.515334104081000000e+12
6.362365348045000000e+12
3.237083536335000000e+12
5.062021801141000000e+12
4.100136636063000000e+12
5.447919385403000000e+12
4.594814920181000000e+12
2.506231108632000000e+12
2.526097343966000000e+12
4.813550869165000000e+12
4.994557637018000000e+12
4.999799694059000000e+12
3.698063710135000000e+12
4.008136058366000000e+12
3.514025312258000000e+12
2.243502869481000000e+12
1.691213933718000000e+12
2.427150558372000000e+12
5.746773589399000000e+12
3.836203281744000000e+12
3.445551896738000000e+12
2.882885875062000000e+12
2.660459196907000000e+12
2.958146007008000000e+12
3.531789087249000000e+12
4.929495473213000000e+12
3.832702761145000000e+12
2.416829717334000000e+12
2.935587369645000000e+12
9.395575166930000000e+11
2.325783073053000000e+12
2.822090455235000000e+12
1.424632288606000000e+12
7.942574775640000000e+11
2.364342432301000000e+12
1.471482950521000000e+12
2.136412415854000000e+12
3.683331482962000000e+12
1.353267889371000000e+12
1.249084837055000000e+12
2.144982847791000000e+12
1.581488858488000000e+12
2.134857389213000000e+12
2.524562180696000000e+12
1.532333908290000000e+12
2.155221273374000000e+12
2.965688081135000000e+12
1.914523005555000000e+12
2.691258339085000000e+12
1.863286104260000000e+12
1.600565805629000000e+12
2.277412708733000000e+12
9.474716941960000000e+11
2.058377870507000000e+12
2.175916672771000000e+12
1.314235735527000000e+12
3.131873801792000000e+12
2.036935886986000000e+12
1.573903922575000000e+12
1.391725191180000000e+12
1.466623654515000000e+12
3.705556023470000000e+11
5.625796153300000000e+10
7.121518906910000000e+11
2.396974523142000000e+12
2.689317767826000000e+12
1.102295130985000000e+12
1.482137975699000000e+12
9.622465700470000000e+11
1.004307096486000000e+12
1.700874506288000000e+12
3.154559250020000000e+11
1.478578418515000000e+12
1.664125041435000000e+12
2.107093995545000000e+12
6.092676815630000000e+11
2.182830027675000000e+12
2.132431082508000000e+12
2.406026186265000000e+12
1.492144304490000000e+12
1.814144336181000000e+12
1.053882847102000000e+12
6.925246725630000000e+11
9.361056652050000000e+11
5.958823457500000000e+11
2.418725255151000000e+12
1.614928194648000000e+12
9.624010983690000000e+11
1.808941610228000000e+12
2.400461373671000000e+12
3.513410220310000000e+11
1.186288308340000000e+12
1.223951369990000000e+12
5.900051365030000000e+11
1.245186147457000000e+12
1.563305271250000000e+12
1.813104598485000000e+12
6.551440840530000000e+11
5.956822950330000000e+11
1.242945103841000000e+12
1.481100804191000000e+12
9.105540149350000000e+11
8.522355162270000000e+11
8.850077047550000000e+11
1.797986548030000000e+12
1.805470145235000000e+12
1.905149905850000000e+12
1.392729012548000000e+12
1.326408459141000000e+12
6.110263962190000000e+11
6.712485754650000000e+11
9.318504654840000000e+11
1.778689471321000000e+12
8.973850303150000000e+11
6.245074467770000000e+11
1.180010273007000000e+12
