6.719899999999999807e+01
7.047700000000000387e+01
7.375499999999999545e+01
7.703300000000000125e+01
8.031100000000000705e+01
8.358899999999999864e+01
8.686699999999999022e+01
9.014500000000001023e+01
9.342300000000000182e+01
9.670099999999999341e+01
9.997899999999999920e+01
1.032570000000000050e+02
1.065349999999999966e+02
1.098130000000000024e+02
1.130910000000000082e+02
1.163689999999999998e+02
1.196469999999999914e+02
1.229249999999999972e+02
1.262030000000000030e+02
1.294809999999999945e+02
1.327590000000000146e+02
1.360369999999999777e+02
1.393149999999999977e+02
1.425930000000000177e+02
1.458709999999999809e+02
1.491490000000000009e+02
1.524270000000000209e+02
1.557049999999999841e+02
1.589830000000000041e+02
1.622610000000000241e+02
1.655389999999999873e+02
1.688170000000000073e+02
1.720949999999999989e+02
1.753729999999999905e+02
1.786510000000000105e+02
1.819290000000000020e+02
1.852069999999999936e+02
1.884850000000000136e+02
1.917629999999999768e+02
1.950409999999999968e+02
1.983190000000000168e+02
2.015969999999999800e+02
2.048750000000000000e+02
2.081530000000000200e+02
2.114309999999999832e+02
2.147090000000000032e+02
2.179870000000000232e+02
2.212649999999999864e+02
2.245430000000000064e+02
2.278209999999999980e+02
2.310989999999999895e+02
2.343770000000000095e+02
2.376550000000000011e+02
2.409329999999999927e+02
2.442110000000000127e+02
2.474889999999999759e+02
2.507669999999999959e+02
2.540450000000000159e+02
2.573229999999999791e+02
2.606009999999999991e+02
2.638790000000000191e+02
2.671569999999999823e+02
2.704350000000000023e+02
2.737129999999999654e+02
2.769909999999999854e+02
2.802690000000000055e+02
2.835470000000000255e+02
2.868249999999999886e+02
2.901030000000000086e+02
2.933809999999999718e+02
2.966589999999999918e+02
2.999370000000000118e+02
3.032150000000000318e+02
3.064929999999999950e+02
3.097710000000000150e+02
3.130489999999999782e+02
3.163269999999999982e+02
3.196050000000000182e+02
3.228830000000000382e+02
3.261610000000000014e+02
3.294389999999999645e+02
3.327169999999999845e+02
3.359950000000000045e+02
3.392730000000000246e+02
3.425509999999999877e+02
3.458290000000000077e+02
3.491069999999999709e+02
3.523849999999999909e+02
3.556630000000000109e+02
3.589410000000000309e+02
3.622189999999999941e+02
3.654970000000000141e+02
3.687749999999999773e+02
3.720529999999999973e+02
3.753310000000000173e+02
3.786090000000000373e+02
3.818870000000000005e+02
3.851649999999999636e+02
3.884429999999999836e+02
3.917210000000000036e+02
3.949990000000000236e+02
3.982769999999999868e+02
4.015550000000000068e+02
4.048329999999999700e+02
4.081109999999999900e+02
4.113890000000000100e+02
4.146670000000000300e+02
4.179449999999999932e+02
4.212230000000000132e+02
4.245009999999999764e+02
4.277789999999999964e+02
4.310570000000000164e+02
4.343350000000000364e+02
4.376129999999999995e+02
4.408909999999999627e+02
4.441689999999999827e+02
4.474470000000000027e+02
4.507250000000000227e+02
4.540029999999999859e+02
4.572810000000000059e+02
4.605589999999999691e+02
4.638369999999999891e+02
4.671150000000000091e+02
4.703930000000000291e+02
4.736709999999999923e+02
4.769490000000000123e+02
4.802269999999999754e+02
4.835049999999999955e+02
4.867830000000000155e+02
4.900610000000000355e+02
4.933389999999999986e+02
4.966169999999999618e+02
4.998949999999999818e+02
5.031730000000000018e+02
5.064510000000000218e+02
5.097289999999999850e+02
5.130069999999999482e+02
5.162849999999999682e+02
5.195629999999999882e+02
5.228410000000000082e+02
5.261190000000000282e+02
5.293969999999999345e+02
5.326749999999999545e+02
5.359529999999999745e+02
5.392309999999999945e+02
5.425090000000000146e+02
5.457870000000000346e+02
5.490650000000000546e+02
5.523429999999999609e+02
5.556209999999999809e+02
5.588990000000000009e+02
5.621770000000000209e+02
5.654550000000000409e+02
5.687329999999999472e+02
5.720109999999999673e+02
5.752889999999999873e+02
5.785670000000000073e+02
5.818450000000000273e+02
5.851230000000000473e+02
5.884009999999999536e+02
5.916789999999999736e+02
5.949569999999999936e+02
5.982350000000000136e+02
6.015130000000000337e+02
6.047909999999999400e+02
6.080689999999999600e+02
6.113469999999999800e+02
6.146250000000000000e+02
6.179030000000000200e+02
6.211810000000000400e+02
6.244590000000000600e+02
6.277369999999999663e+02
6.310149999999999864e+02
6.342930000000000064e+02
6.375710000000000264e+02
6.408490000000000464e+02
6.441269999999999527e+02
6.474049999999999727e+02
6.506829999999999927e+02
6.539610000000000127e+02
6.572390000000000327e+02
6.605170000000000528e+02
6.637949999999999591e+02
6.670729999999999791e+02
6.703509999999999991e+02
6.736290000000000191e+02
6.769070000000000391e+02
6.801849999999999454e+02
6.834629999999999654e+02
6.867409999999999854e+02
6.900190000000000055e+02
6.932970000000000255e+02
6.965750000000000455e+02
6.998530000000000655e+02
7.031309999999999718e+02
7.064089999999999918e+02
7.096870000000000118e+02
7.129650000000000318e+02
7.162429999999999382e+02
7.195209999999999582e+02
7.227989999999999782e+02
7.260769999999999982e+02
7.293550000000000182e+02
7.326330000000000382e+02
7.359110000000000582e+02
7.391889999999999645e+02
7.424669999999999845e+02
7.457450000000000045e+02
7.490230000000000246e+02
7.523010000000000446e+02
7.555789999999999509e+02
7.588569999999999709e+02
7.621349999999999909e+02
7.654130000000000109e+02
7.686910000000000309e+02
7.719690000000000509e+02
7.752469999999999573e+02
7.785249999999999773e+02
7.818029999999999973e+02
7.850810000000000173e+02
7.883590000000000373e+02
7.916369999999999436e+02
7.949149999999999636e+02
7.981929999999999836e+02
8.014710000000000036e+02
8.047490000000000236e+02
8.080270000000000437e+02
8.113050000000000637e+02
8.145829999999999700e+02
8.178609999999999900e+02
8.211390000000000100e+02
8.244170000000000300e+02
8.276949999999999363e+02
8.309729999999999563e+02
8.342509999999999764e+02
8.375289999999999964e+02
8.408070000000000164e+02
8.440850000000000364e+02
8.473630000000000564e+02
8.506409999999999627e+02
8.539189999999999827e+02
8.571970000000000027e+02
8.604750000000000227e+02
8.637530000000000427e+02
8.670309999999999491e+02
8.703089999999999691e+02
8.735869999999999891e+02
8.768650000000000091e+02
8.801430000000000291e+02
8.834210000000000491e+02
8.866989999999999554e+02
8.899769999999999754e+02
8.932549999999999955e+02
8.965330000000000155e+02
8.998110000000000355e+02
9.030889999999999418e+02
9.063669999999999618e+02
9.096449999999999818e+02
9.129230000000000018e+02
9.162010000000000218e+02
9.194790000000000418e+02
9.227570000000000618e+02
9.260349999999999682e+02
9.293129999999999882e+02
9.325910000000000082e+02
9.358690000000000282e+02
9.391469999999999345e+02
9.424249999999999545e+02
9.457029999999999745e+02
9.489809999999999945e+02
9.522590000000000146e+02
9.555370000000000346e+02
9.588150000000000546e+02
9.620929999999999609e+02
9.653709999999999809e+02
9.686490000000000009e+02
9.719270000000000209e+02
9.752050000000000409e+02
9.784829999999999472e+02
9.817609999999999673e+02
9.850389999999999873e+02
9.883170000000000073e+02
9.915950000000000273e+02
9.948730000000000473e+02
9.981509999999999536e+02
1.001428999999999974e+03
1.004706999999999994e+03
1.007985000000000014e+03
1.011263000000000034e+03
1.014540999999999940e+03
1.017818999999999960e+03
1.021096999999999980e+03
1.024375000000000000e+03
1.027652999999999793e+03
1.030931000000000040e+03
1.034208999999999833e+03
1.037487000000000080e+03
1.040764999999999873e+03
1.044043000000000120e+03
1.047320999999999913e+03
1.050599000000000160e+03
1.053876999999999953e+03
1.057155000000000200e+03
1.060432999999999993e+03
1.063710999999999785e+03
1.066989000000000033e+03
1.070266999999999825e+03
1.073545000000000073e+03
1.076822999999999865e+03
1.080101000000000113e+03
1.083378999999999905e+03
1.086657000000000153e+03
1.089934999999999945e+03
1.093213000000000193e+03
1.096490999999999985e+03
1.099769000000000005e+03
1.103047000000000025e+03
1.106324999999999818e+03
1.109603000000000065e+03
1.112880999999999858e+03
1.116159000000000106e+03
1.119436999999999898e+03
1.122715000000000146e+03
1.125992999999999938e+03
1.129271000000000186e+03
1.132548999999999978e+03
1.135826999999999998e+03
1.139105000000000018e+03
1.142382999999999811e+03
1.145661000000000058e+03
1.148938999999999851e+03
1.152217000000000098e+03
1.155494999999999891e+03
1.158773000000000138e+03
1.162050999999999931e+03
1.165329000000000178e+03
1.168606999999999971e+03
1.171884999999999991e+03
1.175163000000000011e+03
1.178440999999999804e+03
1.181719000000000051e+03
1.184996999999999844e+03
1.188275000000000091e+03
1.191552999999999884e+03
1.194831000000000131e+03
1.198108999999999924e+03
1.201387000000000171e+03
1.204664999999999964e+03
1.207943000000000211e+03
1.211221000000000004e+03
1.214498999999999796e+03
1.217777000000000044e+03
1.221054999999999836e+03
1.224333000000000084e+03
1.227610999999999876e+03
1.230889000000000124e+03
1.234166999999999916e+03
1.237445000000000164e+03
1.240722999999999956e+03
1.244001000000000204e+03
1.247278999999999996e+03
1.250556999999999789e+03
1.253835000000000036e+03
1.257112999999999829e+03
1.260391000000000076e+03
1.263668999999999869e+03
1.266947000000000116e+03
1.270224999999999909e+03
1.273503000000000156e+03
1.276780999999999949e+03
1.280059000000000196e+03
1.283336999999999989e+03
1.286615000000000009e+03
1.289893000000000029e+03
1.293170999999999822e+03
1.296449000000000069e+03
1.299726999999999862e+03
1.303005000000000109e+03
1.306282999999999902e+03
1.309561000000000149e+03
1.312838999999999942e+03
1.316117000000000189e+03
1.319394999999999982e+03
1.322673000000000002e+03
1.325951000000000022e+03
1.329228999999999814e+03
1.332507000000000062e+03
1.335784999999999854e+03
1.339063000000000102e+03
1.342340999999999894e+03
1.345619000000000142e+03
1.348896999999999935e+03
1.352175000000000182e+03
1.355452999999999975e+03
1.358730999999999995e+03
1.362009000000000015e+03
1.365286999999999807e+03
1.368565000000000055e+03
1.371842999999999847e+03
1.375121000000000095e+03
1.378398999999999887e+03
1.381677000000000135e+03
1.384954999999999927e+03
1.388233000000000175e+03
1.391510999999999967e+03
1.394789000000000215e+03
1.398067000000000007e+03
1.401344999999999800e+03
1.404623000000000047e+03
1.407900999999999840e+03
1.411179000000000087e+03
1.414456999999999880e+03
1.417735000000000127e+03
1.421012999999999920e+03
1.424291000000000167e+03
1.427568999999999960e+03
1.430847000000000207e+03
1.434125000000000000e+03
1.437402999999999793e+03
1.440681000000000040e+03
1.443958999999999833e+03
1.447237000000000080e+03
1.450514999999999873e+03
1.453793000000000120e+03
1.457070999999999913e+03
1.460349000000000160e+03
1.463626999999999953e+03
1.466905000000000200e+03
1.470182999999999993e+03
1.473460999999999785e+03
1.476739000000000033e+03
1.480016999999999825e+03
1.483295000000000073e+03
1.486572999999999865e+03
1.489851000000000113e+03
1.493128999999999905e+03
1.496407000000000153e+03
1.499684999999999945e+03
1.502963000000000193e+03
1.506240999999999985e+03
1.509519000000000005e+03
