1.309512027840420000e+14
1.187585475441300000e+14
1.095748856173470000e+14
9.899474002380700000e+13
9.875071141034600000e+13
8.914769188138400000e+13
8.559855049407700000e+13
7.850272813929800000e+13
7.164580387222800000e+13
7.034200616381600000e+13
6.685165177159600000e+13
6.096838970603900000e+13
6.003388071202600000e+13
5.583750916941300000e+13
5.000780633094300000e+13
5.075440846289000000e+13
4.672565287767700000e+13
4.274153438945100000e+13
4.036767301826200000e+13
3.832916025255100000e+13
3.847593675591200000e+13
3.702342531282700000e+13
3.326230835588100000e+13
3.481749293422800000e+13
3.097346611638500000e+13
3.064368361264300000e+13
2.984167158370500000e+13
2.759208422256400000e+13
2.821518543116400000e+13
2.699599324997900000e+13
2.527503656894400000e+13
2.366431183440900000e+13
2.304751780616800000e+13
2.240009784015100000e+13
2.141511124154600000e+13
2.131147934551400000e+13
1.990355606225900000e+13
1.869436592169800000e+13
1.883716178577800000e+13
1.799710295210100000e+13
1.619924532496400000e+13
1.696546529568200000e+13
1.679673156506800000e+13
1.474918213478300000e+13
1.580120471861400000e+13
1.580937344531000000e+13
1.433142468128800000e+13
1.385460555691600000e+13
1.489843160522800000e+13
1.313694942697600000e+13
1.328740504517500000e+13
1.302223006660500000e+13
1.193864857488500000e+13
1.115455489900600000e+13
1.184593707178400000e+13
1.122990497823300000e+13
1.298768095894800000e+13
1.116257491165600000e+13
1.162215344157600000e+13
1.036049271746000000e+13
9.836704899499000000e+12
9.723167899189000000e+12
9.774808795231000000e+12
9.081856234071000000e+12
9.569458366934000000e+12
9.732234477973000000e+12
8.938054430859000000e+12
8.698779165882000000e+12
8.967489837116000000e+12
8.655010789955000000e+12
7.200034417114000000e+12
8.372168186941000000e+12
8.358640276704000000e+12
7.924546732398000000e+12
8.137353548351000000e+12
7.264742632432000000e+12
7.551951806339000000e+12
7.149903381261000000e+12
6.701506231312000000e+12
7.122888163241000000e+12
7.291438894606000000e+12
5.778896738899000000e+12
6.392191827058000000e+12
6.178158228867000000e+12
6.311102301120000000e+12
6.181839991638000000e+12
5.017670887076000000e+12
5.922588450174000000e+12
5.394706504128000000e+12
5.560614213051000000e+12
5.833708215011000000e+12
4.987594653445000000e+12
5.088577403100000000e+12
5.327057901622000000e+12
5.093502433567000000e+12
5.123643527471000000e+12
4.904950809355000000e+12
4.600763799576000000e+12
5.324471698458000000e+12
4.772903699068000000e+12
4.882433930245000000e+12
4.920912258680000000e+12
4.591142596064000000e+12
4.230418470590000000e+12
4.467663966438000000e+12
4.331994440738000000e+12
4.251771313979000000e+12
4.598635690131000000e+12
4.124625196123000000e+12
4.091616729551000000e+12
3.716617689330000000e+12
4.180833719669000000e+12
3.840745070762000000e+12
3.671688539253000000e+12
3.540057166240000000e+12
3.592934113162000000e+12
3.236735124116000000e+12
3.466951041464000000e+12
3.651266416165000000e+12
3.106924392669000000e+12
3.439290259278000000e+12
2.758762334436000000e+12
3.023558309216000000e+12
3.542306303033000000e+12
3.062919591940000000e+12
3.146928253852000000e+12
3.277169118211000000e+12
2.711012616889000000e+12
3.292298799068000000e+12
3.334738709573000000e+12
3.338578380775000000e+12
3.134415769088000000e+12
2.848765925759000000e+12
2.652488039130000000e+12
3.261548544105000000e+12
2.584323074691000000e+12
2.858744369459000000e+12
2.621808369128000000e+12
2.097891375158000000e+12
2.478698207697000000e+12
2.914966554464000000e+12
2.880346100002000000e+12
2.356589188256000000e+12
2.562520677619000000e+12
2.343397191469000000e+12
2.129190406056000000e+12
2.514225495699000000e+12
2.215863966670000000e+12
2.396283059143000000e+12
2.584970718704000000e+12
2.229862457968000000e+12
2.265103006466000000e+12
1.843639769688000000e+12
2.007705093118000000e+12
1.937396757089000000e+12
1.705341094607000000e+12
1.851797986392000000e+12
2.340382726243000000e+12
1.918364558568000000e+12
1.961877130614000000e+12
1.676173762447000000e+12
1.851138066714000000e+12
1.771871358016000000e+12
1.573994409610000000e+12
1.535307494877000000e+12
1.639817446137000000e+12
1.759034859034000000e+12
1.669016712770000000e+12
1.778668030769000000e+12
1.448253131995000000e+12
1.432860976528000000e+12
1.701159985743000000e+12
2.055279611196000000e+12
1.440881017347000000e+12
1.399590358849000000e+12
1.570138216412000000e+12
1.413339031976000000e+12
1.574668019844000000e+12
1.512241989129000000e+12
1.650343804902000000e+12
1.212037462700000000e+12
1.165656274820000000e+12
1.172051720541000000e+12
1.194610066238000000e+12
1.041725861052000000e+12
1.368257386015000000e+12
1.594909217653000000e+12
1.255896177202000000e+12
1.303072862668000000e+12
1.325425521643000000e+12
1.210522993483000000e+12
1.102814792702000000e+12
1.682965811464000000e+12
1.051054895935000000e+12
9.122911470920000000e+11
8.883007534850000000e+11
9.470085304450000000e+11
1.094328892462000000e+12
1.109235320128000000e+12
9.255641136980000000e+11
1.302392835493000000e+12
1.006270041094000000e+12
8.946024376270000000e+11
8.360935285490000000e+11
8.716324252830000000e+11
1.025003105639000000e+12
6.549894670810000000e+11
8.975276581450000000e+11
9.396471918990000000e+11
8.975420616780000000e+11
7.308028334960000000e+11
7.611828173320000000e+11
7.634558257760000000e+11
1.138004787709000000e+12
6.819743275080000000e+11
6.849686161720000000e+11
5.423374914430000000e+11
6.786830946740000000e+11
7.936353044240000000e+11
8.741274412480000000e+11
6.350287704550000000e+11
6.974160026170000000e+11
8.409877658870000000e+11
7.218716125210000000e+11
7.214330785120000000e+11
7.444935923860000000e+11
7.797435796550000000e+11
1.058497547185000000e+12
5.614118900460000000e+11
3.984205895790000000e+11
7.460201469730000000e+11
5.626427778440000000e+11
5.205470237320000000e+11
6.507412151260000000e+11
6.733446323570000000e+11
5.445254462030000000e+11
4.800850130060000000e+11
5.023381447030000000e+11
5.459583187550000000e+11
5.035513421160000000e+11
4.688948033070000000e+11
4.766222189780000000e+11
4.876719616360000000e+11
5.455336306650000000e+11
6.305338698830000000e+11
5.551805412590000000e+11
4.822888677520000000e+11
6.139626677030000000e+11
4.529588618980000000e+11
5.513608680590000000e+11
3.759163749570000000e+11
3.820581826790000000e+11
4.786011423210000000e+11
5.007312581440000000e+11
4.790338971700000000e+11
5.170842126960000000e+11
4.762848940680000000e+11
4.768577909120000000e+11
3.185838887320000000e+11
3.573186151930000000e+11
3.692976743720000000e+11
3.706047376010000000e+11
4.230022939870000000e+11
3.509991785170000000e+11
4.647052032510000000e+11
3.481891053710000000e+11
2.607528913730000000e+11
3.249416848150000000e+11
3.233473654180000000e+11
4.260174363430000000e+11
3.268204353240000000e+11
2.314738115190000000e+11
4.526815118040000000e+11
3.686574368790000000e+11
3.550358996020000000e+11
4.639103910050000000e+11
2.038403402660000000e+11
3.988671414530000000e+11
2.862248266850000000e+11
2.447590418890000000e+11
3.240032626550000000e+11
2.282174969910000000e+11
2.576237329150000000e+11
3.595058537900000000e+11
3.915334493900000000e+11
1.999365431570000000e+11
2.349383507900000000e+11
1.983194010070000000e+11
4.817326196150000000e+11
4.116645482230000000e+11
2.973967134770000000e+11
2.138216679270000000e+11
3.084196085020000000e+11
2.007329860180000000e+11
2.837155882670000000e+11
2.931772577680000000e+11
2.142164777140000000e+11
3.019107383610000000e+11
1.907387788100000000e+11
1.706878582820000000e+11
1.979554302150000000e+11
2.984463622790000000e+11
1.192485843170000000e+11
1.436234298340000000e+11
3.912641237580000000e+11
2.180164009080000000e+11
1.501049958950000000e+11
2.410841377470000000e+11
1.912252861810000000e+11
1.107852124340000000e+11
3.021739986980000000e+11
1.665466982450000000e+11
2.385953314070000000e+11
3.543059697780000000e+11
9.709708521600000000e+10
1.530563043480000000e+11
1.108398225630000000e+11
1.194388546270000000e+11
6.120424840500000000e+10
1.243873353030000000e+11
1.132140559910000000e+11
2.777744595920000000e+11
5.251733647080000000e+11
1.194798809560000000e+11
2.208402652430000000e+11
2.061934767440000000e+11
9.563161969100000000e+10
1.164378796560000000e+11
8.689913831200000000e+10
1.108025407680000000e+11
8.891559803300000000e+10
1.209324200670000000e+11
1.085063609570000000e+11
2.679706899100000000e+11
4.992535962500000000e+10
5.609308073000000000e+10
8.992758689400000000e+10
7.067404107000000000e+10
1.877077647540000000e+11
5.596280787500000000e+10
2.302365107430000000e+11
2.280350562870000000e+11
5.525922503600000000e+10
6.879284151200000000e+10
7.690845253700000000e+10
3.376679407430000000e+11
2.148382331320000000e+11
4.628721093900000000e+10
9.417345038900000000e+10
6.656909352600000000e+10
3.846224339400000000e+10
8.258198231000000000e+10
5.513381185500000000e+10
9.496823513200000000e+10
8.327755503400000000e+10
5.181277478200000000e+10
7.392866815100000000e+10
6.140577742800000000e+10
7.626389971600000000e+10
4.510916441800000000e+10
5.593282375100000000e+10
5.577421652900000000e+10
4.492426013900000000e+10
3.582884984400000000e+10
1.815129439000000000e+11
1.134194872300000000e+10
6.284055379500000000e+10
5.716134508300000000e+10
2.050891964270000000e+11
2.966253724780000000e+11
3.657335296500000000e+10
2.565968793100000000e+10
4.407517815400000000e+10
2.357916150600000000e+10
8.841677412300000000e+10
7.053873166000000000e+10
1.649824299500000000e+11
3.264783888100000000e+10
1.745314821210000000e+11
4.705016939800000000e+10
4.413386129400000000e+10
1.779067695100000000e+10
4.824181729800000000e+10
7.145890791900000000e+10
4.661808011600000000e+10
5.542574814000000000e+10
1.590918482200000000e+10
3.287020505800000000e+10
4.744294231900000000e+10
3.106355847600000000e+10
3.750671091500000000e+10
3.252946502900000000e+10
1.530962008980000000e+11
5.401621149000000000e+10
2.507636609500000000e+10
1.849227159500000000e+10
5.602449503800000000e+10
2.883174254060000000e+11
6.578597192800000000e+10
1.505161777680000000e+11
1.579144787490000000e+11
1.538285128990000000e+11
1.915252707100000000e+10
3.199002834100000000e+10
3.388731381500000000e+10
1.655504527200000000e+10
4.232182403800000000e+10
3.042476796600000000e+10
4.951234894300000000e+10
1.396127831300000000e+10
7.748625289000000000e+09
2.143873731200000000e+10
1.654488794300000000e+10
1.490731491870000000e+11
2.943013729000000000e+10
5.144815862900000000e+10
2.131177665100000000e+10
2.955458261320000000e+11
4.393215820200000000e+10
5.511495568000000000e+09
1.793659214800000000e+10
1.452891786190000000e+11
1.431752247530000000e+11
1.201902035000000000e+10
9.763108219000000000e+09
2.525302240400000000e+10
1.974358524100000000e+10
8.330787071000000000e+09
5.191005186800000000e+10
1.361075617200000000e+10
1.622712286140000000e+11
2.463490288600000000e+10
1.422744657600000000e+10
1.338727005000000000e+10
1.436435215900000000e+11
3.400317505300000000e+10
1.520492747370000000e+11
5.074305775000000000e+09
1.373293611320000000e+11
4.642912955000000000e+10
8.432742501000000000e+09
2.885433223600000000e+10
1.239286408420000000e+11
4.112146187400000000e+10
8.778821460000000000e+09
2.562236548100000000e+10
3.232868883900000000e+10
2.682782520100000000e+10
9.459547441000000000e+09
1.680342095100000000e+10
2.322622100800000000e+10
1.350049157880000000e+11
2.615695465400000000e+10
9.675038461000000000e+09
1.487234860300000000e+10
1.371062944700000000e+10
3.742022811000000000e+09
2.183115043900000000e+10
1.756091748400000000e+10
1.069305679400000000e+10
1.081517308900000000e+10
7.480452189000000000e+09
9.092741750000000000e+09
9.137153414000000000e+09
4.006330967000000000e+09
2.912816892700000000e+10
5.314139317000000000e+09
7.835550644000000000e+09
2.900730226500000000e+10
1.193459468100000000e+10
9.751074179000000000e+09
1.430830314500000000e+10
1.590799991000000000e+09
5.496994670000000000e+09
1.520893730000000000e+10
3.162885816300000000e+10
3.295677729000000000e+10
1.331599270030000000e+11
3.058702881100000000e+10
1.326133522360000000e+11
9.068837185000000000e+09
1.696660465300000000e+10
6.262921763000000000e+09
