0
0
0
0
2700101683962839
3541503122924892
2224396402330450
1580237150940134
1119317819953221
847407399646422
668727361806584
524025013976962
438724002620453
377732643806065
321228680499186
273629303840178
240441851023184
231025120332188
201205029000087
191841691144218
169663952777797
152094825807163
145044771358781
126219586563563
126202980713517
115273519284408
113405213159785
107754826675201
93263241822443
95715483056854
82536951031899
79462325761422
68925831696829
71727401075299
69385829729607
58090968442077
60336504044324
53859488584518
51626804567824
51179577061094
48586708354849
50960530764594
41085018475529
39138331282615
42610942624638
40670250813427
39630714657891
41868221672018
35827532940863
34083284053130
31458470655637
30766787780076
28306697020972
28285231647344
26769438762274
24269547982070
26758084809237
24672887014515
25961301588004
24535000168999
22480013165173
20343323589388
23319431488104
19917665014542
21246657315830
18159480229728
14856158360338
20086235118687
16792196292155
15144252723880
15745766096842
15004679401058
13324028578106
13523661101795
12785338880626
14599239232587
13513860787107
13053350161583
11549156051389
12509002060730
11848770397715
12884914785634
9093142054747
9707890070669
8362237896617
10841408088306
9565487705960
10354975016550
9540619369336
8431367146887
10449863398232
8204886366320
6225490694462
9606067391788
9218114052987
9099851174352
9212502859641
6918101515921
8062723549022
6778977417082
4895428332733
7464032988593
5620601239598
7032816532961
6423534281262
6261829516562
6320805592543
6067217210236
7997677947797
4882830679440
5802252398496
5175164050060
5384381525015
6546854322603
4994766424770
5092207888968
5297686608482
4241864997122
5211275255811
4314446090526
4212466227404
3955720726355
2924774965865
3920889232894
2782713285587
4475132130780
3712412555443
3839757059007
4280026441826
4014199030453
5008368956433
5353492311472
4761918690642
2760241507872
3691908495541
4432108102258
2696271104701
4079179840221
3330376386478
3439734140379
3255485565185
3231190466415
2159922520545
2320490311568
2378099026445
1669145665538
2633900889023
2290564494274
2888214302008
2299181887741
2494615438959
2548724073612
2214533581339
2301929550147
1518587056131
1943587364818
4040548491719
1778022354679
2578407243906
2063581797103
2074228793495
2445199617078
2610237467564
2435544492287
2313406652067
1900750416969
3848671622165
2807977600223
1450622619091
1604743432091
1878718071175
2133990598144
1712053175136
1257495715745
1736376920737
1786396505521
1358362764550
2006114822487
1175030919235
1174937323909
1531581646667
1139177035254
1447868773096
1507554840185
1412057688062
1512557324107
2155659090006
1269606149382
2053947795553
1687441939920
1980772965958
632011080944
1698518384203
1716752245655
624774217100
1217472598653
480333859481
684782864087
1551540757821
604212732097
1732216463417
1234478530818
610558026176
1358314004096
1370529766216
910752822379
477362718923
1065803075314
663565658727
1934318122983
461887395077
905751385790
683424593921
491806516804
1403563911091
611523130674
621489116901
1121394973002
876415394790
662391247074
1053080481829
1397143776339
539202917285
453008525784
1236572824995
316684823435
642190193657
1206872037262
977720875843
450126488919
465537686827
750210814865
450126488919
903106952897
756142495365
900252977838
604771389111
303109198337
6608688128
434588071668
607105797522
183782093134
163723220044
618910616629
463102571825
900252977838
849618374474
914905983755
532134630004
900252977838
605325382222
608979855439
750210814865
450126488919
602922778870
900252977838
300084325946
150042162973
150042162973
605468267748
463641214319
0
900252977838
159406207382
611225940487
162909778263
744767833797
900252977838
600168651892
161108700237
600168651892
150042162973
300084325946
483751363665
0
750210814865
450126488919
793320931361
152790290349
150042162973
0
176257988945
300084325946
156385821557
462353985456
300084325946
450126488919
453041229040
900252977838
450126488919
750210814865
450126488919
600168651892
0
600168651892
180218968898
456678646177
300084325946
300084325946
300084325946
0
554388417391
150042162973
0
300084325946
300084325946
300084325946
0
308415133199
171639999549
300084325946
152799358914
300084325946
150042162973
300084325946
150042162973
150042162973
153161701015
150042162973
300084325946
150042162973
450126488919
150042162973
0
150042162973
150042162973
6815366074
450126488919
9415146156
0
150042162973
0
5267839255
150042162973
150042162973
0
150042162973
450126488919
150042162973
300084325946
0
300084325946
150042162973
150042162973
150042162973
150042162973
0
150042162973
0
150042162973
0
150042162973
0
300084325946
300084325946
0
150042162973
0
0
150042162973
150042162973
69491986132
150042162973
150042162973
300084325946
0
0
0
150042162973
300084325946
150042162973
9216504057
0
0
300084325946
150042162973
0
150042162973
0
150042162973
0
150042162973
150042162973
0
0
0
0
150042162973
150042162973
0
0
150042162973
0
0
0
0
0
150042162973
0
0
0
0
0
0
0
0
0
0
0
0
0
0
0
0
0
0
0
0
0
0
0
0
0
0
0
150042162973
0
0
0
300084325946
0
0
0
0
0
0
0
0
0
150042162973
150042162973
0
0
0
0
0
0
0
0
0
0
0
0
150042162973
0
0
0
0
0
0
0
0
0
0
20105721698
0
0
0
0
0
0
0
0
0
0
0
0
0
0
0
0
0
0
0
0
0
0
0
0
0
0
0
0
0
0
150042162973
0
0
0
0
0
0
0
0
0
0
0
0
0
0
0
0
0
0
0
0
0
0
0
0
0
0
0
0
0
0
0
0
0
0
0
150042162973
0
0
0
0
0
0
150042162973
0
0
0
0
0
0
0
0
0
0
0
0
0
0
0
0
0
0
0
0
0
0
0
0
0
0
0
0
0
0
0
0
0
0
0
0
0
0
0
0
0
0
0
0
0
0
0
0
0
0
0
0
0
0
0
0
0
0
0
0
0
0
0
0
0
0
0
0
0
0
0
0
0
0
0
0
0
0
0
0
0
0
0
0
0
0
0
0
0
0
0
0
0
0
0
0
0
0
0
0
0
0
0
0
0
0
0
0
0
0
0
0
0
0
0
0
0
0
0
0
0
0
0
0
0
0
0
0
0
0
0
0
0
0
0
0
0
0
0
0
0
0
0
0
0
0
0
0
0
0
0
0
0
0
0
0
0
0
0
0
0
0
0
0
0
0
0
0
0
0
0
0
0
0
0
0
0
0
0
0
0
0
0
0
0
0
0
0
0
0
0
0
0
0
0
0
0
0
0
0
0
0
0
0
0
0
0
0
0
0
0
0
0
0
0
0
0
0
0
0
0
0
0
0
0
0
0
0
0
0
0
0
0
0
0
0
0
0
0
0
0
0
0
0
0
0
0
0
0
0
0
0
0
0
0
0
0
0
0
0
0
0
0
0
0
0
0
0
0
0
0
0
0
0
0
0
0
0
0
0
0
0
0
0
0
0
0
0
0
0
0
0
0
0
0
0
0
0
0
0
0
0
0
0
0
0
0
0
0
0
0
0
0
0
0
0
0
0
0
0
0
0
0
0
0
0
0
0
0
0
0
150042162973
0
0
0
0
0
0
0
0
0
0
0
0
0
0
0
0
0
0
0
0
0
0
0
0
0
0
0
0
0
0
0
0
0
0
0
0
0
0
0
0
0
0
0
0
0
0
0
0
0
0
0
0
0
0
0
0
0
0
0
0
0
0
0
0
0
0
0
0
0
0
0
0
0
0
0
0
0
0
0
0
0
0
0
0
0
0
0
0
0
0
0
0
0
0
0
0
0
0
0
0
0
0
0
0
0
0
0
0
0
0
0
0
0
0
0
0
0
0
0
0
0
0
0
0
0
0
150042162973
0
0
