4.878999999999999915e+01
5.117000000000000171e+01
5.354999999999999716e+01
5.592999999999999972e+01
5.831000000000000227e+01
6.068999999999999773e+01
6.307000000000000739e+01
6.545000000000000284e+01
6.782999999999999829e+01
7.021000000000000796e+01
7.259000000000000341e+01
7.496999999999999886e+01
7.734999999999999432e+01
7.973000000000000398e+01
8.210999999999999943e+01
8.449000000000000909e+01
8.687000000000000455e+01
8.925000000000000000e+01
9.162999999999999545e+01
9.400999999999999091e+01
9.639000000000000057e+01
9.876999999999999602e+01
1.011500000000000057e+02
1.035300000000000011e+02
1.059099999999999966e+02
1.082899999999999920e+02
1.106700000000000017e+02
1.130499999999999972e+02
1.154300000000000068e+02
1.178100000000000023e+02
1.201899999999999977e+02
1.225699999999999932e+02
1.249500000000000028e+02
1.273300000000000125e+02
1.297100000000000080e+02
1.320900000000000034e+02
1.344699999999999989e+02
1.368499999999999943e+02
1.392299999999999898e+02
1.416100000000000136e+02
1.439900000000000091e+02
1.463700000000000045e+02
1.487500000000000000e+02
1.511299999999999955e+02
1.535099999999999909e+02
1.558899999999999864e+02
1.582700000000000102e+02
1.606500000000000057e+02
1.630300000000000011e+02
1.654099999999999966e+02
1.677899999999999920e+02
1.701700000000000159e+02
1.725500000000000114e+02
1.749300000000000068e+02
1.773100000000000023e+02
1.796899999999999977e+02
1.820699999999999932e+02
1.844499999999999886e+02
1.868299999999999841e+02
1.892100000000000080e+02
1.915900000000000034e+02
1.939699999999999989e+02
1.963499999999999943e+02
1.987299999999999898e+02
2.011100000000000136e+02
2.034900000000000091e+02
2.058700000000000045e+02
2.082500000000000000e+02
2.106299999999999955e+02
2.130099999999999909e+02
2.153899999999999864e+02
2.177700000000000102e+02
2.201500000000000057e+02
2.225300000000000011e+02
2.249099999999999966e+02
2.272899999999999920e+02
2.296700000000000159e+02
2.320500000000000114e+02
2.344300000000000068e+02
2.368100000000000023e+02
2.391899999999999977e+02
2.415699999999999932e+02
2.439499999999999886e+02
2.463299999999999841e+02
2.487100000000000080e+02
2.510900000000000034e+02
2.534699999999999989e+02
2.558500000000000227e+02
2.582300000000000182e+02
2.606100000000000136e+02
2.629900000000000091e+02
2.653700000000000045e+02
2.677500000000000000e+02
2.701299999999999955e+02
2.725099999999999909e+02
2.748899999999999864e+02
2.772699999999999818e+02
2.796499999999999773e+02
2.820299999999999727e+02
2.844100000000000250e+02
2.867900000000000205e+02
2.891700000000000159e+02
2.915500000000000114e+02
2.939300000000000068e+02
2.963100000000000023e+02
2.986899999999999977e+02
3.010699999999999932e+02
3.034499999999999886e+02
3.058299999999999841e+02
3.082099999999999795e+02
3.105899999999999750e+02
3.129700000000000273e+02
3.153500000000000227e+02
3.177300000000000182e+02
3.201100000000000136e+02
3.224900000000000091e+02
3.248700000000000045e+02
3.272500000000000000e+02
3.296299999999999955e+02
3.320099999999999909e+02
3.343899999999999864e+02
3.367699999999999818e+02
3.391499999999999773e+02
3.415299999999999727e+02
3.439100000000000250e+02
3.462900000000000205e+02
3.486700000000000159e+02
3.510500000000000114e+02
3.534300000000000068e+02
3.558100000000000023e+02
3.581899999999999977e+02
3.605699999999999932e+02
3.629499999999999886e+02
3.653299999999999841e+02
3.677099999999999795e+02
3.700899999999999750e+02
3.724700000000000273e+02
3.748500000000000227e+02
3.772300000000000182e+02
3.796100000000000136e+02
3.819900000000000091e+02
3.843700000000000045e+02
3.867500000000000000e+02
3.891299999999999955e+02
3.915099999999999909e+02
3.938899999999999864e+02
3.962699999999999818e+02
3.986499999999999773e+02
4.010299999999999727e+02
4.034100000000000250e+02
4.057900000000000205e+02
4.081700000000000159e+02
4.105500000000000114e+02
4.129300000000000068e+02
4.153100000000000023e+02
4.176899999999999977e+02
4.200699999999999932e+02
4.224499999999999886e+02
4.248299999999999841e+02
4.272099999999999795e+02
4.295899999999999750e+02
4.319700000000000273e+02
4.343500000000000227e+02
4.367300000000000182e+02
4.391100000000000136e+02
4.414900000000000091e+02
4.438700000000000045e+02
4.462500000000000000e+02
4.486299999999999955e+02
4.510099999999999909e+02
4.533899999999999864e+02
4.557699999999999818e+02
4.581499999999999773e+02
4.605299999999999727e+02
4.629100000000000250e+02
4.652900000000000205e+02
4.676700000000000159e+02
4.700500000000000114e+02
4.724300000000000068e+02
4.748100000000000023e+02
4.771899999999999977e+02
4.795699999999999932e+02
4.819499999999999886e+02
4.843299999999999841e+02
4.867099999999999795e+02
4.890899999999999750e+02
4.914700000000000273e+02
4.938500000000000227e+02
4.962300000000000182e+02
4.986100000000000136e+02
5.009900000000000091e+02
5.033700000000000045e+02
5.057500000000000000e+02
5.081299999999999955e+02
5.105099999999999909e+02
5.128899999999999864e+02
5.152699999999999818e+02
5.176500000000000909e+02
5.200299999999999727e+02
5.224100000000000819e+02
5.247899999999999636e+02
5.271700000000000728e+02
5.295499999999999545e+02
5.319300000000000637e+02
5.343099999999999454e+02
5.366900000000000546e+02
5.390699999999999363e+02
5.414500000000000455e+02
5.438299999999999272e+02
5.462100000000000364e+02
5.485899999999999181e+02
5.509700000000000273e+02
5.533499999999999091e+02
5.557300000000000182e+02
5.581099999999999000e+02
5.604900000000000091e+02
5.628699999999998909e+02
5.652500000000000000e+02
5.676300000000001091e+02
5.700099999999999909e+02
5.723900000000001000e+02
5.747699999999999818e+02
5.771500000000000909e+02
5.795299999999999727e+02
5.819100000000000819e+02
5.842899999999999636e+02
5.866700000000000728e+02
5.890499999999999545e+02
5.914300000000000637e+02
5.938099999999999454e+02
5.961900000000000546e+02
5.985699999999999363e+02
6.009500000000000455e+02
6.033299999999999272e+02
6.057100000000000364e+02
6.080899999999999181e+02
6.104700000000000273e+02
6.128499999999999091e+02
6.152300000000000182e+02
6.176099999999999000e+02
6.199900000000000091e+02
6.223699999999998909e+02
6.247500000000000000e+02
6.271300000000001091e+02
6.295099999999999909e+02
6.318900000000001000e+02
6.342699999999999818e+02
6.366500000000000909e+02
6.390299999999999727e+02
6.414100000000000819e+02
6.437899999999999636e+02
6.461700000000000728e+02
6.485499999999999545e+02
6.509300000000000637e+02
6.533099999999999454e+02
6.556900000000000546e+02
6.580699999999999363e+02
6.604500000000000455e+02
6.628299999999999272e+02
6.652100000000000364e+02
6.675899999999999181e+02
6.699700000000000273e+02
6.723499999999999091e+02
6.747300000000000182e+02
6.771099999999999000e+02
6.794900000000000091e+02
6.818699999999998909e+02
6.842500000000000000e+02
6.866300000000001091e+02
6.890099999999999909e+02
6.913900000000001000e+02
6.937699999999999818e+02
6.961500000000000909e+02
6.985299999999999727e+02
7.009100000000000819e+02
7.032899999999999636e+02
7.056700000000000728e+02
7.080499999999999545e+02
7.104300000000000637e+02
7.128099999999999454e+02
7.151900000000000546e+02
7.175699999999999363e+02
7.199500000000000455e+02
7.223299999999999272e+02
7.247100000000000364e+02
7.270899999999999181e+02
7.294700000000000273e+02
7.318499999999999091e+02
7.342300000000000182e+02
7.366099999999999000e+02
7.389900000000000091e+02
7.413699999999998909e+02
7.437500000000000000e+02
7.461300000000001091e+02
7.485099999999999909e+02
7.508900000000001000e+02
7.532699999999999818e+02
7.556500000000000909e+02
7.580299999999999727e+02
7.604100000000000819e+02
7.627899999999999636e+02
7.651700000000000728e+02
7.675499999999999545e+02
7.699300000000000637e+02
7.723099999999999454e+02
7.746900000000000546e+02
7.770699999999999363e+02
7.794500000000000455e+02
7.818299999999999272e+02
7.842100000000000364e+02
7.865899999999999181e+02
7.889700000000000273e+02
7.913499999999999091e+02
7.937300000000000182e+02
7.961099999999999000e+02
7.984900000000000091e+02
8.008699999999998909e+02
8.032500000000000000e+02
8.056300000000001091e+02
8.080099999999999909e+02
8.103900000000001000e+02
8.127699999999999818e+02
8.151500000000000909e+02
8.175299999999999727e+02
8.199100000000000819e+02
8.222899999999999636e+02
8.246700000000000728e+02
8.270499999999999545e+02
8.294300000000000637e+02
8.318099999999999454e+02
8.341900000000000546e+02
8.365699999999999363e+02
8.389500000000000455e+02
8.413299999999999272e+02
8.437100000000000364e+02
8.460899999999999181e+02
8.484700000000000273e+02
8.508499999999999091e+02
8.532300000000000182e+02
8.556099999999999000e+02
8.579900000000000091e+02
8.603699999999998909e+02
8.627500000000000000e+02
8.651300000000001091e+02
8.675099999999999909e+02
8.698900000000001000e+02
8.722699999999999818e+02
8.746500000000000909e+02
8.770299999999999727e+02
8.794100000000000819e+02
8.817899999999999636e+02
8.841700000000000728e+02
8.865499999999999545e+02
8.889300000000000637e+02
8.913099999999999454e+02
8.936900000000000546e+02
8.960699999999999363e+02
8.984500000000000455e+02
9.008299999999999272e+02
9.032100000000000364e+02
9.055899999999999181e+02
9.079700000000000273e+02
9.103499999999999091e+02
9.127300000000000182e+02
9.151099999999999000e+02
9.174900000000000091e+02
9.198699999999998909e+02
9.222500000000000000e+02
9.246300000000001091e+02
9.270099999999999909e+02
9.293900000000001000e+02
9.317699999999999818e+02
9.341500000000000909e+02
9.365299999999999727e+02
9.389100000000000819e+02
9.412899999999999636e+02
9.436700000000000728e+02
9.460499999999999545e+02
9.484300000000000637e+02
9.508099999999999454e+02
9.531900000000000546e+02
9.555699999999999363e+02
9.579500000000000455e+02
9.603299999999999272e+02
9.627100000000000364e+02
9.650899999999999181e+02
9.674700000000000273e+02
9.698499999999999091e+02
9.722300000000000182e+02
9.746099999999999000e+02
9.769900000000000091e+02
9.793699999999998909e+02
9.817500000000000000e+02
9.841300000000001091e+02
9.865099999999999909e+02
9.888900000000001000e+02
9.912699999999999818e+02
9.936500000000000909e+02
9.960299999999999727e+02
9.984100000000000819e+02
1.000789999999999964e+03
1.003170000000000073e+03
1.005549999999999955e+03
1.007930000000000064e+03
1.010309999999999945e+03
1.012690000000000055e+03
1.015069999999999936e+03
1.017450000000000045e+03
1.019829999999999927e+03
1.022210000000000036e+03
1.024589999999999918e+03
1.026970000000000027e+03
1.029349999999999909e+03
1.031730000000000018e+03
1.034110000000000127e+03
1.036490000000000009e+03
1.038869999999999891e+03
1.041250000000000000e+03
1.043630000000000109e+03
1.046009999999999991e+03
1.048389999999999873e+03
1.050769999999999982e+03
1.053150000000000091e+03
1.055529999999999973e+03
1.057909999999999854e+03
1.060289999999999964e+03
1.062670000000000073e+03
1.065049999999999955e+03
1.067429999999999836e+03
1.069809999999999945e+03
1.072190000000000055e+03
1.074570000000000164e+03
1.076950000000000045e+03
1.079329999999999927e+03
1.081710000000000036e+03
1.084090000000000146e+03
1.086470000000000027e+03
1.088849999999999909e+03
1.091230000000000018e+03
1.093610000000000127e+03
1.095990000000000009e+03
1.098369999999999891e+03
1.100750000000000000e+03
1.103130000000000109e+03
1.105509999999999991e+03
1.107889999999999873e+03
1.110269999999999982e+03
1.112650000000000091e+03
1.115029999999999973e+03
1.117409999999999854e+03
1.119789999999999964e+03
1.122170000000000073e+03
1.124549999999999955e+03
1.126929999999999836e+03
1.129309999999999945e+03
1.131690000000000055e+03
1.134070000000000164e+03
1.136450000000000045e+03
1.138829999999999927e+03
1.141210000000000036e+03
1.143590000000000146e+03
1.145970000000000027e+03
1.148349999999999909e+03
1.150730000000000018e+03
1.153110000000000127e+03
1.155490000000000009e+03
1.157869999999999891e+03
1.160250000000000000e+03
1.162630000000000109e+03
1.165009999999999991e+03
1.167389999999999873e+03
1.169769999999999982e+03
1.172150000000000091e+03
1.174529999999999973e+03
1.176909999999999854e+03
1.179289999999999964e+03
1.181670000000000073e+03
1.184049999999999955e+03
1.186429999999999836e+03
1.188809999999999945e+03
1.191190000000000055e+03
1.193570000000000164e+03
1.195950000000000045e+03
1.198329999999999927e+03
1.200710000000000036e+03
1.203090000000000146e+03
1.205470000000000027e+03
1.207849999999999909e+03
1.210230000000000018e+03
1.212610000000000127e+03
1.214990000000000009e+03
1.217369999999999891e+03
1.219750000000000000e+03
1.222130000000000109e+03
1.224509999999999991e+03
1.226889999999999873e+03
1.229269999999999982e+03
1.231650000000000091e+03
1.234029999999999973e+03
1.236409999999999854e+03
1.238789999999999964e+03
1.241170000000000073e+03
1.243549999999999955e+03
1.245929999999999836e+03
1.248309999999999945e+03
1.250690000000000055e+03
1.253070000000000164e+03
1.255450000000000045e+03
1.257829999999999927e+03
1.260210000000000036e+03
1.262590000000000146e+03
1.264970000000000027e+03
1.267349999999999909e+03
1.269730000000000018e+03
1.272110000000000127e+03
1.274490000000000009e+03
1.276869999999999891e+03
1.279250000000000000e+03
1.281630000000000109e+03
1.284009999999999991e+03
1.286389999999999873e+03
1.288769999999999982e+03
1.291150000000000091e+03
1.293529999999999973e+03
1.295909999999999854e+03
1.298289999999999964e+03
1.300670000000000073e+03
1.303049999999999955e+03
1.305429999999999836e+03
1.307809999999999945e+03
1.310190000000000055e+03
1.312570000000000164e+03
1.314950000000000045e+03
1.317329999999999927e+03
1.319710000000000036e+03
1.322090000000000146e+03
1.324470000000000027e+03
1.326849999999999909e+03
1.329230000000000018e+03
1.331610000000000127e+03
1.333990000000000009e+03
1.336369999999999891e+03
1.338750000000000000e+03
1.341130000000000109e+03
1.343509999999999991e+03
1.345889999999999873e+03
1.348269999999999982e+03
1.350650000000000091e+03
1.353029999999999973e+03
1.355409999999999854e+03
1.357789999999999964e+03
1.360170000000000073e+03
1.362549999999999955e+03
1.364929999999999836e+03
1.367309999999999945e+03
1.369690000000000055e+03
1.372070000000000164e+03
1.374450000000000045e+03
1.376829999999999927e+03
1.379210000000000036e+03
1.381590000000000146e+03
1.383970000000000027e+03
1.386349999999999909e+03
1.388730000000000018e+03
1.391110000000000127e+03
1.393490000000000009e+03
1.395869999999999891e+03
1.398250000000000000e+03
1.400630000000000109e+03
1.403009999999999991e+03
1.405389999999999873e+03
1.407769999999999982e+03
1.410150000000000091e+03
1.412529999999999973e+03
1.414909999999999854e+03
1.417289999999999964e+03
1.419670000000000073e+03
1.422049999999999955e+03
1.424429999999999836e+03
1.426809999999999945e+03
1.429190000000000055e+03
1.431570000000000164e+03
1.433950000000000045e+03
1.436329999999999927e+03
1.438710000000000036e+03
1.441090000000000146e+03
1.443470000000000027e+03
1.445849999999999909e+03
1.448230000000000018e+03
1.450610000000000127e+03
1.452990000000000009e+03
1.455369999999999891e+03
1.457750000000000000e+03
1.460130000000000109e+03
1.462509999999999991e+03
1.464889999999999873e+03
1.467269999999999982e+03
1.469650000000000091e+03
1.472029999999999973e+03
1.474409999999999854e+03
1.476789999999999964e+03
1.479170000000000073e+03
1.481549999999999955e+03
1.483929999999999836e+03
1.486309999999999945e+03
1.488690000000000055e+03
1.491070000000000164e+03
1.493450000000000045e+03
1.495829999999999927e+03
1.498210000000000036e+03
1.500590000000000146e+03
1.502970000000000027e+03
1.505349999999999909e+03
1.507730000000000018e+03
1.510110000000000127e+03
1.512490000000000009e+03
1.514869999999999891e+03
1.517250000000000000e+03
1.519630000000000109e+03
1.522009999999999991e+03
1.524389999999999873e+03
1.526769999999999982e+03
1.529150000000000091e+03
1.531529999999999973e+03
1.533909999999999854e+03
1.536289999999999964e+03
1.538670000000000073e+03
1.541049999999999955e+03
1.543429999999999836e+03
1.545809999999999945e+03
1.548190000000000055e+03
1.550570000000000164e+03
1.552950000000000045e+03
1.555329999999999927e+03
1.557710000000000036e+03
1.560090000000000146e+03
1.562470000000000027e+03
1.564849999999999909e+03
1.567230000000000018e+03
1.569610000000000127e+03
1.571990000000000009e+03
1.574369999999999891e+03
1.576750000000000000e+03
1.579130000000000109e+03
1.581509999999999991e+03
1.583889999999999873e+03
1.586269999999999982e+03
1.588650000000000091e+03
1.591029999999999973e+03
1.593409999999999854e+03
1.595789999999999964e+03
1.598170000000000073e+03
1.600549999999999955e+03
1.602929999999999836e+03
1.605309999999999945e+03
1.607690000000000055e+03
1.610070000000000164e+03
1.612450000000000045e+03
1.614829999999999927e+03
1.617210000000000036e+03
1.619590000000000146e+03
1.621970000000000027e+03
1.624349999999999909e+03
1.626730000000000018e+03
1.629110000000000127e+03
1.631490000000000009e+03
1.633869999999999891e+03
1.636250000000000000e+03
1.638630000000000109e+03
1.641009999999999991e+03
1.643389999999999873e+03
1.645769999999999982e+03
1.648150000000000091e+03
1.650529999999999973e+03
1.652909999999999854e+03
1.655289999999999964e+03
1.657670000000000073e+03
1.660049999999999955e+03
1.662429999999999836e+03
1.664809999999999945e+03
1.667190000000000055e+03
1.669570000000000164e+03
1.671950000000000045e+03
1.674329999999999927e+03
1.676710000000000036e+03
1.679090000000000146e+03
1.681470000000000027e+03
1.683849999999999909e+03
1.686230000000000018e+03
1.688610000000000127e+03
1.690990000000000009e+03
1.693369999999999891e+03
1.695750000000000000e+03
1.698130000000000109e+03
1.700509999999999991e+03
