0
0
0
0
32287927689085
3229691589002796
1893761932772096
1224573454521094
845168232937864
618782486434431
1206302089911646
931226831798980
741465789242048
595764238051711
483738540908311
400391131114838
330051983745130
280018177381089
237405092796656
201055976432220
173282561868949
148575047424298
128157866841095
113870868961126
99726549856158
86801654021513
78598962387922
67102597287456
60781834468557
52064319131134
46985381020455
43661732746906
39395307239458
34924614206640
32732264342438
28354513932567
27667829157708
24842317252961
24368397463163
20538661612502
18780927012041
17669757199389
16495831307144
14865827535422
13315523811395
13903379093888
12593498787041
11915614530531
11140215145414
11076610472123
10035728214404
8903481763957
9080476341613
8635753494683
8148855576345
8040947807032
7810210429623
6979959591966
7464218539895
6886779584015
6458385414119
6212488975659
5864086874825
5422100188578
5624640385881
5664651356616
5114899118613
5399648038482
4957037985617
5007645691511
5088480986783
4361851513565
4532989742771
4418412906834
4506630828875
4183934334104
3905893301053
4055206839407
4216348866379
3603635969080
3270414323670
3556917678554
3863424935694
3255630144630
3254119142032
3275067898911
2984778289994
3098459504481
3389133285345
2913173359986
3148463523249
3091341615271
2850955859734
2626489456552
2347883504194
2766182283372
2359308205604
2207905151637
2447194070190
2593167019030
2255350961832
2249060048289
2307520082588
2167209898695
2526917437747
2294472154114
1987226468769
1900563225340
1813105368601
1818507123235
1898826463363
1867818389089
2048497982658
1503271920174
1463191114333
1730262302581
1601208170277
1346090918063
1732675302048
1779708983883
1566026240650
1623818530936
1446411018862
1648731022230
1570258332798
1497407899655
1361709270341
1894922754277
1563800106076
1084222719985
1445784283363
1159117729361
1339779901676
1382992487381
1224222778579
855239635953
1008659516474
992661765767
1139194453924
1108487006782
1263493234412
1460179417586
1193122700560
1015260581036
1112600335499
1089287964405
830841763896
1007174482805
839618624615
1049205809891
754438775003
963209571507
897071526358
1125905371703
811869419202
785742241133
986453214964
692761752244
899752615522
832722671551
965161241623
609470276987
498793384649
731076848046
680506854808
773022354195
686813340631
864048703336
559362095649
435130829309
510668980919
951008584883
704951956130
547874730375
559846130637
434381672193
501449505953
597993436364
420094320647
400157191605
746688888579
446283952499
518467313487
404888586947
755809795591
348966694049
464165424800
397972662034
470574152000
368804478026
452087907484
411008281001
385925651924
570165154576
373357588905
343098520437
425409403967
698359310803
446645108662
489735078266
278123239956
284960316888
506673410851
379706488072
309505756006
326428040137
271344337416
636002255572
457235052689
318598570299
338423759336
420511411666
260490286405
477566656933
364200378467
345948519320
462157682370
336120487588
523767659498
210491766520
296953903232
208803922713
495447812677
324901731371
335562656651
377369431530
403050523433
381615217582
233396974130
275060546046
148205471876
279686350179
210247526146
494172982869
317566131235
304268915065
344354583828
219798877614
329446700920
220376781299
599641324524
398786739434
560515639599
184745176109
350026857158
181340785558
162766239028
428629245191
400134207858
336229485547
107873878774
197848318391
301877295632
233585787981
210546792307
435806433662
183919363739
158541870867
354499644741
357666977196
165255203905
150259240115
228841568937
153297890045
241175769532
307128018207
185191787080
278937756168
375527794692
383949632336
192053505883
227204100124
174908224049
225760078910
154691120238
154634768026
204885836107
287392116799
176237027411
121617936348
233254768593
79689647420
336073338537
302339174283
290504072055
24475258784
297021810876
152788900463
137446111448
196291596490
256658832639
222605329120
347081243400
127158390765
218713440577
241725664381
154350205310
103421385861
428200692916
146138196689
137811180999
529045240160
213763546786
144010419840
89593210733
92296815147
227236067834
382918307042
225636718005
11948543990
74770722140
247023838392
89046480263
345370649570
135739311121
515750300753
206160240165
217838305010
171243739342
190413910441
227971011037
28281435032
190770464458
159820861051
313885704004
232041742693
271381686026
198877745816
87629069403
135885229547
193296988683
228042334014
234707373241
352689568682
89458911583
149027349253
187847669285
197933609052
140666770257
10282612655
72638274761
83865184507
121462789082
10263371469
120817268505
209357273986
207441866434
118818240833
82793653261
198737109863
194719042794
128368951504
129124969773
144678433038
125290199918
1279550044
102298457682
82179658708
218956641413
115329501370
187763013031
84764206312
6379870476
133677949354
419501243966
365111392475
64479667630
177904571397
243972035132
128200946830
1713569884
125629199413
125937673606
188958113314
62569327596
65264732058
1297454489
52050525332
149236841842
3517666043
196863403363
69525906349
247813504190
127937981563
57307489004
109961003648
267092764979
122115122172
2860277871
131904291734
3090307673
166697128668
126656293319
140329220397
179059037695
420962102901
69531550698
125714115056
109356848616
72582055465
126327556799
90389304439
9025035450
79100800017
0
97600836976
108585173436
54653018819
75739087200
32546050827
1273916318
83598655138
121918967652
14228638139
173834706301
131611272230
190232975787
0
66434126383
98430731828
43208063079
4999791144
259296328759
189260700440
118150331020
135710316391
88354810521
203970444645
59185583358
110977466137
47349300815
2958979651
1284899674
64029582992
68753419711
0
88404139243
50414151374
189553419050
53034641579
111375005848
65142465650
58851266261
255607025314
61338868916
82792810107
1275007013
116743980736
37129311656
1714496999
133589089281
65069362670
61523646694
51843244084
65177793234
182055570149
0
63199164613
193670064850
62385141369
56977519846
64600948421
1662479687
69798832338
62236224304
56733908973
17207693634
0
64961440252
62864882731
49041599224
58101198808
1958973812
0
241198227641
116684208215
121928897603
0
0
0
124825690216
47755335892
79222056429
0
0
51250630592
14057148952
0
55925224219
1749991987
0
65039116734
50739827516
103803850795
0
0
1296804949
67183170555
0
62604940253
53042512192
49755085344
1274060498
0
1281016100
118661551356
0
64748262280
0
60579777466
100859358095
100866818296
61125009242
0
0
233044196216
0
118305066019
73045627923
59884860002
58442841169
58869709714
67154752547
0
0
0
0
62840785894
0
58763049796
0
34069367691
0
66840620630
0
74267693934
54678443674
65548767746
54319146307
63307907477
155912560711
0
0
62245380759
0
0
0
65357719616
96063711981
0
126481107615
0
0
0
0
1274899105
0
63303550160
0
0
53137149968
0
0
0
49028952104
66323595740
0
60639922065
54348249460
0
0
0
0
51938933371
63715915580
69730419293
107282958128
53543020349
1342833833
0
0
0
121722387470
0
74239283796
0
63344680869
0
0
0
0
1289416715
54934125218
54761005436
0
0
59049685150
0
0
1274362131
0
0
0
0
63439457917
0
1274145600
0
0
1419275862
0
0
83641266368
0
0
0
53560378855
0
0
57882710259
58083597395
1276588663
0
0
1426603786
0
0
0
0
0
0
0
1279918654
1295973503
3387142482
1278553192
53711075217
0
0
0
0
0
0
59135375232
0
1288546551
0
0
0
119066718474
0
63660475296
0
1322099122
0
0
46618433832
0
0
1276597455
1277764753
0
0
0
0
0
0
0
0
0
1274354904
52372104768
0
0
0
0
1275592622
0
0
0
0
0
0
0
60342488828
0
0
1280183566
1470007691
0
0
0
0
0
59823290421
0
1297909770
132433650982
0
0
0
0
0
0
0
1275405409
56797753100
0
0
1275390373
0
0
0
2557198991
0
0
0
1285440230
0
0
0
0
0
0
0
0
0
0
0
0
0
0
0
0
0
0
52541943935
0
0
0
0
0
0
0
0
0
0
0
0
0
0
0
0
0
1284706187
0
0
0
0
0
0
0
1283688694
0
0
0
0
1327982812
0
0
1280435038
0
0
0
0
1274465962
0
0
0
1273988764
1274781762
0
0
0
0
0
0
0
0
0
0
1280376624
0
1274455237
0
0
0
1569429989
0
0
0
0
0
0
0
0
60806248607
0
0
0
0
0
0
0
0
0
0
76322776702
0
0
0
1285449748
0
0
0
0
0
0
0
0
1294598066
0
0
0
0
0
0
0
0
0
0
0
0
0
0
58089206614
0
0
0
0
0
0
0
0
0
0
0
0
0
0
0
0
0
0
0
0
0
0
0
0
0
0
0
0
1280498023
0
0
0
74972887233
0
0
0
0
0
0
0
0
0
0
0
0
0
0
0
0
0
0
0
0
0
0
1277097477
0
0
0
0
0
0
0
0
0
0
0
0
0
0
0
0
0
1318457320
0
0
0
0
0
0
0
0
0
0
0
0
0
0
0
0
0
0
0
1285973990
0
0
0
0
0
0
0
0
0
0
0
0
0
0
0
1273900618
0
0
0
0
0
0
0
0
0
0
0
0
0
0
0
0
0
0
1273901603
0
1274049752
0
0
0
0
0
0
0
0
1314873491
0
0
0
0
0
0
0
0
0
0
1275166941
0
0
0
