75.423000
80.289000
85.155000
90.021000
94.887000
99.753000
104.619000
109.485000
114.351000
119.217000
124.083000
128.949000
133.815000
138.681000
143.547000
148.413000
153.279000
158.145000
163.011000
167.877000
172.743000
177.609000
182.475000
187.341000
192.207000
197.073000
201.939000
206.805000
211.671000
216.537000
221.403000
226.269000
231.135000
236.001000
240.867000
245.733000
250.599000
255.465000
260.331000
265.197000
270.063000
274.929000
279.795000
284.661000
289.527000
294.393000
299.259000
304.125000
308.991000
313.857000
318.723000
323.589000
328.455000
333.321000
338.187000
343.053000
347.919000
352.785000
357.651000
362.517000
367.383000
372.249000
377.115000
381.981000
386.847000
391.713000
396.579000
401.445000
406.311000
411.177000
416.043000
420.909000
425.775000
430.641000
435.507000
440.373000
445.239000
450.105000
454.971000
459.837000
464.703000
469.569000
474.435000
479.301000
484.167000
489.033000
493.899000
498.765000
503.631000
508.497000
513.363000
518.229000
523.095000
527.961000
532.827000
537.693000
542.559000
547.425000
552.291000
557.157000
562.023000
566.889000
571.755000
576.621000
581.487000
586.353000
591.219000
596.085000
600.951000
605.817000
610.683000
615.549000
620.415000
625.281000
630.147000
635.013000
639.879000
644.745000
649.611000
654.477000
659.343000
664.209000
669.075000
673.941000
678.807000
683.673000
688.539000
693.405000
698.271000
703.137000
708.003000
712.869000
717.735000
722.601000
727.467000
732.333000
737.199000
742.065000
746.931000
751.797000
756.663000
761.529000
766.395000
771.261000
776.127000
780.993000
785.859000
790.725000
795.591000
800.457000
805.323000
810.189000
815.055000
819.921000
824.787000
829.653000
834.519000
839.385000
844.251000
849.117000
853.983000
858.849000
863.715000
868.581000
873.447000
878.313000
883.179000
888.045000
892.911000
897.777000
902.643000
907.509000
912.375000
917.241000
922.107000
926.973000
931.839000
936.705000
941.571000
946.437000
951.303000
956.169000
961.035000
965.901000
970.767000
975.633000
980.499000
985.365000
990.231000
995.097000
999.963000
1004.829000
1009.695000
1014.561000
1019.427000
1024.293000
1029.159000
1034.025000
1038.891000
1043.757000
1048.623000
1053.489000
1058.355000
1063.221000
1068.087000
1072.953000
1077.819000
1082.685000
1087.551000
1092.417000
1097.283000
1102.149000
1107.015000
1111.881000
1116.747000
1121.613000
1126.479000
1131.345000
1136.211000
1141.077000
1145.943000
1150.809000
1155.675000
1160.541000
1165.407000
1170.273000
1175.139000
1180.005000
1184.871000
1189.737000
1194.603000
1199.469000
1204.335000
1209.201000
1214.067000
1218.933000
1223.799000
1228.665000
1233.531000
1238.397000
1243.263000
1248.129000
1252.995000
1257.861000
1262.727000
1267.593000
1272.459000
1277.325000
1282.191000
1287.057000
1291.923000
1296.789000
1301.655000
1306.521000
1311.387000
1316.253000
1321.119000
1325.985000
1330.851000
1335.717000
1340.583000
1345.449000
1350.315000
1355.181000
1360.047000
1364.913000
1369.779000
1374.645000
1379.511000
1384.377000
1389.243000
1394.109000
1398.975000
1403.841000
1408.707000
1413.573000
1418.439000
1423.305000
1428.171000
1433.037000
1437.903000
1442.769000
1447.635000
1452.501000
1457.367000
1462.233000
1467.099000
1471.965000
1476.831000
1481.697000
1486.563000
1491.429000
1496.295000
1501.161000
1506.027000
1510.893000
1515.759000
1520.625000
1525.491000
1530.357000
1535.223000
1540.089000
1544.955000
1549.821000
1554.687000
1559.553000
1564.419000
1569.285000
1574.151000
1579.017000
1583.883000
1588.749000
1593.615000
1598.481000
1603.347000
1608.213000
1613.079000
1617.945000
1622.811000
1627.677000
1632.543000
1637.409000
1642.275000
1647.141000
1652.007000
1656.873000
1661.739000
1666.605000
1671.471000
1676.337000
1681.203000
1686.069000
1690.935000
1695.801000
1700.667000
1705.533000
1710.399000
1715.265000
1720.131000
1724.997000
1729.863000
1734.729000
1739.595000
1744.461000
1749.327000
1754.193000
1759.059000
1763.925000
1768.791000
1773.657000
1778.523000
1783.389000
1788.255000
1793.121000
1797.987000
1802.853000
1807.719000
1812.585000
1817.451000
1822.317000
1827.183000
1832.049000
1836.915000
1841.781000
1846.647000
1851.513000
1856.379000
1861.245000
1866.111000
1870.977000
1875.843000
1880.709000
1885.575000
1890.441000
1895.307000
1900.173000
1905.039000
1909.905000
1914.771000
1919.637000
1924.503000
1929.369000
1934.235000
1939.101000
1943.967000
1948.833000
1953.699000
1958.565000
1963.431000
1968.297000
1973.163000
1978.029000
1982.895000
1987.761000
1992.627000
1997.493000
2002.359000
2007.225000
2012.091000
2016.957000
2021.823000
2026.689000
2031.555000
2036.421000
2041.287000
2046.153000
2051.019000
2055.885000
2060.751000
2065.617000
2070.483000
2075.349000
2080.215000
2085.081000
2089.947000
2094.813000
2099.679000
2104.545000
2109.411000
2114.277000
2119.143000
2124.009000
2128.875000
2133.741000
2138.607000
2143.473000
2148.339000
2153.205000
2158.071000
2162.937000
2167.803000
2172.669000
2177.535000
2182.401000
2187.267000
2192.133000
2196.999000
2201.865000
2206.731000
2211.597000
2216.463000
2221.329000
2226.195000
2231.061000
2235.927000
2240.793000
2245.659000
2250.525000
2255.391000
2260.257000
2265.123000
2269.989000
2274.855000
2279.721000
2284.587000
2289.453000
2294.319000
2299.185000
2304.051000
2308.917000
2313.783000
2318.649000
2323.515000
2328.381000
2333.247000
2338.113000
2342.979000
2347.845000
2352.711000
2357.577000
2362.443000
2367.309000
2372.175000
2377.041000
2381.907000
2386.773000
2391.639000
2396.505000
2401.371000
2406.237000
2411.103000
2415.969000
2420.835000
2425.701000
2430.567000
2435.433000
2440.299000
2445.165000
2450.031000
2454.897000
2459.763000
2464.629000
2469.495000
2474.361000
2479.227000
2484.093000
2488.959000
2493.825000
2498.691000
2503.557000
2508.423000
2513.289000
2518.155000
2523.021000
2527.887000
2532.753000
2537.619000
2542.485000
2547.351000
2552.217000
2557.083000
2561.949000
2566.815000
2571.681000
2576.547000
2581.413000
2586.279000
2591.145000
2596.011000
2600.877000
2605.743000
2610.609000
2615.475000
2620.341000
2625.207000
2630.073000
2634.939000
2639.805000
2644.671000
2649.537000
2654.403000
2659.269000
2664.135000
2669.001000
2673.867000
2678.733000
2683.599000
2688.465000
2693.331000
2698.197000
2703.063000
2707.929000
2712.795000
2717.661000
2722.527000
2727.393000
2732.259000
2737.125000
2741.991000
2746.857000
2751.723000
2756.589000
2761.455000
2766.321000
2771.187000
2776.053000
2780.919000
2785.785000
2790.651000
2795.517000
2800.383000
2805.249000
2810.115000
2814.981000
2819.847000
2824.713000
2829.579000
2834.445000
2839.311000
2844.177000
2849.043000
2853.909000
2858.775000
2863.641000
2868.507000
2873.373000
2878.239000
2883.105000
2887.971000
2892.837000
2897.703000
2902.569000
2907.435000
2912.301000
2917.167000
2922.033000
2926.899000
2931.765000
2936.631000
2941.497000
2946.363000
2951.229000
2956.095000
2960.961000
2965.827000
2970.693000
2975.559000
2980.425000
2985.291000
2990.157000
2995.023000
2999.889000
3004.755000
3009.621000
3014.487000
3019.353000
3024.219000
3029.085000
3033.951000
3038.817000
3043.683000
3048.549000
3053.415000
3058.281000
3063.147000
3068.013000
3072.879000
3077.745000
3082.611000
3087.477000
3092.343000
3097.209000
3102.075000
3106.941000
3111.807000
3116.673000
3121.539000
3126.405000
3131.271000
3136.137000
3141.003000
3145.869000
3150.735000
3155.601000
3160.467000
3165.333000
3170.199000
3175.065000
3179.931000
3184.797000
3189.663000
3194.529000
3199.395000
3204.261000
3209.127000
3213.993000
3218.859000
3223.725000
3228.591000
3233.457000
3238.323000
3243.189000
3248.055000
3252.921000
3257.787000
3262.653000
3267.519000
3272.385000
3277.251000
3282.117000
3286.983000
3291.849000
3296.715000
3301.581000
3306.447000
3311.313000
3316.179000
3321.045000
3325.911000
3330.777000
3335.643000
3340.509000
3345.375000
3350.241000
3355.107000
3359.973000
3364.839000
3369.705000
3374.571000
3379.437000
3384.303000
3389.169000
3394.035000
3398.901000
3403.767000
3408.633000
3413.499000
3418.365000
3423.231000
3428.097000
3432.963000
3437.829000
3442.695000
3447.561000
3452.427000
3457.293000
3462.159000
3467.025000
3471.891000
3476.757000
3481.623000
3486.489000
3491.355000
3496.221000
3501.087000
3505.953000
3510.819000
3515.685000
3520.551000
3525.417000
3530.283000
3535.149000
3540.015000
3544.881000
3549.747000
3554.613000
3559.479000
3564.345000
3569.211000
3574.077000
3578.943000
3583.809000
3588.675000
3593.541000
3598.407000
3603.273000
3608.139000
3613.005000
3617.871000
3622.737000
3627.603000
3632.469000
3637.335000
3642.201000
3647.067000
3651.933000
3656.799000
3661.665000
3666.531000
3671.397000
3676.263000
3681.129000
3685.995000
3690.861000
3695.727000
3700.593000
3705.459000
3710.325000
3715.191000
3720.057000
3724.923000
3729.789000
3734.655000
3739.521000
3744.387000
3749.253000
3754.119000
3758.985000
3763.851000
3768.717000
3773.583000
3778.449000
3783.315000
3788.181000
3793.047000
3797.913000
3802.779000
3807.645000
3812.511000
3817.377000
3822.243000
3827.109000
3831.975000
3836.841000
3841.707000
3846.573000
3851.439000
3856.305000
3861.171000
3866.037000
3870.903000
3875.769000
3880.635000
3885.501000
3890.367000
3895.233000
3900.099000
3904.965000
3909.831000
3914.697000
3919.563000
3924.429000
3929.295000
3934.161000
3939.027000
3943.893000
3948.759000
3953.625000
3958.491000
3963.357000
3968.223000
3973.089000
3977.955000
3982.821000
3987.687000
3992.553000
3997.419000
4002.285000
4007.151000
4012.017000
4016.883000
4021.749000
4026.615000
4031.481000
4036.347000
4041.213000
4046.079000
4050.945000
4055.811000
4060.677000
4065.543000
4070.409000
4075.275000
4080.141000
4085.007000
4089.873000
4094.739000
4099.605000
4104.471000
4109.337000
4114.203000
4119.069000
4123.935000
4128.801000
4133.667000
4138.533000
4143.399000
4148.265000
4153.131000
4157.997000
4162.863000
4167.729000
4172.595000
4177.461000
4182.327000
4187.193000
4192.059000
4196.925000
4201.791000
4206.657000
4211.523000
4216.389000
4221.255000
4226.121000
4230.987000
4235.853000
4240.719000
4245.585000
