0.000000
0.176000
0.352000
0.528000
0.704000
0.880000
1.056000
1.232000
1.408000
1.584000
1.760000
1.936000
2.112000
2.288000
2.464000
2.640000
2.816000
2.992000
3.168000
3.344000
3.520000
3.696000
3.872000
4.048000
4.224000
4.400000
4.576000
4.752000
4.928000
5.104000
5.280000
5.456000
5.632000
5.808000
5.984000
6.160000
6.336000
6.512000
6.688000
6.864000
7.040000
7.216000
7.392000
7.568000
7.744000
7.920000
8.096000
8.272000
8.448000
8.624000
8.800000
8.976000
9.152000
9.328000
9.504000
9.680000
9.856000
10.032000
10.208000
10.384000
10.560000
10.736000
10.912000
11.088000
11.264000
11.440000
11.616000
11.792000
11.968000
12.144000
12.320000
12.496000
12.672000
12.848000
13.024000
13.200000
13.376000
13.552000
13.728000
13.904000
14.080000
14.256000
14.432000
14.608000
14.784000
14.960000
15.136000
15.312000
15.488000
15.664000
15.840000
16.016000
16.192000
16.368000
16.544000
16.720000
16.896000
17.072000
17.248000
17.424000
17.600000
17.776000
17.952000
18.128000
18.304000
18.480000
18.656000
18.832000
19.008000
19.184000
19.360000
19.536000
19.712000
19.888000
20.064000
20.240000
20.416000
20.592000
20.768000
20.944000
21.120000
21.296000
21.472000
21.648000
21.824000
22.000000
22.176000
22.352000
22.528000
22.704000
22.880000
23.056000
23.232000
23.408000
23.584000
23.760000
23.936000
24.112000
24.288000
24.464000
24.640000
24.816000
24.992000
25.168000
25.344000
25.520000
25.696000
25.872000
26.048000
26.224000
26.400000
26.576000
26.752000
26.928000
27.104000
27.280000
27.456000
27.632000
27.808000
27.984000
28.160000
28.336000
28.512000
28.688000
28.864000
29.040000
29.216000
29.392000
29.568000
29.744000
29.920000
30.096000
30.272000
30.448000
30.624000
30.800000
30.976000
31.152000
31.328000
31.504000
31.680000
31.856000
32.032000
32.208000
32.384000
32.560000
32.736000
32.912000
33.088000
33.264000
33.440000
33.616000
33.792000
33.968000
34.144000
34.320000
34.496000
34.672000
34.848000
35.024000
35.200000
35.376000
35.552000
35.728000
35.904000
36.080000
36.256000
36.432000
36.608000
36.784000
36.960000
37.136000
37.312000
37.488000
37.664000
37.840000
38.016000
38.192000
38.368000
38.544000
38.720000
38.896000
39.072000
39.248000
39.424000
39.600000
39.776000
39.952000
40.128000
40.304000
40.480000
40.656000
40.832000
41.008000
41.184000
41.360000
41.536000
41.712000
41.888000
42.064000
42.240000
42.416000
42.592000
42.768000
42.944000
43.120000
43.296000
43.472000
43.648000
43.824000
44.000000
44.176000
44.352000
44.528000
44.704000
44.880000
45.056000
45.232000
45.408000
45.584000
45.760000
45.936000
46.112000
46.288000
46.464000
46.640000
46.816000
46.992000
47.168000
47.344000
47.520000
47.696000
47.872000
48.048000
48.224000
48.400000
48.576000
48.752000
48.928000
49.104000
49.280000
49.456000
49.632000
49.808000
49.984000
50.160000
50.336000
50.512000
50.688000
50.864000
51.040000
51.216000
51.392000
51.568000
51.744000
51.920000
52.096000
52.272000
52.448000
52.624000
52.800000
52.976000
53.152000
53.328000
53.504000
53.680000
53.856000
54.032000
54.208000
54.384000
54.560000
54.736000
54.912000
55.088000
55.264000
55.440000
55.616000
55.792000
55.968000
56.144000
56.320000
56.496000
56.672000
56.848000
57.024000
57.200000
57.376000
57.552000
57.728000
57.904000
58.080000
58.256000
58.432000
58.608000
58.784000
58.960000
59.136000
59.312000
59.488000
59.664000
59.840000
60.016000
60.192000
60.368000
60.544000
60.720000
60.896000
61.072000
61.248000
61.424000
61.600000
61.776000
61.952000
62.128000
62.304000
62.480000
62.656000
62.832000
63.008000
63.184000
63.360000
63.536000
63.712000
63.888000
64.064000
64.240000
64.416000
64.592000
64.768000
64.944000
65.120000
65.296000
65.472000
65.648000
65.824000
66.000000
66.176000
66.352000
66.528000
66.704000
66.880000
67.056000
67.232000
67.408000
67.584000
67.760000
67.936000
68.112000
68.288000
68.464000
68.640000
68.816000
68.992000
69.168000
69.344000
69.520000
69.696000
69.872000
70.048000
70.224000
70.400000
70.576000
70.752000
70.928000
71.104000
71.280000
71.456000
71.632000
71.808000
71.984000
72.160000
72.336000
72.512000
72.688000
72.864000
73.040000
73.216000
73.392000
73.568000
73.744000
73.920000
74.096000
74.272000
74.448000
74.624000
74.800000
74.976000
75.152000
75.328000
75.504000
75.680000
75.856000
76.032000
76.208000
76.384000
76.560000
76.736000
76.912000
77.088000
77.264000
77.440000
77.616000
77.792000
77.968000
78.144000
78.320000
78.496000
78.672000
78.848000
79.024000
79.200000
79.376000
79.552000
79.728000
79.904000
80.080000
80.256000
80.432000
80.608000
80.784000
80.960000
81.136000
81.312000
81.488000
81.664000
81.840000
82.016000
82.192000
82.368000
82.544000
82.720000
82.896000
83.072000
83.248000
83.424000
83.600000
83.776000
83.952000
84.128000
84.304000
84.480000
84.656000
84.832000
85.008000
85.184000
85.360000
85.536000
85.712000
85.888000
86.064000
86.240000
86.416000
86.592000
86.768000
86.944000
87.120000
87.296000
87.472000
87.648000
87.824000
88.000000
88.176000
88.352000
88.528000
88.704000
88.880000
89.056000
89.232000
89.408000
89.584000
89.760000
89.936000
90.112000
90.288000
90.464000
90.640000
90.816000
90.992000
91.168000
91.344000
91.520000
91.696000
91.872000
92.048000
92.224000
92.400000
92.576000
92.752000
92.928000
93.104000
93.280000
93.456000
93.632000
93.808000
93.984000
94.160000
94.336000
94.512000
94.688000
94.864000
95.040000
95.216000
95.392000
95.568000
95.744000
95.920000
96.096000
96.272000
96.448000
96.624000
96.800000
96.976000
97.152000
97.328000
97.504000
97.680000
97.856000
98.032000
98.208000
98.384000
98.560000
98.736000
98.912000
99.088000
99.264000
99.440000
99.616000
99.792000
99.968000
100.144000
100.320000
100.496000
100.672000
100.848000
101.024000
101.200000
101.376000
101.552000
101.728000
101.904000
102.080000
102.256000
102.432000
102.608000
102.784000
102.960000
103.136000
103.312000
103.488000
103.664000
103.840000
104.016000
104.192000
104.368000
104.544000
104.720000
104.896000
105.072000
105.248000
105.424000
105.600000
105.776000
105.952000
106.128000
106.304000
106.480000
106.656000
106.832000
107.008000
107.184000
107.360000
107.536000
107.712000
107.888000
108.064000
108.240000
108.416000
108.592000
108.768000
108.944000
109.120000
109.296000
109.472000
109.648000
109.824000
110.000000
110.176000
110.352000
110.528000
110.704000
110.880000
111.056000
111.232000
111.408000
111.584000
111.760000
111.936000
112.112000
112.288000
112.464000
112.640000
112.816000
112.992000
113.168000
113.344000
113.520000
113.696000
113.872000
114.048000
114.224000
114.400000
114.576000
114.752000
114.928000
115.104000
115.280000
115.456000
115.632000
115.808000
115.984000
116.160000
116.336000
116.512000
116.688000
116.864000
117.040000
117.216000
117.392000
117.568000
117.744000
117.920000
118.096000
118.272000
118.448000
118.624000
118.800000
118.976000
119.152000
119.328000
119.504000
119.680000
119.856000
120.032000
120.208000
120.384000
120.560000
120.736000
120.912000
121.088000
121.264000
121.440000
121.616000
121.792000
121.968000
122.144000
122.320000
122.496000
122.672000
122.848000
123.024000
123.200000
123.376000
123.552000
123.728000
123.904000
124.080000
124.256000
124.432000
124.608000
124.784000
124.960000
125.136000
125.312000
125.488000
125.664000
125.840000
126.016000
126.192000
126.368000
126.544000
126.720000
126.896000
127.072000
127.248000
127.424000
127.600000
127.776000
127.952000
128.128000
128.304000
128.480000
128.656000
128.832000
129.008000
129.184000
129.360000
129.536000
129.712000
129.888000
130.064000
130.240000
130.416000
130.592000
130.768000
130.944000
131.120000
131.296000
131.472000
131.648000
131.824000
132.000000
132.176000
132.352000
132.528000
132.704000
132.880000
133.056000
133.232000
133.408000
133.584000
133.760000
133.936000
134.112000
134.288000
134.464000
134.640000
134.816000
134.992000
135.168000
135.344000
135.520000
135.696000
135.872000
136.048000
136.224000
136.400000
136.576000
136.752000
136.928000
137.104000
137.280000
137.456000
137.632000
137.808000
137.984000
138.160000
138.336000
138.512000
138.688000
138.864000
139.040000
139.216000
139.392000
139.568000
139.744000
139.920000
140.096000
140.272000
140.448000
140.624000
140.800000
140.976000
141.152000
141.328000
141.504000
141.680000
141.856000
142.032000
142.208000
142.384000
142.560000
142.736000
142.912000
143.088000
143.264000
143.440000
143.616000
143.792000
143.968000
144.144000
144.320000
144.496000
144.672000
144.848000
145.024000
145.200000
145.376000
145.552000
145.728000
145.904000
146.080000
146.256000
146.432000
146.608000
146.784000
146.960000
147.136000
147.312000
147.488000
147.664000
147.840000
148.016000
148.192000
148.368000
148.544000
148.720000
148.896000
149.072000
149.248000
149.424000
149.600000
149.776000
149.952000
150.128000
150.304000
150.480000
150.656000
150.832000
151.008000
151.184000
151.360000
151.536000
151.712000
151.888000
152.064000
152.240000
152.416000
152.592000
152.768000
152.944000
153.120000
153.296000
153.472000
153.648000
153.824000
154.000000
154.176000
154.352000
154.528000
154.704000
154.880000
155.056000
155.232000
155.408000
155.584000
155.760000
155.936000
156.112000
156.288000
156.464000
156.640000
156.816000
156.992000
157.168000
157.344000
157.520000
157.696000
157.872000
158.048000
158.224000
158.400000
158.576000
158.752000
158.928000
159.104000
159.280000
159.456000
159.632000
159.808000
159.984000
160.160000
160.336000
160.512000
160.688000
160.864000
161.040000
161.216000
161.392000
161.568000
161.744000
161.920000
162.096000
162.272000
162.448000
162.624000
162.800000
162.976000
163.152000
163.328000
163.504000
163.680000
163.856000
164.032000
164.208000
164.384000
164.560000
164.736000
164.912000
165.088000
165.264000
165.440000
165.616000
165.792000
165.968000
166.144000
166.320000
166.496000
166.672000
166.848000
167.024000
167.200000
167.376000
167.552000
167.728000
167.904000
168.080000
168.256000
168.432000
168.608000
168.784000
168.960000
169.136000
169.312000
169.488000
169.664000
169.840000
170.016000
170.192000
170.368000
170.544000
170.720000
170.896000
171.072000
171.248000
171.424000
171.600000
171.776000
171.952000
172.128000
172.304000
172.480000
172.656000
172.832000
173.008000
173.184000
173.360000
173.536000
173.712000
173.888000
174.064000
174.240000
174.416000
174.592000
174.768000
174.944000
175.120000
175.296000
175.472000
175.648000
175.824000
176.000000
