4.939500000000000668e+00
5.206500000000000128e+00
5.473499999999999588e+00
5.740499999999999936e+00
6.007500000000000284e+00
6.274499999999999744e+00
6.541500000000000092e+00
6.808500000000000441e+00
7.075499999999999901e+00
7.342499999999999361e+00
7.609500000000000597e+00
7.876500000000000057e+00
8.143499999999999517e+00
8.410499999999998977e+00
8.677500000000000213e+00
8.944499999999999673e+00
9.211500000000000909e+00
9.478500000000000369e+00
9.745499999999999829e+00
1.001249999999999929e+01
1.027950000000000053e+01
1.054649999999999999e+01
1.081349999999999945e+01
1.108050000000000068e+01
1.134750000000000014e+01
1.161449999999999960e+01
1.188149999999999906e+01
1.214850000000000030e+01
1.241549999999999976e+01
1.268250000000000099e+01
1.294950000000000045e+01
1.321649999999999991e+01
1.348349999999999937e+01
1.375050000000000061e+01
1.401750000000000007e+01
1.428449999999999953e+01
1.455150000000000077e+01
1.481850000000000023e+01
1.508549999999999969e+01
1.535249999999999915e+01
1.561950000000000038e+01
1.588649999999999984e+01
1.615350000000000108e+01
1.642049999999999699e+01
1.668750000000000000e+01
1.695450000000000301e+01
1.722149999999999892e+01
1.748850000000000193e+01
1.775549999999999784e+01
1.802250000000000085e+01
1.828949999999999676e+01
1.855649999999999977e+01
1.882350000000000279e+01
1.909049999999999869e+01
1.935750000000000171e+01
1.962449999999999761e+01
1.989150000000000063e+01
2.015850000000000009e+01
2.042549999999999955e+01
2.069250000000000256e+01
2.095949999999999847e+01
2.122650000000000148e+01
2.149349999999999739e+01
2.176050000000000040e+01
2.202749999999999986e+01
2.229449999999999932e+01
2.256150000000000233e+01
2.282849999999999824e+01
2.309550000000000125e+01
2.336249999999999716e+01
2.362950000000000017e+01
2.389650000000000318e+01
2.416349999999999909e+01
2.443050000000000210e+01
2.469749999999999801e+01
2.496450000000000102e+01
2.523149999999999693e+01
2.549849999999999994e+01
2.576550000000000296e+01
2.603249999999999886e+01
2.629950000000000188e+01
2.656649999999999778e+01
2.683350000000000080e+01
2.710050000000000026e+01
2.736749999999999972e+01
2.763450000000000273e+01
2.790149999999999864e+01
2.816850000000000165e+01
2.843549999999999756e+01
2.870250000000000057e+01
2.896950000000000003e+01
2.923649999999999949e+01
2.950350000000000250e+01
2.977049999999999841e+01
3.003750000000000142e+01
3.030449999999999733e+01
3.057150000000000034e+01
3.083849999999999980e+01
3.110549999999999926e+01
3.137250000000000227e+01
3.163949999999999818e+01
3.190650000000000119e+01
3.217350000000000421e+01
3.244050000000000011e+01
3.270749999999999602e+01
3.297449999999999903e+01
3.324150000000000205e+01
3.350849999999999795e+01
3.377550000000000097e+01
3.404250000000000398e+01
3.430949999999999989e+01
3.457649999999999579e+01
3.484349999999999881e+01
3.511050000000000182e+01
3.537749999999999773e+01
3.564450000000000074e+01
3.591150000000000375e+01
3.617849999999999966e+01
3.644549999999999557e+01
3.671249999999999858e+01
3.697950000000000159e+01
3.724649999999999750e+01
3.751350000000000051e+01
3.778050000000000352e+01
3.804749999999999943e+01
3.831449999999999534e+01
3.858150000000000546e+01
3.884850000000000136e+01
3.911549999999999727e+01
3.938250000000000028e+01
3.964950000000000330e+01
3.991649999999999920e+01
4.018349999999999511e+01
4.045050000000000523e+01
4.071750000000000114e+01
4.098449999999999704e+01
4.125150000000000006e+01
4.151850000000000307e+01
4.178549999999999898e+01
4.205249999999999488e+01
4.231950000000000500e+01
4.258650000000000091e+01
4.285349999999999682e+01
4.312049999999999983e+01
4.338750000000000284e+01
4.365449999999999875e+01
4.392149999999999466e+01
4.418850000000000477e+01
4.445550000000000068e+01
4.472249999999999659e+01
4.498949999999999960e+01
4.525650000000000261e+01
4.552349999999999852e+01
4.579049999999999443e+01
4.605750000000000455e+01
4.632450000000000045e+01
4.659149999999999636e+01
4.685849999999999937e+01
4.712550000000000239e+01
4.739249999999999829e+01
4.765950000000000131e+01
4.792650000000000432e+01
4.819350000000000023e+01
4.846049999999999613e+01
4.872749999999999915e+01
4.899450000000000216e+01
4.926149999999999807e+01
4.952850000000000108e+01
4.979550000000000409e+01
5.006250000000000000e+01
5.032949999999999591e+01
5.059649999999999892e+01
5.086350000000000193e+01
5.113049999999999784e+01
5.139750000000000085e+01
5.166450000000000387e+01
5.193149999999999977e+01
5.219849999999999568e+01
5.246549999999999869e+01
5.273250000000000171e+01
5.299949999999999761e+01
5.326650000000000063e+01
5.353350000000000364e+01
5.380049999999999955e+01
5.406749999999999545e+01
5.433450000000000557e+01
5.460150000000000148e+01
5.486849999999999739e+01
5.513550000000000040e+01
5.540250000000000341e+01
5.566949999999999932e+01
5.593649999999999523e+01
5.620350000000000534e+01
5.647050000000000125e+01
5.673749999999999716e+01
5.700450000000000017e+01
5.727150000000000318e+01
5.753849999999999909e+01
5.780549999999999500e+01
5.807250000000000512e+01
5.833950000000000102e+01
5.860649999999999693e+01
5.887349999999999994e+01
5.914050000000000296e+01
5.940749999999999886e+01
5.967449999999999477e+01
5.994150000000000489e+01
6.020850000000000080e+01
6.047549999999999670e+01
6.074249999999999972e+01
6.100950000000000273e+01
6.127649999999999864e+01
6.154349999999999454e+01
6.181050000000000466e+01
6.207750000000000057e+01
6.234449999999999648e+01
6.261149999999999949e+01
6.287850000000000250e+01
6.314549999999999841e+01
6.341250000000000142e+01
6.367950000000000443e+01
6.394650000000000034e+01
6.421349999999999625e+01
6.448050000000000637e+01
6.474750000000000227e+01
6.501449999999999818e+01
6.528149999999999409e+01
6.554850000000000421e+01
6.581550000000000011e+01
6.608249999999999602e+01
6.634950000000000614e+01
6.661650000000000205e+01
6.688349999999999795e+01
6.715049999999999386e+01
6.741750000000000398e+01
6.768449999999999989e+01
6.795149999999999579e+01
6.821850000000000591e+01
6.848550000000000182e+01
6.875249999999999773e+01
6.901949999999999363e+01
6.928650000000000375e+01
6.955349999999999966e+01
6.982049999999999557e+01
7.008750000000000568e+01
7.035450000000000159e+01
7.062149999999999750e+01
7.088849999999999341e+01
7.115550000000000352e+01
7.142249999999999943e+01
7.168949999999999534e+01
7.195650000000000546e+01
7.222350000000000136e+01
7.249049999999999727e+01
7.275749999999999318e+01
7.302450000000000330e+01
7.329149999999999920e+01
7.355849999999999511e+01
7.382550000000000523e+01
7.409250000000000114e+01
7.435949999999999704e+01
7.462649999999999295e+01
7.489350000000000307e+01
7.516049999999999898e+01
7.542750000000000909e+01
7.569450000000000500e+01
7.596150000000000091e+01
7.622849999999999682e+01
7.649549999999999272e+01
7.676250000000000284e+01
7.702949999999999875e+01
7.729650000000000887e+01
7.756350000000000477e+01
7.783050000000000068e+01
7.809749999999999659e+01
7.836449999999999250e+01
7.863150000000000261e+01
7.889849999999999852e+01
7.916550000000000864e+01
7.943250000000000455e+01
7.969950000000000045e+01
7.996649999999999636e+01
8.023349999999999227e+01
8.050050000000000239e+01
8.076749999999999829e+01
8.103450000000000841e+01
8.130150000000000432e+01
8.156850000000000023e+01
8.183549999999999613e+01
8.210249999999999204e+01
8.236950000000000216e+01
8.263649999999999807e+01
8.290350000000000819e+01
8.317050000000000409e+01
8.343750000000000000e+01
8.370449999999999591e+01
8.397149999999999181e+01
8.423850000000000193e+01
8.450549999999999784e+01
8.477250000000000796e+01
8.503950000000000387e+01
8.530649999999999977e+01
8.557349999999999568e+01
8.584049999999999159e+01
8.610750000000000171e+01
8.637449999999999761e+01
8.664150000000000773e+01
8.690850000000000364e+01
8.717549999999999955e+01
8.744249999999999545e+01
8.770949999999999136e+01
8.797650000000000148e+01
8.824349999999999739e+01
8.851050000000000750e+01
8.877750000000000341e+01
8.904449999999999932e+01
8.931149999999999523e+01
8.957849999999999113e+01
8.984550000000000125e+01
9.011249999999999716e+01
9.037950000000000728e+01
9.064650000000000318e+01
9.091349999999999909e+01
9.118049999999999500e+01
9.144749999999999091e+01
9.171450000000000102e+01
9.198149999999999693e+01
9.224850000000000705e+01
9.251550000000000296e+01
9.278249999999999886e+01
9.304949999999999477e+01
9.331650000000000489e+01
9.358350000000000080e+01
9.385049999999999670e+01
9.411750000000000682e+01
9.438450000000000273e+01
9.465149999999999864e+01
9.491849999999999454e+01
9.518550000000000466e+01
9.545250000000000057e+01
9.571949999999999648e+01
9.598650000000000659e+01
9.625350000000000250e+01
9.652049999999999841e+01
9.678749999999999432e+01
9.705450000000000443e+01
9.732150000000000034e+01
9.758849999999999625e+01
9.785550000000000637e+01
9.812250000000000227e+01
9.838949999999999818e+01
9.865649999999999409e+01
9.892350000000000421e+01
9.919050000000000011e+01
9.945749999999999602e+01
9.972450000000000614e+01
9.999150000000000205e+01
1.002584999999999980e+02
1.005254999999999939e+02
1.007925000000000040e+02
1.010594999999999999e+02
1.013264999999999958e+02
1.015935000000000059e+02
1.018605000000000018e+02
1.021274999999999977e+02
1.023944999999999936e+02
1.026615000000000038e+02
1.029284999999999997e+02
1.031954999999999956e+02
1.034625000000000057e+02
1.037295000000000016e+02
1.039964999999999975e+02
1.042634999999999934e+02
1.045305000000000035e+02
1.047974999999999994e+02
1.050644999999999953e+02
1.053315000000000055e+02
1.055985000000000014e+02
1.058654999999999973e+02
1.061324999999999932e+02
1.063995000000000033e+02
1.066664999999999992e+02
1.069334999999999951e+02
1.072005000000000052e+02
1.074675000000000011e+02
1.077344999999999970e+02
1.080014999999999930e+02
1.082685000000000031e+02
1.085354999999999990e+02
1.088025000000000091e+02
1.090695000000000050e+02
1.093365000000000009e+02
