1.975205849183500000e+14
1.672899374462320000e+14
1.504899998941990000e+14
1.309652571794770000e+14
1.203659185253730000e+14
1.115893829333880000e+14
9.890329870129200000e+13
8.894528176958900000e+13
8.161263426802800000e+13
7.560201500286000000e+13
6.488989322463300000e+13
5.969844216776700000e+13
5.765735288684200000e+13
5.154606933182000000e+13
4.731856775551800000e+13
4.388265579912000000e+13
4.017489497416600000e+13
3.747498913891000000e+13
3.526242830839100000e+13
3.249239773520800000e+13
3.243645808272100000e+13
2.966942953170200000e+13
2.760751647050700000e+13
2.516172266417400000e+13
2.351579600138800000e+13
2.406611969121700000e+13
2.097583337550000000e+13
2.062875237060800000e+13
2.018512432789400000e+13
1.913762580830900000e+13
1.726044880617900000e+13
1.653132049946500000e+13
1.615839240788100000e+13
1.505574329927800000e+13
1.524974745801800000e+13
1.395730447872500000e+13
1.372286974457600000e+13
1.229171118422100000e+13
1.288239865626800000e+13
1.238667644161800000e+13
1.145611780478100000e+13
1.069295112010500000e+13
1.083465618954100000e+13
1.065595645048500000e+13
9.907370600516000000e+12
9.309550468733000000e+12
8.745892950469000000e+12
8.867144875541000000e+12
8.715131204804000000e+12
8.571607596588000000e+12
7.664630094920000000e+12
8.213576503127000000e+12
7.281589582028000000e+12
7.112215660681000000e+12
6.761985373268000000e+12
6.953632351783000000e+12
6.897166216887000000e+12
6.559780829411000000e+12
5.887049919861000000e+12
5.937705848435000000e+12
5.708912609891000000e+12
5.948120663173000000e+12
5.902719683739000000e+12
5.517137954314000000e+12
6.081764076980000000e+12
5.160122495867000000e+12
4.852161573657000000e+12
4.956880926160000000e+12
4.824950924202000000e+12
4.494166736262000000e+12
4.206901608040000000e+12
4.168840979886000000e+12
4.249922560224000000e+12
4.026545399034000000e+12
3.688745480029000000e+12
3.803394876066000000e+12
3.708569534105000000e+12
3.925547152191000000e+12
3.716020371290000000e+12
3.560240408441000000e+12
3.332298803647000000e+12
3.294633723904000000e+12
3.565396083275000000e+12
3.036769100688000000e+12
3.160680256174000000e+12
3.255324064213000000e+12
2.789999622318000000e+12
2.357376784917000000e+12
3.092152979316000000e+12
2.872673471411000000e+12
2.888284819263000000e+12
3.159673534193000000e+12
2.763155230802000000e+12
2.704820894202000000e+12
3.142068392941000000e+12
2.673827323665000000e+12
2.052718766206000000e+12
2.232586548651000000e+12
1.911245315044000000e+12
2.489166004071000000e+12
2.090698150435000000e+12
2.530822370628000000e+12
2.656489318666000000e+12
2.422062143239000000e+12
2.202522839486000000e+12
1.901199976322000000e+12
1.761609686299000000e+12
2.240866887986000000e+12
1.641625509641000000e+12
2.014526815215000000e+12
2.077793856148000000e+12
2.221570765716000000e+12
1.959239347258000000e+12
1.591328062169000000e+12
1.520356802244000000e+12
1.335742966883000000e+12
1.315662593594000000e+12
1.712181773676000000e+12
1.690575923531000000e+12
1.604737824160000000e+12
1.674127702108000000e+12
1.225951313356000000e+12
2.013256003674000000e+12
1.566817240834000000e+12
1.299650246069000000e+12
1.715466790470000000e+12
1.790655996424000000e+12
1.312186141121000000e+12
1.570928942266000000e+12
1.484385626572000000e+12
1.154821226240000000e+12
1.183205524224000000e+12
1.473868704964000000e+12
1.184861112521000000e+12
1.500178559413000000e+12
1.295116491820000000e+12
1.335193084858000000e+12
7.273395083050000000e+11
1.788317397911000000e+12
1.585246112149000000e+12
1.459512292832000000e+12
1.344592624703000000e+12
9.065225029790000000e+11
9.230237383170000000e+11
9.835758866950000000e+11
9.616813621650000000e+11
1.138900193995000000e+12
1.070253440494000000e+12
1.140346445028000000e+12
1.003252948022000000e+12
1.073761832137000000e+12
1.451379556444000000e+12
8.905712624090000000e+11
8.538836966960000000e+11
9.766162440560000000e+11
1.337343122701000000e+12
1.073778239510000000e+12
1.143076784969000000e+12
1.030227690754000000e+12
7.802650354570000000e+11
8.122469492820000000e+11
8.488641150960000000e+11
8.679067939930000000e+11
6.052256330900000000e+11
8.316078513590000000e+11
8.691239793050000000e+11
8.135853418460000000e+11
1.180666560467000000e+12
8.909345088410000000e+11
8.792247843360000000e+11
8.930642336220000000e+11
7.586600804870000000e+11
1.004253706592000000e+12
3.511904110070000000e+11
6.448041223440000000e+11
7.944780452600000000e+11
7.176349329030000000e+11
7.654479071430000000e+11
7.926285276270000000e+11
3.437089561850000000e+11
7.268663265530000000e+11
8.504241554990000000e+11
7.602311306680000000e+11
7.261649793980000000e+11
6.759866940100000000e+11
6.075165845630000000e+11
6.531020533000000000e+11
8.106773317330000000e+11
6.198131989760000000e+11
4.084731790270000000e+11
1.012449407575000000e+12
6.251504743890000000e+11
8.174823138630000000e+11
5.579668661350000000e+11
4.975380977260000000e+11
2.957364673940000000e+11
5.094968437460000000e+11
7.051354107330000000e+11
5.993542024770000000e+11
1.013040385764000000e+12
4.962244663420000000e+11
4.484165791660000000e+11
6.355729894050000000e+11
6.550836978480000000e+11
7.234711833490000000e+11
6.475797970900000000e+11
7.915577934470000000e+11
4.526360613550000000e+11
3.589365954430000000e+11
4.210666859630000000e+11
5.986327490770000000e+11
5.113957646240000000e+11
4.869459482610000000e+11
5.429944153380000000e+11
8.641744338790000000e+11
6.751676476100000000e+11
5.451492573080000000e+11
6.461008766690000000e+11
5.424349545270000000e+11
3.158197458910000000e+11
2.907157779580000000e+11
4.454596335600000000e+11
9.297340699960000000e+11
3.381822489340000000e+11
6.498230658780000000e+11
3.745368026390000000e+11
4.960792925890000000e+11
3.477589080070000000e+11
5.103471569500000000e+11
4.251328179650000000e+11
2.767804570020000000e+11
5.074422320650000000e+11
6.796497453530000000e+11
4.263935582300000000e+11
5.332382449310000000e+11
7.028641326060000000e+11
2.367429667790000000e+11
3.251033037850000000e+11
5.299000158720000000e+11
5.523546582330000000e+11
2.786828509530000000e+11
5.320012686770000000e+11
5.350513805710000000e+11
4.217322723600000000e+11
3.529931199610000000e+11
3.438063645270000000e+11
3.077540517340000000e+11
4.480478446440000000e+11
3.586439378980000000e+11
4.434495484310000000e+11
1.966486247770000000e+11
4.884288085190000000e+11
5.211798426700000000e+11
3.992192011970000000e+11
3.499238797140000000e+11
3.442481635520000000e+11
2.799430819430000000e+11
2.057509230100000000e+11
6.119924295590000000e+11
3.722986443950000000e+11
2.601192583790000000e+11
2.643440315240000000e+11
4.090268168000000000e+10
3.816183903840000000e+11
4.803405346420000000e+11
9.555753570800000000e+10
2.501547776400000000e+11
4.070198857960000000e+11
1.947299284020000000e+11
4.607768383230000000e+11
3.995538022630000000e+11
4.414056587990000000e+11
3.993327140510000000e+11
4.999057744700000000e+11
2.032533449890000000e+11
3.509514206270000000e+11
3.406251846040000000e+11
4.683056832970000000e+11
1.550526649240000000e+11
1.393406773170000000e+11
2.522780145800000000e+11
2.384345414820000000e+11
2.552329828840000000e+11
3.353303593350000000e+11
7.557145601300000000e+10
3.706377944620000000e+11
1.920120839630000000e+11
5.949049532230000000e+11
1.128317724690000000e+11
9.970374291500000000e+10
3.919133257280000000e+11
3.118897835330000000e+11
2.974081551870000000e+11
4.140785704310000000e+11
4.282755118990000000e+11
2.716515705440000000e+11
1.339280252400000000e+11
3.653772341850000000e+11
2.026465891190000000e+11
1.031231050180000000e+11
2.801215482980000000e+11
3.621700745110000000e+11
1.623396057670000000e+11
2.056890149640000000e+11
2.380939183980000000e+11
3.327926867840000000e+11
2.531611561520000000e+11
1.685206249980000000e+11
2.896210869660000000e+11
1.091504717050000000e+11
4.004560569100000000e+10
2.655075729210000000e+11
3.171061329030000000e+11
1.406967511890000000e+11
2.543111864930000000e+11
4.883511356340000000e+11
4.351571001840000000e+11
2.954502761700000000e+11
1.842862536950000000e+11
2.084191961950000000e+11
4.154605755370000000e+11
2.318340184350000000e+11
1.273801990830000000e+11
3.205729393590000000e+11
1.955872872110000000e+11
1.446790330850000000e+11
1.606395573770000000e+11
2.211078567970000000e+11
3.049728323290000000e+11
2.695796150390000000e+11
6.671128186200000000e+10
1.577752269460000000e+11
2.362952722620000000e+11
2.815220019200000000e+11
1.848194086670000000e+11
1.471551875560000000e+11
1.902939054350000000e+11
7.049792800400000000e+10
1.163390647920000000e+11
6.304237229400000000e+10
1.084406444500000000e+11
1.682992159630000000e+11
1.323120294280000000e+11
1.288172584020000000e+11
8.468736616300000000e+10
2.171114372030000000e+11
1.239348732200000000e+10
9.557899847400000000e+10
1.198004223520000000e+11
1.564592957860000000e+11
1.971879969010000000e+11
8.825765765600000000e+10
2.455907797960000000e+11
1.827954136200000000e+10
2.428525667100000000e+11
1.377592168900000000e+11
4.023092135520000000e+11
1.314222427760000000e+11
6.700668137700000000e+10
1.872100768160000000e+11
6.424102950700000000e+10
3.301537377790000000e+11
8.056698461400000000e+10
7.764343995100000000e+10
3.811945049240000000e+11
1.426303941420000000e+11
1.514557838120000000e+11
2.001949255950000000e+11
1.153510098170000000e+11
1.389407176630000000e+11
1.440281738620000000e+11
1.369207942690000000e+11
1.236230905150000000e+11
1.749478932620000000e+11
1.479227910520000000e+11
4.337518814650000000e+11
7.379822738000000000e+10
1.035009949450000000e+11
1.403936251400000000e+10
6.341332853900000000e+10
8.074165908900000000e+10
1.310620032070000000e+11
1.382482784300000000e+11
7.563570685600000000e+10
1.421761486900000000e+10
2.429086810400000000e+10
2.712086886040000000e+11
1.223569813210000000e+11
1.230990667490000000e+11
5.219373017900000000e+10
1.014489358200000000e+10
1.525409432320000000e+11
