18626689321537264
29615911291337084
9817099378190916
5172194294722127
3276198023489874
2279909611737451
1675688571878217
1292806788428483
1058136759401906
883549042893102
750749608788787
653266930683378
574401768685085
521932697027949
488367754407903
440522476369506
412647059290274
382260810782435
359025697572987
334143704815841
322965448913359
300644335975000
292349366442222
272779111841180
257804063122060
253803638879591
240362119625318
231613008450066
223081193902981
219134713800575
214429924622317
209445339183001
195083947941400
187614762212032
182294076915163
175805221013361
174236109841530
164534883731675
159052173302716
156672092661582
162818689359341
150242819397848
148330556456789
142924006255561
134790362436198
141356453015117
139037322517566
129842725395982
131236622839512
125487257178819
120692314828456
115645471175565
118149068206028
116195721708089
111149899759827
113789365852981
112190788739072
110422245694704
103202123824687
106377789174804
103715079494186
99674243862943
93455106397706
97283430646336
90506333196214
91116412242755
82463890118619
85023539939568
83519851227341
85024945009009
84663288655383
83883799070405
77779287721320
83497857343170
77180140991374
74867653082349
74777237563521
70493042625038
77190155458427
71134339032972
66029041560403
70576227507772
67121061147761
64584050862272
69602232960830
62257853709670
67670865973019
61177733616335
63249099144206
53612215282287
56295290918988
55838413368049
61247769426413
59926014092740
56745031737184
55676062526292
55583813222874
50901740944345
52416187007352
51498509103345
47965454007882
50055603703242
45520383980181
45761231284909
48117009809721
47400562463343
43980324897899
47666961511107
44452478247954
44920405402003
42106151576012
39847673503450
41904773811256
42451288032665
40229640639721
41816610007558
39187618247205
38169899681690
41742510778515
39090868461182
37095524470644
36431678831946
40605681783667
42400159460864
33518462742358
38466382489238
37862959125368
37159639198808
32966685265889
33222542328934
34411985885535
34697548660504
36852191193949
31525512654578
34734912774945
29694092308063
34168966058470
31992525218703
31534787315832
30490474504895
31234831987444
28513099912263
31911821291272
24214640562816
27258116834180
27298085738779
28345770342786
27713620727459
26688043727103
25979496585065
26244432145635
28687740402783
26336463035152
25443218418075
25106602270196
25619120117929
22181481586720
23613886387059
23556474659794
23284264889507
22170547033872
22531416436677
23163471991539
24127682947552
23011435387926
24122652341575
22380868971992
24693416678249
22523207064137
23390851597869
23211264228484
23447231208261
23161241103152
19187215114526
23680162760152
20530913641512
21006247049444
17968533116886
20679287804630
20410233869209
19281739583255
20340831090449
20558442643114
20484145526089
19798675166542
21262466092492
20672046834173
19455766943046
21694932779887
17334515047896
18249657288402
18656869896260
16800989085706
18286864425909
19089191723259
15610754332710
17340235047516
17083436016838
17715251198308
18959991167942
18347406162233
18608089256729
15779057440214
16450297218691
18013452027247
16712769038323
17106440395455
17851330523547
15723027516053
15517428879678
18620379666987
18302807864731
15148735674718
15905534671486
13065291621761
14771294478679
17267836769312
17569110776625
14705925136545
14084520542896
14380378348954
16475204845275
16032273641345
15226380133582
15955403219227
13440826743558
15078337751454
14459725519688
15205107636343
13881803185167
13834470284668
14125161566086
12297216666800
13334293019411
13635897041689
13677101648187
13141651980133
15856784443988
15651306774323
13002723764853
15218638757139
15259532211332
14256056781732
15499631909915
14904343848420
13862450545712
14897829853797
11846170561735
11834828591057
12243889303633
13331356189118
11782680097074
12426946960312
11367212533213
10885630226892
14379072381540
12297876735493
13479775294506
12747813823095
11336758101424
12147848860007
13956154647902
13746577490079
12721721186163
12777992351453
14143717279445
9444220986016
10726461489394
13004003487845
9644138595332
9644099510854
11084511819974
12099398555658
10612833192047
10545178294685
10689616919161
11116286060869
10699643928941
10653981486451
10353289599918
9215981366229
9886591143552
12124450189729
9518867208183
10993487337909
12457373943178
9435766409013
9986306614033
10809778070073
10119444686150
8839180272936
10627293297935
10133804375091
9393136716456
10347522513537
8445397648875
9197329473300
9152150400216
9769258640269
9563017483664
8752781449176
8461249833214
10555872657433
9432488431396
8059707813761
7962526753617
8469175885783
9239440249641
8669891769450
8128933883660
8045330442659
10430370304984
10191901773435
9521605015396
8833853015428
8286245775275
9596269126957
7275621397544
9372286556037
7214481742028
8683259803065
8427655276350
7850946153386
8010354728668
8980517533358
8736450049675
9517468629130
8761677573891
5565782741175
8571136597514
8345311394590
7733962706122
8305995222916
9943688527927
8877926709286
6795680770650
7742853819746
7053067245254
5564753816515
7158272079714
6401163182818
7879772151066
5673122073928
7690179293412
6409331279181
5603829190787
7625531547960
5776041173065
5302268288929
6627391814852
5730739611894
8389203128597
5922375719021
7037818906879
5545390037657
7174265781048
6531847440439
6158218413418
5688035588086
6287763841377
6119803141776
6404167383915
6083405385302
5374430753556
4328663014143
6156876475946
5620711641483
4656027872371
4653037121197
4192167595215
4368836818159
6601332555477
6345201465903
6600506218088
4303604008723
4710785440820
4413451655445
6371598912981
5267691582470
5247971857183
5602250413281
5443479077432
5159056488954
5332133758773
4558888314308
4986429310964
4690067520359
4625719373630
4571073934955
4361158126355
4406691841630
4360963254473
3902169692666
4294501088596
5276410991409
2886353612261
5299633703226
3630268511771
5309755310685
3487111862092
4525321371254
5290709571362
4045627689644
4871894741830
5458051751832
4492697439161
4807597270425
3966168092913
3483810999898
3794711089143
3524877476725
5397824990553
3476483470702
4766190921775
2640961293951
3535720592124
4678071871692
5047654972221
4484804201777
4166373752482
4635013173890
4875503477549
3417614587876
3646118106834
3124005453614
5138668674740
4478967982962
3784572899680
3369131887893
3232571572619
3139822978949
3561623807566
3789015321444
3954977931047
3072257431064
4445573959055
2344629134535
3857731127299
3089128109278
3740706883493
4786930119362
3305463210362
2641424132325
2495996861433
3291554084222
3534046129371
2184142746039
2687260968366
3943946230688
2763840167915
2494880303681
2895694697418
2320883362583
2437184957748
2393814308460
3103468644167
3258654585904
2191110946629
3168398153986
3128500670203
2842002561103
1973157156304
2816393861009
2721535398075
2656019674143
2902735617304
2541106592586
3699197537093
3220443365035
2472975350179
2873340580765
2850979227752
1811241151801
2562527544239
2719756862183
2282836382113
2428339604700
2411864527883
3080262057110
3730562723262
2663368091244
2028354833891
4117660977002
2842701875452
1688905992095
2429048494399
1870740822267
3362548054984
2155004373711
3686512007326
2100193218242
3211970164917
2084142040430
1359587655635
3236179394943
2651177888192
1734582677032
2578464460173
2083460291228
2538516319219
2686346171724
2545024219345
1631017593797
3103218754053
1546140716131
2225565715637
1990863414554
1900913893710
2638496444058
2019525766425
2270998861554
994130768745
2496007836084
2026211250408
2408488457023
915641775158
2623770199331
891702515925
2205796984486
2293794854353
2111185395882
1373638108322
1768627718910
1867992166341
1834385818439
2352228298677
2146915060852
2235478517127
1440920967444
1581171536437
1477463398019
1467011721665
2129291512333
1052347402379
1670869980760
1861162021268
1605998848487
1879890575935
1338766686421
1617171681875
776954390051
983099346336
1469598116234
1397041452987
1326234685865
999231586902
2188538016976
1289228334362
1306975707775
1000153239291
2222451233948
1787073209348
902824639390
1041360948661
1509565622145
2294095706475
1940623917713
1655960061160
1309092813631
1463671731102
1623999088468
1699256415799
1913162361778
1851370229972
1411517680221
1274279138541
2642548270089
1307083838928
1569689827327
1096950085132
1680525430344
1229412692686
1708367860241
688695500475
1570177856961
1781390410108
1203619879984
1389904717728
1443882774605
964565371998
980219124096
929872655023
1327368274887
954508724213
1172065107534
1157398473551
970605285753
1552993366865
1659253617997
608675838270
870968986142
1171829186487
1451895742095
786910718990
1297745234590
1099491548257
877868689718
701128675846
695883084181
663301513242
570888874561
1070808840437
1019935229378
1090801362981
720594424132
1694086363623
885572913425
1351126530335
896412149421
1016664270512
1015829680014
335216652965
647261269957
1267024750085
617724208919
1148134527191
1003401812494
484521289893
1072085013047
790996827083
751167841359
524373850833
877922722423
838602320430
1413715002334
766481577468
848825968517
404181932062
699507883402
787086277730
299830773206
517457569216
579748454442
674058306954
816700870171
741857386237
0
303873269752
692935553985
153149081031
709591854566
701783491441
493000072254
450126488919
404180139860
548539675070
893644103692
929663812290
646161587792
409604259512
769087422094
471974429979
367417969146
639465703815
662235282236
179058538144
536774592119
901186286658
441886202657
400905853201
899684741651
429802512000
105639811795
362073327135
537692021057
692048614938
196005613057
220636502850
556896648146
318191674153
926957557191
406583209167
300084325946
456007669168
466090997830
580801810940
904310166650
314336144088
627534062546
912506060988
339895109121
640414286350
150318700608
0
235614747706
150042162973
547768100347
449901391157
365973556404
445244317412
139796867218
176122450269
93693963796
97677690454
150042162973
276951508538
323651002636
411049525069
208661699346
565152299850
364938888229
345055149451
457490104927
554171250851
571355342395
329265275922
450126488919
300084325946
502524219533
504839522814
150042162973
129568313518
133415357010
630916525062
543685054144
759346193876
97216098078
355669151207
640704067620
578705898022
59287927818
863052172621
354267539535
150042162973
179242807403
37798911059
0
196913522271
448482779187
346129817834
92305734730
439519243217
98480944818
103489975400
0
26441513738
676427283222
546487608491
292262527017
450126488919
34798841605
546470509235
459763093618
225004936044
466048611307
300084325946
300084325946
48747345367
0
509012134593
113498090959
305520469916
0
150042162973
600168651892
484626750797
539197600958
256187972532
180228920194
150042162973
554100364956
590101782843
252789808714
387185677964
35706446826
283886693288
130127679286
150042162973
150042162973
206888714625
16281216781
150042162973
200020778526
45663179652
618652789707
188521751675
0
164158852562
141547305454
133044937508
150042162973
300084325946
541095210129
199821404883
342391859172
602138551550
150042162973
0
150042162973
164684855852
300084325946
115923299772
450126488919
0
150042162973
0
182791119752
537787178994
150042162973
0
150042162973
136176036222
0
150042162973
187002041939
150042162973
265032580757
173107845328
0
0
140922907013
150042162973
0
151908030941
237481716092
54601883596
270832103804
168158428890
150042162973
175907942015
190684893884
0
352706936469
0
104578940407
0
141792790285
150042162973
18876294026
343495230555
150042162973
0
150042162973
19462377789
150042162973
150042162973
178718608773
212428704842
0
0
126983725680
246958052546
151749559736
150042162973
97427067109
0
0
0
0
150042162973
113681533879
246131443308
1895775972
129441366379
84468698218
0
0
240140571207
0
103058170895
162444269092
42473762466
0
150042162973
0
0
0
150042162973
106227840199
57978012517
0
0
0
150042162973
0
0
0
0
0
0
150042162973
150042162973
0
0
27002442249
150042162973
149975363322
0
0
150042162973
0
0
0
0
128210832426
0
76203593604
0
149817286807
0
0
0
0
0
150042162973
0
0
0
0
50882734448
0
149427289855
111098145514
0
137710182845
0
0
0
0
0
0
0
0
150042162973
0
0
0
150042162973
0
0
150042162973
6718695346
150042162973
0
0
0
0
0
0
0
0
150042162973
0
0
0
0
150042162973
0
0
150042162973
0
0
0
0
0
0
0
0
0
2663172364
0
0
0
0
0
0
0
0
0
0
0
0
96009648764
0
0
0
0
0
150042162973
0
0
0
0
0
0
0
0
0
0
0
0
0
0
0
0
0
0
0
0
0
