5.083999999999999631e+00
5.411999999999999922e+00
5.740000000000000213e+00
6.067999999999999616e+00
6.395999999999999908e+00
6.724000000000000199e+00
7.051999999999999602e+00
7.379999999999999893e+00
7.708000000000000185e+00
8.035999999999999588e+00
8.364000000000000767e+00
8.692000000000000171e+00
9.019999999999999574e+00
9.347999999999998977e+00
9.676000000000000156e+00
1.000399999999999956e+01
1.033200000000000074e+01
1.066000000000000014e+01
1.098799999999999955e+01
1.131599999999999895e+01
1.164400000000000013e+01
1.197199999999999953e+01
1.230000000000000071e+01
1.262800000000000011e+01
1.295599999999999952e+01
1.328399999999999892e+01
1.361200000000000010e+01
1.393999999999999950e+01
1.426800000000000068e+01
1.459600000000000009e+01
1.492399999999999949e+01
1.525199999999999889e+01
1.558000000000000007e+01
1.590799999999999947e+01
1.623599999999999710e+01
1.656400000000000006e+01
1.689200000000000301e+01
1.721999999999999886e+01
1.754800000000000182e+01
1.787599999999999767e+01
1.820400000000000063e+01
1.853200000000000003e+01
1.885999999999999943e+01
1.918800000000000239e+01
1.951599999999999824e+01
1.984400000000000119e+01
2.017199999999999704e+01
2.050000000000000000e+01
2.082800000000000296e+01
2.115599999999999881e+01
2.148400000000000176e+01
2.181199999999999761e+01
2.214000000000000057e+01
2.246799999999999997e+01
2.279599999999999937e+01
2.312400000000000233e+01
2.345199999999999818e+01
2.378000000000000114e+01
2.410799999999999699e+01
2.443599999999999994e+01
2.476400000000000290e+01
2.509199999999999875e+01
2.542000000000000171e+01
2.574799999999999756e+01
2.607600000000000051e+01
2.640399999999999991e+01
2.673199999999999932e+01
2.706000000000000227e+01
2.738799999999999812e+01
2.771600000000000108e+01
2.804399999999999693e+01
2.837199999999999989e+01
2.870000000000000284e+01
2.902799999999999869e+01
2.935600000000000165e+01
2.968399999999999750e+01
3.001200000000000045e+01
3.033999999999999986e+01
3.066799999999999926e+01
3.099600000000000222e+01
3.132399999999999807e+01
3.165200000000000102e+01
3.197999999999999687e+01
3.230799999999999983e+01
3.263599999999999568e+01
3.296399999999999864e+01
3.329200000000000159e+01
3.362000000000000455e+01
3.394800000000000040e+01
3.427599999999999625e+01
3.460399999999999920e+01
3.493200000000000216e+01
3.525999999999999801e+01
3.558800000000000097e+01
3.591599999999999682e+01
3.624399999999999977e+01
3.657200000000000273e+01
3.689999999999999858e+01
3.722800000000000153e+01
3.755599999999999739e+01
3.788400000000000034e+01
3.821200000000000330e+01
3.853999999999999915e+01
3.886799999999999500e+01
3.919599999999999795e+01
3.952400000000000091e+01
3.985200000000000387e+01
4.017999999999999972e+01
4.050799999999999557e+01
4.083599999999999852e+01
4.116400000000000148e+01
4.149200000000000443e+01
4.182000000000000028e+01
4.214799999999999613e+01
4.247599999999999909e+01
4.280400000000000205e+01
4.313200000000000500e+01
4.346000000000000085e+01
4.378799999999999670e+01
4.411599999999999966e+01
4.444400000000000261e+01
4.477199999999999847e+01
4.510000000000000142e+01
4.542799999999999727e+01
4.575600000000000023e+01
4.608400000000000318e+01
4.641199999999999903e+01
4.674000000000000199e+01
4.706799999999999784e+01
4.739600000000000080e+01
4.772400000000000375e+01
4.805199999999999960e+01
4.837999999999999545e+01
4.870799999999999841e+01
4.903600000000000136e+01
4.936400000000000432e+01
4.969200000000000017e+01
5.001999999999999602e+01
5.034799999999999898e+01
5.067600000000000193e+01
5.100400000000000489e+01
5.133200000000000074e+01
5.165999999999999659e+01
5.198799999999999955e+01
5.231600000000000250e+01
5.264399999999999835e+01
5.297200000000000131e+01
5.329999999999999716e+01
5.362800000000000011e+01
5.395600000000000307e+01
5.428399999999999892e+01
5.461200000000000188e+01
5.493999999999999773e+01
5.526800000000000068e+01
5.559600000000000364e+01
5.592399999999999949e+01
5.625199999999999534e+01
5.657999999999999829e+01
5.690800000000000125e+01
5.723600000000000421e+01
5.756400000000000006e+01
5.789199999999999591e+01
5.821999999999999886e+01
5.854800000000000182e+01
5.887600000000000477e+01
5.920400000000000063e+01
5.953199999999999648e+01
5.985999999999999943e+01
6.018800000000000239e+01
6.051599999999999824e+01
6.084400000000000119e+01
6.117199999999999704e+01
6.150000000000000000e+01
6.182800000000000296e+01
6.215599999999999881e+01
6.248400000000000176e+01
6.281199999999999761e+01
6.314000000000000057e+01
6.346800000000000352e+01
6.379599999999999937e+01
6.412399999999999523e+01
6.445199999999999818e+01
6.478000000000000114e+01
6.510800000000000409e+01
6.543600000000000705e+01
6.576399999999999579e+01
6.609199999999999875e+01
6.642000000000000171e+01
6.674800000000000466e+01
6.707599999999999341e+01
6.740399999999999636e+01
6.773199999999999932e+01
6.806000000000000227e+01
6.838800000000000523e+01
6.871600000000000819e+01
6.904399999999999693e+01
6.937199999999999989e+01
6.970000000000000284e+01
7.002799999999999159e+01
7.035599999999999454e+01
7.068399999999999750e+01
7.101200000000000045e+01
7.134000000000000341e+01
7.166800000000000637e+01
7.199599999999999511e+01
7.232399999999999807e+01
7.265200000000000102e+01
7.298000000000000398e+01
7.330799999999999272e+01
7.363599999999999568e+01
7.396399999999999864e+01
7.429200000000000159e+01
7.462000000000000455e+01
7.494800000000000750e+01
7.527599999999999625e+01
7.560399999999999920e+01
7.593200000000000216e+01
7.626000000000000512e+01
7.658799999999999386e+01
7.691599999999999682e+01
7.724399999999999977e+01
7.757200000000000273e+01
7.790000000000000568e+01
7.822799999999999443e+01
7.855599999999999739e+01
7.888400000000000034e+01
7.921200000000000330e+01
7.953999999999999204e+01
7.986799999999999500e+01
8.019599999999999795e+01
8.052400000000000091e+01
8.085200000000000387e+01
8.118000000000000682e+01
8.150799999999999557e+01
8.183599999999999852e+01
8.216400000000000148e+01
8.249200000000000443e+01
8.281999999999999318e+01
8.314799999999999613e+01
8.347599999999999909e+01
8.380400000000000205e+01
8.413200000000000500e+01
8.446000000000000796e+01
8.478799999999999670e+01
8.511599999999999966e+01
8.544400000000000261e+01
8.577200000000000557e+01
8.609999999999999432e+01
8.642799999999999727e+01
8.675600000000000023e+01
8.708400000000000318e+01
8.741200000000000614e+01
8.773999999999999488e+01
8.806799999999999784e+01
8.839600000000000080e+01
8.872400000000000375e+01
8.905199999999999250e+01
8.937999999999999545e+01
8.970799999999999841e+01
9.003600000000000136e+01
9.036400000000000432e+01
9.069200000000000728e+01
9.101999999999999602e+01
9.134799999999999898e+01
9.167600000000000193e+01
9.200400000000000489e+01
9.233199999999999363e+01
9.265999999999999659e+01
9.298799999999999955e+01
9.331600000000000250e+01
9.364400000000000546e+01
9.397200000000000841e+01
9.429999999999999716e+01
9.462800000000000011e+01
9.495600000000000307e+01
9.528399999999999181e+01
9.561199999999999477e+01
9.593999999999999773e+01
9.626800000000000068e+01
9.659600000000000364e+01
9.692400000000000659e+01
9.725199999999999534e+01
9.757999999999999829e+01
9.790800000000000125e+01
9.823600000000000421e+01
9.856399999999999295e+01
9.889199999999999591e+01
9.921999999999999886e+01
9.954800000000000182e+01
9.987600000000000477e+01
1.002040000000000077e+02
1.005319999999999965e+02
1.008599999999999994e+02
1.011880000000000024e+02
1.015160000000000053e+02
1.018439999999999941e+02
1.021719999999999970e+02
1.025000000000000000e+02
1.028280000000000030e+02
1.031560000000000059e+02
1.034839999999999947e+02
1.038119999999999976e+02
1.041400000000000006e+02
1.044680000000000035e+02
1.047959999999999923e+02
1.051239999999999952e+02
1.054519999999999982e+02
1.057800000000000011e+02
1.061080000000000041e+02
1.064360000000000070e+02
1.067639999999999958e+02
1.070919999999999987e+02
1.074200000000000017e+02
1.077480000000000047e+02
1.080759999999999934e+02
1.084039999999999964e+02
1.087319999999999993e+02
1.090600000000000023e+02
1.093880000000000052e+02
1.097160000000000082e+02
1.100439999999999969e+02
1.103719999999999999e+02
1.107000000000000028e+02
1.110279999999999916e+02
1.113559999999999945e+02
1.116839999999999975e+02
1.120120000000000005e+02
1.123400000000000034e+02
1.126680000000000064e+02
1.129959999999999951e+02
1.133239999999999981e+02
1.136520000000000010e+02
1.139800000000000040e+02
1.143079999999999927e+02
1.146359999999999957e+02
1.149639999999999986e+02
1.152920000000000016e+02
1.156200000000000045e+02
1.159480000000000075e+02
1.162759999999999962e+02
1.166039999999999992e+02
1.169320000000000022e+02
1.172600000000000051e+02
1.175879999999999939e+02
1.179159999999999968e+02
1.182439999999999998e+02
1.185720000000000027e+02
1.189000000000000057e+02
1.192279999999999944e+02
1.195559999999999974e+02
1.198840000000000003e+02
1.202120000000000033e+02
1.205399999999999920e+02
1.208679999999999950e+02
1.211959999999999980e+02
1.215240000000000009e+02
1.218520000000000039e+02
1.221800000000000068e+02
1.225079999999999956e+02
1.228359999999999985e+02
1.231640000000000015e+02
1.234920000000000044e+02
1.238199999999999932e+02
1.241479999999999961e+02
1.244759999999999991e+02
1.248040000000000020e+02
1.251320000000000050e+02
1.254600000000000080e+02
1.257879999999999967e+02
1.261159999999999997e+02
1.264440000000000026e+02
1.267720000000000056e+02
1.270999999999999943e+02
1.274279999999999973e+02
1.277560000000000002e+02
1.280840000000000032e+02
1.284119999999999777e+02
1.287400000000000091e+02
1.290679999999999836e+02
1.293960000000000150e+02
1.297239999999999895e+02
1.300520000000000209e+02
1.303799999999999955e+02
1.307080000000000268e+02
1.310360000000000014e+02
1.313639999999999759e+02
1.316920000000000073e+02
1.320199999999999818e+02
1.323480000000000132e+02
1.326759999999999877e+02
1.330040000000000191e+02
1.333319999999999936e+02
1.336600000000000250e+02
1.339879999999999995e+02
1.343159999999999741e+02
1.346440000000000055e+02
1.349719999999999800e+02
1.353000000000000114e+02
1.356279999999999859e+02
1.359560000000000173e+02
1.362839999999999918e+02
1.366120000000000232e+02
1.369399999999999977e+02
1.372680000000000007e+02
1.375960000000000036e+02
1.379239999999999782e+02
1.382520000000000095e+02
1.385799999999999841e+02
1.389080000000000155e+02
1.392359999999999900e+02
1.395640000000000214e+02
1.398919999999999959e+02
1.402199999999999989e+02
1.405480000000000018e+02
1.408759999999999764e+02
1.412040000000000077e+02
1.415319999999999823e+02
1.418600000000000136e+02
1.421879999999999882e+02
1.425160000000000196e+02
1.428439999999999941e+02
1.431720000000000255e+02
1.435000000000000000e+02
1.438279999999999745e+02
1.441560000000000059e+02
1.444839999999999804e+02
1.448120000000000118e+02
1.451399999999999864e+02
1.454680000000000177e+02
1.457959999999999923e+02
1.461240000000000236e+02
1.464519999999999982e+02
1.467800000000000011e+02
1.471080000000000041e+02
1.474359999999999786e+02
1.477640000000000100e+02
1.480919999999999845e+02
1.484200000000000159e+02
1.487479999999999905e+02
1.490760000000000218e+02
1.494039999999999964e+02
1.497319999999999993e+02
1.500600000000000023e+02
1.503879999999999768e+02
1.507160000000000082e+02
1.510439999999999827e+02
1.513720000000000141e+02
1.516999999999999886e+02
1.520280000000000200e+02
1.523559999999999945e+02
1.526840000000000259e+02
1.530120000000000005e+02
1.533399999999999750e+02
1.536680000000000064e+02
