5.919425226597690000e+14
6.801924681080970000e+14
5.674835629137130000e+14
4.840148774556730000e+14
4.004073145365130000e+14
3.369351247225070000e+14
2.934008533448730000e+14
2.526400657734290000e+14
2.248491407833150000e+14
1.991878052389740000e+14
1.703668763163920000e+14
1.510824614798490000e+14
1.377789184061640000e+14
1.328606727057520000e+14
1.159679263548310000e+14
1.095524626840290000e+14
1.068957905438100000e+14
9.694988969060900000e+13
8.519502074243900000e+13
8.848057782171400000e+13
8.064564297338300000e+13
7.366819736858800000e+13
7.251963481641800000e+13
6.700268694083000000e+13
6.405625626160100000e+13
5.722981036020400000e+13
5.997403824883700000e+13
5.707841907334800000e+13
5.242991815986400000e+13
4.250532007707900000e+13
4.379320514949900000e+13
4.922443556683300000e+13
4.220920747414300000e+13
3.893494550603700000e+13
3.930496240457700000e+13
3.541332958382300000e+13
4.647029064249900000e+13
3.883240089826100000e+13
4.059157075366600000e+13
4.041323852429400000e+13
3.224387660952100000e+13
3.293505467411200000e+13
2.870325527941800000e+13
3.084535772304200000e+13
3.248559206816300000e+13
2.595080496792600000e+13
2.310458479671100000e+13
2.773713274764500000e+13
2.531474708520400000e+13
2.097714091345300000e+13
2.723648148853200000e+13
2.759721069958700000e+13
2.318076502831300000e+13
2.501985871171300000e+13
2.261221620055300000e+13
2.224184231610000000e+13
1.956132897029500000e+13
1.870260818183300000e+13
1.847880411471300000e+13
1.716051796882400000e+13
1.796912762742700000e+13
1.711351001520900000e+13
1.682811696664100000e+13
1.687284134079600000e+13
1.547553953341400000e+13
1.502576386494000000e+13
1.654475016811000000e+13
1.795431868455700000e+13
1.511518603245000000e+13
1.707616401264400000e+13
1.617104631701300000e+13
1.454882018058000000e+13
1.403734746124500000e+13
1.397679175502300000e+13
1.381509966426200000e+13
1.121329744439300000e+13
1.143869577447600000e+13
1.377017872940200000e+13
1.429906190860700000e+13
1.450136539887400000e+13
1.188739149154500000e+13
1.276476654578900000e+13
1.184277901779100000e+13
1.165192434835500000e+13
1.080851136652600000e+13
1.256111540798000000e+13
1.094254639584300000e+13
8.020693286407000000e+12
7.989547846629000000e+12
1.171363461179700000e+13
9.043019254141000000e+12
8.323051467910000000e+12
8.188109494924000000e+12
9.325843630144000000e+12
6.805673434257000000e+12
9.304477218557000000e+12
6.933707059218000000e+12
7.766417535706000000e+12
9.208016043713000000e+12
6.452397911146000000e+12
7.690951154470000000e+12
8.907920286730000000e+12
5.546346775688000000e+12
6.120065539465000000e+12
6.449586593975000000e+12
7.403168278680000000e+12
7.298250689915000000e+12
6.974505993226000000e+12
5.642639241945000000e+12
5.032458260782000000e+12
5.354764354897000000e+12
6.909586050550000000e+12
5.204593945806000000e+12
4.823214026811000000e+12
3.951687716999000000e+12
5.660960769218000000e+12
5.700097529854000000e+12
6.575431740592000000e+12
5.295603418915000000e+12
6.126952297522000000e+12
4.959396477240000000e+12
4.915963765105000000e+12
4.767492411490000000e+12
4.266895035995000000e+12
2.967309582930000000e+12
3.730079918540000000e+12
4.449383265515000000e+12
4.605178878462000000e+12
4.802889271360000000e+12
4.425895986419000000e+12
6.264722009112000000e+12
4.816688655112000000e+12
3.682908173031000000e+12
4.461375546668000000e+12
3.324763488486000000e+12
5.141716151230000000e+12
4.807769861254000000e+12
5.084757879397000000e+12
3.442793279681000000e+12
3.861803209569000000e+12
3.812591350972000000e+12
4.138547473216000000e+12
2.898770001619000000e+12
3.422886381612000000e+12
2.905088381776000000e+12
2.836113794401000000e+12
3.046328778762000000e+12
3.210890580895000000e+12
2.832562537415000000e+12
3.020527074545000000e+12
3.278740669842000000e+12
4.106060280945000000e+12
3.884763715234000000e+12
3.458118015696000000e+12
2.608736571930000000e+12
3.223821580660000000e+12
3.002341598764000000e+12
3.280746164516000000e+12
2.313125524815000000e+12
2.827790493335000000e+12
2.649701257357000000e+12
2.307414774607000000e+12
2.481247115485000000e+12
2.145101562774000000e+12
2.907774132769000000e+12
1.809306037561000000e+12
1.692162652302000000e+12
2.081994674146000000e+12
2.697028793709000000e+12
1.922980262780000000e+12
2.059710823639000000e+12
2.149946925405000000e+12
2.183662879871000000e+12
2.491428113654000000e+12
1.703622809827000000e+12
2.345154502474000000e+12
2.088767821417000000e+12
1.829249587666000000e+12
1.667084678906000000e+12
1.128895304904000000e+12
1.977244568224000000e+12
1.751810910797000000e+12
2.810835735734000000e+12
1.463098087479000000e+12
2.204536094408000000e+12
2.012056357518000000e+12
2.459458855720000000e+12
8.459275353680000000e+11
2.303904183008000000e+12
1.384967109951000000e+12
1.619105485984000000e+12
1.527906375469000000e+12
1.344120353193000000e+12
1.401050270008000000e+12
1.750874434147000000e+12
2.033385085179000000e+12
1.517220022079000000e+12
1.727230123870000000e+12
1.361564638819000000e+12
1.902008319882000000e+12
1.870481380867000000e+12
1.625237078889000000e+12
1.555974138825000000e+12
1.698479544999000000e+12
9.409837198180000000e+11
2.123355183567000000e+12
1.711696471828000000e+12
1.750598321875000000e+12
1.876287856870000000e+12
1.975424362360000000e+12
9.270664131810000000e+11
9.335226616010000000e+11
1.257682610616000000e+12
8.512536772400000000e+11
1.208644966759000000e+12
2.266574624391000000e+12
1.504886122538000000e+12
1.371350244544000000e+12
1.237105567004000000e+12
1.139010783183000000e+12
1.764961401243000000e+12
1.814529043050000000e+12
8.392773253870000000e+11
1.243927588590000000e+12
1.677332145751000000e+12
5.583378052390000000e+11
1.278714485919000000e+12
8.951740670820000000e+11
2.278124485780000000e+11
5.412104434620000000e+11
7.945051945110000000e+11
8.011705584130000000e+11
1.402811818423000000e+12
1.388254966189000000e+12
1.217898475370000000e+12
9.149763169970000000e+11
1.009876477010000000e+12
9.325709946430000000e+11
6.473953199480000000e+11
1.147003032442000000e+12
1.374353618492000000e+12
9.841759666170000000e+11
6.737906898800000000e+11
6.748387546420000000e+11
1.050295140811000000e+12
1.142283680349000000e+12
9.043795820510000000e+11
1.511274658574000000e+12
1.277713505695000000e+12
1.134817246834000000e+12
1.303070044741000000e+12
6.386801091380000000e+11
4.501264889190000000e+11
6.453855073020000000e+11
9.914696274430000000e+11
9.002529778380000000e+11
6.001686518920000000e+11
6.626896759970000000e+11
3.108619089860000000e+11
1.198292182552000000e+12
1.087779065646000000e+12
2.320285401840000000e+11
8.111405742270000000e+11
8.162387437000000000e+11
1.101169169346000000e+12
1.206472084947000000e+12
9.571379450670000000e+11
2.126773182480000000e+11
1.363457267054000000e+12
3.481997748350000000e+11
6.277627572660000000e+11
7.941929142950000000e+11
9.323265006720000000e+11
6.737631799330000000e+11
1.361036874655000000e+12
7.575543893490000000e+11
4.501264889190000000e+11
1.500421629730000000e+11
8.151469295490000000e+11
6.367927238250000000e+11
4.501264889190000000e+11
1.957752825410000000e+11
3.750507334580000000e+11
4.537159629990000000e+11
5.027748630310000000e+11
1.050295140811000000e+12
3.354944646780000000e+11
9.341182605870000000e+11
8.712861860670000000e+11
3.850468695470000000e+11
7.502108148650000000e+11
3.585911918390000000e+11
6.001686518920000000e+11
4.060068996860000000e+11
6.001686518920000000e+11
3.618896691290000000e+11
6.120599077570000000e+11
4.640468070010000000e+11
4.975178077470000000e+11
4.691435554160000000e+11
5.891725456860000000e+11
5.645548650340000000e+11
6.389779937840000000e+11
3.243171056500000000e+11
7.079738923240000000e+11
4.768032590260000000e+11
6.001686518920000000e+11
3.108445363770000000e+11
6.001686518920000000e+11
3.000843259460000000e+11
4.501264889190000000e+11
5.475676994340000000e+11
3.286289477770000000e+11
3.145133783220000000e+11
1.500421629730000000e+11
6.001686518920000000e+11
