1.037249999999999872e+01
1.083350000000000080e+01
1.129449999999999932e+01
1.175550000000000139e+01
1.221649999999999991e+01
1.267749999999999844e+01
1.313850000000000051e+01
1.359949999999999903e+01
1.406050000000000111e+01
1.452149999999999963e+01
1.498249999999999993e+01
1.544350000000000023e+01
1.590450000000000053e+01
1.636550000000000082e+01
1.682649999999999935e+01
1.728750000000000142e+01
1.774849999999999994e+01
1.820949999999999847e+01
1.867050000000000054e+01
1.913149999999999906e+01
1.959250000000000114e+01
2.005349999999999966e+01
2.051449999999999818e+01
2.097550000000000026e+01
2.143650000000000233e+01
2.189750000000000085e+01
2.235849999999999937e+01
2.281949999999999790e+01
2.328049999999999997e+01
2.374150000000000205e+01
2.420250000000000057e+01
2.466349999999999909e+01
2.512449999999999761e+01
2.558549999999999969e+01
2.604650000000000176e+01
2.650750000000000028e+01
2.696849999999999881e+01
2.742950000000000088e+01
2.789049999999999940e+01
2.835150000000000148e+01
2.881250000000000000e+01
2.927349999999999852e+01
2.973450000000000060e+01
3.019549999999999912e+01
3.065650000000000119e+01
3.111749999999999972e+01
3.157849999999999824e+01
3.203950000000000387e+01
3.250050000000000239e+01
3.296150000000000091e+01
3.342249999999999943e+01
3.388349999999999795e+01
3.434449999999999648e+01
3.480550000000000210e+01
3.526650000000000063e+01
3.572749999999999915e+01
3.618849999999999767e+01
3.664950000000000330e+01
3.711050000000000182e+01
3.757150000000000034e+01
3.803249999999999886e+01
3.849349999999999739e+01
3.895449999999999591e+01
3.941550000000000153e+01
3.987650000000000006e+01
4.033749999999999858e+01
4.079850000000000421e+01
4.125950000000000273e+01
4.172050000000000125e+01
4.218149999999999977e+01
4.264249999999999829e+01
4.310349999999999682e+01
4.356450000000000244e+01
4.402550000000000097e+01
4.448649999999999949e+01
4.494749999999999801e+01
4.540850000000000364e+01
4.586950000000000216e+01
4.633050000000000068e+01
4.679149999999999920e+01
4.725249999999999773e+01
4.771349999999999625e+01
4.817450000000000188e+01
4.863550000000000040e+01
4.909649999999999892e+01
4.955749999999999744e+01
5.001850000000000307e+01
5.047950000000000159e+01
5.094050000000000011e+01
5.140149999999999864e+01
5.186249999999999716e+01
5.232350000000000279e+01
5.278450000000000131e+01
5.324549999999999983e+01
5.370649999999999835e+01
5.416750000000000398e+01
5.462850000000000250e+01
5.508950000000000102e+01
5.555049999999999955e+01
5.601149999999999807e+01
5.647249999999999659e+01
5.693350000000000222e+01
5.739450000000000074e+01
5.785549999999999926e+01
5.831649999999999778e+01
5.877750000000000341e+01
5.923850000000000193e+01
5.969950000000000045e+01
6.016049999999999898e+01
6.062149999999999750e+01
6.108249999999999602e+01
6.154350000000000165e+01
6.200450000000000017e+01
6.246549999999999869e+01
6.292649999999999721e+01
6.338750000000000284e+01
6.384850000000000136e+01
6.430949999999999989e+01
6.477049999999999841e+01
6.523150000000001114e+01
6.569249999999999545e+01
6.615350000000000819e+01
6.661449999999999250e+01
6.707550000000000523e+01
6.753649999999998954e+01
6.799750000000000227e+01
6.845849999999998658e+01
6.891949999999999932e+01
6.938050000000001205e+01
6.984149999999999636e+01
7.030250000000000909e+01
7.076349999999999341e+01
7.122450000000000614e+01
7.168549999999999045e+01
7.214650000000000318e+01
7.260749999999998749e+01
7.306850000000000023e+01
7.352950000000001296e+01
7.399049999999999727e+01
7.445150000000001000e+01
7.491249999999999432e+01
7.537350000000000705e+01
7.583449999999999136e+01
7.629550000000000409e+01
7.675649999999998840e+01
7.721750000000000114e+01
7.767849999999999966e+01
7.813949999999999818e+01
7.860050000000001091e+01
7.906149999999999523e+01
7.952250000000000796e+01
7.998349999999999227e+01
8.044450000000000500e+01
8.090549999999998931e+01
8.136650000000000205e+01
8.182750000000000057e+01
8.228849999999999909e+01
8.274950000000001182e+01
8.321049999999999613e+01
8.367150000000000887e+01
8.413249999999999318e+01
8.459350000000000591e+01
8.505449999999999022e+01
8.551550000000000296e+01
8.597649999999998727e+01
8.643750000000000000e+01
8.689850000000001273e+01
8.735949999999999704e+01
8.782050000000000978e+01
8.828149999999999409e+01
8.874250000000000682e+01
8.920349999999999113e+01
8.966450000000000387e+01
9.012549999999998818e+01
9.058650000000000091e+01
9.104749999999999943e+01
9.150849999999999795e+01
9.196950000000001069e+01
9.243049999999999500e+01
9.289150000000000773e+01
9.335249999999999204e+01
9.381350000000000477e+01
9.427449999999998909e+01
9.473550000000000182e+01
9.519650000000000034e+01
9.565749999999999886e+01
9.611850000000001160e+01
9.657949999999999591e+01
9.704050000000000864e+01
9.750149999999999295e+01
9.796250000000000568e+01
9.842349999999999000e+01
9.888450000000000273e+01
9.934549999999998704e+01
9.980649999999999977e+01
1.002675000000000125e+02
1.007284999999999968e+02
1.011895000000000095e+02
1.016504999999999939e+02
1.021115000000000066e+02
1.025724999999999909e+02
1.030335000000000036e+02
1.034944999999999879e+02
1.039555000000000007e+02
1.044165000000000134e+02
1.048774999999999977e+02
1.053385000000000105e+02
1.057994999999999948e+02
1.062605000000000075e+02
1.067214999999999918e+02
1.071825000000000045e+02
1.076434999999999889e+02
1.081045000000000016e+02
1.085655000000000001e+02
1.090264999999999986e+02
1.094875000000000114e+02
1.099484999999999957e+02
1.104095000000000084e+02
1.108704999999999927e+02
1.113315000000000055e+02
1.117924999999999898e+02
1.122535000000000025e+02
1.127144999999999868e+02
1.131754999999999995e+02
1.136365000000000123e+02
1.140974999999999966e+02
1.145585000000000093e+02
1.150194999999999936e+02
1.154805000000000064e+02
1.159414999999999907e+02
1.164025000000000034e+02
1.168634999999999877e+02
1.173245000000000005e+02
1.177855000000000132e+02
1.182464999999999975e+02
1.187075000000000102e+02
1.191684999999999945e+02
1.196295000000000073e+02
1.200904999999999916e+02
1.205515000000000043e+02
1.210124999999999886e+02
1.214735000000000014e+02
1.219344999999999999e+02
1.223954999999999984e+02
1.228565000000000111e+02
1.233174999999999955e+02
1.237785000000000082e+02
1.242394999999999925e+02
1.247005000000000052e+02
1.251614999999999895e+02
1.256225000000000023e+02
1.260834999999999866e+02
1.265444999999999993e+02
1.270055000000000121e+02
1.274664999999999964e+02
1.279274999999999949e+02
1.283884999999999934e+02
1.288495000000000061e+02
1.293104999999999905e+02
1.297715000000000032e+02
1.302325000000000159e+02
1.306935000000000002e+02
1.311544999999999845e+02
1.316154999999999973e+02
1.320765000000000100e+02
1.325374999999999943e+02
1.329985000000000070e+02
1.334594999999999914e+02
1.339205000000000041e+02
1.343815000000000168e+02
1.348425000000000011e+02
1.353034999999999854e+02
1.357644999999999982e+02
1.362255000000000109e+02
1.366864999999999952e+02
1.371474999999999795e+02
1.376084999999999923e+02
1.380695000000000050e+02
1.385305000000000177e+02
1.389915000000000020e+02
1.394524999999999864e+02
1.399134999999999991e+02
1.403745000000000118e+02
1.408354999999999961e+02
1.412964999999999804e+02
1.417574999999999932e+02
1.422185000000000059e+02
1.426795000000000186e+02
1.431405000000000030e+02
1.436014999999999873e+02
1.440625000000000000e+02
1.445235000000000127e+02
1.449844999999999970e+02
1.454454999999999814e+02
1.459064999999999941e+02
1.463675000000000068e+02
1.468285000000000196e+02
1.472895000000000039e+02
1.477504999999999882e+02
1.482115000000000009e+02
1.486725000000000136e+02
1.491334999999999980e+02
1.495944999999999823e+02
1.500554999999999950e+02
1.505165000000000077e+02
1.509775000000000205e+02
1.514385000000000048e+02
1.518994999999999891e+02
1.523605000000000018e+02
1.528215000000000146e+02
1.532824999999999989e+02
1.537434999999999832e+02
1.542044999999999959e+02
1.546655000000000086e+02
1.551264999999999930e+02
1.555875000000000057e+02
1.560484999999999900e+02
1.565095000000000027e+02
1.569705000000000155e+02
1.574314999999999998e+02
1.578924999999999841e+02
1.583534999999999968e+02
1.588145000000000095e+02
1.592754999999999939e+02
1.597365000000000066e+02
1.601974999999999909e+02
1.606585000000000036e+02
1.611195000000000164e+02
1.615805000000000007e+02
1.620414999999999850e+02
1.625024999999999977e+02
1.629635000000000105e+02
1.634244999999999948e+02
1.638855000000000075e+02
1.643464999999999918e+02
1.648075000000000045e+02
1.652685000000000173e+02
1.657295000000000016e+02
1.661904999999999859e+02
1.666514999999999986e+02
1.671125000000000114e+02
1.675734999999999957e+02
1.680344999999999800e+02
1.684954999999999927e+02
1.689565000000000055e+02
1.694175000000000182e+02
1.698785000000000025e+02
1.703394999999999868e+02
1.708004999999999995e+02
1.712615000000000123e+02
1.717224999999999966e+02
1.721834999999999809e+02
1.726444999999999936e+02
1.731055000000000064e+02
1.735665000000000191e+02
1.740275000000000034e+02
1.744884999999999877e+02
1.749495000000000005e+02
1.754105000000000132e+02
1.758714999999999975e+02
1.763324999999999818e+02
1.767934999999999945e+02
1.772545000000000073e+02
1.777155000000000200e+02
1.781765000000000043e+02
1.786374999999999886e+02
1.790985000000000014e+02
1.795595000000000141e+02
1.800204999999999984e+02
1.804814999999999827e+02
1.809424999999999955e+02
1.814035000000000082e+02
1.818644999999999925e+02
1.823255000000000052e+02
1.827864999999999895e+02
1.832475000000000023e+02
1.837085000000000150e+02
1.841694999999999993e+02
1.846304999999999836e+02
1.850914999999999964e+02
1.855525000000000091e+02
1.860134999999999934e+02
1.864745000000000061e+02
1.869354999999999905e+02
1.873965000000000032e+02
1.878575000000000159e+02
1.883185000000000002e+02
1.887794999999999845e+02
1.892404999999999973e+02
1.897015000000000100e+02
1.901624999999999943e+02
1.906235000000000070e+02
1.910844999999999914e+02
1.915455000000000041e+02
1.920065000000000168e+02
1.924675000000000011e+02
1.929284999999999854e+02
1.933894999999999982e+02
1.938505000000000109e+02
1.943114999999999952e+02
1.947724999999999795e+02
1.952334999999999923e+02
1.956945000000000050e+02
1.961555000000000177e+02
1.966165000000000020e+02
1.970774999999999864e+02
1.975384999999999991e+02
1.979995000000000118e+02
1.984604999999999961e+02
1.989214999999999804e+02
1.993824999999999932e+02
1.998435000000000059e+02
2.003045000000000186e+02
2.007655000000000030e+02
2.012264999999999873e+02
2.016875000000000000e+02
2.021485000000000127e+02
2.026094999999999970e+02
2.030704999999999814e+02
2.035314999999999941e+02
2.039925000000000068e+02
2.044535000000000196e+02
2.049145000000000039e+02
2.053754999999999882e+02
2.058365000000000009e+02
2.062975000000000136e+02
2.067584999999999980e+02
2.072194999999999823e+02
2.076804999999999950e+02
2.081415000000000077e+02
2.086025000000000205e+02
2.090635000000000048e+02
2.095244999999999891e+02
2.099855000000000018e+02
2.104465000000000146e+02
2.109074999999999989e+02
2.113684999999999832e+02
2.118294999999999959e+02
2.122905000000000086e+02
2.127514999999999930e+02
2.132125000000000057e+02
2.136734999999999900e+02
2.141345000000000027e+02
2.145955000000000155e+02
2.150564999999999998e+02
2.155174999999999841e+02
2.159784999999999968e+02
2.164395000000000095e+02
2.169004999999999939e+02
2.173615000000000066e+02
2.178224999999999909e+02
2.182835000000000036e+02
2.187445000000000164e+02
2.192055000000000007e+02
2.196664999999999850e+02
2.201274999999999977e+02
