4065092559179850
3660147523219399
3336392842857352
3051645259902957
2805796042504262
2580152820712218
2440684945976896
2267489761632604
2144299592964136
1958994885657657
1860961840641634
1804162300993316
1689817790837887
1632197159037705
1540611885048284
1477510433340569
1444140219717463
1365765994319392
1242853827756609
1242697350997680
1212538893675366
1153352496172977
1100220486105077
1057638916679500
1009389821209912
992564202921703
973860879099910
927771981163194
887924093615823
871395554572636
843121168174344
819993970947544
773789034716923
778834087737185
750466088006830
714378339151275
709100621379158
683269967896905
675526751218468
647868913500972
635247165133665
616310280435689
575910840935785
582888344083057
578481756601830
540628964435246
554261994935776
536439114289209
515893724973619
527164610213467
493928162942911
470656611751283
495178141850109
464204904187037
460786587566292
450613527822648
418455430154064
413968925678168
395213055449882
431885146058922
382387106694849
383259442783943
364661841451872
358986307076729
356561416781800
347661751471417
348901036206873
334213410250671
323327008213983
334576118579519
326467771155540
291320156656666
306209978651598
293352422638702
279816996337303
270974021675778
283777419056411
272085399397927
256758683978288
276685717208042
263452695189431
244989610460192
241634311881567
242176025534380
238580034067108
230409439922462
219928082357617
228578440490146
221130421147896
225860604983916
219878241880830
224787527069659
209823280343499
196488697782119
187868789173843
197077989315834
187772013201706
193801577037388
201878466058854
189765291491915
159892498796093
196011098602984
181895158309259
166758158509000
184500635589854
167932093006401
164062477017302
167840759937032
158276902905863
160809757022553
152980515600745
141658478783643
145870429660576
143184781665519
145781832758925
144403462404424
125161630152833
142120949777031
139692585766070
119986055580701
134515618812683
129933466236371
131393278529352
122210492192787
136805780636833
127891815814792
117658815533627
123262498436345
115615402696906
116351039790446
112387961946318
112461182919114
118550669646581
108226695139954
115080089053740
109883972487339
113275932658874
104573082717129
100983188137102
102909681027485
87041981165810
100102657073807
92197667110920
98362866993525
90749632512407
87053707670444
85817901515179
85725272087868
92913163713869
87458756953223
87790282704475
89451332691615
79296922028860
87256973618758
80183813639062
87181244904223
71038208436860
73844245374031
75957368942677
73455478236102
58701290299091
60333169299519
68203948636571
76635357042285
73271723613993
71551019068108
68566045595258
74039003982769
68904280111837
64708397579353
60253889987849
73307499287846
65623284930124
64255560216518
65228940383190
57821427638830
56021187058653
62687160817356
52406105152884
53541174115001
60560234534556
54381704428799
48302656601373
59039075164557
51461700829370
52476050611593
48553069378669
47232132433680
48289350509954
47107949169006
42312932651392
47670438997195
50761676863002
40422962420801
51286880571574
38375312129120
40919326861583
42874161424674
46780703148175
40486085182993
40934823795230
41373124280879
36517131722389
33468388530711
39453766737947
37425941997158
45056141101021
33463342708195
32423366246349
37789237197287
37421481381869
37550464932403
38250388390841
35202357055381
34123049710702
27894772588194
38057137082484
36763322539773
27374401448722
30458558995082
26337703788221
31263292813108
26939675121735
32701023555549
31585718264603
31886706191932
24723583236536
25549809220262
24866684722814
21291988955952
27474167177473
25199639063656
26663772724745
21125757670057
23055608000291
22814789942177
22811406367219
21587110097430
27177156037210
21828044814949
21143118006391
23670904334990
24099429223485
23411764523783
26366057783254
17250490634509
25987215488403
20888492482748
19052873215565
15133749837002
20902910192096
20240344447878
19377644105917
22309968947611
17949778582397
19663917691601
21409037560141
15757104646481
21833717129530
17082295073305
16034999411004
13980653647813
15608698248114
15440922090899
19320633179932
14696926397626
12941469887136
17591520104151
12730370504983
14342600499397
15729365111445
11320645698082
13887748631535
15560466181958
12784385134764
10186467142190
15249321636718
15120647232893
12076593800656
13315554035182
14637970591075
11836266486135
12204128575877
11446690469733
12779459581771
10619621494430
12810465096552
8133136796009
12021217102517
12904815210572
14238570663851
12602310852630
10931675872133
8595025714318
10478029882916
9536495188336
9338833469853
12998334455065
10186952227210
8763732277700
9810509701866
11003170325527
6921087239419
11609934470463
9322258586195
6774827862256
5588973218799
10077308872402
9164127634441
7683679001819
6504547234105
6519941386298
10820438576180
8978069049118
5865285814570
8737582859035
6432395813790
9300941501942
9192773405220
7024952491015
7178712381870
5634553396418
8595633466149
7805549543754
5415660312294
5931298255797
6607867599653
6681109102280
5347502573920
5161095043830
10186740516945
7555059546120
5716009112387
7031216344372
6273242030125
4907636964639
6245319481796
5357898918885
5377758465481
5952211371654
4274249588049
6078758333611
3550789776155
5644593804795
4256639246030
5331991896080
3849334271287
6528855300636
7170409725559
4349167542952
2235385963279
3304366414979
2034502330030
3315335366968
4814018511711
2401871768026
3205634790241
4513008889085
4273555785923
4752412930107
3449368622911
4138797507926
2282645499972
5102582535671
4596540113395
2117224624972
4794533308899
4602549540547
3891039537484
3967509745970
2655023114266
3930905860980
3263280700463
3605052961087
4485048971031
4130035955525
3184862337694
2310662967803
3098084252478
4425031672072
3863507716125
3846890588444
1538778625920
2988040970130
1854312211021
5360442860166
3064618784550
4239155670376
3392984276127
4098589153870
2971029838235
2416560258589
1799911330536
4468914104851
3504392850967
2461882595024
4278180131375
1513783093059
2954982285396
3274625262766
3553917725159
2695067725968
1213499177268
2360020546014
2393608240376
2696646883848
2376523789482
3522486514616
2655023114266
2669953827311
3630183687538
4432264159499
1246461646177
3020681072849
2080085444750
2660567660397
1057368455207
3493688011433
2457730130521
2256279619917
2384816021246
1770015409510
1569383532441
1790598192935
2499204191973
2419195571092
2966461089165
1475012841259
2060548018581
1787869401517
2427484826453
2065017977762
2365494424983
1243723560670
1798326242497
2065017977762
2661212583333
2065017977762
1353945478625
2768024704175
2071950255653
1501438914109
2316209763857
3245028250769
590005136503
2389122107025
1218721044498
2469271913177
1494283639708
915284812245
2394959371958
1776816584317
2020849880403
1180010273007
1487042205898
381129696490
1482137824328
2702648170050
1477705103442
1770015409510
1180010273007
2655023114266
1180010273007
590005136503
2363403232964
1180010273007
1188339033747
1475012841259
920316185528
2674716732228
1475012841259
1770015409510
2360020546014
590005136503
885007704755
893043205221
885007704755
581028151510
7537226926
1626159967452
885007704755
1486502091840
600065627601
1232898608216
1092285777057
724438858963
1188720698325
885007704755
1189643621491
908085379899
590005136503
885007704755
295002568251
2369760062535
367761681744
1180010273007
893824300062
1246263366800
295002568251
1180010273007
1480924236915
1180010273007
295002568251
295002568251
341247729385
885007704755
890511044027
1475012841259
