1.252796680627110000e+15
1.149890345301708000e+15
1.063510181675161000e+15
9.926131791230740000e+14
9.358198828566740000e+14
8.621954932158210000e+14
8.091010728797530000e+14
7.725361348770400000e+14
7.528569876971570000e+14
7.149929747381980000e+14
6.787842058365910000e+14
6.535115297307730000e+14
6.362338257328950000e+14
6.207654622523900000e+14
5.841793133708980000e+14
5.687502996308980000e+14
5.621144042720910000e+14
5.410234191194700000e+14
5.293277852647120000e+14
5.131010192731190000e+14
5.038619610431630000e+14
4.917670458577800000e+14
4.798122033758490000e+14
4.728782733831920000e+14
4.676177531907080000e+14
4.557565302503850000e+14
4.422220376423930000e+14
4.372695405765460000e+14
4.280875411576390000e+14
4.228278171561780000e+14
4.151122692809640000e+14
4.013007766907260000e+14
3.944685437700090000e+14
3.912463329455900000e+14
3.752646581595670000e+14
3.747589887448480000e+14
3.628913710887270000e+14
3.574387626336930000e+14
3.517586543016200000e+14
3.509230624983480000e+14
3.485118254242710000e+14
3.395557349375680000e+14
3.280805524442310000e+14
3.302251620388480000e+14
3.156163345546860000e+14
3.062656946000260000e+14
3.035478771533320000e+14
2.998833592235550000e+14
3.075972606315120000e+14
2.966840779507590000e+14
2.894966169584250000e+14
2.894350220315200000e+14
2.807726800156460000e+14
2.779954203398670000e+14
2.725988652780790000e+14
2.658628115034800000e+14
2.626111637863100000e+14
2.597153047985790000e+14
2.561872107754120000e+14
2.507763445667660000e+14
2.527525299904020000e+14
2.516181024891370000e+14
2.349681951364210000e+14
2.379076842607850000e+14
2.339125394400110000e+14
2.205014682081140000e+14
2.276625017650490000e+14
2.198134566956670000e+14
2.187033534165580000e+14
2.122716508637630000e+14
2.135618909531350000e+14
2.029085128993940000e+14
2.042106562378390000e+14
1.953950215383910000e+14
1.933521647480890000e+14
1.917182634446170000e+14
1.945661066539620000e+14
1.903895138052390000e+14
1.889593137881930000e+14
1.792097308160870000e+14
1.755016625286880000e+14
1.722027924900610000e+14
1.707598223648510000e+14
1.728045522109600000e+14
1.655793148918920000e+14
1.660029393697710000e+14
1.603649141387710000e+14
1.589455866409400000e+14
1.543556769480370000e+14
1.524649136478000000e+14
1.530935441663710000e+14
1.424667612167780000e+14
1.475739376789760000e+14
1.486674224399870000e+14
1.411068560635560000e+14
1.378416790867570000e+14
1.377812276292510000e+14
1.403645292229940000e+14
1.372958267003920000e+14
1.340796181472120000e+14
1.290996742509650000e+14
1.262610731858680000e+14
1.235591520883730000e+14
1.237713761231880000e+14
1.291541595761070000e+14
1.187205172821180000e+14
1.195621061271990000e+14
1.138269276045280000e+14
1.146910477432630000e+14
1.165058147645100000e+14
1.094326035872720000e+14
1.033616703122610000e+14
1.062950449241570000e+14
1.048643346660420000e+14
1.019545609178290000e+14
1.003719376199690000e+14
9.829925666536400000e+13
9.491244404461000000e+13
9.735879250454300000e+13
9.616156369627300000e+13
9.662145854797800000e+13
9.150073141876300000e+13
9.220723354324700000e+13
9.132083739403600000e+13
9.214179912491300000e+13
8.915186078204300000e+13
8.420448086175600000e+13
8.511748966191900000e+13
8.408007353894900000e+13
7.743644969611000000e+13
8.145614988921600000e+13
8.277275995935700000e+13
7.781797398552200000e+13
7.214687128624300000e+13
7.841395111004400000e+13
7.483241366129200000e+13
7.295600242345300000e+13
7.313504259934500000e+13
7.274414513236900000e+13
7.023389400340300000e+13
6.404921817440400000e+13
6.775670197360200000e+13
6.522266729613500000e+13
6.884928793736400000e+13
6.521511607060500000e+13
6.332236213578200000e+13
6.114117667437400000e+13
6.077016586191200000e+13
5.855875525733500000e+13
6.125681589807700000e+13
5.691878564685500000e+13
5.952255696426600000e+13
5.547064004973400000e+13
5.678141865229500000e+13
5.304655157145800000e+13
5.279612743480700000e+13
5.392789555200100000e+13
4.987421055484000000e+13
4.779385431133000000e+13
5.276060042872600000e+13
5.339974530420900000e+13
4.560039779969800000e+13
4.990388138718600000e+13
4.607465241208200000e+13
4.572498181633800000e+13
4.944653582893600000e+13
4.329091346200000000e+13
4.407525944967400000e+13
4.458840295579200000e+13
4.318522438907500000e+13
4.006940428343900000e+13
4.386978733735500000e+13
3.930695295539800000e+13
4.339384283818600000e+13
4.420240908958600000e+13
4.037595810320700000e+13
3.665012136559600000e+13
3.718460587748300000e+13
3.900066010854700000e+13
3.851540147869500000e+13
3.643191680385800000e+13
3.555804828390900000e+13
3.621610015373900000e+13
3.656422120627700000e+13
3.587050068680500000e+13
3.801756043391400000e+13
3.209195746627300000e+13
3.518959924976300000e+13
3.245021158658500000e+13
3.197864060423000000e+13
3.211341947766000000e+13
3.253757179751800000e+13
3.261145805163500000e+13
3.326637522169200000e+13
3.022803294292800000e+13
2.962866587439100000e+13
2.829453575889600000e+13
2.827022476058600000e+13
2.747318361650500000e+13
3.055742580172200000e+13
2.829279468765400000e+13
2.694120579854100000e+13
2.822590685326800000e+13
2.268744379977600000e+13
2.889547322061500000e+13
2.654893453334700000e+13
2.567893977038800000e+13
2.449097919643000000e+13
2.689123171082100000e+13
2.523273605028500000e+13
2.514765453251300000e+13
2.256611699385800000e+13
2.303562252754500000e+13
2.149154718105400000e+13
2.358648992687100000e+13
2.323874070356800000e+13
2.314889431047800000e+13
2.304245993314500000e+13
2.287923853866500000e+13
2.185700406653500000e+13
2.227870477807400000e+13
2.122810639837600000e+13
2.046699537472300000e+13
2.005328857803400000e+13
1.778293788166900000e+13
1.856927821468200000e+13
2.065889968455900000e+13
1.965217932417500000e+13
1.767983496106100000e+13
1.944813498181800000e+13
2.085479329189800000e+13
1.838301517195700000e+13
1.905324338109600000e+13
1.805907623572000000e+13
1.773147033944000000e+13
1.770227760262900000e+13
1.661528635264700000e+13
1.624419243577000000e+13
1.434420064395600000e+13
1.610488893502100000e+13
1.606106267375400000e+13
1.621884548028000000e+13
1.560655049070900000e+13
1.667294328269300000e+13
1.676499974939000000e+13
1.662880575395600000e+13
1.382163092628300000e+13
1.471664050553900000e+13
1.478852570019000000e+13
1.486560883541700000e+13
1.507953519093200000e+13
1.438380403353600000e+13
1.424010061282600000e+13
1.412046085141300000e+13
1.489991186267200000e+13
1.402797401374900000e+13
1.360035329924200000e+13
1.335123952093400000e+13
1.419936038656700000e+13
1.296250963714100000e+13
1.388321273366000000e+13
1.323731183324100000e+13
1.329024408808500000e+13
1.206883269419000000e+13
1.133087570852600000e+13
1.173873479395600000e+13
1.373973679430900000e+13
1.140995617395100000e+13
1.122933743784300000e+13
1.169519406278500000e+13
1.104559219759900000e+13
1.016666850329600000e+13
1.004013159574100000e+13
1.229603270660100000e+13
1.106164485314700000e+13
1.033687619246600000e+13
1.008050493689600000e+13
1.098049374719100000e+13
1.007739448392900000e+13
1.053251273991900000e+13
9.571573971571000000e+12
1.056711498212200000e+13
8.726634511197000000e+12
8.983538614465000000e+12
9.834333237089000000e+12
9.726737594872000000e+12
9.064584275262000000e+12
9.149021576557000000e+12
9.413382048847000000e+12
8.599677120057000000e+12
8.347705853439000000e+12
8.050040942887000000e+12
9.315289885280000000e+12
7.561250824560000000e+12
7.931822152291000000e+12
7.976810573603000000e+12
8.798483467797000000e+12
9.438016566730000000e+12
8.018181376334000000e+12
7.905621531780000000e+12
7.848798781493000000e+12
7.446655720665000000e+12
8.209991036480000000e+12
6.982588193776000000e+12
7.168459267958000000e+12
7.722195480452000000e+12
6.976088856530000000e+12
7.313157508373000000e+12
7.619203973955000000e+12
7.287115394067000000e+12
6.523215240589000000e+12
6.245795663763000000e+12
7.244484643560000000e+12
6.190303132108000000e+12
7.121382650292000000e+12
6.807199015284000000e+12
6.747913848002000000e+12
6.342606947825000000e+12
6.734606270152000000e+12
5.602177801102000000e+12
5.537669000899000000e+12
6.368610932661000000e+12
6.183702589932000000e+12
5.555335710668000000e+12
6.193064178554000000e+12
6.139067892478000000e+12
5.879133200567000000e+12
7.077914007123000000e+12
5.648628686858000000e+12
6.058396456158000000e+12
5.489530273425000000e+12
5.557945654512000000e+12
5.292188779480000000e+12
5.174812244633000000e+12
4.325705726025000000e+12
5.377363833928000000e+12
4.784695056537000000e+12
4.466347027823000000e+12
4.659562860168000000e+12
5.708299102489000000e+12
4.521412057678000000e+12
4.742386723791000000e+12
4.695612070186000000e+12
5.616487438639000000e+12
5.158032848654000000e+12
4.436067016206000000e+12
4.859653473128000000e+12
4.854280474483000000e+12
4.667873413661000000e+12
4.357449079657000000e+12
4.310571216963000000e+12
3.763695850520000000e+12
4.661959670348000000e+12
4.663441481938000000e+12
3.882692880537000000e+12
4.393658352229000000e+12
5.116232604988000000e+12
3.793576741431000000e+12
4.056344129553000000e+12
4.341770672161000000e+12
3.818723160532000000e+12
4.122180000317000000e+12
4.216843929599000000e+12
4.790491031872000000e+12
3.866981458691000000e+12
4.980093218444000000e+12
3.783413497449000000e+12
4.047078088659000000e+12
3.937738983874000000e+12
4.066673064366000000e+12
3.289655526774000000e+12
3.641950992250000000e+12
3.727163971459000000e+12
3.406742181857000000e+12
3.347882580987000000e+12
3.215114249806000000e+12
3.788705840972000000e+12
2.556549023131000000e+12
3.676448278242000000e+12
3.427210254532000000e+12
3.162733827598000000e+12
3.038215628410000000e+12
2.460894078658000000e+12
3.143631908521000000e+12
3.546802449051000000e+12
3.353347263142000000e+12
2.797789585736000000e+12
2.752491337999000000e+12
3.355791812739000000e+12
2.913242833852000000e+12
2.706351226662000000e+12
2.764562970608000000e+12
3.151800686006000000e+12
3.245871707705000000e+12
2.781128555054000000e+12
2.821673929419000000e+12
2.950332760720000000e+12
2.453036000639000000e+12
2.429593666119000000e+12
3.087796167156000000e+12
2.428556494001000000e+12
2.581891145707000000e+12
2.384862547393000000e+12
3.056395883798000000e+12
2.411675271955000000e+12
2.240157357802000000e+12
2.553694977773000000e+12
2.597726017414000000e+12
2.492524846121000000e+12
2.402847797448000000e+12
2.137696137578000000e+12
2.399599732629000000e+12
1.947179294951000000e+12
1.830336173954000000e+12
2.073463130534000000e+12
1.731188180804000000e+12
2.481888690830000000e+12
2.268407285588000000e+12
2.008738504386000000e+12
2.069510517443000000e+12
2.651550143558000000e+12
2.117381104948000000e+12
2.199821110587000000e+12
1.818245086946000000e+12
2.319687070182000000e+12
1.674091998918000000e+12
2.270754480390000000e+12
1.787615679701000000e+12
2.493220064298000000e+12
2.104515738965000000e+12
2.103751433239000000e+12
2.071174164554000000e+12
1.806351424302000000e+12
2.059248281030000000e+12
1.980139275201000000e+12
1.854854531032000000e+12
1.768769930761000000e+12
1.708142009905000000e+12
2.454200122856000000e+12
1.731813474606000000e+12
1.531909964536000000e+12
1.783952474664000000e+12
1.416898394464000000e+12
1.546778939564000000e+12
1.592874021005000000e+12
2.068729668179000000e+12
1.448954343310000000e+12
1.548299018764000000e+12
1.804093370162000000e+12
1.679850426529000000e+12
1.612742224584000000e+12
1.548013999005000000e+12
1.570985173688000000e+12
1.509376606645000000e+12
1.665815304618000000e+12
1.342290372785000000e+12
1.693183719636000000e+12
1.351617989347000000e+12
1.316262143906000000e+12
1.810644436408000000e+12
1.454784392889000000e+12
1.384499168822000000e+12
1.227301767115000000e+12
1.673207795488000000e+12
1.473716815738000000e+12
1.002361747961000000e+12
1.222692242342000000e+12
1.254898108382000000e+12
1.340971054010000000e+12
1.158768488963000000e+12
1.331592673165000000e+12
1.293706727326000000e+12
1.405697122708000000e+12
1.341161485464000000e+12
9.142904687810000000e+11
1.369274713812000000e+12
1.037928759391000000e+12
1.314400662068000000e+12
1.266791221412000000e+12
1.064554960117000000e+12
1.023124544380000000e+12
1.020159618483000000e+12
1.170992691480000000e+12
1.131503738177000000e+12
1.152952136128000000e+12
9.859253469050000000e+11
1.000192431926000000e+12
9.926417149740000000e+11
1.139337623820000000e+12
1.127848882999000000e+12
8.752424081110000000e+11
1.261649885756000000e+12
9.541140640880000000e+11
1.019798323278000000e+12
1.073527568515000000e+12
1.097225463398000000e+12
8.229193187300000000e+11
1.012050376465000000e+12
8.795627385230000000e+11
1.065293399379000000e+12
6.366113890200000000e+11
7.667340685080000000e+11
6.322623042020000000e+11
9.740220316790000000e+11
8.920022041100000000e+11
9.289163627380000000e+11
8.591968558220000000e+11
7.365905544060000000e+11
7.291400142210000000e+11
7.288450985880000000e+11
7.648341454650000000e+11
6.363681328390000000e+11
8.549363077510000000e+11
8.042475163130000000e+11
7.303370863170000000e+11
6.883204541710000000e+11
5.592381265920000000e+11
7.204764910090000000e+11
7.027690380400000000e+11
8.651104354260000000e+11
6.449044536180000000e+11
8.486217060640000000e+11
5.323369536450000000e+11
5.357482848240000000e+11
4.783806885720000000e+11
6.285525300770000000e+11
4.585477030690000000e+11
7.270371278950000000e+11
6.370020564910000000e+11
6.253059575340000000e+11
8.160920692040000000e+11
5.574493296300000000e+11
5.586802281170000000e+11
5.395301672240000000e+11
5.423571960660000000e+11
4.448340941500000000e+11
5.544150314590000000e+11
4.769953328080000000e+11
4.753853827930000000e+11
5.531391741980000000e+11
6.658959540130000000e+11
9.569004883710000000e+11
6.220528963520000000e+11
4.174261063200000000e+11
2.661378909860000000e+11
5.349361483170000000e+11
4.999186472160000000e+11
3.808429786220000000e+11
6.553439046450000000e+11
4.481584827850000000e+11
3.219512841380000000e+11
4.933127581960000000e+11
3.164470928810000000e+11
3.385329504880000000e+11
5.045546521040000000e+11
6.055774868270000000e+11
5.892151670520000000e+11
4.271877598120000000e+11
4.164314449940000000e+11
4.536822552660000000e+11
2.648410553340000000e+11
3.457021582350000000e+11
5.592896122700000000e+11
3.985826330860000000e+11
4.261464332820000000e+11
4.266032127370000000e+11
5.064794094020000000e+11
4.553269818920000000e+11
3.880750871630000000e+11
6.412252106610000000e+11
5.188771183440000000e+11
3.482325427470000000e+11
3.920321862920000000e+11
5.519501085610000000e+11
5.889411707500000000e+11
4.183472916670000000e+11
2.944088644990000000e+11
2.424439181590000000e+11
5.239696744040000000e+11
3.324432084760000000e+11
3.757797203440000000e+11
4.529114824030000000e+11
4.693747813080000000e+11
2.862972925500000000e+11
3.114779909470000000e+11
3.188951340420000000e+11
2.714799161640000000e+11
4.986879247740000000e+11
3.085284288790000000e+11
1.438317650670000000e+11
3.576421299840000000e+11
2.105528624710000000e+11
2.941983913730000000e+11
1.298742255960000000e+11
2.013817005030000000e+11
2.469643108320000000e+11
2.595828434060000000e+11
3.177571944090000000e+11
1.228167178680000000e+11
1.865888388130000000e+11
2.081838079310000000e+11
2.140385177500000000e+11
2.323253629590000000e+11
1.757378112210000000e+11
1.987116259920000000e+11
2.236216331610000000e+11
1.563430180630000000e+11
3.700968800620000000e+11
1.325860005840000000e+11
1.860717055220000000e+11
2.108862535660000000e+11
1.610306342930000000e+11
1.561401055800000000e+11
2.034150144210000000e+11
1.836824300700000000e+11
1.125116580890000000e+11
3.064823176460000000e+11
1.470101931120000000e+11
1.417806825890000000e+11
3.302013610930000000e+11
2.827714449040000000e+11
2.152506197180000000e+11
1.707704907710000000e+11
2.124915015310000000e+11
2.052174557250000000e+11
1.575338929590000000e+11
1.376387362670000000e+11
1.122055486620000000e+11
8.481515944800000000e+10
1.865484355260000000e+11
1.460554195000000000e+11
2.056315838250000000e+11
1.932931464440000000e+11
1.454136278120000000e+11
1.191913043030000000e+11
6.761857063200000000e+10
2.707005589440000000e+11
1.807062246110000000e+11
1.654614889100000000e+11
2.705966814490000000e+11
6.372174709300000000e+10
1.261336316010000000e+11
9.134838268800000000e+10
1.348194094580000000e+11
2.892237049140000000e+11
1.492885843750000000e+11
9.437152200400000000e+10
1.136849416750000000e+11
1.313861776870000000e+11
2.640311322970000000e+11
4.912585222000000000e+10
1.274638011300000000e+11
1.750867836130000000e+11
8.073773276300000000e+10
1.818274843480000000e+11
8.843452576400000000e+10
8.800665499400000000e+10
1.703649961850000000e+11
4.269145916400000000e+10
8.969128020300000000e+10
4.902574022400000000e+10
9.017396182200000000e+10
3.968099765800000000e+10
5.633185515600000000e+10
4.501531144900000000e+10
1.307767820560000000e+11
6.566455675100000000e+10
1.067955875560000000e+11
1.409164519030000000e+11
2.936475184100000000e+10
9.797584815800000000e+10
1.410173461550000000e+11
6.868608452300000000e+10
5.644075829700000000e+10
6.987655979600000000e+10
6.420182277600000000e+10
8.157265396900000000e+10
7.653450308600000000e+10
6.900213093300000000e+10
6.581902523600000000e+10
1.015692815270000000e+11
1.032333697330000000e+11
1.597415631700000000e+11
7.261465971700000000e+10
8.527386539300000000e+10
8.393764547500000000e+10
5.606984947900000000e+10
4.450801072200000000e+10
6.490072847100000000e+10
8.578552497200000000e+10
6.388652256600000000e+10
9.168872978000000000e+09
5.249768141100000000e+10
1.108066031450000000e+11
1.084697491510000000e+11
6.149908008000000000e+10
4.374190225300000000e+10
7.926520231900000000e+10
5.778937843500000000e+10
7.186472933700000000e+10
7.468008003100000000e+10
4.674405542600000000e+10
7.674455119100000000e+10
3.162777502700000000e+10
5.217514055400000000e+10
7.248505766000000000e+10
4.608585410600000000e+10
1.394386440630000000e+11
1.001009264700000000e+10
5.767130969600000000e+10
5.728857305100000000e+10
6.538405955600000000e+10
9.805295004200000000e+10
1.472615698700000000e+10
3.575863703800000000e+10
1.582962074000000000e+10
7.107140659800000000e+10
1.004426782000000000e+10
5.314008485100000000e+10
5.639267594700000000e+10
2.035789134800000000e+10
1.270444689310000000e+11
6.114246842100000000e+10
2.726777139700000000e+10
1.923588580600000000e+10
4.336816569900000000e+10
2.524406224100000000e+10
3.071828792800000000e+10
3.713568164000000000e+10
6.796750709000000000e+10
1.471543256830000000e+11
6.278161712000000000e+10
4.113225817900000000e+10
8.033203106300000000e+10
8.342969455000000000e+10
6.209655730500000000e+10
3.300204974500000000e+10
3.707182749900000000e+10
4.481658319100000000e+10
9.509865577500000000e+10
4.404064222200000000e+10
7.600347842100000000e+10
3.310537280900000000e+10
3.910941684400000000e+10
5.867967329500000000e+10
5.015484799200000000e+10
6.745481168800000000e+10
4.027534321700000000e+10
6.417131914900000000e+10
4.513996157700000000e+10
5.113467716300000000e+10
3.809176674900000000e+10
3.413572992200000000e+10
1.143511347660000000e+11
8.452544550200000000e+10
3.538325126200000000e+10
6.575618442700000000e+10
4.972241467300000000e+10
8.060178756100000000e+10
2.419961960200000000e+10
6.965498422100000000e+10
2.139254297700000000e+10
9.232243045900000000e+10
7.309257485800000000e+10
4.480395161500000000e+10
4.499551339300000000e+10
1.683260530100000000e+10
7.169295271000000000e+10
5.503694168600000000e+10
5.954286048100000000e+10
6.435798225600000000e+10
2.640244384500000000e+10
9.417456070900000000e+10
8.670322289200000000e+10
4.186111474100000000e+10
7.356935472800000000e+10
1.477693628040000000e+11
5.973467542300000000e+10
4.967586058000000000e+10
3.025130193100000000e+10
3.675146216600000000e+10
4.620409013700000000e+10
3.386805185300000000e+10
3.583740555000000000e+10
3.836405298300000000e+10
3.239718652500000000e+10
5.013534552300000000e+10
5.749494678000000000e+09
4.175726823000000000e+10
1.543995850030000000e+11
5.757558346100000000e+10
5.045277331100000000e+10
1.538968651200000000e+10
3.559964806100000000e+10
4.497573601800000000e+10
4.527254738200000000e+10
3.840786823900000000e+10
2.950133785500000000e+10
3.898616412600000000e+10
3.300885066300000000e+10
1.609357916400000000e+10
3.635028971000000000e+10
3.735811067000000000e+09
6.573517002700000000e+10
