1.332999999999999963e+00
1.419000000000000039e+00
1.504999999999999893e+00
1.590999999999999970e+00
1.677000000000000046e+00
1.762999999999999901e+00
1.848999999999999977e+00
1.935000000000000053e+00
2.020999999999999908e+00
2.107000000000000206e+00
2.193000000000000060e+00
2.278999999999999915e+00
2.365000000000000213e+00
2.451000000000000068e+00
2.536999999999999922e+00
2.623000000000000220e+00
2.708999999999999631e+00
2.794999999999999929e+00
2.881000000000000227e+00
2.966999999999999638e+00
3.052999999999999936e+00
3.139000000000000234e+00
3.224999999999999645e+00
3.310999999999999943e+00
3.397000000000000242e+00
3.482999999999999652e+00
3.568999999999999950e+00
3.655000000000000249e+00
3.740999999999999659e+00
3.826999999999999957e+00
3.913000000000000256e+00
3.998999999999999666e+00
4.084999999999999964e+00
4.171000000000000263e+00
4.256999999999999673e+00
4.342999999999999972e+00
4.429000000000000270e+00
4.515000000000000568e+00
4.600999999999999979e+00
4.687000000000000277e+00
4.772999999999999687e+00
4.858999999999999986e+00
4.945000000000000284e+00
5.031000000000000583e+00
5.116999999999999993e+00
5.203000000000000291e+00
5.288999999999999702e+00
5.375000000000000000e+00
5.461000000000000298e+00
5.546999999999999709e+00
5.633000000000000007e+00
5.718999999999999417e+00
5.804999999999999716e+00
5.891000000000000014e+00
5.977000000000000313e+00
6.062999999999999723e+00
6.149000000000000021e+00
6.234999999999999432e+00
6.320999999999999730e+00
6.407000000000000028e+00
6.493000000000000327e+00
6.578999999999999737e+00
6.665000000000000036e+00
6.750999999999999446e+00
6.836999999999999744e+00
6.923000000000000043e+00
7.009000000000000341e+00
7.094999999999999751e+00
7.181000000000000050e+00
7.266999999999999460e+00
7.352999999999999758e+00
7.439000000000000057e+00
7.525000000000000355e+00
7.610999999999999766e+00
7.697000000000000064e+00
7.782999999999999474e+00
7.868999999999999773e+00
7.955000000000000071e+00
8.041000000000000369e+00
8.126999999999998892e+00
8.213000000000000966e+00
8.298999999999999488e+00
8.385000000000001563e+00
8.471000000000000085e+00
8.556999999999998607e+00
8.643000000000000682e+00
8.728999999999999204e+00
8.815000000000001279e+00
8.900999999999999801e+00
8.987000000000000099e+00
9.073000000000000398e+00
9.158999999999998920e+00
9.245000000000000995e+00
9.330999999999999517e+00
9.417000000000001592e+00
9.503000000000000114e+00
9.588999999999998636e+00
9.675000000000000711e+00
9.760999999999999233e+00
9.847000000000001307e+00
9.932999999999999829e+00
1.001900000000000013e+01
1.010500000000000043e+01
1.019099999999999895e+01
1.027700000000000102e+01
1.036299999999999955e+01
1.044900000000000162e+01
1.053500000000000014e+01
1.062099999999999866e+01
1.070700000000000074e+01
1.079299999999999926e+01
1.087900000000000134e+01
1.096499999999999986e+01
1.105099999999999838e+01
1.113700000000000045e+01
1.122299999999999898e+01
1.130900000000000105e+01
1.139499999999999957e+01
1.148099999999999987e+01
1.156700000000000017e+01
1.165299999999999869e+01
1.173900000000000077e+01
1.182499999999999929e+01
1.191100000000000136e+01
1.199699999999999989e+01
1.208299999999999841e+01
1.216900000000000048e+01
1.225499999999999901e+01
1.234100000000000108e+01
1.242699999999999960e+01
1.251299999999999990e+01
1.259900000000000020e+01
1.268499999999999872e+01
1.277100000000000080e+01
1.285699999999999932e+01
1.294300000000000139e+01
1.302899999999999991e+01
1.311499999999999844e+01
1.320100000000000051e+01
1.328699999999999903e+01
1.337300000000000111e+01
1.345899999999999963e+01
1.354499999999999993e+01
1.363100000000000023e+01
1.371699999999999875e+01
1.380300000000000082e+01
1.388899999999999935e+01
1.397500000000000142e+01
1.406099999999999994e+01
1.414699999999999847e+01
1.423300000000000054e+01
1.431899999999999906e+01
1.440500000000000114e+01
1.449099999999999966e+01
1.457699999999999996e+01
1.466300000000000026e+01
1.474899999999999878e+01
1.483500000000000085e+01
1.492099999999999937e+01
1.500700000000000145e+01
1.509299999999999997e+01
1.517899999999999849e+01
1.526500000000000057e+01
1.535099999999999909e+01
1.543700000000000117e+01
1.552299999999999969e+01
1.560899999999999999e+01
1.569500000000000028e+01
1.578099999999999881e+01
1.586700000000000088e+01
1.595299999999999940e+01
1.603900000000000148e+01
1.612500000000000000e+01
1.621099999999999852e+01
1.629700000000000060e+01
1.638299999999999912e+01
1.646900000000000119e+01
1.655499999999999972e+01
1.664099999999999824e+01
1.672700000000000031e+01
1.681300000000000239e+01
1.689900000000000091e+01
1.698499999999999943e+01
1.707099999999999795e+01
1.715700000000000003e+01
1.724300000000000210e+01
1.732900000000000063e+01
1.741499999999999915e+01
1.750099999999999767e+01
1.758699999999999974e+01
1.767300000000000182e+01
1.775900000000000034e+01
1.784499999999999886e+01
1.793100000000000094e+01
1.801699999999999946e+01
1.810300000000000153e+01
1.818900000000000006e+01
1.827499999999999858e+01
1.836100000000000065e+01
1.844699999999999918e+01
1.853300000000000125e+01
1.861899999999999977e+01
1.870499999999999829e+01
1.879100000000000037e+01
1.887700000000000244e+01
1.896300000000000097e+01
1.904899999999999949e+01
1.913499999999999801e+01
1.922100000000000009e+01
1.930700000000000216e+01
1.939300000000000068e+01
1.947899999999999920e+01
1.956499999999999773e+01
1.965099999999999980e+01
1.973700000000000188e+01
1.982300000000000040e+01
1.990899999999999892e+01
1.999500000000000099e+01
2.008099999999999952e+01
2.016700000000000159e+01
2.025300000000000011e+01
2.033899999999999864e+01
2.042500000000000071e+01
2.051099999999999923e+01
2.059700000000000131e+01
2.068299999999999983e+01
2.076899999999999835e+01
2.085500000000000043e+01
2.094100000000000250e+01
2.102700000000000102e+01
2.111299999999999955e+01
2.119899999999999807e+01
2.128500000000000014e+01
2.137100000000000222e+01
2.145700000000000074e+01
2.154299999999999926e+01
2.162899999999999778e+01
2.171499999999999986e+01
2.180100000000000193e+01
2.188700000000000045e+01
2.197299999999999898e+01
2.205899999999999750e+01
2.214499999999999957e+01
2.223100000000000165e+01
2.231700000000000017e+01
2.240299999999999869e+01
2.248900000000000077e+01
2.257499999999999929e+01
2.266100000000000136e+01
2.274699999999999989e+01
2.283299999999999841e+01
2.291900000000000048e+01
2.300499999999999901e+01
2.309100000000000108e+01
2.317699999999999960e+01
2.326299999999999812e+01
2.334900000000000020e+01
2.343500000000000227e+01
2.352100000000000080e+01
2.360699999999999932e+01
2.369299999999999784e+01
2.377899999999999991e+01
2.386500000000000199e+01
2.395100000000000051e+01
2.403699999999999903e+01
2.412299999999999756e+01
2.420899999999999963e+01
2.429500000000000171e+01
2.438100000000000023e+01
2.446699999999999875e+01
2.455300000000000082e+01
2.463899999999999935e+01
2.472500000000000142e+01
2.481099999999999994e+01
2.489699999999999847e+01
2.498300000000000054e+01
2.506899999999999906e+01
2.515500000000000114e+01
2.524099999999999966e+01
2.532699999999999818e+01
2.541300000000000026e+01
2.549900000000000233e+01
2.558500000000000085e+01
2.567099999999999937e+01
2.575699999999999790e+01
2.584299999999999997e+01
2.592900000000000205e+01
2.601500000000000057e+01
2.610099999999999909e+01
2.618699999999999761e+01
2.627299999999999969e+01
2.635900000000000176e+01
2.644500000000000028e+01
2.653099999999999881e+01
2.661700000000000088e+01
2.670299999999999940e+01
2.678900000000000148e+01
2.687500000000000000e+01
2.696099999999999852e+01
2.704700000000000060e+01
2.713299999999999912e+01
2.721900000000000119e+01
2.730499999999999972e+01
2.739099999999999824e+01
2.747700000000000031e+01
2.756300000000000239e+01
2.764900000000000091e+01
2.773499999999999943e+01
2.782099999999999795e+01
2.790700000000000003e+01
2.799300000000000210e+01
2.807900000000000063e+01
2.816499999999999915e+01
2.825099999999999767e+01
2.833699999999999974e+01
2.842300000000000182e+01
2.850900000000000034e+01
2.859499999999999886e+01
2.868100000000000094e+01
2.876699999999999946e+01
2.885300000000000153e+01
2.893900000000000006e+01
2.902499999999999858e+01
2.911100000000000065e+01
2.919699999999999918e+01
2.928300000000000125e+01
2.936899999999999977e+01
2.945499999999999829e+01
2.954100000000000037e+01
2.962700000000000244e+01
2.971300000000000097e+01
2.979899999999999949e+01
2.988499999999999801e+01
2.997100000000000009e+01
3.005700000000000216e+01
3.014300000000000068e+01
3.022899999999999920e+01
3.031499999999999773e+01
3.040099999999999980e+01
3.048700000000000188e+01
3.057300000000000040e+01
3.065899999999999892e+01
3.074500000000000099e+01
3.083099999999999952e+01
3.091700000000000159e+01
3.100300000000000011e+01
3.108899999999999864e+01
3.117500000000000071e+01
3.126099999999999923e+01
3.134700000000000131e+01
3.143299999999999983e+01
3.151899999999999835e+01
3.160500000000000043e+01
3.169100000000000250e+01
3.177700000000000102e+01
3.186299999999999955e+01
3.194899999999999807e+01
3.203500000000000369e+01
3.212100000000000222e+01
3.220700000000000074e+01
3.229299999999999926e+01
3.237899999999999778e+01
3.246500000000000341e+01
3.255100000000000193e+01
3.263700000000000045e+01
3.272299999999999898e+01
3.280899999999999750e+01
3.289499999999999602e+01
3.298100000000000165e+01
3.306700000000000017e+01
3.315299999999999869e+01
3.323899999999999721e+01
3.332500000000000284e+01
3.341100000000000136e+01
3.349699999999999989e+01
3.358299999999999841e+01
3.366899999999999693e+01
3.375500000000000256e+01
3.384100000000000108e+01
3.392699999999999960e+01
3.401299999999999812e+01
3.409900000000000375e+01
3.418500000000000227e+01
3.427100000000000080e+01
3.435699999999999932e+01
3.444299999999999784e+01
3.452899999999999636e+01
3.461500000000000199e+01
3.470100000000000051e+01
3.478699999999999903e+01
3.487299999999999756e+01
3.495900000000000318e+01
3.504500000000000171e+01
3.513100000000000023e+01
3.521699999999999875e+01
3.530299999999999727e+01
3.538899999999999579e+01
3.547500000000000142e+01
3.556099999999999994e+01
3.564699999999999847e+01
3.573300000000000409e+01
3.581900000000000261e+01
3.590500000000000114e+01
3.599099999999999966e+01
3.607699999999999818e+01
3.616299999999999670e+01
3.624900000000000233e+01
3.633500000000000085e+01
3.642099999999999937e+01
3.650699999999999790e+01
3.659300000000000352e+01
3.667900000000000205e+01
3.676500000000000057e+01
3.685099999999999909e+01
3.693699999999999761e+01
3.702299999999999613e+01
3.710900000000000176e+01
3.719500000000000028e+01
3.728099999999999881e+01
3.736699999999999733e+01
3.745300000000000296e+01
3.753900000000000148e+01
3.762500000000000000e+01
3.771099999999999852e+01
3.779699999999999704e+01
3.788300000000000267e+01
3.796900000000000119e+01
3.805499999999999972e+01
3.814099999999999824e+01
3.822700000000000387e+01
3.831300000000000239e+01
3.839900000000000091e+01
3.848499999999999943e+01
3.857099999999999795e+01
3.865699999999999648e+01
3.874300000000000210e+01
3.882900000000000063e+01
3.891499999999999915e+01
3.900099999999999767e+01
3.908700000000000330e+01
3.917300000000000182e+01
3.925900000000000034e+01
3.934499999999999886e+01
3.943099999999999739e+01
3.951699999999999591e+01
3.960300000000000153e+01
3.968900000000000006e+01
3.977499999999999858e+01
3.986100000000000421e+01
3.994700000000000273e+01
4.003300000000000125e+01
4.011899999999999977e+01
4.020499999999999829e+01
4.029099999999999682e+01
4.037700000000000244e+01
4.046300000000000097e+01
4.054899999999999949e+01
4.063499999999999801e+01
4.072100000000000364e+01
4.080700000000000216e+01
4.089300000000000068e+01
4.097899999999999920e+01
4.106499999999999773e+01
4.115099999999999625e+01
4.123700000000000188e+01
4.132300000000000040e+01
4.140899999999999892e+01
4.149499999999999744e+01
4.158100000000000307e+01
4.166700000000000159e+01
4.175300000000000011e+01
4.183899999999999864e+01
4.192499999999999716e+01
4.201100000000000279e+01
4.209700000000000131e+01
