0
0
0
12706309500368568
24004697409640692
17462000803104590
13378802209857780
10574951372214462
8575428052663719
7014390289786309
5831629620363324
4943561634367751
4284565302401924
3676888519864135
3158751572404911
2818442675359699
2502294437841826
2189331196282697
1952642658621510
1766553881725777
1595102000272289
1459711868383871
1332993930089907
1231810423021250
1097286298727938
1040143396504640
933500961379452
898170869836678
842938114787042
755989117842574
719881625968774
693844986773318
630693694326665
605361126098727
581696072751777
536979711330099
521958855583035
486280496403210
463906880153501
446612292843003
432176984058064
402460208753692
380247119292485
369767891734323
352705094347754
348445632075125
336355273015149
331772555003019
311026801675395
282048812462925
288382704353011
265460518136782
261003625645272
254978768226663
249188368901403
250636716543783
232270233239182
219692215346977
207168782811980
219881926705446
195448865360777
193750438622496
191565332677965
186689609271064
176204544996249
175111191412750
171657969486964
170503961580761
163534152521448
152988922327177
144450582885834
149375469451878
139981857715228
140397903409116
127962043908265
132017183470145
127819800327810
120685798938699
124542766374396
122657892687452
123426387355431
117517342286085
108644166966498
115773940591580
113031058204037
105236603156333
100080328518056
90964048577645
97362282933592
100591301472340
91413386403309
92267389810868
84449277130421
80702893750086
82116250112872
82370117958544
77482328964635
81797026173865
81680227042342
69901712488912
77484978271516
70594221464875
68640322632320
68496403384225
67264143142738
66533991327488
64871285341695
68685294968954
65474534048329
56046994020409
62800959902659
60461633614532
58693237626614
55417735338681
57143300548672
50617621562518
50078101220150
52171265763476
48378441019374
47888865205064
48545624892004
49115245073993
45790687729654
44083499446007
42112077001138
45687886510076
39468047332780
40571451025344
40727446869968
41790237723110
42404018612835
38596336145768
35842770842792
35541834059223
34871758745175
34919130081267
38126590586673
36831152403368
30531008104254
33199380470532
30070250318850
31847969081730
33716662832286
31978161664667
29916635237618
31477952375122
24839069916108
29678933367361
26286943678655
29355468489119
27547752185905
25112661176713
26096325258328
26740315077123
23362066092896
19841241922814
23949803885544
21919040495628
21218575768752
23930227267517
22827804462633
24101754717641
19901147424281
22852888111238
19312641245179
21897247900913
20676860372297
19620685901223
17953887637906
14087222460848
17090299206749
20095576638237
18257856714495
17269214847837
15609700979899
14536788637365
17125274538746
16083894195774
17216884191317
14509029738917
14483353772386
15714382004090
14337850149369
14416836154099
13228608974153
14854574792665
16239590741325
11122723487831
12683024929792
13511111139319
9684866745198
11678378115356
10394981554847
12722886238338
12083634079129
11664894039355
12096606241908
12339969344312
10959047080159
11594632571180
10639349360389
11160504005279
11686673822503
8780597642335
9047963613327
10581825944819
8613905483841
10600087115240
8523927101477
9393426061668
9638450658629
7989877163605
8422713599562
9570376095268
8091420531976
6525113771832
8108794135481
10054214513049
5823205434328
8148346528191
8648987561213
8698280135010
7483119217329
5914634229997
5810124957525
7893412729571
7212455216975
6238142198995
4609728243183
7099477605235
4828062419901
6770215948803
4870667883647
5090614707539
8054183861638
6559681621706
3897423460544
5621557329313
6066936456769
4918886152022
4864077307377
4587289320890
5132077059700
5757455115313
4440619193126
5612184437909
4658569456883
4888312148423
4660626815038
5037543913140
3805002251974
3861838398905
4778634404546
4068754184170
3640053338032
5084541219604
3762588003604
4178975132444
2494842981175
3675458740485
2859862692164
3461187285533
3528839950653
3148352207689
3022343698463
3198534097213
3319128909999
2859387133285
4199685797981
2973865316394
4371454709996
3178276092349
3790737068867
2707673008388
2931379628465
2293456841381
2108078912258
1938102273974
3346955705158
2603067061242
2705344031995
2624576100222
3704100559075
2030573682294
3502308965630
2494752051135
2347358790760
2538306887446
2231303124583
2579771516590
1928672197281
2807857202183
1946768911132
1674016588134
2836335279954
1880836052172
2317221949892
2806647161678
1585059657635
2796303909525
2359843214320
2017204052743
2523927920430
2275312481914
1650124562986
2104181696944
1508390893676
2556099468149
1991616649734
3138096505667
1380557573936
1288983989824
1591908574442
2179604445007
1673049835230
1767484745580
1760709584128
1638254385776
1419651357416
1324473704199
1493280929230
1553191662934
1574039513368
1138260012003
1390936109866
1775588058009
891164542985
1926797346954
1715333682133
1435184876960
1682689959118
1348555185943
1571476768451
2288544072662
1422525008470
1454236685478
1214809084883
1076424986974
1701645726199
1047409405784
1262063657547
1509424805934
1665519837654
1591384000393
1259845936271
1181617413870
658859412753
1202003390181
1490420610925
1054011683410
1550855669836
503838426868
1058688226235
732307392214
1435258412524
722727771151
556812254265
653368731303
838415171460
666232043721
578161494609
1021590174515
967228991794
731580925442
518396493834
697210781754
1103673335207
613462145993
612132430641
657513789419
1657728248600
837551658347
1102658473138
1563169356915
516785780452
604047677772
409469369227
500428264030
996043146855
704296298419
762802536736
963251015445
1477100904945
357121707549
578574958446
748271991454
515020803342
1281109736182
695882677277
1244208168428
750442965575
437618913055
1014819330690
808186050714
631374322650
159931166420
860657898354
831652028400
215133179423
648781610577
498553055660
901683968684
839005183258
346930179307
562245044304
181242422391
486775317269
814373410254
956138413870
879465962756
388633032141
644554352183
405952129477
342903289531
322877116084
221196535265
171268008877
541629466373
531354149995
629158474742
490972476577
217882541636
1063073610740
479182932968
674266300864
353800987908
792185277599
344519076586
322606447977
657951238596
358788146249
177455472182
344903008185
29643263847
932233321714
585151080224
527834676877
374896660323
456534420215
475692367000
170539914933
173206732508
62114330996
385704832406
460015193030
476418330227
32024658662
171912316095
303734891759
479896440112
164686182013
360201949199
471892712216
329044010114
19509635897
158625941200
847486808962
347588737853
165190228286
150042162973
173202709790
150042162973
487628127292
10379867166
23423908628
363679837244
3056998002
169484983012
162598565683
156040413743
458298126881
327887227774
310648082019
638552964905
193272512829
612033972676
457267848936
169020275394
2762197713
471320108787
229723789517
637172087032
464096935221
173252767414
189348897475
243060881669
482545013106
2818882984
348617255319
6015269335
300084325946
302870636333
2874048963
41398804063
328618910438
31722028899
223574063111
301318123731
300084325946
159053748592
175828196321
599981233186
319230356692
300084325946
170760662954
220440827413
5795427465
21436884114
60976784387
323994143357
314390277671
26541121170
113195645632
150042162973
300084325946
20952409827
11875464923
303619241859
0
305418391716
311521324211
461481795320
481154484990
152817123569
159976621728
0
160868939939
600168651892
150042162973
953727846775
160298480609
2967703717
300084325946
3440278866
3975703192
0
303054851855
0
150042162973
20466142214
157603196738
0
132690494487
150042162973
300084325946
454802646965
153262264833
24473533576
603036835740
155228776128
322880288350
300084325946
3171014039
156098496063
8158426035
0
153067048321
0
12566942834
0
167502905378
9296531753
159761608795
162457444045
306082576716
150042162973
10568660426
8745399857
300084325946
160857301629
0
0
0
8527147434
450126488919
300084325946
0
303991410058
6462077040
150042162973
2810322910
17817560135
0
150042162973
2831212112
2938454452
600168651892
150042162973
5370579847
150042162973
300084325946
0
157131495198
150042162973
152875634635
150042162973
150042162973
7847229141
28211759865
0
0
160633472969
150042162973
158400734561
600168651892
0
150042162973
0
0
300084325946
154330561794
0
300084325946
150042162973
8819168529
2755567146
154039841062
150042162973
6058244488
0
4387051479
0
150042162973
5969221671
0
150042162973
8583237444
150042162973
0
0
0
300084325946
304180383524
300084325946
0
152955094062
300084325946
0
0
157077090227
0
0
0
150042162973
0
0
0
150042162973
4916947636
0
30837065614
150042162973
150042162973
0
0
0
303237340617
0
162913741306
0
0
0
0
0
0
0
0
0
0
0
450126488919
0
0
0
150042162973
150042162973
0
0
0
0
0
0
0
0
156132641659
0
0
0
150042162973
0
0
150042162973
4294863821
300084325946
0
0
0
0
0
0
0
159881421478
0
0
150042162973
0
0
150042162973
167998329102
0
0
0
0
0
0
0
0
150042162973
2749141095
0
0
0
0
150042162973
0
0
0
0
0
0
0
0
16313465375
0
0
0
0
0
0
0
150042162973
0
2751561695
0
4930036971
0
0
4035383406
0
0
0
0
0
150042162973
0
0
0
0
0
0
0
0
0
0
0
0
0
150042162973
0
0
0
0
2749615267
150042162973
150042162973
0
150042162973
0
150042162973
0
0
0
0
0
0
0
0
0
0
0
0
0
0
0
0
0
0
0
0
0
0
150042162973
0
9005657976
0
0
0
0
0
0
0
150042162973
0
0
0
0
0
0
0
0
0
0
0
0
0
0
0
0
0
0
0
0
0
0
0
0
0
0
0
0
0
0
0
0
0
0
0
0
0
0
0
3206633201
0
0
0
0
0
0
0
0
0
0
0
0
0
0
0
0
0
0
0
0
0
0
0
0
3064139816
0
0
0
0
0
0
0
0
0
0
0
0
0
0
0
0
0
0
0
0
0
0
0
0
0
0
0
0
0
4930036971
0
0
0
0
0
0
0
0
0
0
0
0
0
0
0
0
0
0
0
0
0
0
0
0
0
0
0
0
0
0
0
0
0
0
0
0
0
0
0
0
0
0
0
0
0
0
0
0
0
0
0
0
0
0
0
0
0
0
0
0
0
0
0
0
0
0
0
150042162973
0
0
0
0
0
0
0
0
0
0
0
0
0
0
0
0
0
0
0
0
0
0
150042162973
0
0
