3.485000
3.655000
3.825000
3.995000
4.165000
4.335000
4.505000
4.675000
4.845000
5.015000
5.185000
5.355000
5.525000
5.695000
5.865000
6.035000
6.205000
6.375000
6.545000
6.715000
6.885000
7.055000
7.225000
7.395000
7.565000
7.735000
7.905000
8.075000
8.245000
8.415000
8.585000
8.755000
8.925000
9.095000
9.265000
9.435000
9.605000
9.775000
9.945000
10.115000
10.285000
10.455000
10.625000
10.795000
10.965000
11.135000
11.305000
11.475000
11.645000
11.815000
11.985000
12.155000
12.325000
12.495000
12.665000
12.835000
13.005000
13.175000
13.345000
13.515000
13.685000
13.855000
14.025000
14.195000
14.365000
14.535000
14.705000
14.875000
15.045000
15.215000
15.385000
15.555000
15.725000
15.895000
16.065000
16.235000
16.405000
16.575000
16.745000
16.915000
17.085000
17.255000
17.425000
17.595000
17.765000
17.935000
18.105000
18.275000
18.445000
18.615000
18.785000
18.955000
19.125000
19.295000
19.465000
19.635000
19.805000
19.975000
20.145000
20.315000
20.485000
20.655000
20.825000
20.995000
21.165000
21.335000
21.505000
21.675000
21.845000
22.015000
22.185000
22.355000
22.525000
22.695000
22.865000
23.035000
23.205000
23.375000
23.545000
23.715000
23.885000
24.055000
24.225000
24.395000
24.565000
24.735000
24.905000
25.075000
25.245000
25.415000
25.585000
25.755000
25.925000
26.095000
26.265000
26.435000
26.605000
26.775000
26.945000
27.115000
27.285000
27.455000
27.625000
27.795000
27.965000
28.135000
28.305000
28.475000
28.645000
28.815000
28.985000
29.155000
29.325000
29.495000
29.665000
29.835000
30.005000
30.175000
30.345000
30.515000
30.685000
30.855000
31.025000
31.195000
31.365000
31.535000
31.705000
31.875000
32.045000
32.215000
32.385000
32.555000
32.725000
32.895000
33.065000
33.235000
33.405000
33.575000
33.745000
33.915000
34.085000
34.255000
34.425000
34.595000
34.765000
34.935000
35.105000
35.275000
35.445000
35.615000
35.785000
35.955000
36.125000
36.295000
36.465000
36.635000
36.805000
36.975000
37.145000
37.315000
37.485000
37.655000
37.825000
37.995000
38.165000
38.335000
38.505000
38.675000
38.845000
39.015000
39.185000
39.355000
39.525000
39.695000
39.865000
40.035000
40.205000
40.375000
40.545000
40.715000
40.885000
41.055000
41.225000
41.395000
41.565000
41.735000
41.905000
42.075000
42.245000
42.415000
42.585000
42.755000
42.925000
43.095000
43.265000
43.435000
43.605000
43.775000
43.945000
44.115000
44.285000
44.455000
44.625000
44.795000
44.965000
45.135000
45.305000
45.475000
45.645000
45.815000
45.985000
46.155000
46.325000
46.495000
46.665000
46.835000
47.005000
47.175000
47.345000
47.515000
47.685000
47.855000
48.025000
48.195000
48.365000
48.535000
48.705000
48.875000
49.045000
49.215000
49.385000
49.555000
49.725000
49.895000
50.065000
50.235000
50.405000
50.575000
50.745000
50.915000
51.085000
51.255000
51.425000
51.595000
51.765000
51.935000
52.105000
52.275000
52.445000
52.615000
52.785000
52.955000
53.125000
53.295000
53.465000
53.635000
53.805000
53.975000
54.145000
54.315000
54.485000
54.655000
54.825000
54.995000
55.165000
55.335000
55.505000
55.675000
55.845000
56.015000
56.185000
56.355000
56.525000
56.695000
56.865000
57.035000
57.205000
57.375000
57.545000
57.715000
57.885000
58.055000
58.225000
58.395000
58.565000
58.735000
58.905000
59.075000
59.245000
59.415000
59.585000
59.755000
59.925000
60.095000
60.265000
60.435000
60.605000
60.775000
60.945000
61.115000
61.285000
61.455000
61.625000
61.795000
61.965000
62.135000
62.305000
62.475000
62.645000
62.815000
62.985000
63.155000
63.325000
63.495000
63.665000
63.835000
64.005000
64.175000
64.345000
64.515000
64.685000
64.855000
65.025000
65.195000
65.365000
65.535000
65.705000
65.875000
66.045000
66.215000
66.385000
66.555000
66.725000
66.895000
67.065000
67.235000
67.405000
67.575000
67.745000
67.915000
68.085000
68.255000
68.425000
68.595000
68.765000
68.935000
69.105000
69.275000
69.445000
69.615000
69.785000
69.955000
70.125000
70.295000
70.465000
70.635000
70.805000
70.975000
71.145000
71.315000
71.485000
71.655000
71.825000
71.995000
72.165000
72.335000
72.505000
72.675000
72.845000
73.015000
73.185000
73.355000
73.525000
73.695000
73.865000
74.035000
74.205000
74.375000
74.545000
74.715000
74.885000
75.055000
75.225000
75.395000
75.565000
75.735000
75.905000
76.075000
76.245000
76.415000
76.585000
76.755000
76.925000
77.095000
77.265000
77.435000
77.605000
77.775000
77.945000
78.115000
78.285000
78.455000
78.625000
78.795000
78.965000
79.135000
79.305000
79.475000
79.645000
79.815000
79.985000
80.155000
80.325000
80.495000
80.665000
80.835000
81.005000
81.175000
81.515000
81.685000
81.855000
82.025000
82.195000
82.365000
82.535000
82.705000
82.875000
83.045000
83.215000
83.385000
83.555000
83.725000
83.895000
84.065000
84.235000
84.405000
84.575000
84.745000
84.915000
85.255000
85.425000
85.595000
85.765000
85.935000
86.105000
86.275000
86.445000
86.615000
86.785000
86.955000
87.125000
87.295000
87.465000
87.635000
87.805000
87.975000
88.145000
88.315000
88.485000
88.655000
88.825000
88.995000
89.165000
89.335000
89.505000
89.675000
89.845000
90.015000
90.185000
90.355000
90.525000
90.695000
90.865000
91.035000
91.205000
91.375000
91.545000
91.715000
91.885000
92.055000
92.395000
92.565000
93.075000
93.245000
93.415000
93.585000
93.755000
93.925000
94.095000
94.265000
94.435000
94.605000
94.775000
94.945000
95.115000
95.455000
