1159149554614983
1049656609627804
957235703162348
897758573277490
844422680950520
781244009217229
735041437955832
707165457816334
671666909222206
652893826918562
609465264563317
591330135639958
576166308975456
542997426309943
519529376843269
512350351293205
501778116771558
484490600741715
448398470758175
442875925759880
434884199241424
440305431398581
420480839735791
413437686997635
391633460653775
383402798596569
365338175248112
379976298397025
358538291177750
349055564064943
362050570201299
340203298096999
335156722814167
328334164755705
325983918134754
313340836616763
308430778415293
301882835531399
291357920148940
287769882788016
280043985581514
283858071924157
278587272087090
269763984108689
272925697700634
262943434811799
255601853096766
246510326494654
251335161534312
239667114520650
231432992225602
229698305782874
234880051881621
215983771651654
210398002935690
212122693132644
205178964839570
217010635307082
205010690507715
201664618374958
201432629059501
193757085563092
184354873020484
186416977895178
174881621116298
190375223933563
171314272979475
170786108039377
173507800054371
165330040880710
162692260334910
159680471521766
160162113838784
156056155138544
157195022861639
148688955942386
149061312162394
143411340399716
149497260917144
135359214382645
139738178201314
141662642174196
139264057318489
137657822681805
130489973071753
134081202132012
128299007959710
126057041563430
126212013748991
119352256648784
119876328227794
126537080084428
118276531206768
117277147160859
111897123322363
113770835060541
109061479511657
113379824484789
106732730473918
104760892208566
107161053943890
105601617996910
106628256114098
97385188886726
99596637469809
90092440605702
96525125886996
93805742636308
91504296925108
87510333396203
87406170072585
82125958733282
83498914637128
85695697290034
79608379600879
80447365478001
80239391342267
82572602420639
76481039449849
76703631646974
73370361780873
73524371676561
73192153470515
73382507716502
73091499118259
70094875864261
66459137471477
65408419186165
66361384316043
65152103787767
63264700567245
61131382106246
59086845641449
57044372991545
55766273779703
59013394464943
59922828355391
55338734584406
55755701558536
52263829684514
52133315115767
59625443428196
48257153259953
48245101069848
47896711457184
42318100541832
47556182142703
41541937946573
44180004505489
48142368240655
45333366666909
41851935771101
41688664434393
40268392448485
39346615156950
36874628755432
41591507551759
33754033419059
40104540074664
39495669588211
36569035234098
37506623753276
36882053961709
35592724359387
35830240768807
35045051696675
33842875666923
33644071738990
31844305975466
31649350065333
34473256875156
33959255244144
26682598881984
29956421789442
28515431602682
29121695773537
28203464614723
26667718303764
26665916904396
26166991645804
25968846981158
26430637203400
26666511351016
23752446930844
27204453502065
25516404223597
22803657550824
23979721110064
22819200619529
22028446245177
26273591036935
25766149826191
23460575708546
22593677569019
22416729597922
22659287040925
23383292489392
22464066579034
23118489708037
21505875410126
21301704958125
23207493507940
19876939907999
21437182330362
22319111284604
20194518325349
19027974788518
21778180858338
20738691674534
19472929547041
18767257148527
15891693773866
18843431918423
19963474676015
16617299646141
18673927426068
15313697284693
15454408385789
16542550516304
16838700180966
16001556618949
17250271902681
17129398621598
15437102362855
14101889190618
14444162712624
14422830590451
15945417592057
14508224526442
15929063917471
15659042686106
17385978607881
16460749295209
14067000788174
15655669706650
13309390847761
13427210509782
14611240571810
14664993171265
14827647045532
14845169120065
13156696969919
12799141036226
12336002742432
12895937993783
11883496423723
12342236156326
11250617730562
12013543525098
12424318256974
11220107997436
13071085147587
11326548572133
12974260490873
9611539624152
10916145062842
13137473316180
9975565448741
9021088366800
12893300770946
11512905376489
10534182350256
10150200395224
10421443505164
12289835271330
8848481955367
9314526657854
10711494391217
9959310302763
10021939894866
9746342298714
9654201230749
9864074108926
9965039744256
8536842265135
8969590940952
8921419893515
8280123119019
8842388783829
9276722331469
8385436535840
8977489050731
8821430298675
9236153133238
7369672714892
7285710004790
8749766634830
5931766124576
7548473699441
8500413185548
6539230746181
6134454494606
8135520373620
7623379656160
8366976879164
7833560159356
5502063269653
7196343655949
7135674881433
7889431857835
6445753818960
6677721173112
6341279000786
5791135043266
5352890481069
7339193379200
5332353448021
5596300984749
6513694111514
5564289862907
6135426382207
7060651337562
4402743426427
6414716193659
4698340471556
4449594844732
7026591041471
5619757633666
5263363747718
5693878154299
6746422979470
5368008414017
5321531892796
5463523516100
5569532860696
5559451268760
4861140605925
4407464409363
4202691994540
6078839555390
4213472026457
4276544543086
6116082842187
5273980908155
4569007031983
3798800965083
5561096938557
4339368225693
5031082830300
5365429509735
3546325203380
4623136010324
4855183770373
5282060134749
4039633140368
3419301975136
3589250122274
4499806963346
3935299500069
2813387361872
4352511667628
4020468727952
5241321354345
2522466946463
3074810057450
3672891374976
4050063303355
5414088253394
3893226454084
3719844412261
4188765399839
3640171238193
4094282955726
4228456660481
3907158330586
4814397513029
4717223747483
2913474943474
3848296113046
3865811188883
2661720579592
2819602995505
3115293773402
2497625048982
3479303483583
3056868718094
3283380944588
3645221243441
3500333225250
3330822346347
3714636364179
2542486726869
2444134872173
3284344102055
3335303347526
2952576818538
2326315994166
2495708619115
3528954126240
2122611795966
2657963576863
2615831997670
1791021511124
2361181289377
2052363874286
3559048229126
2485362458110
2031168804101
2259343287431
3098510558568
1708637184377
2907657471048
1971534311004
1855318839668
2308537871198
2575057535855
2574321243617
2425456628348
1649936117924
3070515387097
1658473249613
3446740524632
2443179868010
2730743054788
1971886575508
1629404756265
1774793705998
2097595503068
1771433475309
1751046893935
1714492330006
2007061108688
1502422961675
2192914078955
2349608974154
1416194031297
1765843284333
1987937177105
2038947157283
1933671545423
1779190564185
1657385711045
1691391550562
1859738715175
1632454517351
1790430821823
979187392944
1940735868979
1197046326951
1839068449758
2015390483883
1465116993266
1936315117332
1011823690963
2058854593196
1538592275605
1534460187943
1468870452786
1882242720552
1280726153315
1106924355541
1437362645339
1671954312287
1373746734020
1433628561249
1066725191876
1136493066432
1399219454283
1414081972620
1696891935120
891661061255
1444714836059
1044982579845
1209124437960
1621159612432
1233106530906
1980777487561
1326898464849
1748357760081
1599890992565
738414070105
1002085984742
1374856166875
1361248420775
1029751356056
1577019099916
1405306882339
741344835940
970568358209
667512457696
1215388117026
557793225053
773835015077
1337338567014
1097481204416
1023377740462
1206463292783
985243619564
585027264886
1386659823790
1131370387758
848219284627
1346073949611
883820686110
1166957958095
1164409274332
922325091605
726176755073
815274656835
1400683049409
748193772727
801234188881
857528055252
1267999812611
728232677517
649839964398
472966976600
695918438063
1062430668630
1123464723239
850517643590
1027435040889
572111475847
216002391291
633517583186
808680673016
803559819768
774741738347
655451363943
988757306105
298954808328
753927096653
1197007734806
705661497587
773799961003
893323006926
424321008340
146087460631
831970490824
571702451436
602587594162
605255708884
521989292305
709709289288
387377885358
491516742540
450803485564
953677510979
926965841738
970607292354
418532802354
563785229337
358838309433
422226295132
524630508212
912114429357
524063732774
647157319020
578608550237
369820690882
352527463326
447734289571
113759408937
787147604033
461040341663
419512103958
454957255997
452443114100
315783282368
718225114540
122142620391
528702908909
304235178651
333742211143
407084162791
81593834304
420361152234
230514863033
219459572904
193922316993
385685393409
262109808906
218916360923
214222230866
168228542950
515134863167
404658385139
185483350090
396564267086
174826193257
611576642609
257735947674
182192783846
396427817229
299219042370
329440090292
237998330403
223881944575
33619706102
254627184303
182096475180
36127371544
212052780208
293653824829
87313469050
183718183620
344804639776
229148406443
280781879685
152073048113
25878534408
197289964516
180274861409
305570586075
351965629446
129420705610
366517274109
319359269783
485256548578
80753755098
180829423145
395117403914
91927528604
225622149197
544491588732
216731493158
258578318967
132988994061
266192770139
246318058257
314994442351
330886067886
286351263496
228879987271
316432043173
138113132690
31245628098
324493669695
71153169777
363786141226
43397294232
577137464459
64223845828
185107703989
133855006251
196145729062
119846067575
243977623843
206488718618
189484267049
438803579541
312893994962
322971159103
270887640242
219436287004
129785377358
174864118657
358543391967
273271551479
55579369696
571758589326
12967849042
139580713743
47887052133
316969977445
222914767613
183980567445
107174163472
669493972604
88123883689
251594657215
5363222789
402071956410
230426287954
247152889611
108529674392
87504214057
106756223137
296340637681
380268079424
272188368792
206850239672
356006205265
128643071347
86541473671
38440327583
70431390839
161576896103
101564649747
203678294334
80776156822
443290796324
