439104458331836608
192016066850384672
80556475500488544
41447819430271792
24654528616649468
16592386696459406
12108354482978320
9417873619997456
7670007999793486
6439641298090565
5507334454957179
4782443242963504
4268878773244423
3761229172996931
3443737745098545
3085141305462039
2748720395277760
2535159677965533
2363579394517280
2213830047487423
2050925317747507
1894764551658481
1776476412462318
1621939280931847
1570875615568765
1410415924514867
1380769886862203
1255593200425401
1220843779934040
1117344531082047
1071662139005061
1009023270377894
949411756623502
888620833396646
850562517738071
816550290040048
761489014718943
729625452411980
689954525391858
677967490171279
642625863372148
594726924928854
584376519735716
548725678575194
509226335539358
498346844324679
480497159461588
456479737913866
425287917966406
396981260663789
389128384661809
384313025841250
350620125656286
338162752092060
319963778436181
329174567311672
300974671293671
291252081810078
273067741912447
254209702040734
250563903552323
234739435512607
228968391599701
232090531720641
210388410872279
207715260731051
203436143427122
198868109477358
189267808991744
176997717327816
175912498537050
166650471207109
158791364875534
146385469755297
136611905874625
141128018077026
128373939696686
129640143105956
133269245908990
113483323098017
124192339233212
113094276385526
110738888107199
112806382431641
96825587032436
98923447929644
94974386875642
91302643325580
97082446263485
77267589761143
84910369105925
75746011281545
76146504113649
74035023426693
70611955503639
73953959417074
74200445376949
62600560894615
58098413146636
64322197818397
64090407089077
57487908663581
50163126029228
57633876428251
54894019205039
50280384313874
58142959245683
42831406982745
41332971056630
43048747923874
41338389620344
43719593494353
49101577769619
41984968634724
38500411729224
37146041293929
36147115256520
35064537806050
37218118449223
34640668448579
34392416032842
33006345837649
30864130737336
26783343787561
28828223819231
26676418937296
25564746928856
21259806039788
30276131369799
20492803969716
24042477622397
28900510460423
22297623208780
20536844224919
19180475751484
23721801857515
18333966271201
18743482830924
20360977324533
18381863164958
21436039754800
19799540674177
21192904491691
16356860397258
17301418670689
20423691618078
14177723062998
15841722499218
14553035529845
15285607708236
14766731129860
16797324989967
14445352602487
15570154175128
14685286962094
16037481431841
9504477606556
12574515195498
11662267072273
10380999065579
11569690119570
10399633957162
11257006019175
10499893728785
9851158038369
9462493159451
10414205120382
12416782228164
9415830444781
11636730814697
12085587671025
8586641409154
9383291383544
8263400230436
9384040810585
8908039378631
8862128919047
10287140271022
6711048190508
9614282287360
7814948817081
7587748984261
9911258772471
7806771550114
8357974416707
9016344231272
3384304198791
9062981754313
7052096517259
7237244884131
9173921117595
7636235754708
5521948750380
6164058363015
5013642245402
4206654060464
8110219576391
5750095337120
6044403365793
7382767554976
4982427559114
6672866782981
5402142445281
4428760032180
3751172970029
6389236058832
5925008270597
5404509266360
4415606903295
5710021987057
3534605927475
4373777015530
4259372458755
3885740362549
5282290325793
5115368499049
4764629464375
2116735186780
4612838315218
2607812704399
3504098840155
2692094706640
4860828879881
4020927199428
3190695360454
4080306455202
3213831018169
4384704211213
3421094139557
1787613547330
2228142977931
2358754698155
3609944995125
3749021744007
1837288979093
2882132912566
3636845995638
2802276167288
2733470042292
2328153269038
3543384322943
3047617895990
2743920618690
2562484459481
2612935992634
3369281327794
1729040251118
2252835379990
1971461691246
3754466931905
3366990039428
2708047814793
2917934255053
2981446343644
2138878428143
2475334012215
3409883224331
1115871000192
2699917124986
489466068276
2348880000478
1483426942359
1460474157116
2095761653093
1429991581833
2180835123508
1701124951153
977320649602
1625381739092
1090689776084
1797137004330
1578908073740
2839165424328
2072053746045
2207830624230
1924914220963
710879226535
1546141071464
1532670932099
2387995724872
1661285967385
2082319908852
2241979306552
762761128980
1835330685823
674405279255
740521695202
595865857161
1099054167679
1530485689604
1892632041758
928902007193
677683977625
1235105577681
2326145569648
1770015409510
1254748565692
1770015409510
829461223350
1524069938528
1889743738546
1241826393370
305382795600
2070107094605
714823412681
719641492954
1294780437795
1636771958773
1944413296022
1026001777977
1190678459675
2389958290879
638999486991
1017989573917
888437971710
1227533750082
1205313573472
360698226855
590005136503
930871758743
594144071623
2112921262593
1184197253355
295002568251
1485621050285
966941216236
924339922847
558165266738
458392027118
606459948309
25656275711
1422494515972
590005136503
367846112299
630150193445
736758412832
651599214718
24033804906
295002568251
0
596739752059
318150729121
303974120388
1180010273007
595419247879
623155272488
255509911715
486984806695
634582705220
24762974956
827403389745
313160888329
295002568251
896731946052
55666683252
0
618061519561
295002568251
336532824308
614441464900
101831806344
299240522080
307990354103
307331424444
590005136503
330652976065
37408576767
295002568251
0
0
325965010924
337301156752
588266143628
127007741046
0
4139032501
35282442489
303375704184
10900487584
590005136503
156154391498
61232355298
295002568251
612139440735
295002568251
0
295002568251
0
0
295002568251
302478399056
590005136503
0
295002568251
619037394054
0
299315581678
0
0
633960753106
305630886302
0
239184278625
18175765268
162453259790
301341197408
0
159903122690
379483768726
631392806403
308726343430
0
295002568251
614397061514
0
113027420390
188945593819
0
416619162351
229285422553
0
0
295002568251
70578550355
9141465510
103952425467
0
299424237107
610195556909
5343825715
0
199942663196
6706500253
305660864110
0
0
169770144863
8100000888
590005136503
58791079624
104300168848
6039376098
7214924814
295002568251
63661131789
0
6566119186
26467276126
47677323878
324056066000
0
0
0
344299717139
11944115173
0
0
295002568251
896285914263
293324435996
305037366669
564608239546
0
0
0
0
295002568251
4526512920
295002568251
0
7931512128
37196608236
0
30707297724
13563599003
0
98537209295
0
5392021279
0
295002568251
0
36884537647
0
300286620446
0
0
5227993338
0
7619824512
0
194453398174
8680299625
329456701399
39520744965
0
4686788375
0
0
0
14928111232
38115689521
116849669214
0
5263379163
45447942081
0
0
295002568251
7259240845
0
77772845984
0
0
0
0
0
0
0
0
0
0
44640259966
0
4928581877
4165281783
295002568251
295002568251
0
0
38607001944
0
0
55526414519
0
115211069012
139368811230
0
0
0
0
295002568251
0
0
8939651912
14458598449
88842001768
0
0
295002568251
442669405096
258390840368
0
295002568251
0
0
0
0
0
33121703470
295002568251
0
295002568251
0
0
0
295002568251
0
279035083681
0
0
0
0
0
295002568251
0
0
0
4157616931
324354790242
0
0
0
0
0
0
0
168534892542
0
295002568251
0
0
295002568251
0
295002568251
0
295002568251
295002568251
0
0
0
0
0
295002568251
118569103943
0
0
0
295002568251
0
0
0
0
5286068613
0
0
0
0
0
0
0
0
0
0
0
0
0
0
0
0
89686008184
0
0
0
0
167518691241
0
0
0
0
0
0
0
0
0
304780539822
0
0
0
149811476029
63340700006
0
295002568251
0
0
0
0
0
7167079719
0
0
0
20223646457
0
8046589890
9074167476
0
0
0
0
0
0
0
0
0
0
0
0
295002568251
237163161405
0
6259181237
0
19183964443
0
0
0
0
190593533625
0
0
0
0
0
0
0
8267229453
0
0
0
0
0
0
0
90957377870
0
0
0
0
0
0
0
0
0
0
0
0
0
0
0
0
0
0
0
0
0
0
0
113277564640
0
0
0
0
0
0
0
0
0
0
0
0
0
0
0
5830170729
295002568251
0
0
0
0
0
64632502206
0
0
0
0
0
0
0
0
0
0
295002568251
0
7248523948
0
0
0
0
0
0
0
0
0
0
0
0
0
0
0
0
0
0
0
0
0
0
0
0
0
0
0
0
0
0
0
0
0
0
0
0
0
0
0
0
0
0
0
0
0
0
0
0
0
65756520758
0
0
0
0
0
0
0
0
0
0
0
0
0
0
0
0
0
0
0
32934120954
0
0
0
0
0
0
0
0
0
0
0
0
0
0
0
0
0
0
0
0
0
0
0
0
0
0
0
0
0
0
0
0
0
0
0
0
0
0
0
0
0
0
0
4774624319
0
0
0
0
0
0
0
0
0
0
0
0
0
0
0
0
0
0
0
0
0
0
0
0
0
0
0
0
0
0
0
0
0
0
0
0
0
0
0
0
0
0
0
0
0
0
0
0
0
0
0
0
0
0
0
0
0
0
0
0
0
0
0
0
0
0
0
0
294174684804
0
0
0
0
0
0
0
0
0
0
0
0
0
0
0
0
0
0
0
0
0
0
0
0
0
0
0
0
0
0
0
0
0
0
0
0
0
0
0
0
0
0
0
0
0
0
0
0
0
0
0
14475092631
