0.000000
0.037000
0.074000
0.111000
0.148000
0.185000
0.222000
0.259000
0.296000
0.333000
0.370000
0.407000
0.444000
0.481000
0.518000
0.555000
0.592000
0.629000
0.666000
0.703000
0.740000
0.777000
0.814000
0.851000
0.888000
0.925000
0.962000
0.999000
1.036000
1.073000
1.110000
1.147000
1.184000
1.221000
1.258000
1.295000
1.332000
1.369000
1.406000
1.443000
1.480000
1.517000
1.554000
1.591000
1.628000
1.665000
1.702000
1.739000
1.776000
1.813000
1.850000
1.887000
1.924000
1.961000
1.998000
2.035000
2.072000
2.109000
2.146000
2.183000
2.220000
2.257000
2.294000
2.331000
2.368000
2.405000
2.442000
2.479000
2.516000
2.553000
2.590000
2.627000
2.664000
2.701000
2.738000
2.775000
2.812000
2.849000
2.886000
2.923000
2.960000
2.997000
3.034000
3.071000
3.108000
3.145000
3.182000
3.219000
3.256000
3.293000
3.330000
3.367000
3.404000
3.441000
3.478000
3.515000
3.552000
3.589000
3.626000
3.663000
3.700000
3.737000
3.774000
3.811000
3.848000
3.885000
3.922000
3.959000
3.996000
4.033000
4.070000
4.107000
4.144000
4.181000
4.218000
4.255000
4.292000
4.329000
4.366000
4.403000
4.440000
4.477000
4.514000
4.551000
4.588000
4.625000
4.662000
4.699000
4.736000
4.773000
4.810000
4.847000
4.884000
4.921000
4.958000
4.995000
5.032000
5.069000
5.106000
5.143000
5.180000
5.217000
5.254000
5.291000
5.328000
5.365000
5.402000
5.439000
5.476000
5.513000
5.550000
5.587000
5.624000
5.661000
5.698000
5.735000
5.772000
5.809000
5.846000
5.883000
5.920000
5.957000
5.994000
6.031000
6.068000
6.105000
6.142000
6.179000
6.216000
6.253000
6.290000
6.327000
6.364000
6.401000
6.438000
6.475000
6.512000
6.549000
6.586000
6.623000
6.660000
6.697000
6.734000
6.771000
6.808000
6.845000
6.882000
6.919000
6.956000
6.993000
7.030000
7.067000
7.104000
7.141000
7.178000
7.215000
7.252000
7.289000
7.326000
7.363000
7.400000
7.437000
7.474000
7.511000
7.548000
7.585000
7.622000
7.659000
7.696000
7.733000
7.770000
7.807000
7.844000
7.881000
7.918000
7.955000
7.992000
8.029000
8.066000
8.103000
8.140000
8.177000
8.214000
8.251000
8.288000
8.325000
8.362000
8.399000
8.436000
8.473000
8.510000
8.547000
8.584000
8.621000
8.658000
8.695000
8.732000
8.769000
8.806000
8.843000
8.880000
8.917000
8.954000
8.991000
9.028000
9.065000
9.102000
9.139000
9.176000
9.213000
9.250000
9.287000
9.324000
9.361000
9.398000
9.435000
9.472000
9.509000
9.546000
9.583000
9.620000
9.657000
9.694000
9.731000
9.768000
9.805000
9.842000
9.879000
9.916000
9.953000
9.990000
10.027000
10.064000
10.101000
10.138000
10.175000
10.212000
10.249000
10.286000
10.323000
10.360000
10.397000
10.434000
10.471000
10.508000
10.545000
10.582000
10.619000
10.656000
10.693000
10.730000
10.767000
10.804000
10.841000
10.878000
10.915000
10.952000
10.989000
11.026000
11.063000
11.100000
11.137000
11.174000
11.211000
11.248000
11.285000
11.322000
11.359000
11.396000
11.433000
11.470000
11.507000
11.544000
11.581000
11.618000
11.655000
11.692000
11.729000
11.766000
11.803000
11.840000
11.877000
11.914000
11.951000
11.988000
12.025000
12.062000
12.099000
12.136000
12.173000
12.210000
12.247000
12.284000
12.321000
12.358000
12.395000
12.432000
12.469000
12.506000
12.543000
12.580000
12.617000
12.654000
12.691000
12.728000
12.765000
12.802000
12.839000
12.876000
12.913000
12.950000
12.987000
13.024000
13.061000
13.098000
13.135000
13.172000
13.209000
13.246000
13.283000
13.320000
13.357000
13.394000
13.431000
13.468000
13.505000
13.542000
13.579000
13.616000
13.653000
13.690000
13.727000
13.764000
13.801000
13.838000
13.875000
13.912000
13.949000
13.986000
14.023000
14.060000
14.097000
14.134000
14.171000
14.208000
14.245000
14.282000
14.319000
14.356000
14.393000
14.430000
14.467000
14.504000
14.541000
14.578000
14.615000
14.652000
14.689000
14.726000
14.763000
14.800000
14.837000
14.874000
14.911000
14.948000
14.985000
15.022000
15.059000
15.096000
15.133000
15.170000
15.207000
15.244000
15.281000
15.318000
15.355000
15.392000
15.429000
15.466000
15.503000
15.540000
15.577000
15.614000
15.651000
15.688000
15.725000
15.762000
15.799000
15.836000
15.873000
15.910000
15.947000
15.984000
16.021000
16.058000
16.095000
16.132000
16.169000
16.206000
16.243000
16.280000
16.317000
16.354000
16.391000
16.428000
16.465000
16.502000
16.539000
16.576000
16.613000
16.650000
16.687000
16.724000
16.761000
16.798000
16.835000
16.872000
16.909000
16.946000
16.983000
17.020000
17.057000
17.094000
17.131000
17.168000
17.205000
17.242000
17.279000
17.316000
17.353000
17.390000
17.427000
17.464000
17.501000
17.538000
17.575000
17.612000
17.649000
17.686000
17.723000
17.760000
17.797000
17.834000
17.871000
17.908000
17.945000
17.982000
18.019000
18.056000
18.093000
18.130000
18.167000
18.204000
18.241000
18.278000
18.315000
18.352000
18.389000
18.426000
18.463000
18.500000
18.537000
18.574000
18.611000
18.648000
18.685000
18.722000
18.759000
18.796000
18.833000
18.870000
18.907000
18.944000
18.981000
19.018000
19.055000
19.092000
19.129000
19.166000
19.203000
19.240000
19.277000
19.314000
19.351000
19.388000
19.425000
19.462000
19.499000
19.536000
19.573000
19.610000
19.647000
19.684000
19.721000
19.758000
19.795000
19.832000
19.869000
19.906000
19.943000
19.980000
20.017000
20.054000
20.091000
20.128000
20.165000
20.202000
20.239000
20.276000
20.313000
20.350000
20.387000
20.424000
20.461000
20.498000
20.535000
20.572000
20.609000
20.646000
20.683000
20.720000
20.757000
20.794000
20.831000
20.868000
20.905000
20.942000
20.979000
21.016000
21.053000
21.090000
21.127000
21.164000
21.201000
21.238000
21.275000
21.312000
21.349000
21.386000
21.423000
21.460000
21.497000
21.534000
21.571000
21.608000
21.645000
21.682000
21.719000
21.756000
21.793000
21.830000
21.867000
21.904000
21.941000
21.978000
22.015000
22.052000
22.089000
22.126000
22.163000
22.200000
22.237000
22.274000
22.311000
22.348000
22.385000
22.422000
22.459000
22.496000
22.533000
22.570000
22.607000
22.644000
22.681000
22.718000
22.755000
22.792000
22.829000
22.866000
22.903000
22.940000
22.977000
23.014000
23.051000
23.088000
23.125000
23.162000
23.199000
23.236000
23.273000
23.310000
23.347000
23.384000
23.421000
23.458000
23.495000
23.532000
23.569000
23.606000
23.643000
23.680000
23.717000
23.754000
23.791000
23.828000
23.865000
23.902000
23.939000
23.976000
24.013000
24.050000
24.087000
24.124000
24.161000
24.198000
24.235000
24.272000
24.309000
24.346000
24.383000
24.420000
24.457000
24.494000
24.531000
24.568000
24.605000
24.642000
24.679000
24.716000
24.753000
24.790000
24.827000
24.864000
24.901000
24.938000
24.975000
25.012000
25.049000
25.086000
25.123000
25.160000
25.197000
25.234000
25.271000
25.308000
25.345000
25.382000
25.419000
25.456000
25.493000
25.530000
25.567000
25.604000
25.641000
25.678000
25.715000
25.752000
25.789000
25.826000
25.863000
25.900000
25.937000
25.974000
26.011000
26.048000
26.085000
26.122000
26.159000
26.196000
26.233000
26.270000
26.307000
26.344000
26.381000
26.418000
26.455000
26.492000
26.529000
26.566000
26.603000
26.640000
26.677000
26.714000
26.751000
26.788000
26.825000
26.862000
26.899000
26.936000
26.973000
27.010000
27.047000
27.084000
27.121000
27.158000
27.195000
27.232000
27.269000
27.306000
27.343000
27.380000
27.417000
27.454000
27.491000
27.528000
27.565000
27.602000
27.639000
27.676000
27.713000
27.750000
27.787000
27.824000
27.861000
27.898000
27.935000
27.972000
28.009000
28.046000
28.083000
28.120000
28.157000
28.194000
28.231000
28.268000
28.305000
28.342000
28.379000
28.416000
28.453000
28.490000
28.527000
28.564000
28.601000
28.638000
28.675000
28.712000
28.749000
28.786000
28.823000
28.860000
28.897000
28.934000
28.971000
29.008000
29.045000
29.082000
29.119000
29.156000
29.193000
29.230000
29.267000
29.304000
29.341000
29.378000
29.415000
29.452000
29.489000
29.526000
29.563000
29.600000
29.637000
29.674000
29.711000
29.748000
29.785000
29.822000
29.859000
29.896000
29.933000
29.970000
30.007000
30.044000
30.081000
30.118000
30.155000
30.192000
30.229000
30.266000
30.303000
30.340000
30.377000
30.414000
30.451000
30.488000
30.525000
30.562000
30.599000
30.636000
30.673000
30.710000
30.747000
30.784000
30.821000
30.858000
30.895000
30.932000
30.969000
31.006000
31.043000
31.080000
31.117000
31.154000
31.191000
31.228000
31.265000
31.302000
31.339000
31.376000
31.413000
31.450000
31.487000
31.524000
31.561000
31.598000
31.635000
31.672000
31.709000
31.746000
31.783000
31.820000
31.857000
31.894000
31.931000
31.968000
32.005000
32.042000
32.079000
32.116000
32.153000
32.190000
32.227000
32.264000
32.301000
32.338000
32.375000
32.412000
32.449000
32.486000
32.523000
32.560000
32.597000
32.634000
32.671000
32.708000
32.745000
32.782000
32.819000
32.856000
32.893000
32.930000
32.967000
33.004000
33.041000
33.078000
33.115000
33.152000
33.189000
33.226000
33.263000
33.300000
33.337000
33.374000
33.411000
33.448000
33.485000
33.522000
33.559000
33.596000
33.633000
33.670000
33.707000
33.744000
33.781000
33.818000
33.855000
33.892000
33.929000
33.966000
34.003000
34.040000
34.077000
34.114000
34.151000
34.188000
34.225000
34.262000
34.299000
34.336000
34.373000
34.410000
34.447000
34.484000
34.521000
34.558000
34.595000
34.632000
34.669000
34.706000
34.743000
34.780000
34.817000
34.854000
34.891000
34.928000
34.965000
35.002000
35.039000
35.076000
35.113000
35.150000
35.187000
35.224000
35.261000
35.298000
35.335000
35.372000
35.409000
35.446000
35.483000
35.520000
35.557000
35.594000
35.631000
35.668000
35.705000
35.742000
35.779000
35.816000
35.853000
35.890000
35.927000
35.964000
36.001000
36.038000
36.075000
36.112000
36.149000
36.186000
36.223000
36.260000
36.297000
36.334000
36.371000
36.408000
36.445000
36.482000
36.519000
36.556000
36.593000
36.630000
36.667000
36.704000
36.741000
36.778000
36.815000
36.852000
36.889000
36.926000
36.963000
37.000000
