96688523535048720
24142295058083496
12849845084442896
8036257024904539
5484914229739867
3962687198374500
3040104441406884
2412915838961631
2009280583260542
1733876384712416
1509627925259842
1355192078690244
1223301096259363
1116037512798200
1040387368778263
956186872474364
903825366989778
852772730603815
806379283566214
773679027173899
728760442423749
703427047816908
669769033521836
657703545555284
629897957651185
606698484517265
587280540980243
576169691998968
555414277012105
537155276542050
519923973248469
517146113566613
503489907805934
485552962237716
479104053895866
464190449234561
468425540135129
457133163662875
444109178008427
440443573292749
430648492832613
426660928558220
420873149493363
414991830045120
409382813092112
405298585800980
400561747581354
388409677918053
388359271296006
382126789218057
375319111847148
371743767452113
362096793660099
354687984985684
355547012138462
347667775731437
343972629204569
339805741262246
333319663078588
338250154379382
336860916428773
326497946091762
327723268545582
320043526434108
311961964454291
306398239308744
309908975391619
308391160874451
301283206449351
296226496960576
292792957566611
289130413995734
288706671497854
282052140932836
282053055923507
279473142304781
276591943125155
275262466427343
276854161510903
265376404223231
266044379428615
264768525562232
254654227116499
255133033569665
252580154315732
247405900106827
247297482528054
244759017410568
239824507152938
234420334129711
234794765257323
236556514834695
227491571978852
223795182761034
220261564122254
228244730228327
219589457754859
215592469850458
213871601810638
211579608593375
204288775168406
202211643556591
205528531882310
195979776392331
197012719361126
195801907338612
194545889757344
192271029270144
187348483510930
184321713053126
181490651975370
180216340719833
176313822081423
177554908749506
174842253716222
170813636704013
164336379705375
167326512406102
161243004946270
161412121922268
161515525824969
160708172355583
154572521421818
152699387159215
151380153008516
149531077517392
150054508397855
149369995317122
138990279515609
145407960389603
139815963473102
138881991416283
134213748342475
133797965850788
132113439932574
131269137820489
128828342969266
128158239374084
126000783027693
124158564530328
121062559158695
125250108270060
117203342725317
116419774740661
118870384930460
118116716658317
113242960136669
113169883885440
108502725866331
106641137003979
106845575790129
105460369717466
109965685131483
103303657327807
100850806957707
101665110092964
99471857949283
96178504634872
97233048256233
95677981719990
96860458532737
94206548355394
93726197095114
90441044010687
89717546633047
90077824665836
88267499239578
82075213280394
82645534151580
80334110328427
80743713532600
83020823104050
83260950108984
79648625057579
77965378153074
75324690338568
78190204757763
75067482343071
72622489894075
72904356467142
72661225199889
73085627547450
70442249850790
67868831942570
68110025380460
66409743599165
66182105289312
65791833807344
65099406093555
65986560890515
61627426217373
62852318018892
62568427943347
60516871011637
59956894804701
59520146784701
56474298844811
59651193925817
54265716566275
56627410151613
56264279607425
55862698361013
54560249595193
52898922358814
51763213087268
50494387351110
51341837453534
52532536629494
48899825272368
49414193592312
47517080533125
47201483091487
47945311225734
45029049697179
47108494360176
46595671098070
45177635337833
43528129550580
42883704256671
41981832207906
43162149959415
43564541822592
41853422987689
41486086322065
41348669985625
41635275936001
41991750706209
37454084829775
39450237032738
39520362960732
38502246109995
37304810956002
37903417379705
36124101213530
35365809043967
35048023338909
35728712391807
33836571130767
35676223647778
36129200337813
34533119812272
36503344409384
34298470440945
34665820102055
32183894051751
34345303641564
31080498259342
31936134023986
32145340840946
29653150313702
30444136544542
31164914719610
29745298558301
29535152423524
29008138926905
28316178225113
27909274682736
29035800309027
28633846624737
28248375163007
25955035956974
25101606708354
26551934596139
27359715497477
27150286410458
24493683050047
26179478785486
26419747306656
26787350575197
24209957588394
24728442996222
24042692963814
23438316765654
25701173320406
23053344957812
23438504405585
24733005171864
22931342924451
22642698217710
22217944017664
22497553925783
22066363774967
21518948516077
21746641776855
21727461987791
21392344537860
21436056815831
20250804341275
19603949621968
20731500847559
18803773243384
20369288107330
18942318117148
17710393987270
18409159557506
19274407949540
18849039691821
17338996942650
17738313656844
18241588223015
17859484081991
18350838087475
17545101944133
15739893723441
17380921228705
17679555166055
16536703545577
16180419268576
16854500303855
15838957015655
16394483292688
16347653025764
16210693926776
15529125001338
14875216119473
14982250470116
13260475135837
15547782126890
14590270316506
14481943244997
15052337027371
14574843891186
14481006943817
13875246796524
15205980047582
14058686003681
14057423953865
13687769695409
12471614487556
12918906478458
12398591581508
13283642380992
12219807715523
12840341418022
11911089309817
12544615286398
11604258821677
10870725548724
11024406776324
11402861170265
11116385598501
11366384469847
12363350383106
10801345123145
11832249757259
11071969091287
11276252713912
10275459991666
10391621047864
11007088876518
10852627979977
10288262888860
10312453468618
10410539976053
9987202243738
9645164945511
9396526484488
9360873425080
10218533111016
9376584445565
9816156296579
8907184178244
9076141879652
9056280268207
8926183486501
9082934060328
8156074092551
8425360107543
9574977933752
9115030590483
7981442602108
7795723698461
7947250984073
7479938178475
7542496061105
7703941536784
7100593534826
7679754825403
6872775474701
8041544763501
7648610852008
7347317965544
7466247004950
7346356114793
7587952742757
6762209717153
6740577405653
7274975969598
6260347605751
7006248308301
5855480850640
6905755485459
5676241169275
6045447525368
6518053751671
6554974348971
5938879851416
6040119611659
6375174684247
5854586670075
5325361489401
5310832221078
5551150821318
6424381502780
5229663227939
5482719165167
5454029993079
5414394156335
5299842988742
4460488399987
4941999645869
5605197517071
4529915958901
5079705196609
4534175023386
4834471952487
4954810282965
4825815971262
4577498118570
4865501039388
4269153555799
4858967135981
4502864424002
3733538579325
4311066747370
5131695251509
4520463071705
3866367844270
4074321751357
3997928107537
4715620529693
4083715019282
4108653053455
3964303900726
3965436568498
3873832125394
3408520401837
3542679131268
3529819345652
3634267885209
3540326791183
2881041250893
3344046471016
3507741152200
3756083960397
3606340808036
3266776852119
2984199636221
3259363441744
3700307479818
3356817010599
3238104238669
2740036357263
2840539893154
2852489515216
2988378133011
3028392247338
3038714865560
2904756489222
2927278352625
2776036663569
3032722116228
2992263453894
2357807051360
2545571388440
2360495504298
2204870185170
2488473418144
3171813142376
2267621607032
2415958268447
2234176626789
2317638607986
2918899937435
2464279374376
2520847949292
2506637210491
2263712950806
2627615244280
2479867813655
2520616019182
1930744626325
2388717097997
2326134205918
1920865980909
2139044937931
1852366942633
2027043405238
2076552273010
1761136430506
2154751947588
1872953824641
2085622366061
1828150340267
2370486507310
1511341105589
1774282916437
1949305288130
1492786129609
1989286363936
1490364456449
1409546551326
1602648182943
1442778130739
1629203912759
1574352557776
1560209923392
1409645541433
1543872545394
1729265533181
1168176227630
1280766956626
1213170551884
1459811079040
1553158052206
1221050078038
1418956445132
1487970564129
1361848743281
1408305369557
1232533799583
1097958460386
1162363197385
1202927761565
1398633923514
1357397032071
1073726172560
1294223096873
1174385251829
1283532781922
1406116578221
953538539562
1046075002412
1011346167142
1100905875815
1094640913427
713366268876
1199163167766
1108565026643
1079799626395
1103905111085
760098197206
794923729271
877019032040
1114501156697
788854938015
920620072415
790899013726
905776926234
873433651246
800765084371
799925021687
643022285726
738007056030
709843661882
669103835599
623740552569
684121950738
725364110389
671468376550
650356524130
717180713379
833678325310
648385765165
610908646862
543716727626
625487422489
527969180062
444480263116
784340203152
622487091271
784309865456
784049992176
542524949122
758244710580
539805438468
556319396934
659386475578
452926634396
574092968802
716199506341
377951121977
501645437061
469160759353
389230700102
474787432441
485043366268
509967095887
496874749175
497547748635
388528205821
617514641908
512249752153
334629144063
344491579627
368083348574
329861238359
288434612647
227804439957
291065941358
432241742998
268682739441
413183711543
303326734001
248644163887
446819754764
334779822882
372413877224
373229383882
339844965143
513023957312
256566170273
315865456914
375022778434
444523964366
185037777891
209712293860
386349275254
343338018870
296809376468
160477566738
230202899455
168683880400
276270191085
165838642405
159630360667
205675290347
125637608004
290373944190
120261448744
152641661016
205474592638
236358767598
148337185476
177288721808
265509809475
151940668247
226106186951
136595157299
270539338683
160721423320
209686583310
91342394713
128435521639
147038574469
214020282887
171093347146
130578943698
102526097862
150313354409
180791128333
110055765634
193690237579
117592375804
173355123049
111284529355
120967387477
102164409109
119891930405
206862778101
126403739127
95289292937
181146380099
137425817514
26395496658
173230355803
60520745031
85432535138
97107656718
106042230767
129453060635
154957765309
167870872126
129512914464
91119457339
140474085441
77004375272
112180234325
185304308030
122138944774
120625558695
90582363720
117865357699
69293758958
91704422346
101426431248
85901649946
104143443777
32332239433
64458987740
58872208023
106179017204
57284793235
85457910958
120106388068
55165903074
139081650602
53988217356
102459176846
94690711822
144836083133
86507427472
53551068384
50986572829
76277730455
65508372663
94087545831
96140124804
23313606362
64034692643
147363120251
99390548760
102148179183
9038645227
50833323697
40671823145
117410638319
131999313876
55511428054
34777211183
29820613250
59925836233
49363936238
33039317231
57831092920
55861915026
94007612170
57863255882
70474007602
24900274628
40866071721
79100772844
54680324367
42556198436
6918670344
28864689335
34919557580
109620577865
6663908460
23268513185
131921410558
38025304372
28643293333
21042577694
23859274826
71987660250
43280601307
46141058056
36205323695
25791622720
45328050582
52247881455
9852015242
12907974311
7669387398
57001767786
30884185605
48626746940
52453120177
20757192137
0
35135554657
22885070849
11109739672
16606126249
25321120776
4539199922
19474907614
33301247144
10576660790
10603994992
13879057795
52471087826
3300977098
29970687500
68931512709
9846693562
0
8265809829
46651456316
32627082792
14509202472
27606395146
10541036771
4731643624
21930948247
2967559275
21256224279
37598726549
4726180862
16078885954
6140620805
34661211415
5382464356
9375042460
29941043555
21760717431
24534148657
15367765016
50584005700
0
0
22133524929
25045532452
10281402587
28011815504
19851621866
0
8030326577
0
5611837502
0
0
19144665710
9149149645
4632777774
12123999462
3139045096
0
12537094534
3616174713
15138390019
10884925826
0
14090947533
0
0
4880009931
6731075120
0
5751119579
6794821169
7241057123
9257709727
13362627095
0
5399215600
7490290722
0
0
0
0
10980411000
4808103273
10797696337
0
8024725516
0
7483098774
0
0
0
0
0
0
3248157603
4558189567
0
0
0
0
4346539806
3727436525
0
0
0
0
3905987189
0
0
0
0
3628025090
0
0
0
0
7882418091
16209509974
0
0
0
6925209630
0
0
0
0
0
0
0
0
0
0
0
0
0
0
0
0
0
0
0
0
0
0
0
0
0
0
3258048916
0
3124983851
0
0
4783635242
0
0
0
0
0
0
0
0
0
11139855843
0
0
3267027714
0
0
0
0
0
7088494765
0
0
0
0
0
0
0
0
3227611368
0
0
10478063291
0
0
0
0
0
0
0
0
0
0
0
0
3679519476
0
0
0
0
0
0
0
0
0
0
0
0
0
0
0
0
0
0
0
0
0
0
0
0
0
0
0
0
0
0
0
0
0
0
0
0
0
0
0
0
7930838578
