5.943623204947990000e+14
5.223890718022770000e+14
4.494298352011970000e+14
4.018464047387340000e+14
3.548620268957310000e+14
3.149922660693750000e+14
2.712830300449070000e+14
2.479051558749710000e+14
2.227015058328520000e+14
2.246756060016750000e+14
1.976307426581880000e+14
1.834143946918800000e+14
1.671749658454090000e+14
1.483448680300530000e+14
1.482260617690650000e+14
1.343103205127580000e+14
1.282186286516770000e+14
1.139052366786230000e+14
1.085917300370560000e+14
1.047314610236520000e+14
9.500159673972900000e+13
8.838133450372200000e+13
9.409237976794000000e+13
8.358726280910100000e+13
8.506832516868600000e+13
7.859965318414600000e+13
6.912912485883400000e+13
7.111247800557100000e+13
6.139880425422500000e+13
6.936300739448000000e+13
6.155742053233800000e+13
5.765311828755600000e+13
5.603169603218700000e+13
5.412930831219300000e+13
5.449599488940700000e+13
4.886017195588500000e+13
4.837788447828500000e+13
4.482778053594300000e+13
4.157658937361900000e+13
4.023107071422200000e+13
4.691803306502400000e+13
4.263799417510800000e+13
3.558380013707000000e+13
4.086330227523600000e+13
3.906685044202000000e+13
3.703596446397400000e+13
3.252866381090400000e+13
3.660457086749300000e+13
3.444682856719300000e+13
2.967504765995900000e+13
2.991093069075800000e+13
2.861620327168800000e+13
3.009893920175300000e+13
2.677585989816900000e+13
2.627467269786500000e+13
2.865923076321400000e+13
2.450511605805200000e+13
2.386934462186300000e+13
2.686595580712000000e+13
2.418863185018600000e+13
2.711219795392500000e+13
2.218709436186700000e+13
2.237614022778500000e+13
1.879051836515800000e+13
2.269745085400700000e+13
2.112822272153300000e+13
1.974786717432900000e+13
2.088782417467900000e+13
1.903500334854300000e+13
1.840382332464600000e+13
1.894931709913300000e+13
1.693554900535600000e+13
1.673357248852800000e+13
1.832030623964200000e+13
1.569988931806700000e+13
1.918004013111600000e+13
1.624560163545300000e+13
1.845622144170100000e+13
1.724948808283100000e+13
1.669157130793800000e+13
1.680545058406000000e+13
1.473937840078400000e+13
1.454305525164300000e+13
1.193786643544500000e+13
1.447916642502700000e+13
1.436510672638800000e+13
1.268841175251200000e+13
1.201137121926800000e+13
1.358242952027800000e+13
1.240489507284100000e+13
1.296248286098700000e+13
1.131385318477400000e+13
1.291522416389900000e+13
1.227554204696200000e+13
9.687169011166000000e+12
1.013693049785000000e+13
1.309417378658700000e+13
9.819300401289000000e+12
1.300888914840500000e+13
1.027166684804200000e+13
1.255958186904400000e+13
1.029901840841900000e+13
1.069019880392200000e+13
9.566855253734000000e+12
7.827061367109000000e+12
7.340461298244000000e+12
8.921123434310000000e+12
7.687399676803000000e+12
8.733006467286000000e+12
9.705463013611000000e+12
9.278386034017000000e+12
9.666460861450000000e+12
7.671254240822000000e+12
8.626820583202000000e+12
8.287612004720000000e+12
8.729778164755000000e+12
8.676335495379000000e+12
6.869362734617000000e+12
6.882459595718000000e+12
6.413822588425000000e+12
7.873197441112000000e+12
8.248709990999000000e+12
7.396213069568000000e+12
6.796396037692000000e+12
6.375571808267000000e+12
4.921164221588000000e+12
5.840100645082000000e+12
5.602409440117000000e+12
6.394115326916000000e+12
5.937374237593000000e+12
5.511768169727000000e+12
5.787100890104000000e+12
5.118892821213000000e+12
5.052513591995000000e+12
5.282847114043000000e+12
7.598496637616000000e+12
4.826524689511000000e+12
3.650268594882000000e+12
5.209866390192000000e+12
4.597682761344000000e+12
5.222366972851000000e+12
5.037101657217000000e+12
5.590676552206000000e+12
3.185711489150000000e+12
5.650537439908000000e+12
4.344176735285000000e+12
4.923837522475000000e+12
4.324534923839000000e+12
5.843495474700000000e+12
5.040649297893000000e+12
3.922137565522000000e+12
2.702742277036000000e+12
5.204889391479000000e+12
4.093350337954000000e+12
3.066736769410000000e+12
2.716726828350000000e+12
4.357124354677000000e+12
3.892826617188000000e+12
3.810180781434000000e+12
3.421828053148000000e+12
3.504024120068000000e+12
4.638584231219000000e+12
5.168004872011000000e+12
5.722347048234000000e+12
4.451439036317000000e+12
3.024958616765000000e+12
2.316663533350000000e+12
4.328231459179000000e+12
4.645028813863000000e+12
4.908115862978000000e+12
3.224321049870000000e+12
3.862335624379000000e+12
4.111123278250000000e+12
3.645112491075000000e+12
3.366188377092000000e+12
2.793800194866000000e+12
3.402141158017000000e+12
2.379917670214000000e+12
2.916627195506000000e+12
2.519975974950000000e+12
3.410857851571000000e+12
2.693589121125000000e+12
3.080396789129000000e+12
3.050976923045000000e+12
3.032361201730000000e+12
1.871730737180000000e+12
2.563287671649000000e+12
4.081515450118000000e+12
2.491243409728000000e+12
1.969143955895000000e+12
1.385284338753000000e+12
2.264241507999000000e+12
2.489658562795000000e+12
2.064706590655000000e+12
3.070469935183000000e+12
2.463042147714000000e+12
2.345389642355000000e+12
2.120042855738000000e+12
2.446295246198000000e+12
2.281018640209000000e+12
1.564087038285000000e+12
1.121905424791000000e+12
1.933499320172000000e+12
2.261060444990000000e+12
1.937254567772000000e+12
2.159709256691000000e+12
1.396151599938000000e+12
2.420183527699000000e+12
1.524907180420000000e+12
1.412416048590000000e+12
1.975546425072000000e+12
2.219845751202000000e+12
2.137449992306000000e+12
1.755889426773000000e+12
1.580758998832000000e+12
1.497329070685000000e+12
7.716449126450000000e+11
1.950548118649000000e+12
2.824410489722000000e+12
1.014395858189000000e+12
1.695400751413000000e+12
1.200337303784000000e+12
1.061554440248000000e+12
1.470082105879000000e+12
1.262545190444000000e+12
1.861500087128000000e+12
1.066798422026000000e+12
1.361835772482000000e+12
1.216500852100000000e+12
9.214038372820000000e+11
6.484417973700000000e+11
2.811817171949000000e+12
2.009081447397000000e+12
1.500421629730000000e+12
9.002529778380000000e+11
1.128606570147000000e+12
1.845078965023000000e+12
7.667140960800000000e+11
6.693224677280000000e+11
7.606497649610000000e+11
1.350379466757000000e+12
1.215593284324000000e+12
1.500421629730000000e+12
1.211185070673000000e+12
6.117655372870000000e+11
1.060753771269000000e+12
1.511151052189000000e+12
6.402342973390000000e+11
1.526952018384000000e+12
1.224500325031000000e+12
1.398226699194000000e+12
7.370852410020000000e+11
1.221190042546000000e+12
7.831860191600000000e+11
1.072535897309000000e+12
1.500421629730000000e+12
6.001686518920000000e+11
1.511039149344000000e+12
6.001686518920000000e+11
9.002529778380000000e+11
1.212663424985000000e+12
7.502108148650000000e+11
9.671823366460000000e+11
1.928476430116000000e+12
7.623647890280000000e+11
9.299063697600000000e+11
1.500421629730000000e+11
7.074460195660000000e+11
1.650463792703000000e+12
1.262914273616000000e+12
9.280541380350000000e+11
7.502108148650000000e+11
8.552286080930000000e+11
7.676184586890000000e+11
7.621867209790000000e+11
1.065401625317000000e+12
6.791296104480000000e+11
6.149368098040000000e+11
3.106036057340000000e+11
6.001686518920000000e+11
6.001686518920000000e+11
6.106702385790000000e+11
4.745118078250000000e+11
1.050042511616000000e+12
4.501264889190000000e+11
1.087014265535000000e+12
3.246254700880000000e+11
7.502108148650000000e+11
1.166665354600000000e+12
1.050295140811000000e+12
4.668581210170000000e+11
1.060874747813000000e+12
3.282566176670000000e+11
1.617148665500000000e+11
3.000843259460000000e+11
1.065228797809000000e+12
