1.756863225908030000e+14
1.656124356414360000e+14
1.589910251677770000e+14
1.509687392200150000e+14
1.392716998004860000e+14
1.332654432173350000e+14
1.289988166160040000e+14
1.224083911474870000e+14
1.149622608041220000e+14
1.105184388251480000e+14
1.020619837262470000e+14
9.688975346210900000e+13
9.746421326277500000e+13
8.889855889478500000e+13
8.264375492054700000e+13
8.335473268504200000e+13
7.964844416690400000e+13
7.727304490091900000e+13
7.343276602469200000e+13
6.973135959774300000e+13
6.627501715414500000e+13
6.367601714316500000e+13
6.164577731548900000e+13
5.717371546250500000e+13
5.603172674986800000e+13
5.498891885276600000e+13
4.819142220295200000e+13
4.812669922327900000e+13
4.753484764634500000e+13
4.636404465735000000e+13
4.268627375276100000e+13
4.028520580303600000e+13
4.026189701444600000e+13
3.937232557845200000e+13
3.642021473734600000e+13
3.537180886221600000e+13
3.350409522705400000e+13
3.278516337311300000e+13
3.032834343121000000e+13
2.882446784048400000e+13
2.806607926358700000e+13
2.801515031381000000e+13
2.634008066211100000e+13
2.612723273428800000e+13
2.493593470512100000e+13
2.314374473860200000e+13
2.279014727676000000e+13
2.181730368831100000e+13
2.227645771497600000e+13
2.088757162457300000e+13
1.935161386895800000e+13
2.007906179650500000e+13
1.808436115131300000e+13
1.834887836671100000e+13
1.785448276175600000e+13
1.598171483152800000e+13
1.598129677510300000e+13
1.561580513944100000e+13
1.453674274569600000e+13
1.447445373983000000e+13
1.503077103276900000e+13
1.424964878372200000e+13
1.308993150814700000e+13
1.259365520863500000e+13
1.240322205046600000e+13
1.226566528922400000e+13
1.179854170935400000e+13
1.143624136496800000e+13
1.100874753527600000e+13
1.052121677715700000e+13
9.130942678188000000e+12
9.735225897068000000e+12
8.944936325511000000e+12
8.515440677139000000e+12
9.108908807809000000e+12
7.541232254693000000e+12
8.427131045158000000e+12
7.647245069851000000e+12
7.842828914750000000e+12
7.165374152626000000e+12
7.209030455829000000e+12
7.619418671710000000e+12
6.892969656152000000e+12
6.494320553445000000e+12
6.688741864265000000e+12
5.937893553097000000e+12
6.001184650758000000e+12
5.314489176808000000e+12
5.722274453582000000e+12
5.630251381372000000e+12
5.318224070964000000e+12
5.507615044786000000e+12
5.397547924679000000e+12
4.729369241607000000e+12
4.467180454754000000e+12
4.624682339753000000e+12
4.654494226685000000e+12
4.235155045616000000e+12
4.180499756630000000e+12
3.512116566579000000e+12
4.012611733326000000e+12
3.626457392925000000e+12
3.652003495853000000e+12
3.727483693487000000e+12
3.200704736550000000e+12
3.471096932623000000e+12
3.293625554236000000e+12
3.451275520702000000e+12
3.440793707260000000e+12
3.209623294633000000e+12
2.558253706456000000e+12
2.859354412411000000e+12
2.701591919470000000e+12
2.915446662556000000e+12
2.659467158641000000e+12
2.642635738554000000e+12
2.562380978320000000e+12
2.393882535530000000e+12
2.367876738955000000e+12
2.424673167202000000e+12
2.020065573725000000e+12
2.228901113308000000e+12
2.123513114899000000e+12
1.860888938373000000e+12
1.993566441043000000e+12
1.958112219627000000e+12
1.769392764324000000e+12
2.021236389653000000e+12
2.195219223588000000e+12
1.997510570134000000e+12
1.541734258356000000e+12
1.635640295959000000e+12
1.716477465380000000e+12
1.588211612613000000e+12
1.427463152012000000e+12
1.338599940781000000e+12
1.691365404841000000e+12
1.665234772076000000e+12
1.548133121521000000e+12
1.342938571278000000e+12
1.274950448198000000e+12
1.403117858992000000e+12
1.205725957290000000e+12
1.173376107510000000e+12
1.342385746968000000e+12
1.090896776252000000e+12
1.086451128238000000e+12
1.008357164462000000e+12
1.200009560223000000e+12
1.146112578125000000e+12
1.039264757614000000e+12
9.026711937140000000e+11
1.323192149628000000e+12
8.932390862480000000e+11
8.450675086090000000e+11
1.066106513934000000e+12
1.029589172389000000e+12
9.136191424960000000e+11
8.832670742770000000e+11
7.115696870140000000e+11
5.853972658570000000e+11
7.533885642160000000e+11
8.347705973900000000e+11
7.172215264270000000e+11
6.174734117220000000e+11
8.704849736820000000e+11
6.251397855320000000e+11
6.644222751370000000e+11
6.683349155720000000e+11
6.945189632650000000e+11
6.155352137550000000e+11
5.960990239830000000e+11
5.228740408800000000e+11
6.868328120630000000e+11
5.991128490180000000e+11
3.327596084120000000e+11
3.660843679990000000e+11
5.824463039980000000e+11
3.115651160750000000e+11
4.568974068230000000e+11
4.617521149260000000e+11
3.939619527790000000e+11
4.575757418330000000e+11
4.783790360150000000e+11
4.180366767160000000e+11
4.786420299430000000e+11
3.754911093730000000e+11
4.222401861430000000e+11
4.365963706110000000e+11
4.031083640200000000e+11
3.593566193200000000e+11
3.938290076590000000e+11
2.895896800520000000e+11
3.427071841930000000e+11
3.277747807640000000e+11
3.211076645390000000e+11
3.839979785680000000e+11
2.892734298400000000e+11
3.239450146060000000e+11
4.191875506160000000e+11
1.686020232250000000e+11
2.429514730670000000e+11
2.186880629450000000e+11
2.238513113750000000e+11
2.582015280940000000e+11
3.817589105950000000e+11
2.518027254760000000e+11
1.799374901290000000e+11
2.039491461440000000e+11
2.222347874390000000e+11
2.283001234260000000e+11
1.958412222580000000e+11
2.122561275000000000e+11
2.106103396970000000e+11
2.792344592890000000e+11
3.054354075130000000e+11
1.855148050760000000e+11
2.514080015460000000e+11
1.998442798070000000e+11
1.919038627010000000e+11
1.605777949270000000e+11
1.698474993740000000e+11
2.637051203050000000e+11
2.198648243520000000e+11
1.483744908920000000e+11
1.457319151700000000e+11
2.332482151440000000e+11
2.036732353170000000e+11
1.173755235470000000e+11
2.452013209210000000e+11
1.709955717150000000e+11
8.891752103400000000e+10
8.421045325400000000e+10
2.084619947180000000e+11
2.738809168200000000e+11
1.325900774670000000e+11
1.765503401880000000e+11
1.020307573960000000e+11
5.503479312800000000e+10
8.006886051400000000e+10
1.138750290860000000e+11
1.998120093760000000e+11
1.089962826480000000e+11
9.259632196200000000e+10
2.328351549950000000e+11
1.617782293890000000e+11
1.013198287000000000e+11
8.425430738000000000e+10
8.086182297600000000e+10
9.395782177600000000e+10
1.446745937720000000e+11
2.041791331140000000e+11
9.938438182400000000e+10
1.315322390730000000e+11
6.190909907500000000e+10
6.549057371700000000e+10
1.208507419460000000e+11
2.287219955600000000e+10
1.066551187840000000e+11
3.404718391100000000e+10
8.925367007500000000e+10
3.948056776400000000e+10
2.666063481600000000e+10
1.807181798060000000e+11
5.811681878300000000e+10
7.027991804300000000e+10
8.601116849000000000e+10
1.540238635430000000e+11
1.142170230650000000e+11
6.728004385600000000e+10
9.113853198800000000e+10
2.257579951000000000e+10
6.743003023100000000e+10
8.076757662500000000e+10
1.628830656400000000e+10
1.357553266590000000e+11
5.063994948100000000e+10
4.521893912600000000e+10
1.247738008400000000e+10
3.289049380900000000e+10
3.911825074400000000e+10
2.578079134400000000e+10
1.350767968010000000e+11
6.385458923500000000e+10
9.025109263000000000e+09
3.472513687200000000e+10
7.108437915000000000e+09
4.392958093600000000e+10
4.244079570100000000e+10
3.015067201600000000e+10
1.138219255300000000e+11
6.356841666400000000e+10
1.748804367300000000e+10
2.228643254000000000e+10
6.578007072400000000e+10
1.965364485800000000e+10
1.849926864600000000e+10
7.356852044500000000e+10
4.102361557300000000e+10
5.279197226800000000e+10
3.067239663700000000e+10
2.861064361400000000e+10
2.008570228500000000e+10
1.158192982100000000e+11
4.049212096800000000e+10
1.066417143740000000e+11
2.842178057000000000e+09
2.512822430800000000e+10
8.607378472000000000e+09
1.711102454600000000e+10
4.158297014300000000e+10
1.063202393700000000e+10
7.851438981000000000e+09
8.440639490500000000e+10
2.340452672500000000e+10
3.948918044600000000e+10
3.413938700000000000e+09
8.796508783500000000e+10
1.530524377000000000e+09
1.655390135500000000e+10
3.035989002000000000e+09
1.328347513800000000e+10
1.113611317900000000e+10
1.104668322800000000e+10
5.886892471000000000e+10
6.137615089000000000e+09
3.080743826600000000e+10
1.367320200200000000e+10
1.039953197540000000e+11
6.961806516500000000e+10
5.414164977700000000e+10
3.600489496700000000e+10
1.638303792000000000e+09
1.684825717000000000e+09
1.883242728900000000e+10
8.712537074000000000e+09
5.293988138700000000e+10
3.551342493700000000e+10
8.034587875000000000e+09
5.078863055200000000e+10
