6.856813748438200000e+13
5.919981812619200000e+13
5.364022385563200000e+13
4.708611230315900000e+13
4.333045155765200000e+13
3.860604425128000000e+13
3.364553301620400000e+13
3.178269356689900000e+13
2.907219691642200000e+13
2.799036330437700000e+13
2.424800242705400000e+13
2.144462940972600000e+13
2.129728408300500000e+13
1.791423443790500000e+13
1.843944590758900000e+13
1.424056221360500000e+13
1.666285402819500000e+13
1.426715446313000000e+13
1.390006053683000000e+13
1.092634946750500000e+13
1.056985596251700000e+13
1.008145118556800000e+13
9.532187974420000000e+12
8.316144993161000000e+12
8.608763938488000000e+12
7.721087898916000000e+12
6.187907003323000000e+12
6.086868658996000000e+12
6.219378014617000000e+12
5.515415996134000000e+12
5.309854294885000000e+12
4.793445307966000000e+12
5.392244633020000000e+12
4.797269963750000000e+12
4.889147504635000000e+12
3.908791897377000000e+12
3.441414549283000000e+12
3.417851997629000000e+12
3.328725378833000000e+12
3.259937835273000000e+12
2.534176711649000000e+12
2.875667633719000000e+12
2.880364507196000000e+12
2.900379327966000000e+12
2.451082030696000000e+12
2.351460453899000000e+12
2.294164966482000000e+12
1.879929648659000000e+12
2.297631221888000000e+12
1.871010385377000000e+12
1.878127125403000000e+12
1.817293426591000000e+12
1.523089142158000000e+12
1.915923856335000000e+12
1.645292770310000000e+12
1.060188982038000000e+12
9.444847092160000000e+11
1.411984672005000000e+12
1.169491593814000000e+12
1.301786820216000000e+12
1.649299124164000000e+12
1.507075244994000000e+12
1.168704600700000000e+12
1.019072865636000000e+12
9.073495472480000000e+11
9.451349333740000000e+11
1.021147765296000000e+12
6.723620528430000000e+11
1.282053905787000000e+12
7.457592603820000000e+11
8.137367957250000000e+11
1.158900091102000000e+12
8.536704253360000000e+11
6.843436880060000000e+11
7.949628247890000000e+11
9.424551097700000000e+11
9.709542031080000000e+11
5.646835167450000000e+11
8.149869254220000000e+11
1.040534929305000000e+12
7.939975030520000000e+11
5.871764296440000000e+11
7.979918774160000000e+11
6.405593410850000000e+11
5.299991623220000000e+11
4.047431961640000000e+11
7.336742097970000000e+11
6.071691459680000000e+11
6.760294791190000000e+11
6.014220123790000000e+11
4.493451428140000000e+11
6.606913119580000000e+11
5.257087976550000000e+11
4.963745019070000000e+11
3.660124531690000000e+11
5.755221745900000000e+11
6.728823721030000000e+11
3.732325600720000000e+11
6.439883958430000000e+11
4.932796211410000000e+11
4.452621013550000000e+11
4.493732910280000000e+11
3.853177327770000000e+11
3.051769425400000000e+11
5.643213339670000000e+11
3.491732540740000000e+11
3.510257103920000000e+11
4.558360599420000000e+11
3.825307748760000000e+11
5.358003751570000000e+11
3.149380474390000000e+11
6.292323021570000000e+11
4.392219323710000000e+11
2.616813451230000000e+11
5.555226641040000000e+11
5.769378927170000000e+11
2.962594551650000000e+11
4.237930402470000000e+11
3.451007724680000000e+11
5.046218222470000000e+11
3.350033104520000000e+11
4.277604293830000000e+11
2.914883692820000000e+11
4.562126452590000000e+11
5.435256613180000000e+11
3.604490714970000000e+11
2.206856046530000000e+11
3.144641028820000000e+11
3.255681259200000000e+11
4.221091476470000000e+11
2.635448395550000000e+11
2.395866980530000000e+11
5.111272542820000000e+11
3.727097383170000000e+11
2.933548863430000000e+11
4.790344662020000000e+11
3.001313550340000000e+11
4.354587103430000000e+11
3.231798805820000000e+11
3.168558349260000000e+11
2.244250231610000000e+11
3.302547175230000000e+11
3.916790606640000000e+11
2.603999460670000000e+11
4.078083662060000000e+11
3.665617004750000000e+11
2.621038972270000000e+11
1.417242126580000000e+11
2.484951283730000000e+11
2.540504244600000000e+11
3.982851761020000000e+11
3.115325882870000000e+11
3.129375082630000000e+11
1.584268504160000000e+11
3.180054556140000000e+11
2.450978495440000000e+11
2.560188959840000000e+11
3.610928258440000000e+11
2.873923556760000000e+11
2.658597281500000000e+11
2.765040539000000000e+11
2.726288545580000000e+11
2.120547001070000000e+11
1.284865157610000000e+11
3.178405272710000000e+11
2.184901567400000000e+11
4.848694857360000000e+11
2.455625141250000000e+11
2.796821582140000000e+11
2.335146737930000000e+11
2.023431003500000000e+11
1.742175648230000000e+11
2.027121246270000000e+11
1.939150395700000000e+11
2.268297076460000000e+11
2.056547064940000000e+11
1.987472919190000000e+11
3.408435747090000000e+11
6.180858071100000000e+10
3.298081974090000000e+11
5.135831469720000000e+11
2.207330863430000000e+11
2.151411817570000000e+11
2.503426162910000000e+11
2.597861092160000000e+11
1.729424785740000000e+11
1.927456078310000000e+11
1.442555987290000000e+11
2.780725286140000000e+11
3.107417869380000000e+11
1.297295735050000000e+11
1.829975134830000000e+11
1.663374537660000000e+11
2.725045086530000000e+11
1.858676888730000000e+11
2.671975462920000000e+11
3.093008318840000000e+11
2.636751957530000000e+11
1.022667068600000000e+11
1.851765068630000000e+11
2.108544139300000000e+11
3.123256153390000000e+11
2.578664931840000000e+11
2.323986037440000000e+11
2.690978997290000000e+11
2.914002426600000000e+11
2.885104687020000000e+11
2.626041823160000000e+11
2.516148864120000000e+11
2.340627052340000000e+11
3.668334349190000000e+11
1.448897892690000000e+11
1.741369663740000000e+11
1.025231297650000000e+11
2.603593085200000000e+11
2.051622011470000000e+11
1.787199241410000000e+11
3.228714490570000000e+11
2.544236039230000000e+11
1.191160563850000000e+11
1.368638352640000000e+11
2.356322316280000000e+11
1.898192611480000000e+11
1.265330527680000000e+11
2.425263722360000000e+11
5.021307290010000000e+11
2.833672980470000000e+11
2.262312390880000000e+11
2.590710124110000000e+11
1.664945871280000000e+11
1.328894713460000000e+11
1.860902123560000000e+11
2.212758124050000000e+11
1.969114949360000000e+11
8.368034870100000000e+10
2.444372233120000000e+11
1.549666658150000000e+11
1.401254096230000000e+11
2.209225280570000000e+11
1.332806958240000000e+11
2.269352071700000000e+11
3.498720956520000000e+11
7.382155909700000000e+10
2.184838648090000000e+11
9.140392310900000000e+10
1.899434853030000000e+11
1.404458809570000000e+11
1.952789441160000000e+11
2.615176035900000000e+11
2.033085368440000000e+11
2.533639587260000000e+11
2.267037764780000000e+11
1.584441567420000000e+11
2.088286571560000000e+11
9.405025379100000000e+10
1.248577332260000000e+11
9.379897318300000000e+10
1.083532992740000000e+11
9.208550904100000000e+10
2.091167243920000000e+11
1.625606932290000000e+11
3.251333655390000000e+11
1.124701626500000000e+11
1.118860390910000000e+11
1.989743226580000000e+11
8.706352338300000000e+10
8.648858509400000000e+10
2.068306521150000000e+11
9.499538922400000000e+10
2.326635520490000000e+11
1.326210834590000000e+11
1.274214343380000000e+11
1.202825568240000000e+11
1.266986519930000000e+11
1.466289431730000000e+11
5.446559132000000000e+10
1.957463919910000000e+11
1.836114998200000000e+11
2.552248474980000000e+11
2.066988044810000000e+11
1.948481652280000000e+11
2.710435639600000000e+11
9.773480475100000000e+10
1.760354455100000000e+10
1.820744230610000000e+11
5.836170859400000000e+10
5.616969447400000000e+10
2.857955025350000000e+11
1.567668756100000000e+11
1.656547024500000000e+11
1.014133927430000000e+11
1.507904529690000000e+11
1.306795672170000000e+11
1.264781813220000000e+11
1.508688052000000000e+11
1.054326306420000000e+11
1.195699694190000000e+11
2.141399141590000000e+11
9.297304879600000000e+10
8.751285562700000000e+10
1.028175239020000000e+11
9.864154572700000000e+10
1.099324698240000000e+11
1.421031532280000000e+11
3.838510929900000000e+10
6.960198075500000000e+10
1.918005467420000000e+11
1.653606877560000000e+11
2.489385359810000000e+11
1.199861715620000000e+11
6.148631954800000000e+10
8.621950364100000000e+10
2.112972047960000000e+11
1.671840717380000000e+11
7.911919839500000000e+10
1.445214443400000000e+11
4.556361162000000000e+10
1.451607674900000000e+11
6.003370352400000000e+10
2.745866152130000000e+11
1.216305078640000000e+11
1.127347347890000000e+11
1.613597471820000000e+11
9.789938598200000000e+10
1.247450548600000000e+11
8.501758903000000000e+10
7.780254081500000000e+10
8.806353232300000000e+10
6.326702896400000000e+10
1.907593540100000000e+10
5.576355899900000000e+10
9.028892385700000000e+10
9.283202421100000000e+10
1.457087640280000000e+11
1.683281665290000000e+11
1.050475742440000000e+11
8.806447189400000000e+10
1.470342932530000000e+11
6.669259360300000000e+10
1.514159536270000000e+11
1.077251911400000000e+10
1.920151528900000000e+10
1.008188233180000000e+11
9.149773842700000000e+10
1.107005934300000000e+11
2.049671233480000000e+11
2.615740810310000000e+11
1.023763712470000000e+11
1.088348148990000000e+11
8.946661038900000000e+10
1.239537926730000000e+11
9.808931740500000000e+10
1.151630862740000000e+11
5.245454256900000000e+10
1.115764086590000000e+11
4.914841650500000000e+10
2.063916642000000000e+10
5.296807714600000000e+10
6.765109808000000000e+10
3.438282450300000000e+10
