224591638052538592
46285684203989152
21915251577757848
13048088283664084
8607726359629224
6082238714475129
4568585346057475
3629777869630787
2988663085208603
2531292492115572
2205788953799101
1974077577409480
1768476893734025
1608312652213408
1473535347562854
1357171804831927
1269869149080254
1190178164689588
1111251614075079
1032632682252209
985920297914059
940720819440874
892778701589669
858040837239701
820091787082136
770105499409561
755853915264259
712654432519493
704539699014720
678479544305048
653968314102493
631611367428125
616834324557950
596681827515015
578164949092836
560510831962953
549925918094822
541130775391263
518680636559484
508060343814931
499972659292885
489600821413491
484625519026047
473392540897399
462226774008197
453001593282263
441440123639499
432910877523307
417062525992796
413509948164853
417312031578231
405583309984027
397331529161525
382341173043553
384686032282135
386252073159117
384510960745825
371731154484532
361351406145959
355436901747185
349343422661088
349400868061484
347802095946035
338590440502000
326915192393378
328366526142637
327966307006963
319069763079788
319232672763361
317422937864504
306593757896664
312332113531271
294325581293389
300085980924081
295043643746421
296211859014890
284581399073087
281895050494844
284609139096695
271185402223303
265948190959433
262971499665551
264462397231399
247970929269428
259463135232677
252412211918053
251949864140602
241351948882805
239191221270235
244695110450983
242179380750331
231972598538798
225838817707345
227850729155831
222331833723359
227538623788105
215205461447392
214163251286539
218487528868251
207231946464454
205466734318426
208824774445752
203448244158456
195078884414019
193063926016239
189234287542939
195487380026527
185208370249165
188991641844679
180697858341496
179449463983007
181180808306606
173305730319558
170795701596395
167722062060655
170027984718269
168356324742090
165867031873558
163013014755915
159736008610684
158558799651844
149851167364805
154021221033351
149000724845453
147732279839699
143651001271968
143345253466900
139899745502764
152796148088352
138001041306606
134025782547284
134418243748639
133687853998820
134684610845744
129266195872599
124575472668285
125612430454005
129400267863826
120194335692085
124452522155252
123382877503964
118656816323171
118530276300647
118903829160109
113696239759147
111995481389686
107343719307032
106106490793865
108087689891034
107326211354755
104012666284915
103551434023515
101588386037424
99384843528905
99777508601393
98844661088784
99721217727778
97103147470918
96290534727673
92980669619301
92295518584407
92233721342113
92339314246361
88353946602014
88475659965157
86224314517329
87702957754980
82169409588190
87198060399710
82618788823551
84557632691586
82435453933194
79439948484902
81286602096252
79158824569158
76313522326163
76665306140137
78600846491605
76624478302330
76855344213466
75584340923447
70497034133992
71103687056711
71330050767869
69805326756307
70863621188929
68053783405777
67554657600481
65425694670018
65210724872185
63723230440681
65394294416627
60679535266497
60224705282113
60805402093651
57944706143569
62386634900469
55841070084262
60413966270408
60812528269625
54791136168329
55274128409747
54390450198922
54112119604415
53260031587526
52390477761744
51839147804062
53059588369822
50501031346799
52158878308487
48406042525695
50158773582538
48847616451881
47623306899973
46938574017149
48227964947404
42393423694904
47775241517998
43148634629334
44005204396425
44155826455204
43094009304680
42890385226225
45002709330252
43485824413079
41054665943898
41775256575522
41798896264331
38165728586119
40883063706312
40782775236763
38450960643893
36163186507688
38423744189883
37381500157239
38189972485030
34765957904076
38049575206666
34259426259795
35976514390974
33458265153339
36054321733553
33090285942481
33365620293683
34272383527550
34298473457965
33883425377603
31584759695614
32892049609374
33348943684682
33126410815947
32686974036242
31461938463351
32574911285735
30759855755361
28754909391305
30327116931013
29452791347792
28504015365129
29867015585450
28936909200470
30262641384362
28407243407556
31484108846406
27841252181997
27469288734245
26346918367355
28015378243215
25876851119079
24729568217778
26988413617250
26764421033487
25784652898175
25532595999095
25603187880654
23313339877604
24473791886047
24129711173984
25146010555118
24719581131107
24132514217942
23155082723555
23905578544602
24033709606532
22959184721296
24732606728096
21973817079765
22483851006717
22148072737917
21320996027245
22410988044606
23192561265909
22495750177020
21487492496836
19499751624973
19048114116621
22301574429239
20828623758007
21922187909467
20907916134969
19109492972270
21203434520418
19763670142167
19519884948817
19307653752270
21129810947654
18111936888169
18727807492580
18946575721737
18374306187290
19506405296834
18853379906798
19650896205264
16493271187213
18830596370892
17478757878266
17623298931085
17902454579526
17166951565373
18559125773026
18807679951511
15257680339281
17924604848608
17092384788360
16798900355787
16792756263737
15263900013350
16948819888855
15762317680373
15668829806008
15169369070998
14446799224559
15560243669881
15271073069528
15735391456747
14343983125500
14786014118420
13898447361149
15817616774675
14503007876084
15596919470585
15519201067124
14591315317959
14107249816449
15086890835638
14623705166924
14424639144177
13928199745879
14462977581186
14028340011722
12877981952165
13559992544662
13461311044692
13267264345653
14478510184200
13445928067744
11544834146061
13017437957624
12332369132063
12243596716168
12148838260787
13928722833941
12195880071652
12509022431228
12024821812548
10885626230522
12518184507173
10290291357901
12931667499362
11626424462651
11162860478033
12168737308384
10402788947233
11482709405082
10832829962572
11943407608071
10521413403574
11258202663183
9996061188547
10319102062602
11674669922066
9691422061013
10816885264371
10557286440168
10745136186346
10351333957642
9286484282690
10804728681865
11307723898505
8592680440531
9955633666924
9261062221336
9744313527456
9024101215809
9239828042163
9003696675437
9715321822496
9082251599978
9471281624534
9011210020031
7816047328171
8429386160260
7865249934235
9381134218022
8763103167121
8994963260663
8890950146676
7694806968403
8387866248731
8739142005411
7616546784671
7789849100813
8879438793731
8705232864549
6933624896208
7737275857675
8308275425491
7955721744517
7207201287684
7671586867362
7889399167763
7103295107186
7167851438863
6811103749228
7106921579866
7600929738311
7106193373439
6617831086813
6696061407350
6512734529275
6411511656146
6614752030086
5780962929342
6314895664043
6332618735398
6054808678988
6633205562605
6394346669519
5993161439319
5726512230713
6263565250195
6023772330453
5922407679528
5796537201779
5012466193090
6151108598819
6002912848091
5642408957892
5880314179911
6102045486477
5947192442047
4526238645267
4996996058993
6392738584386
4849753520543
5207166609593
4840408796083
5251594344697
4789481237946
5097814566523
5276474017239
5046643502154
4618155229821
4892448060104
5183940415070
5582366922816
4549285813343
4880716755122
4347155216102
4237405413973
3924343999648
5062860371236
4419674430508
4299050336286
4686270348508
4284874307839
4312138100940
4825774428312
4968723081559
3650889487623
4708470394862
3564778001838
4297689517702
3727907936034
4105681287905
3269056998645
3655891593623
3662307674412
3393485889991
4432395377422
3409341649816
3181500956274
3263937787495
3643103851822
3881903659495
3487057393159
3455159076833
3659471149378
3716347778446
2908085994462
3286815428411
3320242165112
3199117952565
3739176046983
3237364837454
3016157578236
2680157306284
2772306203885
3100962295402
3458279879683
3366116239521
3332728428592
3226850425395
3271141952683
3427532881135
2950468269780
3217670993852
2639710159633
2515562234605
2463860937672
2451077905748
2639078890023
3385806265507
2739759761789
2527947503831
2754431547971
2696528426414
2189520785968
2689734895750
2572358366061
2831589853313
2124225117337
2475495875868
2582692677608
2733465821492
2770104601675
2312938715485
2287028432714
2154100911668
2281520645408
2251736918581
2463058026147
2594931813245
2602661236946
2172857472413
2194442867794
2503031912309
2232514135728
1832092916101
2074611701045
2149295740835
2441543960726
2089641205623
2200398714010
2199552951776
2124910782059
1862164805461
2350449382300
1904375076550
2228438708831
2243998131520
2067976884140
1828665426391
1960327203851
1886512250322
1811226687469
1773630754930
1736282454421
1853091974671
1879365778892
1913952498551
1409100996662
1764937005342
1772726955827
1953100639699
1585530041589
1621932050224
1749665727655
1865128371197
1468073846631
1566569502403
1368966581377
1855873454327
1335663249447
1443720176427
1746391616681
1387191901083
1436406890273
1122612288509
1669495781382
1470417482662
1695860518240
1261058384340
1409597563122
1203843305918
1448139258383
1456358307006
1278419646821
1306656397478
1434921654556
1577116016135
1632645596756
1042523914113
1161036243576
1250913233090
1407007467153
1147491508531
1305890692256
1446464887159
1244914127218
1482536541931
1062278305882
1103860497019
1248157638573
1409788527112
1230443773074
1095130212627
1024051243533
1182169802826
1203894221146
977166361431
973983018733
1130239850626
1190726790128
980397464476
829361058136
1113102347427
1035190201420
1043963817252
1287114804157
1234914315091
1161490852063
1027945854818
1013529874667
961252556730
1138654747387
1063498448058
1002537161357
866916253840
941835679974
958069411939
760399833931
920142752092
998249821550
918112971575
875909175837
780518739643
788914794121
803251626968
978331488275
909539672788
816209546191
811378893530
1020498336983
774630239378
714590184757
822901133583
762872062386
570093500490
775257884141
767701905620
798627804144
720011043003
809264478988
659429533511
540281956872
593255855381
492807445938
669598914377
748414635182
547673330603
635297879979
604352839408
656242537163
507180405244
442504641832
599995593701
347497318950
445501011498
518176695026
437042723876
689800085997
516834114026
511430924956
578649923801
525304990340
397866135935
562651040855
542310626292
600822369267
388911835792
351905168273
463778733998
429018083425
406957863879
406719424665
487345432990
366998502239
397860047658
479511241601
492154406268
332633722935
413055374924
376766218788
561291332150
313680550257
327230737658
349549098563
390463163020
292852355448
422051883041
326123622534
518446981980
293144379202
389731481315
417332590545
308318972848
335109229586
395960073598
289131415299
353520195677
412314406602
286081820675
346083724663
255765610361
377620484543
271168200397
277909373827
318825770686
513103155282
273165945972
289899044917
303744364557
477437800635
317312672416
174256661346
167417968188
331569842944
335381454208
322097350495
285093718771
171989264239
260831176914
260896912851
267805362976
316361639005
174301794935
181648116615
373099613242
220000421215
215129193614
210425582898
174841605555
193298276227
185786441976
184670596747
359301338909
169380889308
135578779139
198570062966
312736072473
183883105215
179885104221
236763188436
172912010610
183786493639
102389858872
115429067468
192970740344
186685547237
191597671345
156642613020
141614135586
185568798452
215870313716
236977990381
146441823673
190798661707
169116502421
180322965419
172786334548
135657263579
70112893582
190079830976
146914250485
106569816249
125628995389
143935707299
93236881911
106844993616
167971151568
53854307520
129109716438
127725325907
107097878395
109163222278
94200775517
63677544427
85326512183
110134016846
99355959345
60558522060
74159902323
56055135868
68349209748
40476391409
74966230475
33680793466
107621297354
114695779219
97201764876
33639893342
53353460834
34241220097
56601944107
50672960364
87671094556
45454277354
82827823262
32013356751
75048210794
24629970836
41165653861
108208804183
18737018063
92305595329
32090949744
81374645990
125648407858
75374695781
30477455428
26847146990
80974206872
51776726278
64266206039
48008803232
23796321872
9027154801
69661999405
42005442916
25619834972
84311652654
77318589464
21475185668
51711622193
20886712533
14009413051
19285458935
19215704759
55147751567
41048524063
46258405128
25338171613
19252102069
10731247641
17695561204
46028430294
38580586547
28267601590
45454316584
9017156766
51761436223
35196789689
18150806599
24363527687
24741273534
30150805300
30830726099
12749016065
20626071224
20497803033
48581035139
10547174109
17291443298
0
4118484920
26284618796
42612042077
33737672495
32404527991
7931955610
47369674115
7292766474
25681886318
12489779963
3979240367
37762246651
51531155819
4985587779
27052031708
13290151660
19747452685
16747872730
35986004297
7461454545
12209880224
9035210357
0
10806790017
13847459670
3763965220
7791489359
18798699097
8116665561
28829079215
40783432999
9602061863
23547305717
22316401619
4554440836
13401157320
51067681634
0
27594217260
7779361812
11103806060
3048207246
13817327189
12133266081
16757151422
0
8440470683
12393915956
8118807644
3771901200
9666088948
4917997650
18169127127
7121318260
3718445613
0
13065790859
0
5239691881
5571339393
0
4168586068
0
3927577972
9696609385
0
4758888938
7269162278
13438480756
4016119942
0
0
0
11264883700
5058764953
0
11229157894
4495552385
0
4111706689
3739406024
4898736460
0
3496841764
3344001379
8370886639
0
5610747933
0
0
4201302588
0
0
0
0
8684299125
4246278448
8373299985
4227626445
4335839188
13891244315
17250874241
13285790323
3579829154
3724248854
0
4084459079
0
8354113091
0
0
0
3743341087
0
3628193857
0
0
4567606323
0
0
0
0
0
0
10700477765
