0.000000
1.735000
3.470000
5.205000
6.940000
8.675000
10.410000
12.145000
13.880000
15.615000
17.350000
19.085000
20.820000
22.555000
24.290000
26.025000
27.760000
29.495000
31.230000
32.965000
34.700000
36.435000
38.170000
39.905000
41.640000
43.375000
45.110000
46.845000
48.580000
50.315000
52.050000
53.785000
55.520000
57.255000
58.990000
60.725000
62.460000
64.195000
65.930000
67.665000
69.400000
71.135000
72.870000
74.605000
76.340000
78.075000
79.810000
81.545000
83.280000
85.015000
86.750000
88.485000
90.220000
91.955000
93.690000
95.425000
97.160000
98.895000
100.630000
102.365000
104.100000
105.835000
107.570000
109.305000
111.040000
112.775000
114.510000
116.245000
117.980000
119.715000
121.450000
123.185000
124.920000
126.655000
128.390000
130.125000
131.860000
133.595000
135.330000
137.065000
138.800000
140.535000
142.270000
144.005000
145.740000
147.475000
149.210000
150.945000
152.680000
154.415000
156.150000
157.885000
159.620000
161.355000
163.090000
164.825000
166.560000
168.295000
170.030000
171.765000
173.500000
175.235000
176.970000
178.705000
180.440000
182.175000
183.910000
185.645000
187.380000
189.115000
190.850000
192.585000
194.320000
196.055000
197.790000
199.525000
201.260000
202.995000
204.730000
206.465000
208.200000
209.935000
211.670000
213.405000
215.140000
216.875000
218.610000
220.345000
222.080000
223.815000
225.550000
227.285000
229.020000
230.755000
232.490000
234.225000
235.960000
237.695000
239.430000
241.165000
242.900000
244.635000
246.370000
248.105000
249.840000
251.575000
253.310000
255.045000
256.780000
258.515000
260.250000
261.985000
263.720000
265.455000
267.190000
268.925000
270.660000
272.395000
274.130000
275.865000
277.600000
279.335000
281.070000
282.805000
284.540000
286.275000
288.010000
289.745000
291.480000
293.215000
294.950000
296.685000
298.420000
300.155000
301.890000
303.625000
305.360000
307.095000
308.830000
310.565000
312.300000
314.035000
315.770000
317.505000
319.240000
320.975000
322.710000
324.445000
326.180000
327.915000
329.650000
331.385000
333.120000
334.855000
336.590000
338.325000
340.060000
341.795000
343.530000
345.265000
347.000000
348.735000
350.470000
352.205000
353.940000
355.675000
357.410000
359.145000
360.880000
362.615000
364.350000
366.085000
367.820000
369.555000
371.290000
373.025000
374.760000
376.495000
378.230000
379.965000
381.700000
383.435000
385.170000
386.905000
388.640000
390.375000
392.110000
393.845000
395.580000
397.315000
399.050000
400.785000
402.520000
404.255000
405.990000
407.725000
409.460000
411.195000
412.930000
414.665000
416.400000
418.135000
419.870000
421.605000
423.340000
425.075000
426.810000
428.545000
430.280000
432.015000
433.750000
435.485000
437.220000
438.955000
440.690000
442.425000
444.160000
445.895000
447.630000
449.365000
451.100000
452.835000
454.570000
456.305000
458.040000
459.775000
461.510000
463.245000
464.980000
466.715000
468.450000
470.185000
471.920000
473.655000
475.390000
477.125000
478.860000
480.595000
482.330000
484.065000
485.800000
487.535000
489.270000
491.005000
492.740000
494.475000
496.210000
497.945000
499.680000
501.415000
503.150000
504.885000
506.620000
508.355000
510.090000
511.825000
513.560000
515.295000
517.030000
518.765000
520.500000
522.235000
523.970000
525.705000
527.440000
529.175000
530.910000
532.645000
534.380000
536.115000
537.850000
539.585000
541.320000
543.055000
544.790000
546.525000
548.260000
549.995000
551.730000
553.465000
555.200000
556.935000
558.670000
560.405000
562.140000
563.875000
565.610000
567.345000
569.080000
570.815000
572.550000
574.285000
576.020000
577.755000
579.490000
581.225000
582.960000
584.695000
586.430000
588.165000
589.900000
591.635000
593.370000
595.105000
596.840000
598.575000
600.310000
602.045000
603.780000
605.515000
607.250000
608.985000
610.720000
612.455000
614.190000
615.925000
617.660000
619.395000
621.130000
622.865000
624.600000
626.335000
628.070000
629.805000
631.540000
633.275000
635.010000
636.745000
638.480000
640.215000
641.950000
643.685000
645.420000
647.155000
648.890000
650.625000
652.360000
654.095000
655.830000
657.565000
659.300000
661.035000
662.770000
664.505000
666.240000
667.975000
669.710000
671.445000
673.180000
674.915000
676.650000
678.385000
680.120000
681.855000
683.590000
685.325000
687.060000
688.795000
690.530000
692.265000
694.000000
695.735000
697.470000
699.205000
700.940000
702.675000
704.410000
706.145000
707.880000
709.615000
711.350000
713.085000
714.820000
716.555000
718.290000
720.025000
721.760000
723.495000
725.230000
726.965000
728.700000
730.435000
732.170000
733.905000
735.640000
737.375000
739.110000
740.845000
742.580000
744.315000
746.050000
747.785000
749.520000
751.255000
752.990000
754.725000
756.460000
758.195000
759.930000
761.665000
763.400000
765.135000
766.870000
768.605000
770.340000
772.075000
773.810000
775.545000
777.280000
779.015000
780.750000
782.485000
784.220000
785.955000
787.690000
789.425000
791.160000
792.895000
794.630000
796.365000
798.100000
799.835000
801.570000
803.305000
805.040000
806.775000
808.510000
810.245000
811.980000
813.715000
815.450000
817.185000
818.920000
820.655000
822.390000
824.125000
825.860000
827.595000
829.330000
831.065000
832.800000
834.535000
836.270000
838.005000
839.740000
841.475000
843.210000
844.945000
846.680000
848.415000
850.150000
851.885000
853.620000
855.355000
857.090000
858.825000
860.560000
862.295000
864.030000
865.765000
867.500000
869.235000
870.970000
872.705000
874.440000
876.175000
877.910000
879.645000
881.380000
883.115000
884.850000
886.585000
888.320000
890.055000
891.790000
893.525000
895.260000
896.995000
898.730000
900.465000
902.200000
903.935000
905.670000
907.405000
909.140000
910.875000
912.610000
914.345000
916.080000
917.815000
919.550000
921.285000
923.020000
924.755000
926.490000
928.225000
929.960000
931.695000
933.430000
935.165000
936.900000
938.635000
940.370000
942.105000
943.840000
945.575000
947.310000
949.045000
950.780000
952.515000
954.250000
955.985000
957.720000
959.455000
961.190000
962.925000
964.660000
966.395000
968.130000
969.865000
971.600000
973.335000
975.070000
976.805000
978.540000
980.275000
982.010000
983.745000
985.480000
987.215000
988.950000
990.685000
992.420000
994.155000
995.890000
997.625000
999.360000
1001.095000
1002.830000
1004.565000
1006.300000
1008.035000
1009.770000
1011.505000
1013.240000
1014.975000
1016.710000
1018.445000
1020.180000
1021.915000
1023.650000
1025.385000
1027.120000
1028.855000
1030.590000
1032.325000
1034.060000
1035.795000
1037.530000
1039.265000
1041.000000
1042.735000
1044.470000
1046.205000
1047.940000
1049.675000
1051.410000
1053.145000
1054.880000
1056.615000
1058.350000
1060.085000
1061.820000
1063.555000
1065.290000
1067.025000
1068.760000
1070.495000
1072.230000
1073.965000
1075.700000
1077.435000
1079.170000
1080.905000
1082.640000
1084.375000
1086.110000
1087.845000
1089.580000
1091.315000
1093.050000
1094.785000
1096.520000
1098.255000
1099.990000
1101.725000
1103.460000
1105.195000
1106.930000
1108.665000
1110.400000
1112.135000
1113.870000
1115.605000
1117.340000
1119.075000
1120.810000
1122.545000
1124.280000
1126.015000
1127.750000
1129.485000
1131.220000
1132.955000
1134.690000
1136.425000
1138.160000
1139.895000
1141.630000
1143.365000
1145.100000
1146.835000
1148.570000
1150.305000
1152.040000
1153.775000
1155.510000
1157.245000
1158.980000
1160.715000
1162.450000
1164.185000
1165.920000
1167.655000
1169.390000
1171.125000
1172.860000
1174.595000
1176.330000
1178.065000
1179.800000
1181.535000
1183.270000
1185.005000
1186.740000
1188.475000
1190.210000
1191.945000
1193.680000
1195.415000
1197.150000
1198.885000
1200.620000
1202.355000
1204.090000
1205.825000
1207.560000
1209.295000
1211.030000
1212.765000
1214.500000
1216.235000
1217.970000
1219.705000
1221.440000
1223.175000
1224.910000
1226.645000
1228.380000
1230.115000
1231.850000
1233.585000
1235.320000
1237.055000
1238.790000
1240.525000
1242.260000
1243.995000
1245.730000
1247.465000
1249.200000
1250.935000
1252.670000
1254.405000
1256.140000
1257.875000
1259.610000
1261.345000
1263.080000
1264.815000
1266.550000
1268.285000
1270.020000
1271.755000
1273.490000
1275.225000
1276.960000
1278.695000
1280.430000
1282.165000
1283.900000
1285.635000
1287.370000
1289.105000
1290.840000
1292.575000
1294.310000
1296.045000
1297.780000
1299.515000
1301.250000
1302.985000
1304.720000
1306.455000
1308.190000
1309.925000
1311.660000
1313.395000
1315.130000
1316.865000
1318.600000
1320.335000
1322.070000
1323.805000
1325.540000
1327.275000
1329.010000
1330.745000
1332.480000
1334.215000
1335.950000
1337.685000
1339.420000
1341.155000
1342.890000
1344.625000
1346.360000
1348.095000
1349.830000
1351.565000
1353.300000
1355.035000
1356.770000
1358.505000
1360.240000
1361.975000
1363.710000
1365.445000
1367.180000
1368.915000
1370.650000
1372.385000
1374.120000
1375.855000
1377.590000
1379.325000
1381.060000
1382.795000
1384.530000
1386.265000
1388.000000
1389.735000
1391.470000
1393.205000
1394.940000
1396.675000
1398.410000
1400.145000
1401.880000
1403.615000
1405.350000
1407.085000
1408.820000
1410.555000
1412.290000
1414.025000
1415.760000
1417.495000
1419.230000
1420.965000
1422.700000
1424.435000
1426.170000
1427.905000
1429.640000
1431.375000
1433.110000
1434.845000
1436.580000
1438.315000
1440.050000
1441.785000
1443.520000
1445.255000
1446.990000
1448.725000
1450.460000
1452.195000
1453.930000
1455.665000
1457.400000
1459.135000
1460.870000
1462.605000
1464.340000
1466.075000
1467.810000
1469.545000
1471.280000
1473.015000
1474.750000
1476.485000
1478.220000
1479.955000
1481.690000
1483.425000
1485.160000
1486.895000
1488.630000
1490.365000
1492.100000
1493.835000
1495.570000
1497.305000
1499.040000
1500.775000
1502.510000
1504.245000
1505.980000
1507.715000
1509.450000
1511.185000
1512.920000
1514.655000
1516.390000
1518.125000
1519.860000
1521.595000
1523.330000
1525.065000
1526.800000
1528.535000
1530.270000
1532.005000
1533.740000
1535.475000
1537.210000
1538.945000
1540.680000
1542.415000
1544.150000
1545.885000
1547.620000
1549.355000
1551.090000
1552.825000
1554.560000
1556.295000
1558.030000
1559.765000
1561.500000
1563.235000
1564.970000
1566.705000
1568.440000
1570.175000
1571.910000
1573.645000
1575.380000
1577.115000
1578.850000
1580.585000
1582.320000
1584.055000
1585.790000
1587.525000
1589.260000
1590.995000
1592.730000
1594.465000
1596.200000
1597.935000
1599.670000
1601.405000
1603.140000
1604.875000
1606.610000
1608.345000
1610.080000
1611.815000
1613.550000
1615.285000
1617.020000
1618.755000
1620.490000
1622.225000
1623.960000
1625.695000
1627.430000
1629.165000
1630.900000
1632.635000
1634.370000
1636.105000
1637.840000
1639.575000
1641.310000
1643.045000
1644.780000
1646.515000
1648.250000
1649.985000
1651.720000
1653.455000
1655.190000
1656.925000
1658.660000
1660.395000
1662.130000
1663.865000
1665.600000
1667.335000
1669.070000
1670.805000
1672.540000
1674.275000
1676.010000
1677.745000
1679.480000
1681.215000
1682.950000
1684.685000
1686.420000
1688.155000
1689.890000
1691.625000
1693.360000
1695.095000
1696.830000
1698.565000
1700.300000
1702.035000
1703.770000
1705.505000
1707.240000
1708.975000
1710.710000
1712.445000
1714.180000
1715.915000
1717.650000
1719.385000
1721.120000
1722.855000
1724.590000
1726.325000
1728.060000
1729.795000
1731.530000
1733.265000
1735.000000
