9.536999999999999034e+00
1.011500000000000021e+01
1.069299999999999962e+01
1.127100000000000080e+01
1.184900000000000020e+01
1.242699999999999960e+01
1.300499999999999901e+01
1.358300000000000018e+01
1.416099999999999959e+01
1.473900000000000077e+01
1.531700000000000017e+01
1.589499999999999957e+01
1.647299999999999898e+01
1.705100000000000193e+01
1.762899999999999778e+01
1.820700000000000074e+01
1.878500000000000014e+01
1.936299999999999955e+01
1.994100000000000250e+01
2.051899999999999835e+01
2.109700000000000131e+01
2.167499999999999716e+01
2.225300000000000011e+01
2.283100000000000307e+01
2.340899999999999892e+01
2.398700000000000188e+01
2.456499999999999773e+01
2.514300000000000068e+01
2.572100000000000009e+01
2.629899999999999949e+01
2.687700000000000244e+01
2.745499999999999829e+01
2.803300000000000125e+01
2.861099999999999710e+01
2.918900000000000006e+01
2.976700000000000301e+01
3.034499999999999886e+01
3.092300000000000182e+01
3.150099999999999767e+01
3.207900000000000063e+01
3.265699999999999648e+01
3.323499999999999943e+01
3.381300000000000239e+01
3.439099999999999824e+01
3.496900000000000119e+01
3.554699999999999704e+01
3.612500000000000000e+01
3.670300000000000296e+01
3.728099999999999881e+01
3.785900000000000176e+01
3.843699999999999761e+01
3.901500000000000057e+01
3.959300000000000352e+01
4.017099999999999937e+01
4.074899999999999523e+01
4.132699999999999818e+01
4.190500000000000114e+01
4.248300000000000409e+01
4.306099999999999994e+01
4.363899999999999579e+01
4.421699999999999875e+01
4.479500000000000171e+01
4.537300000000000466e+01
4.595100000000000051e+01
4.652899999999999636e+01
4.710699999999999932e+01
4.768500000000000227e+01
4.826299999999999812e+01
4.884100000000000108e+01
4.941899999999999693e+01
4.999699999999999989e+01
5.057500000000000284e+01
5.115299999999999869e+01
5.173100000000000165e+01
5.230899999999999750e+01
5.288700000000000045e+01
5.346500000000000341e+01
5.404299999999999926e+01
5.462099999999999511e+01
5.519899999999999807e+01
5.577700000000000102e+01
5.635500000000000398e+01
5.693299999999999983e+01
5.751099999999999568e+01
5.808899999999999864e+01
5.866700000000000159e+01
5.924500000000000455e+01
5.982300000000000040e+01
6.040099999999999625e+01
6.097899999999999920e+01
6.155700000000000216e+01
6.213499999999999801e+01
6.271300000000000097e+01
6.329099999999999682e+01
6.386899999999999977e+01
6.444700000000000273e+01
6.502500000000000568e+01
6.560299999999999443e+01
6.618099999999999739e+01
6.675900000000000034e+01
6.733700000000000330e+01
6.791499999999999204e+01
6.849299999999999500e+01
6.907099999999999795e+01
6.964900000000000091e+01
7.022700000000000387e+01
7.080500000000000682e+01
7.138299999999999557e+01
7.196099999999999852e+01
7.253900000000000148e+01
7.311700000000000443e+01
7.369499999999999318e+01
7.427299999999999613e+01
7.485099999999999909e+01
7.542900000000000205e+01
7.600700000000000500e+01
7.658500000000000796e+01
7.716299999999999670e+01
7.774099999999999966e+01
7.831900000000000261e+01
7.889700000000000557e+01
7.947499999999999432e+01
8.005299999999999727e+01
8.063100000000000023e+01
8.120900000000000318e+01
8.178700000000000614e+01
8.236499999999999488e+01
8.294299999999999784e+01
8.352100000000000080e+01
8.409900000000000375e+01
8.467699999999999250e+01
8.525499999999999545e+01
8.583299999999999841e+01
8.641100000000000136e+01
8.698900000000000432e+01
8.756700000000000728e+01
8.814499999999999602e+01
8.872299999999999898e+01
8.930100000000000193e+01
8.987900000000000489e+01
9.045699999999999363e+01
9.103499999999999659e+01
9.161299999999999955e+01
9.219100000000000250e+01
9.276900000000000546e+01
9.334700000000000841e+01
9.392499999999999716e+01
9.450300000000000011e+01
9.508100000000000307e+01
9.565899999999999181e+01
9.623699999999999477e+01
9.681499999999999773e+01
9.739300000000000068e+01
9.797100000000000364e+01
9.854900000000000659e+01
9.912699999999999534e+01
9.970499999999999829e+01
1.002830000000000013e+02
1.008610000000000042e+02
1.014389999999999930e+02
1.020169999999999959e+02
1.025949999999999989e+02
1.031730000000000018e+02
1.037510000000000048e+02
1.043290000000000077e+02
1.049069999999999965e+02
1.054849999999999994e+02
1.060630000000000024e+02
1.066410000000000053e+02
1.072189999999999941e+02
1.077969999999999970e+02
1.083750000000000000e+02
1.089530000000000030e+02
1.095310000000000059e+02
1.101089999999999947e+02
1.106869999999999976e+02
1.112650000000000006e+02
1.118430000000000035e+02
1.124209999999999923e+02
1.129989999999999952e+02
1.135769999999999982e+02
1.141550000000000011e+02
1.147330000000000041e+02
1.153110000000000070e+02
1.158889999999999958e+02
1.164669999999999987e+02
1.170450000000000017e+02
1.176230000000000047e+02
1.182009999999999934e+02
1.187789999999999964e+02
1.193569999999999993e+02
1.199350000000000023e+02
1.205130000000000052e+02
1.210910000000000082e+02
1.216689999999999969e+02
1.222469999999999999e+02
1.228250000000000028e+02
1.234029999999999916e+02
1.239809999999999945e+02
1.245589999999999975e+02
1.251370000000000005e+02
1.257150000000000034e+02
1.262930000000000064e+02
1.268709999999999951e+02
1.274489999999999981e+02
1.280269999999999868e+02
1.286050000000000182e+02
1.291829999999999927e+02
1.297610000000000241e+02
1.303389999999999986e+02
1.309169999999999732e+02
1.314950000000000045e+02
1.320729999999999791e+02
1.326510000000000105e+02
1.332289999999999850e+02
1.338070000000000164e+02
1.343849999999999909e+02
1.349630000000000223e+02
1.355409999999999968e+02
1.361189999999999998e+02
1.366970000000000027e+02
1.372749999999999773e+02
1.378530000000000086e+02
1.384309999999999832e+02
1.390090000000000146e+02
1.395869999999999891e+02
1.401650000000000205e+02
1.407429999999999950e+02
1.413210000000000264e+02
1.418990000000000009e+02
1.424769999999999754e+02
1.430550000000000068e+02
1.436329999999999814e+02
1.442110000000000127e+02
1.447889999999999873e+02
1.453670000000000186e+02
1.459449999999999932e+02
1.465230000000000246e+02
1.471009999999999991e+02
1.476789999999999736e+02
1.482570000000000050e+02
1.488349999999999795e+02
1.494130000000000109e+02
1.499909999999999854e+02
1.505690000000000168e+02
1.511469999999999914e+02
1.517250000000000227e+02
1.523029999999999973e+02
1.528810000000000002e+02
1.534590000000000032e+02
1.540369999999999777e+02
1.546150000000000091e+02
1.551929999999999836e+02
1.557710000000000150e+02
1.563489999999999895e+02
1.569270000000000209e+02
1.575049999999999955e+02
1.580830000000000268e+02
1.586610000000000014e+02
1.592389999999999759e+02
1.598170000000000073e+02
1.603949999999999818e+02
1.609730000000000132e+02
1.615509999999999877e+02
1.621290000000000191e+02
1.627069999999999936e+02
1.632850000000000250e+02
1.638629999999999995e+02
1.644409999999999741e+02
1.650190000000000055e+02
1.655969999999999800e+02
1.661750000000000114e+02
1.667529999999999859e+02
1.673310000000000173e+02
1.679089999999999918e+02
1.684870000000000232e+02
1.690649999999999977e+02
1.696430000000000007e+02
1.702210000000000036e+02
1.707989999999999782e+02
1.713770000000000095e+02
1.719549999999999841e+02
1.725330000000000155e+02
1.731109999999999900e+02
1.736890000000000214e+02
1.742669999999999959e+02
1.748449999999999989e+02
1.754230000000000018e+02
1.760009999999999764e+02
1.765790000000000077e+02
1.771569999999999823e+02
1.777350000000000136e+02
1.783129999999999882e+02
1.788910000000000196e+02
1.794689999999999941e+02
1.800470000000000255e+02
1.806250000000000000e+02
1.812029999999999745e+02
1.817810000000000059e+02
1.823589999999999804e+02
1.829370000000000118e+02
1.835149999999999864e+02
1.840930000000000177e+02
1.846709999999999923e+02
1.852490000000000236e+02
1.858269999999999982e+02
1.864050000000000011e+02
1.869830000000000041e+02
1.875609999999999786e+02
1.881390000000000100e+02
1.887169999999999845e+02
1.892950000000000159e+02
1.898729999999999905e+02
1.904510000000000218e+02
1.910289999999999964e+02
1.916069999999999993e+02
1.921850000000000023e+02
1.927629999999999768e+02
1.933410000000000082e+02
1.939189999999999827e+02
1.944970000000000141e+02
1.950749999999999886e+02
1.956530000000000200e+02
1.962309999999999945e+02
1.968090000000000259e+02
1.973870000000000005e+02
1.979649999999999750e+02
1.985430000000000064e+02
1.991209999999999809e+02
1.996990000000000123e+02
2.002769999999999868e+02
2.008550000000000182e+02
2.014329999999999927e+02
2.020110000000000241e+02
2.025889999999999986e+02
2.031669999999999732e+02
2.037450000000000045e+02
2.043229999999999791e+02
2.049010000000000105e+02
2.054789999999999850e+02
2.060570000000000164e+02
2.066349999999999909e+02
2.072130000000000223e+02
2.077909999999999968e+02
2.083689999999999998e+02
2.089470000000000027e+02
2.095249999999999773e+02
2.101030000000000086e+02
2.106809999999999832e+02
2.112590000000000146e+02
2.118369999999999891e+02
2.124150000000000205e+02
2.129929999999999950e+02
2.135710000000000264e+02
2.141490000000000009e+02
2.147269999999999754e+02
2.153050000000000068e+02
2.158829999999999814e+02
2.164610000000000127e+02
2.170389999999999873e+02
2.176170000000000186e+02
2.181949999999999932e+02
2.187730000000000246e+02
2.193509999999999991e+02
2.199289999999999736e+02
2.205070000000000050e+02
2.210849999999999795e+02
2.216630000000000109e+02
2.222409999999999854e+02
2.228190000000000168e+02
2.233969999999999914e+02
2.239750000000000227e+02
2.245529999999999973e+02
2.251310000000000002e+02
2.257090000000000032e+02
2.262869999999999777e+02
2.268650000000000091e+02
2.274429999999999836e+02
2.280210000000000150e+02
2.285989999999999895e+02
2.291770000000000209e+02
2.297549999999999955e+02
2.303330000000000268e+02
2.309110000000000014e+02
2.314889999999999759e+02
2.320670000000000073e+02
2.326449999999999818e+02
2.332230000000000132e+02
2.338009999999999877e+02
2.343790000000000191e+02
2.349569999999999936e+02
2.355350000000000250e+02
2.361129999999999995e+02
2.366909999999999741e+02
2.372690000000000055e+02
2.378469999999999800e+02
2.384250000000000114e+02
2.390029999999999859e+02
2.395810000000000173e+02
2.401589999999999918e+02
2.407370000000000232e+02
2.413149999999999977e+02
2.418930000000000007e+02
2.424710000000000036e+02
2.430489999999999782e+02
2.436270000000000095e+02
2.442049999999999841e+02
2.447830000000000155e+02
2.453609999999999900e+02
2.459390000000000214e+02
2.465169999999999959e+02
2.470949999999999989e+02
2.476730000000000018e+02
2.482509999999999764e+02
2.488290000000000077e+02
2.494069999999999823e+02
2.499850000000000136e+02
2.505629999999999882e+02
2.511410000000000196e+02
2.517189999999999941e+02
2.522970000000000255e+02
2.528750000000000000e+02
2.534529999999999745e+02
2.540310000000000059e+02
2.546089999999999804e+02
2.551870000000000118e+02
2.557649999999999864e+02
2.563429999999999609e+02
2.569209999999999923e+02
2.574990000000000236e+02
2.580769999999999982e+02
2.586549999999999727e+02
2.592330000000000041e+02
2.598110000000000355e+02
2.603890000000000100e+02
2.609669999999999845e+02
2.615449999999999591e+02
2.621229999999999905e+02
2.627010000000000218e+02
2.632789999999999964e+02
2.638569999999999709e+02
2.644350000000000023e+02
2.650130000000000337e+02
2.655910000000000082e+02
2.661689999999999827e+02
2.667470000000000141e+02
2.673249999999999886e+02
2.679030000000000200e+02
2.684809999999999945e+02
2.690589999999999691e+02
2.696370000000000005e+02
2.702150000000000318e+02
2.707930000000000064e+02
2.713709999999999809e+02
2.719490000000000123e+02
2.725269999999999868e+02
2.731050000000000182e+02
2.736829999999999927e+02
2.742609999999999673e+02
2.748389999999999986e+02
2.754170000000000300e+02
2.759950000000000045e+02
2.765729999999999791e+02
2.771510000000000105e+02
2.777289999999999850e+02
2.783070000000000164e+02
2.788849999999999909e+02
2.794629999999999654e+02
2.800409999999999968e+02
2.806190000000000282e+02
2.811970000000000027e+02
2.817749999999999773e+02
2.823530000000000086e+02
2.829310000000000400e+02
2.835090000000000146e+02
2.840869999999999891e+02
2.846649999999999636e+02
2.852429999999999950e+02
2.858210000000000264e+02
2.863990000000000009e+02
2.869769999999999754e+02
2.875550000000000068e+02
2.881330000000000382e+02
2.887110000000000127e+02
2.892889999999999873e+02
2.898669999999999618e+02
2.904449999999999932e+02
2.910230000000000246e+02
2.916009999999999991e+02
2.921789999999999736e+02
2.927570000000000050e+02
2.933350000000000364e+02
2.939130000000000109e+02
2.944909999999999854e+02
2.950689999999999600e+02
2.956469999999999914e+02
2.962250000000000227e+02
2.968029999999999973e+02
2.973809999999999718e+02
2.979590000000000032e+02
2.985370000000000346e+02
2.991150000000000091e+02
2.996929999999999836e+02
3.002710000000000150e+02
3.008489999999999895e+02
3.014270000000000209e+02
3.020049999999999955e+02
3.025829999999999700e+02
3.031610000000000014e+02
3.037390000000000327e+02
3.043170000000000073e+02
3.048949999999999818e+02
3.054730000000000132e+02
3.060509999999999877e+02
3.066290000000000191e+02
3.072069999999999936e+02
3.077849999999999682e+02
3.083629999999999995e+02
3.089410000000000309e+02
3.095190000000000055e+02
3.100969999999999800e+02
3.106750000000000114e+02
3.112529999999999859e+02
3.118310000000000173e+02
3.124089999999999918e+02
3.129869999999999663e+02
3.135649999999999977e+02
3.141430000000000291e+02
3.147210000000000036e+02
3.152989999999999782e+02
3.158770000000000095e+02
3.164550000000000409e+02
3.170330000000000155e+02
3.176109999999999900e+02
3.181889999999999645e+02
3.187669999999999959e+02
3.193450000000000273e+02
3.199230000000000018e+02
3.205009999999999764e+02
3.210790000000000077e+02
3.216570000000000391e+02
3.222350000000000136e+02
3.228129999999999882e+02
3.233909999999999627e+02
3.239689999999999941e+02
3.245470000000000255e+02
3.251250000000000000e+02
3.257029999999999745e+02
3.262810000000000059e+02
3.268590000000000373e+02
3.274370000000000118e+02
3.280149999999999864e+02
3.285929999999999609e+02
3.291709999999999923e+02
3.297490000000000236e+02
3.303269999999999982e+02
3.309049999999999727e+02
3.314830000000000041e+02
3.320610000000000355e+02
3.326390000000000100e+02
3.332169999999999845e+02
3.337949999999999591e+02
3.343729999999999905e+02
3.349510000000000218e+02
3.355289999999999964e+02
3.361069999999999709e+02
3.366850000000000023e+02
3.372630000000000337e+02
3.378410000000000082e+02
3.384189999999999827e+02
3.389970000000000141e+02
3.395749999999999886e+02
3.401530000000000200e+02
3.407309999999999945e+02
3.413089999999999691e+02
3.418870000000000005e+02
3.424650000000000318e+02
3.430430000000000064e+02
3.436209999999999809e+02
3.441990000000000123e+02
3.447769999999999868e+02
3.453550000000000182e+02
3.459329999999999927e+02
3.465109999999999673e+02
3.470889999999999986e+02
3.476670000000000300e+02
3.482450000000000045e+02
3.488229999999999791e+02
3.494010000000000105e+02
3.499789999999999850e+02
3.505570000000000164e+02
3.511349999999999909e+02
