0.000000
3.850000
7.700000
11.550000
15.400000
19.250000
23.100000
26.950000
30.800000
34.650000
38.500000
42.350000
46.200000
50.050000
53.900000
57.750000
61.600000
65.450000
69.300000
73.150000
77.000000
80.850000
84.700000
88.550000
92.400000
96.250000
100.100000
103.950000
107.800000
111.650000
115.500000
119.350000
123.200000
127.050000
130.900000
134.750000
138.600000
142.450000
146.300000
150.150000
154.000000
157.850000
161.700000
165.550000
169.400000
173.250000
177.100000
180.950000
184.800000
188.650000
192.500000
196.350000
200.200000
204.050000
207.900000
211.750000
215.600000
219.450000
223.300000
227.150000
231.000000
234.850000
238.700000
242.550000
246.400000
250.250000
254.100000
257.950000
261.800000
265.650000
269.500000
273.350000
277.200000
281.050000
284.900000
288.750000
292.600000
296.450000
300.300000
304.150000
308.000000
311.850000
315.700000
319.550000
323.400000
327.250000
331.100000
334.950000
338.800000
342.650000
346.500000
350.350000
354.200000
358.050000
361.900000
365.750000
369.600000
373.450000
377.300000
381.150000
385.000000
388.850000
392.700000
396.550000
400.400000
404.250000
408.100000
411.950000
415.800000
419.650000
423.500000
427.350000
431.200000
435.050000
438.900000
442.750000
446.600000
450.450000
454.300000
458.150000
462.000000
465.850000
469.700000
473.550000
477.400000
481.250000
485.100000
488.950000
492.800000
496.650000
500.500000
504.350000
508.200000
512.050000
515.900000
519.750000
523.600000
527.450000
531.300000
535.150000
539.000000
542.850000
546.700000
550.550000
554.400000
558.250000
562.100000
565.950000
569.800000
573.650000
577.500000
581.350000
585.200000
589.050000
592.900000
596.750000
600.600000
604.450000
608.300000
612.150000
616.000000
619.850000
623.700000
627.550000
631.400000
635.250000
639.100000
642.950000
646.800000
650.650000
654.500000
658.350000
662.200000
666.050000
669.900000
673.750000
677.600000
681.450000
685.300000
689.150000
693.000000
696.850000
700.700000
704.550000
708.400000
712.250000
716.100000
719.950000
723.800000
727.650000
731.500000
735.350000
739.200000
743.050000
746.900000
750.750000
754.600000
758.450000
762.300000
766.150000
770.000000
773.850000
777.700000
781.550000
785.400000
789.250000
793.100000
796.950000
800.800000
804.650000
808.500000
812.350000
816.200000
820.050000
823.900000
827.750000
831.600000
835.450000
839.300000
843.150000
847.000000
850.850000
854.700000
858.550000
862.400000
866.250000
870.100000
873.950000
877.800000
881.650000
885.500000
889.350000
893.200000
897.050000
900.900000
904.750000
908.600000
912.450000
916.300000
920.150000
924.000000
927.850000
931.700000
935.550000
939.400000
943.250000
947.100000
950.950000
954.800000
958.650000
962.500000
966.350000
970.200000
974.050000
977.900000
981.750000
985.600000
989.450000
993.300000
997.150000
1001.000000
1004.850000
1008.700000
1012.550000
1016.400000
1020.250000
1024.100000
1027.950000
1031.800000
1035.650000
1039.500000
1043.350000
1047.200000
1051.050000
1054.900000
1058.750000
1062.600000
1066.450000
1070.300000
1074.150000
1078.000000
1081.850000
1085.700000
1089.550000
1093.400000
1097.250000
1101.100000
1104.950000
1108.800000
1112.650000
1116.500000
1120.350000
1124.200000
1128.050000
1131.900000
1135.750000
1139.600000
1143.450000
1147.300000
1151.150000
1155.000000
1158.850000
1162.700000
1166.550000
1170.400000
1174.250000
1178.100000
1181.950000
1185.800000
1189.650000
1193.500000
1197.350000
1201.200000
1205.050000
1208.900000
1212.750000
1216.600000
1220.450000
1224.300000
1228.150000
1232.000000
1235.850000
1239.700000
1243.550000
1247.400000
1251.250000
1255.100000
1258.950000
1262.800000
1266.650000
1270.500000
1274.350000
1278.200000
1282.050000
1285.900000
1289.750000
1293.600000
1297.450000
1301.300000
1305.150000
1309.000000
1312.850000
1316.700000
1320.550000
1324.400000
1328.250000
1332.100000
1335.950000
1339.800000
1343.650000
1347.500000
1351.350000
1355.200000
1359.050000
1362.900000
1366.750000
1370.600000
1374.450000
1378.300000
1382.150000
1386.000000
1389.850000
1393.700000
1397.550000
1401.400000
1405.250000
1409.100000
1412.950000
1416.800000
1420.650000
1424.500000
1428.350000
1432.200000
1436.050000
1439.900000
1443.750000
1447.600000
1451.450000
1455.300000
1459.150000
1463.000000
1466.850000
1470.700000
1474.550000
1478.400000
1482.250000
1486.100000
1489.950000
1493.800000
1497.650000
1501.500000
1505.350000
1509.200000
1513.050000
1516.900000
1520.750000
1524.600000
1528.450000
1532.300000
1536.150000
1540.000000
1543.850000
1547.700000
1551.550000
1555.400000
1559.250000
1563.100000
1566.950000
1570.800000
1574.650000
1578.500000
1582.350000
1586.200000
1590.050000
1593.900000
1597.750000
1601.600000
1605.450000
1609.300000
1613.150000
1617.000000
1620.850000
1624.700000
1628.550000
1632.400000
1636.250000
1640.100000
1643.950000
1647.800000
1651.650000
1655.500000
1659.350000
1663.200000
1667.050000
1670.900000
1674.750000
1678.600000
1682.450000
1686.300000
1690.150000
1694.000000
1697.850000
1701.700000
1705.550000
1709.400000
1713.250000
1717.100000
1720.950000
1724.800000
1728.650000
1732.500000
1736.350000
1740.200000
1744.050000
1747.900000
1751.750000
1755.600000
1759.450000
1763.300000
1767.150000
1771.000000
1774.850000
1778.700000
1782.550000
1786.400000
1790.250000
1794.100000
1797.950000
1801.800000
1805.650000
1809.500000
1813.350000
1817.200000
1821.050000
1824.900000
1828.750000
1832.600000
1836.450000
1840.300000
1844.150000
1848.000000
1851.850000
1855.700000
1859.550000
1863.400000
1867.250000
1871.100000
1874.950000
1878.800000
1882.650000
1886.500000
1890.350000
1894.200000
1898.050000
1901.900000
1905.750000
1909.600000
1913.450000
1917.300000
1921.150000
1925.000000
1928.850000
1932.700000
1936.550000
1940.400000
1944.250000
1948.100000
1951.950000
1955.800000
1959.650000
1963.500000
1967.350000
1971.200000
1975.050000
1978.900000
1982.750000
1986.600000
1990.450000
1994.300000
1998.150000
2002.000000
2005.850000
2009.700000
2013.550000
2017.400000
2021.250000
2025.100000
2028.950000
2032.800000
2036.650000
2040.500000
2044.350000
2048.200000
2052.050000
2055.900000
2059.750000
2063.600000
2067.450000
2071.300000
2075.150000
2079.000000
2082.850000
2086.700000
2090.550000
2094.400000
2098.250000
2102.100000
2105.950000
2109.800000
2113.650000
2117.500000
2121.350000
2125.200000
2129.050000
2132.900000
2136.750000
2140.600000
2144.450000
2148.300000
2152.150000
2156.000000
2159.850000
2163.700000
2167.550000
2171.400000
2175.250000
2179.100000
2182.950000
2186.800000
2190.650000
2194.500000
2198.350000
2202.200000
2206.050000
2209.900000
2213.750000
2217.600000
2221.450000
2225.300000
2229.150000
2233.000000
2236.850000
2240.700000
2244.550000
2248.400000
2252.250000
2256.100000
2259.950000
2263.800000
2267.650000
2271.500000
2275.350000
2279.200000
2283.050000
2286.900000
2290.750000
2294.600000
2298.450000
2302.300000
2306.150000
2310.000000
2313.850000
2317.700000
2321.550000
2325.400000
2329.250000
2333.100000
2336.950000
2340.800000
2344.650000
2348.500000
2352.350000
2356.200000
2360.050000
2363.900000
2367.750000
2371.600000
2375.450000
2379.300000
2383.150000
2387.000000
2390.850000
2394.700000
2398.550000
2402.400000
2406.250000
2410.100000
2413.950000
2417.800000
2421.650000
2425.500000
2429.350000
2433.200000
2437.050000
2440.900000
2444.750000
2448.600000
2452.450000
2456.300000
2460.150000
2464.000000
2467.850000
2471.700000
2475.550000
2479.400000
2483.250000
2487.100000
2490.950000
2494.800000
2498.650000
2502.500000
2506.350000
2510.200000
2514.050000
2517.900000
2521.750000
2525.600000
2529.450000
2533.300000
2537.150000
2541.000000
2544.850000
2548.700000
2552.550000
2556.400000
2560.250000
2564.100000
2567.950000
2571.800000
2575.650000
2579.500000
2583.350000
2587.200000
2591.050000
2594.900000
2598.750000
2602.600000
2606.450000
2610.300000
2614.150000
2618.000000
2621.850000
2625.700000
2629.550000
2633.400000
2637.250000
2641.100000
2644.950000
2648.800000
2652.650000
2656.500000
2660.350000
2664.200000
2668.050000
2671.900000
2675.750000
2679.600000
2683.450000
2687.300000
2691.150000
2695.000000
2698.850000
2702.700000
2706.550000
2710.400000
2714.250000
2718.100000
2721.950000
2725.800000
2729.650000
2733.500000
2737.350000
2741.200000
2745.050000
2748.900000
2752.750000
2756.600000
2760.450000
2764.300000
2768.150000
2772.000000
2775.850000
2779.700000
2783.550000
2787.400000
2791.250000
2795.100000
2798.950000
2802.800000
2806.650000
2810.500000
2814.350000
2818.200000
2822.050000
2825.900000
2829.750000
2833.600000
2837.450000
2841.300000
2845.150000
2849.000000
2852.850000
2856.700000
2860.550000
2864.400000
2868.250000
2872.100000
2875.950000
2879.800000
2883.650000
2887.500000
2891.350000
2895.200000
2899.050000
2902.900000
2906.750000
2910.600000
2914.450000
2918.300000
2922.150000
2926.000000
2929.850000
2933.700000
2937.550000
2941.400000
2945.250000
2949.100000
2952.950000
2956.800000
2960.650000
2964.500000
2968.350000
2972.200000
2976.050000
2979.900000
2983.750000
2987.600000
2991.450000
2995.300000
2999.150000
3003.000000
3006.850000
3010.700000
3014.550000
3018.400000
3022.250000
3026.100000
3029.950000
3033.800000
3037.650000
3041.500000
3045.350000
3049.200000
3053.050000
3056.900000
3060.750000
3064.600000
3068.450000
3072.300000
3076.150000
3080.000000
3083.850000
3087.700000
3091.550000
3095.400000
3099.250000
3103.100000
3106.950000
3110.800000
3114.650000
3118.500000
3122.350000
3126.200000
3130.050000
3133.900000
3137.750000
3141.600000
3145.450000
3149.300000
3153.150000
3157.000000
3160.850000
3164.700000
3168.550000
3172.400000
3176.250000
3180.100000
3183.950000
3187.800000
3191.650000
3195.500000
3199.350000
3203.200000
3207.050000
3210.900000
3214.750000
3218.600000
3222.450000
3226.300000
3230.150000
3234.000000
3237.850000
3241.700000
3245.550000
3249.400000
3253.250000
3257.100000
3260.950000
3264.800000
3268.650000
3272.500000
3276.350000
3280.200000
3284.050000
3287.900000
3291.750000
3295.600000
3299.450000
3303.300000
3307.150000
3311.000000
3314.850000
3318.700000
3322.550000
3326.400000
3330.250000
3334.100000
3337.950000
3341.800000
3345.650000
3349.500000
3353.350000
3357.200000
3361.050000
3364.900000
3368.750000
3372.600000
3376.450000
3380.300000
3384.150000
3388.000000
3391.850000
3395.700000
3399.550000
3403.400000
3407.250000
3411.100000
3414.950000
3418.800000
3422.650000
3426.500000
3430.350000
3434.200000
3438.050000
3441.900000
3445.750000
3449.600000
3453.450000
3457.300000
3461.150000
3465.000000
3468.850000
3472.700000
3476.550000
3480.400000
3484.250000
3488.100000
3491.950000
3495.800000
3499.650000
3503.500000
3507.350000
3511.200000
3515.050000
3518.900000
3522.750000
3526.600000
3530.450000
3534.300000
3538.150000
3542.000000
3545.850000
3549.700000
3553.550000
3557.400000
3561.250000
3565.100000
3568.950000
3572.800000
3576.650000
3580.500000
3584.350000
3588.200000
3592.050000
3595.900000
3599.750000
3603.600000
3607.450000
3611.300000
3615.150000
3619.000000
3622.850000
3626.700000
3630.550000
3634.400000
3638.250000
3642.100000
3645.950000
3649.800000
3653.650000
3657.500000
3661.350000
3665.200000
3669.050000
3672.900000
3676.750000
3680.600000
3684.450000
3688.300000
3692.150000
3696.000000
3699.850000
3703.700000
3707.550000
3711.400000
3715.250000
3719.100000
3722.950000
3726.800000
3730.650000
3734.500000
3738.350000
3742.200000
3746.050000
3749.900000
3753.750000
3757.600000
3761.450000
3765.300000
3769.150000
3773.000000
3776.850000
3780.700000
3784.550000
3788.400000
3792.250000
3796.100000
3799.950000
3803.800000
3807.650000
3811.500000
3815.350000
3819.200000
3823.050000
3826.900000
3830.750000
3834.600000
3838.450000
3842.300000
3846.150000
3850.000000
