1.162500
1.187500
1.212500
1.237500
1.262500
1.287500
1.312500
1.337500
1.362500
1.387500
1.412500
1.437500
1.462500
1.487500
1.512500
1.537500
1.562500
1.587500
1.612500
1.637500
1.662500
1.687500
1.712500
1.737500
1.762500
1.787500
1.812500
1.837500
1.862500
1.887500
1.912500
1.937500
1.962500
1.987500
2.012500
2.037500
2.062500
2.087500
2.112500
2.137500
2.162500
2.187500
2.212500
2.237500
2.262500
2.287500
2.312500
2.337500
2.362500
2.387500
2.412500
2.437500
2.462500
2.487500
2.512500
2.537500
2.562500
2.587500
2.612500
2.637500
2.662500
2.687500
2.712500
2.737500
2.762500
2.787500
2.812500
2.837500
2.862500
2.887500
2.912500
2.937500
2.962500
2.987500
3.012500
3.037500
3.062500
3.087500
3.112500
3.137500
3.162500
3.187500
3.212500
3.237500
3.262500
3.287500
3.312500
3.337500
3.362500
3.387500
3.412500
3.437500
3.462500
3.487500
3.512500
3.537500
3.562500
3.587500
3.612500
3.637500
3.662500
3.687500
3.712500
3.737500
3.762500
3.787500
3.812500
3.837500
3.862500
3.887500
3.912500
3.937500
3.962500
3.987500
4.012500
4.037500
4.062500
4.087500
4.112500
4.137500
4.162500
4.187500
4.212500
4.237500
4.262500
4.287500
4.312500
4.337500
4.362500
4.387500
4.412500
4.437500
4.462500
4.487500
4.512500
4.537500
4.562500
4.587500
4.612500
4.637500
4.662500
4.687500
4.712500
4.737500
4.762500
4.787500
4.812500
4.837500
4.862500
4.887500
4.912500
4.937500
4.962500
4.987500
5.012500
5.037500
5.062500
5.087500
5.112500
5.137500
5.162500
5.187500
5.212500
5.237500
5.262500
5.287500
5.312500
5.337500
5.362500
5.387500
5.412500
5.437500
5.462500
5.487500
5.512500
5.537500
5.562500
5.587500
5.612500
5.637500
5.662500
5.687500
5.712500
5.737500
5.762500
5.787500
5.812500
5.837500
5.862500
5.887500
5.912500
5.937500
5.962500
5.987500
6.012500
6.037500
6.062500
6.087500
6.112500
6.137500
6.162500
6.187500
6.212500
6.237500
6.262500
6.287500
6.312500
6.337500
6.362500
6.387500
6.412500
6.437500
6.462500
6.487500
6.512500
6.537500
6.562500
6.587500
6.612500
6.637500
6.662500
6.687500
6.712500
6.737500
6.762500
6.787500
6.812500
6.837500
6.862500
6.887500
6.912500
6.937500
6.962500
6.987500
7.012500
7.037500
7.062500
7.087500
7.112500
7.137500
7.162500
7.187500
7.212500
7.237500
7.262500
7.287500
7.312500
7.337500
7.362500
7.387500
7.412500
