1.479000
1.513000
1.547000
1.581000
1.615000
1.649000
1.683000
1.717000
1.751000
1.785000
1.819000
1.853000
1.887000
1.921000
1.955000
1.989000
2.023000
2.057000
2.091000
2.125000
2.159000
2.193000
2.227000
2.261000
2.295000
2.329000
2.363000
2.397000
2.431000
2.465000
2.499000
2.533000
2.567000
2.601000
2.635000
2.669000
2.703000
2.737000
2.771000
2.805000
2.839000
2.873000
2.907000
2.941000
2.975000
3.009000
3.043000
3.077000
3.111000
3.145000
3.179000
3.213000
3.247000
3.281000
3.315000
3.349000
3.383000
3.417000
3.451000
3.485000
3.519000
3.553000
3.587000
3.621000
3.655000
3.689000
3.723000
3.757000
3.791000
3.825000
3.859000
3.893000
3.927000
3.961000
3.995000
4.029000
4.063000
4.097000
4.131000
4.165000
4.199000
4.233000
4.267000
4.301000
4.335000
4.369000
4.403000
4.437000
4.471000
4.505000
4.539000
4.573000
4.607000
4.641000
4.675000
4.709000
4.743000
4.777000
4.811000
4.845000
4.879000
4.913000
4.947000
4.981000
5.015000
5.049000
5.083000
5.117000
5.151000
5.185000
5.219000
5.253000
5.287000
5.321000
5.355000
5.389000
5.423000
5.457000
5.491000
5.525000
5.559000
5.593000
5.627000
5.661000
5.695000
5.729000
5.763000
5.797000
5.831000
5.865000
5.899000
5.933000
5.967000
6.001000
6.035000
6.069000
6.103000
6.137000
6.171000
6.205000
6.239000
6.273000
6.307000
6.341000
6.375000
6.409000
6.443000
6.477000
6.511000
6.545000
6.579000
6.613000
6.647000
6.681000
6.715000
6.749000
6.783000
6.817000
6.851000
6.885000
6.919000
6.953000
6.987000
7.021000
7.055000
7.089000
7.123000
7.157000
7.191000
7.225000
7.259000
7.293000
7.327000
7.361000
7.395000
7.429000
7.463000
7.497000
7.531000
7.565000
7.599000
7.633000
7.667000
7.701000
7.735000
7.769000
7.803000
7.837000
7.871000
7.905000
7.939000
7.973000
8.007000
8.041000
8.075000
8.109000
8.143000
8.177000
8.211000
8.245000
8.279000
8.313000
8.347000
8.381000
8.415000
8.449000
8.483000
8.517000
8.551000
8.585000
8.619000
8.653000
8.687000
8.721000
8.755000
8.789000
8.823000
8.857000
8.891000
8.925000
8.959000
8.993000
9.027000
9.061000
9.095000
9.129000
9.163000
9.197000
9.231000
9.265000
9.299000
9.333000
9.367000
9.401000
9.435000
9.469000
9.503000
9.537000
9.571000
9.605000
9.639000
9.673000
9.707000
9.741000
9.775000
9.809000
9.843000
9.877000
9.911000
9.945000
9.979000
10.013000
10.047000
10.081000
10.115000
10.149000
10.183000
10.217000
10.251000
10.285000
10.319000
10.353000
10.387000
10.421000
10.455000
10.489000
10.523000
10.557000
10.591000
10.625000
10.659000
10.693000
10.727000
10.761000
10.795000
10.829000
10.863000
10.897000
10.931000
10.965000
10.999000
11.033000
11.067000
11.101000
11.135000
11.169000
11.203000
11.237000
11.271000
11.305000
11.339000
11.373000
11.407000
11.441000
11.475000
11.509000
11.543000
11.577000
11.611000
11.645000
11.679000
11.713000
11.747000
11.781000
11.815000
11.849000
11.883000
11.917000
11.951000
11.985000
12.019000
12.053000
12.087000
12.121000
12.155000
12.189000
12.223000
12.257000
12.291000
12.325000
12.359000
12.393000
12.427000
12.461000
12.495000
12.529000
12.563000
12.597000
12.631000
12.665000
12.699000
12.733000
12.767000
12.801000
12.835000
12.869000
12.903000
12.937000
12.971000
13.005000
13.039000
13.073000
13.107000
13.141000
13.175000
13.209000
13.243000
13.277000
13.311000
13.345000
13.379000
13.413000
13.447000
13.481000
13.515000
13.549000
13.583000
13.617000
13.651000
13.685000
13.719000
13.753000
13.787000
13.821000
13.855000
13.889000
13.923000
13.957000
13.991000
14.025000
14.059000
14.093000
14.127000
14.161000
14.195000
14.229000
14.263000
14.297000
14.331000
14.365000
14.399000
14.433000
14.467000
14.501000
14.535000
14.569000
14.603000
14.637000
14.671000
14.705000
14.739000
14.773000
14.807000
14.841000
14.875000
14.909000
14.943000
14.977000
15.011000
15.045000
15.079000
15.113000
15.147000
15.181000
15.249000
15.283000
15.317000
15.351000
15.385000
15.419000
15.453000
15.487000
15.521000
15.555000
15.589000
15.623000
15.657000
15.691000
15.725000
15.759000
15.793000
15.827000
15.861000
15.895000
15.929000
15.963000
