0.000000
0.063000
0.126000
0.189000
0.252000
0.315000
0.378000
0.441000
0.504000
0.567000
0.630000
0.693000
0.756000
0.819000
0.882000
0.945000
1.008000
1.071000
1.134000
1.197000
1.260000
1.323000
1.386000
1.449000
1.512000
1.575000
1.638000
1.701000
1.764000
1.827000
1.890000
1.953000
2.016000
2.079000
2.142000
2.205000
2.268000
2.331000
2.394000
2.457000
2.520000
2.583000
2.646000
2.709000
2.772000
2.835000
2.898000
2.961000
3.024000
3.087000
3.150000
3.213000
3.276000
3.339000
3.402000
3.465000
3.528000
3.591000
3.654000
3.717000
3.780000
3.843000
3.906000
3.969000
4.032000
4.095000
4.158000
4.221000
4.284000
4.347000
4.410000
4.473000
4.536000
4.599000
4.662000
4.725000
4.788000
4.851000
4.914000
4.977000
5.040000
5.103000
5.166000
5.229000
5.292000
5.355000
5.418000
5.481000
5.544000
5.607000
5.670000
5.733000
5.796000
5.859000
5.922000
5.985000
6.048000
6.111000
6.174000
6.237000
6.300000
6.363000
6.426000
6.489000
6.552000
6.615000
6.678000
6.741000
6.804000
6.867000
6.930000
6.993000
7.056000
7.119000
7.182000
7.245000
7.308000
7.371000
7.434000
7.497000
7.560000
7.623000
7.686000
7.749000
7.812000
7.875000
7.938000
8.001000
8.064000
8.127000
8.190000
8.253000
8.316000
8.379000
8.442000
8.505000
8.568000
8.631000
8.694000
8.757000
8.820000
8.883000
8.946000
9.009000
9.072000
9.135000
9.198000
9.261000
9.324000
9.387000
9.450000
9.513000
9.576000
9.639000
9.702000
9.765000
9.828000
9.891000
9.954000
10.017000
10.080000
10.143000
10.206000
10.269000
10.332000
10.395000
10.458000
10.521000
10.584000
10.647000
10.710000
10.773000
10.836000
10.899000
10.962000
11.025000
11.088000
11.151000
11.214000
11.277000
11.340000
11.403000
11.466000
11.529000
11.592000
11.655000
11.718000
11.781000
11.844000
11.907000
11.970000
12.033000
12.096000
12.159000
12.222000
12.285000
12.348000
12.411000
12.474000
12.537000
12.600000
12.663000
12.726000
12.789000
12.852000
12.915000
12.978000
13.041000
13.104000
13.167000
13.230000
13.293000
13.356000
13.419000
13.482000
13.545000
13.608000
13.671000
13.734000
13.797000
13.860000
13.923000
13.986000
14.049000
14.112000
14.175000
14.238000
14.301000
14.364000
14.427000
14.490000
14.553000
14.616000
14.679000
14.742000
14.805000
14.868000
14.931000
14.994000
15.057000
15.120000
15.183000
15.246000
15.309000
15.372000
15.435000
15.498000
15.561000
15.624000
15.687000
15.750000
15.813000
15.876000
15.939000
16.002000
16.065000
16.128000
16.191000
16.254000
16.317000
16.380000
16.443000
16.506000
16.569000
16.632000
16.695000
16.758000
16.821000
16.884000
16.947000
17.010000
17.073000
17.136000
17.199000
17.262000
17.325000
17.388000
17.451000
17.514000
17.577000
17.640000
17.703000
17.766000
17.829000
17.892000
17.955000
18.018000
18.081000
18.144000
18.207000
18.270000
18.333000
18.396000
18.459000
18.522000
18.585000
18.648000
18.711000
18.774000
18.837000
18.900000
18.963000
19.026000
19.089000
19.152000
19.215000
19.278000
19.341000
19.404000
19.467000
19.530000
19.593000
19.656000
19.719000
19.782000
19.845000
19.908000
19.971000
20.034000
20.097000
20.160000
20.223000
20.286000
20.349000
20.412000
20.475000
20.538000
20.601000
20.664000
20.727000
20.790000
20.853000
20.916000
20.979000
21.042000
21.105000
21.168000
21.231000
21.294000
21.357000
21.420000
21.483000
21.546000
21.609000
21.672000
21.735000
21.798000
21.861000
21.924000
21.987000
22.050000
22.113000
22.176000
22.239000
22.302000
22.365000
22.428000
22.491000
22.554000
22.617000
22.680000
22.743000
22.806000
22.869000
22.932000
22.995000
23.058000
23.121000
23.184000
23.247000
23.310000
23.373000
23.436000
23.499000
23.562000
23.625000
23.688000
23.751000
23.814000
23.877000
23.940000
24.003000
24.066000
24.129000
24.192000
24.255000
24.318000
24.381000
24.444000
24.507000
24.570000
24.633000
24.696000
24.759000
24.822000
24.885000
24.948000
25.011000
25.074000
25.137000
25.200000
25.263000
25.326000
25.389000
25.452000
25.515000
25.578000
25.641000
25.704000
25.767000
25.830000
25.893000
25.956000
26.019000
26.082000
26.145000
26.208000
26.271000
26.334000
26.397000
26.460000
26.523000
26.586000
26.649000
26.712000
26.775000
26.838000
26.901000
26.964000
27.027000
27.090000
27.153000
27.216000
27.279000
27.342000
27.405000
27.468000
27.531000
27.594000
27.657000
27.720000
27.783000
27.846000
27.909000
27.972000
28.035000
28.098000
28.161000
28.224000
28.287000
28.350000
28.413000
28.476000
28.539000
28.602000
28.665000
28.728000
28.791000
28.854000
28.917000
28.980000
29.043000
29.106000
29.169000
29.232000
29.295000
29.358000
29.421000
29.484000
29.547000
29.610000
29.673000
29.736000
29.799000
29.862000
29.925000
29.988000
30.051000
30.114000
30.177000
30.240000
30.303000
30.366000
30.429000
30.492000
30.555000
30.618000
30.681000
30.744000
30.807000
30.870000
30.933000
30.996000
31.059000
31.122000
31.185000
31.248000
31.311000
31.374000
31.437000
31.500000
31.563000
31.626000
31.689000
31.752000
31.815000
31.878000
31.941000
32.004000
32.067000
32.130000
32.193000
32.256000
32.319000
32.382000
32.445000
32.508000
32.571000
32.634000
32.697000
32.760000
32.823000
32.886000
32.949000
33.012000
33.075000
33.138000
33.201000
33.264000
33.327000
33.390000
33.453000
33.516000
33.579000
33.642000
33.705000
33.768000
33.831000
33.894000
33.957000
34.020000
34.083000
34.146000
34.209000
34.272000
34.335000
34.398000
34.461000
34.524000
34.587000
34.650000
34.713000
34.776000
34.839000
34.902000
34.965000
35.028000
35.091000
35.154000
35.217000
35.280000
35.343000
35.406000
35.469000
35.532000
35.595000
35.658000
35.721000
35.784000
35.847000
35.910000
35.973000
36.036000
36.099000
36.162000
36.225000
36.288000
36.351000
36.414000
36.477000
36.540000
36.603000
36.666000
36.729000
36.792000
36.855000
36.918000
36.981000
37.044000
37.107000
37.170000
37.233000
37.296000
37.359000
37.422000
37.485000
37.548000
37.611000
37.674000
37.737000
37.800000
37.863000
37.926000
37.989000
38.052000
38.115000
38.178000
38.241000
38.304000
38.367000
38.430000
38.493000
38.556000
38.619000
38.682000
38.745000
38.808000
38.871000
38.934000
38.997000
39.060000
39.123000
39.186000
39.249000
39.312000
39.375000
39.438000
39.501000
39.564000
39.627000
39.690000
39.753000
39.816000
39.879000
39.942000
40.005000
40.068000
40.131000
40.194000
40.257000
40.320000
40.383000
40.446000
40.509000
40.572000
40.635000
40.698000
40.761000
40.824000
40.887000
40.950000
41.013000
41.076000
41.139000
41.202000
41.265000
41.328000
41.391000
41.454000
41.517000
41.580000
41.643000
41.706000
41.769000
41.832000
41.895000
41.958000
42.021000
42.084000
42.147000
42.210000
42.273000
42.336000
42.399000
42.462000
42.525000
42.588000
42.651000
42.714000
42.777000
42.840000
42.903000
42.966000
43.029000
43.092000
43.155000
43.218000
43.281000
43.344000
43.407000
43.470000
43.533000
43.596000
43.659000
43.722000
43.785000
43.848000
43.911000
43.974000
44.037000
44.100000
44.163000
44.226000
44.289000
44.352000
44.415000
44.478000
44.541000
44.604000
44.667000
44.730000
44.793000
44.856000
44.919000
44.982000
45.045000
45.108000
45.171000
45.234000
45.297000
45.360000
45.423000
45.486000
45.549000
45.612000
45.675000
45.738000
45.801000
45.864000
45.927000
45.990000
46.053000
46.116000
46.179000
46.242000
46.305000
46.368000
46.431000
46.494000
46.557000
46.620000
46.683000
46.746000
46.809000
46.872000
46.935000
46.998000
47.061000
47.124000
47.187000
47.250000
47.313000
47.376000
47.439000
47.502000
47.565000
47.628000
47.691000
47.754000
47.817000
47.880000
47.943000
48.006000
48.069000
48.132000
48.195000
48.258000
48.321000
48.384000
48.447000
48.510000
48.573000
48.636000
48.699000
48.762000
48.825000
48.888000
48.951000
49.014000
49.077000
49.140000
49.203000
49.266000
49.329000
49.392000
49.455000
49.518000
49.581000
49.644000
49.707000
49.770000
49.833000
49.896000
49.959000
50.022000
50.085000
50.148000
50.211000
50.274000
50.337000
50.400000
50.463000
50.526000
50.589000
50.652000
50.715000
50.778000
50.841000
50.904000
50.967000
51.030000
51.093000
51.156000
51.219000
51.282000
51.345000
51.408000
51.471000
51.534000
51.597000
51.660000
51.723000
51.786000
51.849000
51.912000
51.975000
52.038000
52.101000
52.164000
52.227000
52.290000
52.353000
52.416000
52.479000
52.542000
52.605000
52.668000
52.731000
52.794000
52.857000
52.920000
52.983000
53.046000
53.109000
53.172000
53.235000
53.298000
53.361000
53.424000
53.487000
53.550000
53.613000
53.676000
53.739000
53.802000
53.865000
53.928000
53.991000
54.054000
54.117000
54.180000
54.243000
54.306000
54.369000
54.432000
54.495000
54.558000
54.621000
54.684000
54.747000
54.810000
54.873000
54.936000
54.999000
55.062000
55.125000
55.188000
55.251000
55.314000
55.377000
55.440000
55.503000
55.566000
55.629000
55.692000
55.755000
55.818000
55.881000
55.944000
56.007000
56.070000
56.133000
56.196000
56.259000
56.322000
56.385000
56.448000
56.511000
56.574000
56.637000
56.700000
56.763000
56.826000
56.889000
56.952000
57.015000
57.078000
57.141000
57.204000
57.267000
57.330000
57.393000
57.456000
57.519000
57.582000
57.645000
57.708000
57.771000
57.834000
57.897000
57.960000
58.023000
58.086000
58.149000
58.212000
58.275000
58.338000
58.401000
58.464000
58.527000
58.590000
58.653000
58.716000
58.779000
58.842000
58.905000
58.968000
59.031000
59.094000
59.157000
59.220000
59.283000
59.346000
59.409000
59.472000
59.535000
59.598000
59.661000
59.724000
59.787000
59.850000
59.913000
59.976000
60.039000
60.102000
60.165000
60.228000
60.291000
60.354000
60.417000
60.480000
60.543000
60.606000
60.669000
60.732000
60.795000
60.858000
60.921000
60.984000
61.047000
61.110000
61.173000
61.236000
61.299000
61.362000
61.425000
61.488000
61.551000
61.614000
61.677000
61.740000
61.803000
61.866000
61.929000
61.992000
62.055000
62.118000
62.181000
62.244000
62.307000
62.370000
62.433000
62.496000
62.559000
62.622000
62.685000
62.748000
62.811000
62.874000
62.937000
63.000000
