3.223816043529500000e+13
2.588809856627200000e+13
2.583826872157600000e+13
2.094335901411300000e+13
2.626774299096700000e+13
2.023137841759300000e+13
1.739923782533600000e+13
1.444821711151500000e+13
1.539362597237600000e+13
1.522442584948500000e+13
1.499063337419700000e+13
1.079066417297200000e+13
1.144066266647800000e+13
1.085244071516100000e+13
9.020379640566000000e+12
9.368658587985000000e+12
1.029352088592900000e+13
8.604255454300000000e+12
9.081397034154000000e+12
9.317400611640000000e+12
8.778775827029000000e+12
6.835350965559000000e+12
8.011287411426000000e+12
6.118171407112000000e+12
7.195268703218000000e+12
6.160657857111000000e+12
5.991635717245000000e+12
7.053095061309000000e+12
5.594655731087000000e+12
4.641350129745000000e+12
6.317743098739000000e+12
5.343153156479000000e+12
4.584571494232000000e+12
5.130902520676000000e+12
3.544325441108000000e+12
3.662842024169000000e+12
4.823290871777000000e+12
6.066208104802000000e+12
4.182439759218000000e+12
3.427561794451000000e+12
4.753608035027000000e+12
3.386996107990000000e+12
3.909542779270000000e+12
4.122208272519000000e+12
3.716699872826000000e+12
3.606501075450000000e+12
3.828291769014000000e+12
3.523046015615000000e+12
3.398281833625000000e+12
2.589680964718000000e+12
3.335413279652000000e+12
2.689845194152000000e+12
2.458835807107000000e+12
2.649352269951000000e+12
3.145277413219000000e+12
3.041386359624000000e+12
2.651240734601000000e+12
2.665393047486000000e+12
2.888474168658000000e+12
2.349675817765000000e+12
1.998153961746000000e+12
3.390052970606000000e+12
2.428151978797000000e+12
1.929929397225000000e+12
2.490651522330000000e+12
2.266580094283000000e+12
2.019229514395000000e+12
1.906282096094000000e+12
2.087200508388000000e+12
2.093056343095000000e+12
2.035510871890000000e+12
2.202503561316000000e+12
2.298616808686000000e+12
1.920396339732000000e+12
2.713577766024000000e+12
2.471985604105000000e+12
1.645349847538000000e+12
1.744822159892000000e+12
2.590903557124000000e+12
1.866011532012000000e+12
1.895881065663000000e+12
1.613147183170000000e+12
2.427212350870000000e+12
1.713776737480000000e+12
1.785530073132000000e+12
1.261042687466000000e+12
1.282255563827000000e+12
1.429179133420000000e+12
1.541873203840000000e+12
1.841988219852000000e+12
1.529778763501000000e+12
1.392147170067000000e+12
1.793962688691000000e+12
2.000110308429000000e+12
1.459772053943000000e+12
1.056138609133000000e+12
8.336301744250000000e+11
1.785023192742000000e+12
1.582329314135000000e+12
1.018444019857000000e+12
1.525246113871000000e+12
1.185636240326000000e+12
8.855439449720000000e+11
1.277601404272000000e+12
6.291035808790000000e+11
1.097941657357000000e+12
7.234312479910000000e+11
1.443853157427000000e+12
1.115061414039000000e+12
7.711333205930000000e+11
1.187744112485000000e+12
1.170241523642000000e+12
8.496098236770000000e+11
7.262780674210000000e+11
2.054737591723000000e+12
8.513946362430000000e+11
5.687540809540000000e+11
5.578156546840000000e+11
6.465315223600000000e+11
1.043834732246000000e+12
8.921703313660000000e+11
6.593745845180000000e+11
1.041429219068000000e+12
6.288266937420000000e+11
1.013521191291000000e+12
7.630888317080000000e+11
1.523584608849000000e+12
8.502454187770000000e+11
7.504136624400000000e+11
5.595519550840000000e+11
7.475722559060000000e+11
5.569874202900000000e+11
7.826346773210000000e+11
4.724961195330000000e+11
5.163751651240000000e+11
4.262615118960000000e+11
4.961016083130000000e+11
7.972051839540000000e+11
5.407454727860000000e+11
2.494382308050000000e+11
3.592511059750000000e+11
5.066835712310000000e+11
1.028189625360000000e+11
2.326573293820000000e+11
2.666958336070000000e+11
4.134081329250000000e+11
2.097752712180000000e+11
4.597073276690000000e+11
2.659864267650000000e+11
3.430944197620000000e+11
4.369280515120000000e+11
2.075692092890000000e+11
2.512354382960000000e+11
4.867051819520000000e+11
1.158895429300000000e+11
6.637622252400000000e+11
4.776971566630000000e+11
4.324619515170000000e+11
3.150045242880000000e+11
6.686738580950000000e+11
3.780915267910000000e+11
1.139461275510000000e+11
1.333890802730000000e+11
5.700002883450000000e+11
3.214651079270000000e+11
1.537277806500000000e+11
2.467553458930000000e+11
2.498001932170000000e+11
9.455656093500000000e+10
2.260602686000000000e+11
1.665892331100000000e+11
2.951655117200000000e+11
2.892180505010000000e+11
1.823811111550000000e+11
2.335518629370000000e+11
1.997518437250000000e+11
3.849878044940000000e+11
3.501318974620000000e+11
1.913633284740000000e+11
9.642102628800000000e+10
6.065775463700000000e+10
1.335355491750000000e+11
3.404486016220000000e+11
2.159318021950000000e+11
1.570630756050000000e+11
3.171628555550000000e+11
6.633038605100000000e+10
7.162598988200000000e+10
7.120079583000000000e+10
9.850200687000000000e+10
3.700975404300000000e+10
9.406394496800000000e+10
1.688079955380000000e+11
2.217639423640000000e+11
1.603179463260000000e+11
8.916481724400000000e+10
1.618084522880000000e+11
1.046437439740000000e+11
7.456443052600000000e+10
1.047086628740000000e+11
3.335585762140000000e+11
7.331056351000000000e+10
5.287422006900000000e+10
4.955333925000000000e+10
3.954912591100000000e+10
1.810353517770000000e+11
6.895476379700000000e+10
2.813542261400000000e+10
2.576258923900000000e+10
5.487244558700000000e+10
3.958723845100000000e+10
1.377571794000000000e+10
1.793588802380000000e+11
8.670808884600000000e+10
4.370083005700000000e+10
1.152557472030000000e+11
6.375896772000000000e+10
1.355734165830000000e+11
