2.320500
2.411500
2.502500
2.593500
2.684500
2.775500
2.866500
2.957500
3.048500
3.139500
3.230500
3.321500
3.412500
3.503500
3.594500
3.685500
3.776500
3.867500
3.958500
4.049500
4.140500
4.231500
4.322500
4.413500
4.504500
4.595500
4.686500
4.777500
4.868500
4.959500
5.050500
5.141500
5.232500
5.323500
5.414500
5.505500
5.596500
5.687500
5.778500
5.869500
5.960500
6.051500
6.142500
6.233500
6.324500
6.415500
6.506500
6.597500
6.688500
6.779500
6.870500
6.961500
7.052500
7.143500
7.234500
7.325500
7.416500
7.507500
7.598500
7.689500
7.780500
7.871500
7.962500
8.053500
8.144500
8.235500
8.326500
8.417500
8.508500
8.599500
8.690500
8.781500
8.872500
8.963500
9.054500
9.145500
9.236500
9.327500
9.418500
9.509500
9.600500
9.691500
9.782500
9.873500
9.964500
10.055500
10.146500
10.237500
10.328500
10.419500
10.510500
10.601500
10.692500
10.783500
10.874500
10.965500
11.056500
11.147500
11.238500
11.329500
11.420500
11.511500
11.602500
11.693500
11.784500
11.875500
11.966500
12.057500
12.148500
12.239500
12.330500
12.421500
12.512500
12.603500
12.694500
12.785500
12.876500
12.967500
13.058500
13.149500
13.240500
13.331500
13.422500
13.513500
13.604500
13.695500
13.786500
13.877500
13.968500
14.059500
14.150500
14.241500
14.332500
14.423500
14.514500
14.605500
14.696500
14.787500
14.878500
14.969500
15.060500
15.151500
15.242500
15.333500
15.424500
15.515500
15.606500
15.697500
15.788500
15.879500
15.970500
16.061500
16.152500
16.243500
16.334500
16.425500
16.516500
16.607500
16.698500
16.789500
16.880500
16.971500
17.062500
17.153500
17.244500
17.335500
17.426500
17.517500
17.608500
17.699500
17.790500
17.881500
17.972500
18.063500
18.154500
18.245500
18.336500
18.427500
18.518500
18.609500
18.700500
18.791500
18.882500
18.973500
19.064500
19.155500
19.246500
19.337500
19.428500
19.519500
19.610500
19.701500
19.792500
19.883500
19.974500
20.065500
20.156500
20.247500
20.338500
20.429500
20.520500
20.611500
20.702500
20.793500
20.884500
20.975500
21.066500
21.157500
21.248500
21.339500
21.430500
21.521500
21.612500
21.703500
21.794500
21.885500
21.976500
22.067500
22.158500
22.249500
22.340500
22.431500
22.522500
22.613500
22.704500
22.795500
22.886500
22.977500
23.068500
23.159500
23.250500
23.341500
23.432500
23.523500
23.614500
23.705500
23.796500
23.887500
23.978500
24.069500
24.160500
24.251500
24.342500
24.433500
24.524500
24.615500
24.706500
24.797500
24.888500
24.979500
25.070500
25.161500
25.252500
25.343500
25.434500
25.525500
25.616500
25.707500
25.798500
25.889500
25.980500
26.071500
26.162500
26.253500
26.344500
26.435500
26.526500
26.617500
26.708500
26.799500
26.890500
26.981500
27.072500
27.163500
27.254500
27.345500
27.436500
27.527500
27.618500
27.709500
27.800500
27.891500
27.982500
28.073500
28.164500
28.255500
28.346500
28.437500
28.528500
28.619500
28.710500
28.801500
28.892500
28.983500
29.074500
29.165500
29.256500
29.347500
29.438500
29.529500
29.620500
29.711500
29.802500
29.893500
29.984500
30.075500
30.166500
30.257500
30.348500
30.439500
30.530500
30.621500
30.712500
30.803500
30.894500
30.985500
31.076500
31.167500
31.258500
31.349500
31.440500
31.531500
31.622500
31.713500
31.804500
31.895500
31.986500
32.077500
32.168500
32.259500
32.350500
32.441500
32.532500
32.623500
32.714500
32.805500
32.896500
32.987500
33.078500
33.169500
33.260500
33.351500
33.442500
33.533500
33.624500
33.715500
33.806500
33.897500
33.988500
34.079500
34.170500
34.261500
34.352500
34.443500
34.534500
34.625500
34.716500
34.807500
34.898500
34.989500
35.080500
35.171500
35.262500
35.353500
35.444500
35.535500
35.626500
35.717500
35.808500
35.899500
35.990500
36.081500
36.172500
36.263500
36.354500
36.445500
36.627500
36.718500
36.809500
36.900500
36.991500
37.082500
37.173500
37.264500
37.355500
37.446500
37.537500
37.628500
37.719500
37.810500
37.901500
37.992500
38.083500
38.174500
38.356500
38.447500
38.538500
38.720500
38.811500
38.902500
38.993500
39.084500
39.175500
39.266500
39.357500
39.448500
39.539500
39.721500
39.812500
39.903500
39.994500
40.085500
40.176500
40.267500
40.358500
40.540500
40.631500
40.722500
40.813500
40.904500
40.995500
41.086500
41.177500
41.268500
41.359500
41.450500
41.541500
41.632500
41.723500
41.814500
41.905500
41.996500
42.087500
42.178500
42.269500
42.360500
42.542500
42.633500
42.724500
42.815500
42.906500
42.997500
43.088500
43.179500
43.270500
43.361500
43.543500
43.634500
43.725500
43.816500
43.907500
43.998500
44.089500
44.271500
44.362500
44.453500
44.544500
44.635500
44.726500
44.908500
44.999500
45.181500
45.272500
45.363500
45.545500
45.636500
45.727500
45.909500
46.000500
46.091500
46.182500
46.273500
46.455500
46.546500
46.819500
46.910500
47.001500
47.456500
47.729500
48.002500
48.093500
48.184500
48.275500
48.366500
48.548500
48.639500
