0.000000
2.388000
4.776000
7.164000
9.552000
11.940000
14.328000
16.716000
19.104000
21.492000
23.880000
26.268000
28.656000
31.044000
33.432000
35.820000
38.208000
40.596000
42.984000
45.372000
47.760000
50.148000
52.536000
54.924000
57.312000
59.700000
62.088000
64.476000
66.864000
69.252000
71.640000
74.028000
76.416000
78.804000
81.192000
83.580000
85.968000
88.356000
90.744000
93.132000
95.520000
97.908000
100.296000
102.684000
105.072000
107.460000
109.848000
112.236000
114.624000
117.012000
119.400000
121.788000
124.176000
126.564000
128.952000
131.340000
133.728000
136.116000
138.504000
140.892000
143.280000
145.668000
148.056000
150.444000
152.832000
155.220000
157.608000
159.996000
162.384000
164.772000
167.160000
169.548000
171.936000
174.324000
176.712000
179.100000
181.488000
183.876000
186.264000
188.652000
191.040000
193.428000
195.816000
198.204000
200.592000
202.980000
205.368000
207.756000
210.144000
212.532000
214.920000
217.308000
219.696000
222.084000
224.472000
226.860000
229.248000
231.636000
234.024000
236.412000
238.800000
241.188000
243.576000
245.964000
248.352000
250.740000
253.128000
255.516000
257.904000
260.292000
262.680000
265.068000
267.456000
269.844000
272.232000
274.620000
277.008000
279.396000
281.784000
284.172000
286.560000
288.948000
291.336000
293.724000
296.112000
298.500000
300.888000
303.276000
305.664000
308.052000
310.440000
312.828000
315.216000
317.604000
319.992000
322.380000
324.768000
327.156000
329.544000
331.932000
334.320000
336.708000
339.096000
341.484000
343.872000
346.260000
348.648000
351.036000
353.424000
355.812000
358.200000
360.588000
362.976000
365.364000
367.752000
370.140000
372.528000
374.916000
377.304000
379.692000
382.080000
384.468000
386.856000
389.244000
391.632000
394.020000
396.408000
398.796000
401.184000
403.572000
405.960000
408.348000
410.736000
413.124000
415.512000
417.900000
420.288000
422.676000
425.064000
427.452000
429.840000
432.228000
434.616000
437.004000
439.392000
441.780000
444.168000
446.556000
448.944000
451.332000
453.720000
456.108000
458.496000
460.884000
463.272000
465.660000
468.048000
470.436000
472.824000
475.212000
477.600000
479.988000
482.376000
484.764000
487.152000
489.540000
491.928000
494.316000
496.704000
499.092000
501.480000
503.868000
506.256000
508.644000
511.032000
513.420000
515.808000
518.196000
520.584000
522.972000
525.360000
527.748000
530.136000
532.524000
534.912000
537.300000
539.688000
542.076000
544.464000
546.852000
549.240000
551.628000
554.016000
556.404000
558.792000
561.180000
563.568000
565.956000
568.344000
570.732000
573.120000
575.508000
577.896000
580.284000
582.672000
585.060000
587.448000
589.836000
592.224000
594.612000
597.000000
599.388000
601.776000
604.164000
606.552000
608.940000
611.328000
613.716000
616.104000
618.492000
620.880000
623.268000
625.656000
628.044000
630.432000
632.820000
635.208000
637.596000
639.984000
642.372000
644.760000
647.148000
649.536000
651.924000
654.312000
656.700000
659.088000
661.476000
663.864000
666.252000
668.640000
671.028000
673.416000
675.804000
678.192000
680.580000
682.968000
685.356000
687.744000
690.132000
692.520000
694.908000
697.296000
699.684000
702.072000
704.460000
706.848000
709.236000
711.624000
714.012000
716.400000
718.788000
721.176000
723.564000
725.952000
728.340000
730.728000
733.116000
735.504000
737.892000
740.280000
742.668000
745.056000
747.444000
749.832000
752.220000
754.608000
756.996000
759.384000
761.772000
764.160000
766.548000
768.936000
771.324000
773.712000
776.100000
778.488000
780.876000
783.264000
785.652000
788.040000
790.428000
792.816000
795.204000
797.592000
799.980000
802.368000
804.756000
807.144000
809.532000
811.920000
814.308000
816.696000
819.084000
821.472000
823.860000
826.248000
828.636000
831.024000
833.412000
835.800000
838.188000
840.576000
842.964000
845.352000
847.740000
850.128000
852.516000
854.904000
857.292000
859.680000
862.068000
864.456000
866.844000
869.232000
871.620000
874.008000
876.396000
878.784000
881.172000
883.560000
885.948000
888.336000
890.724000
893.112000
895.500000
897.888000
900.276000
902.664000
905.052000
907.440000
909.828000
912.216000
914.604000
916.992000
919.380000
921.768000
924.156000
926.544000
928.932000
931.320000
933.708000
936.096000
938.484000
940.872000
943.260000
945.648000
948.036000
950.424000
952.812000
955.200000
957.588000
959.976000
962.364000
964.752000
967.140000
969.528000
971.916000
974.304000
976.692000
979.080000
981.468000
983.856000
986.244000
988.632000
991.020000
993.408000
995.796000
998.184000
1000.572000
1002.960000
1005.348000
1007.736000
1010.124000
1012.512000
1014.900000
1017.288000
1019.676000
1022.064000
1024.452000
1026.840000
1029.228000
1031.616000
1034.004000
1036.392000
1038.780000
1041.168000
1043.556000
1045.944000
1048.332000
1050.720000
1053.108000
1055.496000
1057.884000
1060.272000
1062.660000
1065.048000
1067.436000
1069.824000
1072.212000
1074.600000
1076.988000
1079.376000
1081.764000
1084.152000
1086.540000
1088.928000
1091.316000
1093.704000
1096.092000
1098.480000
1100.868000
1103.256000
1105.644000
1108.032000
1110.420000
1112.808000
1115.196000
1117.584000
1119.972000
1122.360000
1124.748000
1127.136000
1129.524000
1131.912000
1134.300000
1136.688000
1139.076000
1141.464000
1143.852000
1146.240000
1148.628000
1151.016000
1153.404000
1155.792000
1158.180000
1160.568000
1162.956000
1165.344000
1167.732000
1170.120000
1172.508000
1174.896000
1177.284000
1179.672000
1182.060000
1184.448000
1186.836000
1189.224000
1191.612000
1194.000000
1196.388000
1198.776000
1201.164000
1203.552000
1205.940000
1208.328000
1210.716000
1213.104000
1215.492000
1217.880000
1220.268000
1222.656000
1225.044000
1227.432000
1229.820000
1232.208000
1234.596000
1236.984000
1239.372000
1241.760000
1244.148000
1246.536000
1248.924000
1251.312000
1253.700000
1256.088000
1258.476000
1260.864000
1263.252000
1265.640000
1268.028000
1270.416000
1272.804000
1275.192000
1277.580000
1279.968000
1282.356000
1284.744000
1287.132000
1289.520000
1291.908000
1294.296000
1296.684000
1299.072000
1301.460000
1303.848000
1306.236000
1308.624000
1311.012000
1313.400000
1315.788000
1318.176000
1320.564000
1322.952000
1325.340000
1327.728000
1330.116000
1332.504000
1334.892000
1337.280000
1339.668000
1342.056000
1344.444000
1346.832000
1349.220000
1351.608000
1353.996000
1356.384000
1358.772000
1361.160000
1363.548000
1365.936000
1368.324000
1370.712000
1373.100000
1375.488000
1377.876000
1380.264000
1382.652000
1385.040000
1387.428000
1389.816000
1392.204000
1394.592000
1396.980000
1399.368000
1401.756000
1404.144000
1406.532000
1408.920000
1411.308000
1413.696000
1416.084000
1418.472000
1420.860000
1423.248000
1425.636000
1428.024000
1430.412000
1432.800000
1435.188000
1437.576000
1439.964000
1442.352000
1444.740000
1447.128000
1449.516000
1451.904000
1454.292000
1456.680000
1459.068000
1461.456000
1463.844000
1466.232000
1468.620000
1471.008000
1473.396000
1475.784000
1478.172000
1480.560000
1482.948000
1485.336000
1487.724000
1490.112000
1492.500000
1494.888000
1497.276000
1499.664000
1502.052000
1504.440000
1506.828000
1509.216000
1511.604000
1513.992000
1516.380000
1518.768000
1521.156000
1523.544000
1525.932000
1528.320000
1530.708000
1533.096000
1535.484000
1537.872000
1540.260000
1542.648000
1545.036000
1547.424000
1549.812000
1552.200000
1554.588000
1556.976000
1559.364000
1561.752000
1564.140000
1566.528000
1568.916000
1571.304000
1573.692000
1576.080000
1578.468000
1580.856000
1583.244000
1585.632000
1588.020000
1590.408000
1592.796000
1595.184000
1597.572000
1599.960000
1602.348000
1604.736000
1607.124000
1609.512000
1611.900000
1614.288000
1616.676000
1619.064000
1621.452000
1623.840000
1626.228000
1628.616000
1631.004000
1633.392000
1635.780000
1638.168000
1640.556000
1642.944000
1645.332000
1647.720000
1650.108000
1652.496000
1654.884000
1657.272000
1659.660000
1662.048000
1664.436000
1666.824000
1669.212000
1671.600000
1673.988000
1676.376000
1678.764000
1681.152000
1683.540000
1685.928000
1688.316000
1690.704000
1693.092000
1695.480000
1697.868000
1700.256000
1702.644000
1705.032000
1707.420000
1709.808000
1712.196000
1714.584000
1716.972000
1719.360000
1721.748000
1724.136000
1726.524000
1728.912000
1731.300000
1733.688000
1736.076000
1738.464000
1740.852000
1743.240000
1745.628000
1748.016000
1750.404000
1752.792000
1755.180000
1757.568000
1759.956000
1762.344000
1764.732000
1767.120000
1769.508000
1771.896000
1774.284000
1776.672000
1779.060000
1781.448000
1783.836000
1786.224000
1788.612000
1791.000000
1793.388000
1795.776000
1798.164000
1800.552000
1802.940000
1805.328000
1807.716000
1810.104000
1812.492000
1814.880000
1817.268000
1819.656000
1822.044000
1824.432000
1826.820000
1829.208000
1831.596000
1833.984000
1836.372000
1838.760000
1841.148000
1843.536000
1845.924000
1848.312000
1850.700000
1853.088000
1855.476000
1857.864000
1860.252000
1862.640000
1865.028000
1867.416000
1869.804000
1872.192000
1874.580000
1876.968000
1879.356000
1881.744000
1884.132000
1886.520000
1888.908000
1891.296000
1893.684000
1896.072000
1898.460000
1900.848000
1903.236000
1905.624000
1908.012000
1910.400000
1912.788000
1915.176000
1917.564000
1919.952000
1922.340000
1924.728000
1927.116000
1929.504000
1931.892000
1934.280000
1936.668000
1939.056000
1941.444000
1943.832000
1946.220000
1948.608000
1950.996000
1953.384000
1955.772000
1958.160000
1960.548000
1962.936000
1965.324000
1967.712000
1970.100000
1972.488000
1974.876000
1977.264000
1979.652000
1982.040000
1984.428000
1986.816000
1989.204000
1991.592000
1993.980000
1996.368000
1998.756000
2001.144000
2003.532000
2005.920000
2008.308000
2010.696000
2013.084000
2015.472000
2017.860000
2020.248000
2022.636000
2025.024000
2027.412000
2029.800000
2032.188000
2034.576000
2036.964000
2039.352000
2041.740000
2044.128000
2046.516000
2048.904000
2051.292000
2053.680000
2056.068000
2058.456000
2060.844000
2063.232000
2065.620000
2068.008000
2070.396000
2072.784000
2075.172000
2077.560000
2079.948000
2082.336000
2084.724000
2087.112000
2089.500000
2091.888000
2094.276000
2096.664000
2099.052000
2101.440000
2103.828000
2106.216000
2108.604000
2110.992000
2113.380000
2115.768000
2118.156000
2120.544000
2122.932000
2125.320000
2127.708000
2130.096000
2132.484000
2134.872000
2137.260000
2139.648000
2142.036000
2144.424000
2146.812000
2149.200000
2151.588000
2153.976000
2156.364000
2158.752000
2161.140000
2163.528000
2165.916000
2168.304000
2170.692000
2173.080000
2175.468000
2177.856000
2180.244000
2182.632000
2185.020000
2187.408000
2189.796000
2192.184000
2194.572000
2196.960000
2199.348000
2201.736000
2204.124000
2206.512000
2208.900000
2211.288000
2213.676000
2216.064000
2218.452000
2220.840000
2223.228000
2225.616000
2228.004000
2230.392000
2232.780000
2235.168000
2237.556000
2239.944000
2242.332000
2244.720000
2247.108000
2249.496000
2251.884000
2254.272000
2256.660000
2259.048000
2261.436000
2263.824000
2266.212000
2268.600000
2270.988000
2273.376000
2275.764000
2278.152000
2280.540000
2282.928000
2285.316000
2287.704000
2290.092000
2292.480000
2294.868000
2297.256000
2299.644000
2302.032000
2304.420000
2306.808000
2309.196000
2311.584000
2313.972000
2316.360000
2318.748000
2321.136000
2323.524000
2325.912000
2328.300000
2330.688000
2333.076000
2335.464000
2337.852000
2340.240000
2342.628000
2345.016000
2347.404000
2349.792000
2352.180000
2354.568000
2356.956000
2359.344000
2361.732000
2364.120000
2366.508000
2368.896000
2371.284000
2373.672000
2376.060000
2378.448000
2380.836000
2383.224000
2385.612000
2388.000000
