306993100581721920
258369879650393952
142694260402600512
90562772849491392
62053576102760384
44579835129937728
33236847065999356
25888847341905828
20414228339579988
16894500948801614
14067481905181578
11985819977194454
10409762114766308
9089825733030312
7923964339822186
7238716810243924
6348463010041083
5899947321009623
5325112009218412
4936326773215211
4542261953821990
4165130925466204
3932388451905352
3682374432257176
3425530966377024
3215679385382017
3074377366597190
2881089401066816
2753344184417327
2605706672671695
2437777153680180
2335992871322993
2286393329234586
2132966749050576
2031923828918375
1971808532339788
1865790146940515
1827568211592945
1719345362344045
1649482713699948
1613526877474574
1521778339396290
1479423635719747
1506251670606532
1406353472386505
1345429878172426
1282677550586282
1283576013184875
1250137822020276
1183657550178858
1132160453614577
1088211916904644
1082675877910027
1067654446300178
1027590458673134
1006385458838933
951068456607426
960009499466272
915193574797370
880780378173157
898088474810291
840603943903213
806384949402022
801359217463008
788348669430972
776606355027600
728821196465977
754782281291399
685103554863303
704315213652467
676878958835806
633654915944796
657195804357152
608610736385247
595243509717121
561960751559459
587273757630657
568195729743601
530936642312981
533432704285920
525151362039504
520088208879181
489064448991716
492191442509001
483078775641128
469864522091927
459706015982792
473146009509289
448452361539096
441880277140337
420493423169349
412028787368774
414506190332264
389862476667299
405359396414049
379846203877159
367884889665118
376802213342047
368211162467280
344018640384163
348966825347788
347535042851040
341074521089241
314810346114786
308189858296013
305415901025672
307698094366896
296727278692411
292669008391329
283937008374939
280796217296614
264755692697176
254746195638016
268765038687555
261801163267242
260801314546136
246015955738247
249361554832378
244439497327542
239491557945764
223341047336522
229753539210324
222003957934636
216185098877947
219918643525449
205396763813068
203943621800506
202211434111869
187767495659444
189165216623226
194532776384980
199399508364063
188007124475754
182718872881657
178551583391035
167967236632399
175194371149701
160253994248750
175417911605390
159810936203597
158537178079434
141793266328379
148699580686457
145352665046611
141912820242783
132038250124742
136558501545906
137208575200230
138206536420883
131217859409225
126805609440788
131546380761384
139439492593200
114838728188955
124914028099684
137164888907874
118457389142281
114808876914684
117479474398680
108571875391524
109085573864031
117027762090379
104193634128058
98839558911624
100540393345494
101429289432979
98056544056319
94734551134929
96037622005794
86514432248500
93500595748636
92879578075885
84740286848586
84461344160297
81370903042780
82621226358197
86578277893009
77184861685525
76038885111771
77120872522182
71820120579424
66007429800341
73471621576198
78917072868262
72514706758490
63633831365893
64470602749807
71220393869976
71190238917453
59990773036596
64439537789238
63374818562279
58813942082095
58776891708429
61388027798232
52052387781483
52415908910667
55305403168383
59470431342778
52770281259517
48553419021778
46052106155414
54454866443295
49524461972958
44928659626889
46750963672708
44792960678186
40719346534520
44928984357194
47555875183811
44041917454828
41505722524370
41435026740047
40316380468136
41673400154402
40360964390987
35107013753742
41871296223788
32804338328862
40577798644681
37347201226584
36634984843951
37829897839608
37030088171784
32267610916840
34874390106854
33853326980216
34111660492547
32430007413091
35560414578088
29431929322094
36077061001582
32609494910640
31000621452616
24994639559292
30584032985163
22172375229085
26448796795909
27208734526151
24888778094093
26802619884579
26066445595287
20790535523424
25213198274728
22104643483734
19258380586256
20698401453708
23980544642678
26744781271631
19085810096487
22250765280852
22102944923956
23821834707598
24104466674275
19949584610461
21430675905016
17751758632937
18497919547745
20289193178521
18385760480095
15318026872696
16064629834176
18887298558864
16975628659600
19621807244692
17061638823115
16863414674431
15552572810878
14729548915224
11574927224889
12887558981558
17652740660456
15996936232090
14970517880425
11497190063251
13981186518049
12087756295496
14065751636629
14000669759421
15483287797610
12535954718663
14526224183739
14420294309988
16963111327680
13273989179405
8844541596669
9238610824763
11355776023424
11394792569954
13364180212822
11368683432754
9990904718653
13276862203930
12481867672846
9526359304707
10153990726720
10941714497809
10120702268818
10093814995231
9960460524944
10655991415613
9764806209347
8485938277235
9469563235827
9038518582261
8695809074716
8518721623588
8718233795972
8510303875134
9159116608245
8926182854568
10121435190871
6703111054002
9314846190539
8790305760204
6621114365926
4500449633465
8207240507746
7208969793460
6443017146465
5524103234831
7400752800624
7366570284805
6719188096083
7891831278756
5414284370063
6102118171439
5325985388237
6456078460544
8338597241004
4069745777451
8095417618935
6449899919626
5251980763004
7288578982159
5698108001133
6317492483692
7390645655986
5680910329052
6941566446647
5922679880632
5185099487970
6227739778663
5529937245473
5580933437402
6477063936380
5269922350629
3254359943285
5449886558648
4531858575374
6152080148561
5304560310354
4982859973759
5535073404630
4059462790090
5992327239596
3999152967571
3761618118856
4435344985941
4591042081303
4781228899143
4130922965166
3646848509057
2850321138147
3838265847463
4566682418434
3222312087497
3473077018903
3327176276988
3888522092498
4720190134228
1598562879866
4350487392807
3201256666828
2860649891225
3809956936943
2532788683666
6000807112171
3560363021817
3259656641628
1731210247358
2546846659481
3096958017530
3265444967417
3087036270931
3411966602835
2810371211498
3469921203480
1416901549737
2944568159974
3294807631408
1689293780048
3324994905442
3574148882269
2274034742863
2557548472117
2856245375973
3423311137485
1509191517596
2978333497945
5506249938720
1924001552801
3216991273493
2084756412379
3910256127207
2004188146834
2884703127003
2517036020493
3940521938087
2018767447717
2073914272331
3208057104666
2673097304636
2881176696763
2214689134207
1329334106613
963113593848
794948854535
2208581106369
3272651230418
1140242358585
2388541937273
1810147116035
1985834227497
1754637840327
2083588347154
2051649509661
2456568144958
937079417646
1989923441657
1649352361461
1870738245643
1532362193128
2610445281089
2867997208833
1766465995091
2044680376819
2733400386549
1612248240496
2695710313927
1667390858898
2075246292302
1193098898043
1755106355462
2032265975730
2838195317680
2633829823437
1859956836012
1555940907189
970190272876
1606539463389
1253962526543
1839742541024
1731594568245
972984270976
2667838701225
2125950536465
963723830834
1018464094768
2774274467134
1287060194882
52610785300
636957452915
2373701209095
1251967567917
684871686027
1141255242001
1803176876901
722535426771
1410507295602
1847936619713
1423516104364
1529285357353
1079609604180
1701268199357
1540767008056
1980972511794
917733544397
852871629195
853121548752
1204702304247
802857678557
622853032813
1020196475278
648596634320
1131328624123
1213676603128
895620674517
336312645348
569937080044
1178470553105
779275187152
1245501705883
617511827000
1854165655928
400898940076
1549493754859
558541457960
856387189029
394866852257
1567068582127
928233516995
938049551570
732123514482
2732875521336
319573888994
627880721101
533947457868
1001850853941
872737152162
1751194387616
956979429058
1009829865666
960805461144
1695634161920
928231804173
578052326771
1769675417610
982311475407
1006013041754
611005607614
1178494648410
30962473914
1253724536977
839090252479
458202002377
900438839270
319200898909
1560318306433
245959314830
18692860179
361205756560
352344865630
1366722770737
630499913667
353933495015
1041577778871
42339471081
348603576370
919648448901
299388355557
860563013430
594522568643
614743086355
930199347062
324657938379
356570326491
676316057915
875072232211
24287214023
829604092856
293937045403
348192756056
651359020312
8736982696
695789645630
620285647225
366043148612
0
113529107922
12644140893
116552535478
792344292954
647916265396
133761344578
588279919749
302725990335
297454070562
79056900598
770559118679
433169557710
1340137010237
931479023968
369322134552
322589740377
915844641587
426880078632
305067781505
317509254946
366745547239
655627204175
706870798037
341786082882
295002568251
116904945662
618213383553
678538491192
295002568251
615821389240
21349732549
147009209010
1005619010531
8770110043
300007506967
319687991218
617080853458
295002568251
0
685360474047
301748470815
359409148653
39510310778
321507466786
4767571107
46217119742
11513733630
302434056311
62964023907
61444852290
598315921934
311839846612
10738247557
21804885351
603538481148
654107853967
583874743958
301170427519
11151276582
21824184239
403593130627
0
335653720541
311078338561
0
31989751626
60571186201
14520828535
162537470238
280053753760
305919459072
18249381654
65026394018
74184393592
319904941926
304043769898
12685508897
20234126128
323176521406
590005136503
302298514201
60854392824
9715827695
306068695293
32751960017
4395421621
45002028743
10113641756
77561832097
0
7523510576
0
7197546301
9761450864
316429067863
0
62335240596
295002568251
93094623884
243331280089
0
6776236713
300869452391
0
17318176416
24807611119
9777007050
300287156741
16560037060
0
53496487983
0
4983956783
40748584728
6106753368
0
4843780070
295002568251
295002568251
0
513990020306
0
0
8521095703
0
302373614604
312752679660
299309900726
12355874001
0
0
4993184843
0
656566290448
0
0
0
295002568251
304271737083
7298006486
4667094911
0
295002568251
0
15077258648
0
0
272245171955
0
8089941797
0
0
49724704413
0
82618862216
0
0
4154910903
64144742593
295002568251
0
0
26513696314
595437482842
78956030181
0
17888689373
294098841257
0
0
0
0
44914711446
317597350535
295002568251
0
0
295002568251
9882735994
0
0
0
0
295002568251
293974025440
295002568251
0
0
295002568251
0
0
4324816724
0
0
0
0
0
0
0
0
0
0
0
0
0
295002568251
7535780645
0
0
0
0
0
0
0
12050195910
0
0
0
201184581669
0
0
6683320167
0
0
0
0
0
0
0
295002568251
230406024049
0
0
295002568251
0
0
283828389273
0
0
0
102374658341
0
267540953909
0
0
0
0
0
14059035107
0
0
294996373239
0
0
0
0
0
26285538268
0
0
0
0
0
0
0
0
4911818756
0
0
0
0
0
0
0
0
0
0
0
0
5539494224
0
0
0
0
0
0
0
0
0
0
0
0
0
0
295002568251
0
0
4424094338
0
0
0
0
0
0
0
0
0
0
0
0
0
0
0
0
0
0
0
0
0
0
0
44710960763
0
0
0
0
0
0
0
0
0
0
0
0
0
0
0
0
0
0
43567152713
0
0
0
0
0
0
0
0
0
0
0
0
0
0
0
0
0
0
0
0
0
0
0
0
0
0
0
0
0
0
0
0
0
0
0
0
0
0
0
0
0
0
0
0
0
0
0
0
0
0
0
0
0
0
0
0
0
0
0
0
0
0
0
0
0
0
0
0
0
0
0
0
0
0
0
0
0
0
0
0
0
0
0
0
0
0
0
0
0
0
0
0
0
0
0
0
0
0
0
0
