0.000000
5.709000
11.418000
17.127000
22.836000
28.545000
34.254000
39.963000
45.672000
51.381000
57.090000
62.799000
68.508000
74.217000
79.926000
85.635000
91.344000
97.053000
102.762000
108.471000
114.180000
119.889000
125.598000
131.307000
137.016000
142.725000
148.434000
154.143000
159.852000
165.561000
171.270000
176.979000
182.688000
188.397000
194.106000
199.815000
205.524000
211.233000
216.942000
222.651000
228.360000
234.069000
239.778000
245.487000
251.196000
256.905000
262.614000
268.323000
274.032000
279.741000
285.450000
291.159000
296.868000
302.577000
308.286000
313.995000
319.704000
325.413000
331.122000
336.831000
342.540000
348.249000
353.958000
359.667000
365.376000
371.085000
376.794000
382.503000
388.212000
393.921000
399.630000
405.339000
411.048000
416.757000
422.466000
428.175000
433.884000
439.593000
445.302000
451.011000
456.720000
462.429000
468.138000
473.847000
479.556000
485.265000
490.974000
496.683000
502.392000
508.101000
513.810000
519.519000
525.228000
530.937000
536.646000
542.355000
548.064000
553.773000
559.482000
565.191000
570.900000
576.609000
582.318000
588.027000
593.736000
599.445000
605.154000
610.863000
616.572000
622.281000
627.990000
633.699000
639.408000
645.117000
650.826000
656.535000
662.244000
667.953000
673.662000
679.371000
685.080000
690.789000
696.498000
702.207000
707.916000
713.625000
719.334000
725.043000
730.752000
736.461000
742.170000
747.879000
753.588000
759.297000
765.006000
770.715000
776.424000
782.133000
787.842000
793.551000
799.260000
804.969000
810.678000
816.387000
822.096000
827.805000
833.514000
839.223000
844.932000
850.641000
856.350000
862.059000
867.768000
873.477000
879.186000
884.895000
890.604000
896.313000
902.022000
907.731000
913.440000
919.149000
924.858000
930.567000
936.276000
941.985000
947.694000
953.403000
959.112000
964.821000
970.530000
976.239000
981.948000
987.657000
993.366000
999.075000
1004.784000
1010.493000
1016.202000
1021.911000
1027.620000
1033.329000
1039.038000
1044.747000
1050.456000
1056.165000
1061.874000
1067.583000
1073.292000
1079.001000
1084.710000
1090.419000
1096.128000
1101.837000
1107.546000
1113.255000
1118.964000
1124.673000
1130.382000
1136.091000
1141.800000
1147.509000
1153.218000
1158.927000
1164.636000
1170.345000
1176.054000
1181.763000
1187.472000
1193.181000
1198.890000
1204.599000
1210.308000
1216.017000
1221.726000
1227.435000
1233.144000
1238.853000
1244.562000
1250.271000
1255.980000
1261.689000
1267.398000
1273.107000
1278.816000
1284.525000
1290.234000
1295.943000
1301.652000
1307.361000
1313.070000
1318.779000
1324.488000
1330.197000
1335.906000
1341.615000
1347.324000
1353.033000
1358.742000
1364.451000
1370.160000
1375.869000
1381.578000
1387.287000
1392.996000
1398.705000
1404.414000
1410.123000
1415.832000
1421.541000
1427.250000
1432.959000
1438.668000
1444.377000
1450.086000
1455.795000
1461.504000
1467.213000
1472.922000
1478.631000
1484.340000
1490.049000
1495.758000
1501.467000
1507.176000
1512.885000
1518.594000
1524.303000
1530.012000
1535.721000
1541.430000
1547.139000
1552.848000
1558.557000
1564.266000
1569.975000
1575.684000
1581.393000
1587.102000
1592.811000
1598.520000
1604.229000
1609.938000
1615.647000
1621.356000
1627.065000
1632.774000
1638.483000
1644.192000
1649.901000
1655.610000
1661.319000
1667.028000
1672.737000
1678.446000
1684.155000
1689.864000
1695.573000
1701.282000
1706.991000
1712.700000
1718.409000
1724.118000
1729.827000
1735.536000
1741.245000
1746.954000
1752.663000
1758.372000
1764.081000
1769.790000
1775.499000
1781.208000
1786.917000
1792.626000
1798.335000
1804.044000
1809.753000
1815.462000
1821.171000
1826.880000
1832.589000
1838.298000
1844.007000
1849.716000
1855.425000
1861.134000
1866.843000
1872.552000
1878.261000
1883.970000
1889.679000
1895.388000
1901.097000
1906.806000
1912.515000
1918.224000
1923.933000
1929.642000
1935.351000
1941.060000
1946.769000
1952.478000
1958.187000
1963.896000
1969.605000
1975.314000
1981.023000
1986.732000
1992.441000
1998.150000
2003.859000
2009.568000
2015.277000
2020.986000
2026.695000
2032.404000
2038.113000
2043.822000
2049.531000
2055.240000
2060.949000
2066.658000
2072.367000
2078.076000
2083.785000
2089.494000
2095.203000
2100.912000
2106.621000
2112.330000
2118.039000
2123.748000
2129.457000
2135.166000
2140.875000
2146.584000
2152.293000
2158.002000
2163.711000
2169.420000
2175.129000
2180.838000
2186.547000
2192.256000
2197.965000
2203.674000
2209.383000
2215.092000
2220.801000
2226.510000
2232.219000
2237.928000
2243.637000
2249.346000
2255.055000
2260.764000
2266.473000
2272.182000
2277.891000
2283.600000
2289.309000
2295.018000
2300.727000
2306.436000
2312.145000
2317.854000
2323.563000
2329.272000
2334.981000
2340.690000
2346.399000
2352.108000
2357.817000
2363.526000
2369.235000
2374.944000
2380.653000
2386.362000
2392.071000
2397.780000
2403.489000
2409.198000
2414.907000
2420.616000
2426.325000
2432.034000
2437.743000
2443.452000
2449.161000
2454.870000
2460.579000
2466.288000
2471.997000
2477.706000
2483.415000
2489.124000
2494.833000
2500.542000
2506.251000
2511.960000
2517.669000
2523.378000
2529.087000
2534.796000
2540.505000
2546.214000
2551.923000
2557.632000
2563.341000
2569.050000
2574.759000
2580.468000
2586.177000
2591.886000
2597.595000
2603.304000
2609.013000
2614.722000
2620.431000
2626.140000
2631.849000
2637.558000
2643.267000
2648.976000
2654.685000
2660.394000
2666.103000
2671.812000
2677.521000
2683.230000
2688.939000
2694.648000
2700.357000
2706.066000
2711.775000
2717.484000
2723.193000
2728.902000
2734.611000
2740.320000
2746.029000
2751.738000
2757.447000
2763.156000
2768.865000
2774.574000
2780.283000
2785.992000
2791.701000
2797.410000
2803.119000
2808.828000
2814.537000
2820.246000
2825.955000
2831.664000
2837.373000
2843.082000
2848.791000
2854.500000
2860.209000
2865.918000
2871.627000
2877.336000
2883.045000
2888.754000
2894.463000
2900.172000
2905.881000
2911.590000
2917.299000
2923.008000
2928.717000
2934.426000
2940.135000
2945.844000
2951.553000
2957.262000
2962.971000
2968.680000
2974.389000
2980.098000
2985.807000
2991.516000
2997.225000
3002.934000
3008.643000
3014.352000
3020.061000
3025.770000
3031.479000
3037.188000
3042.897000
3048.606000
3054.315000
3060.024000
3065.733000
3071.442000
3077.151000
3082.860000
3088.569000
3094.278000
3099.987000
3105.696000
3111.405000
3117.114000
3122.823000
3128.532000
3134.241000
3139.950000
3145.659000
3151.368000
3157.077000
3162.786000
3168.495000
3174.204000
3179.913000
3185.622000
3191.331000
3197.040000
3202.749000
3208.458000
3214.167000
3219.876000
3225.585000
3231.294000
3237.003000
3242.712000
3248.421000
3254.130000
3259.839000
3265.548000
3271.257000
3276.966000
3282.675000
3288.384000
3294.093000
3299.802000
3305.511000
3311.220000
3316.929000
3322.638000
3328.347000
3334.056000
3339.765000
3345.474000
3351.183000
3356.892000
3362.601000
3368.310000
3374.019000
3379.728000
3385.437000
3391.146000
3396.855000
3402.564000
3408.273000
3413.982000
3419.691000
3425.400000
3431.109000
3436.818000
3442.527000
3448.236000
3453.945000
3459.654000
3465.363000
3471.072000
3476.781000
3482.490000
3488.199000
3493.908000
3499.617000
3505.326000
3511.035000
3516.744000
3522.453000
3528.162000
3533.871000
3539.580000
3545.289000
3550.998000
3556.707000
3562.416000
3568.125000
3573.834000
3579.543000
3585.252000
3590.961000
3596.670000
3602.379000
3608.088000
3613.797000
3619.506000
3625.215000
3630.924000
3636.633000
3642.342000
3648.051000
3653.760000
3659.469000
3665.178000
3670.887000
3676.596000
3682.305000
3688.014000
3693.723000
3699.432000
3705.141000
3710.850000
3716.559000
3722.268000
3727.977000
3733.686000
3739.395000
3745.104000
3750.813000
3756.522000
3762.231000
3767.940000
3773.649000
3779.358000
3785.067000
3790.776000
3796.485000
3802.194000
3807.903000
3813.612000
3819.321000
3825.030000
3830.739000
3836.448000
3842.157000
3847.866000
3853.575000
3859.284000
3864.993000
3870.702000
3876.411000
3882.120000
3887.829000
3893.538000
3899.247000
3904.956000
3910.665000
3916.374000
3922.083000
3927.792000
3933.501000
3939.210000
3944.919000
3950.628000
3956.337000
3962.046000
3967.755000
3973.464000
3979.173000
3984.882000
3990.591000
3996.300000
4002.009000
4007.718000
4013.427000
4019.136000
4024.845000
4030.554000
4036.263000
4041.972000
4047.681000
4053.390000
4059.099000
4064.808000
4070.517000
4076.226000
4081.935000
4087.644000
4093.353000
4099.062000
4104.771000
4110.480000
4116.189000
4121.898000
4127.607000
4133.316000
4139.025000
4144.734000
4150.443000
4156.152000
4161.861000
4167.570000
4173.279000
4178.988000
4184.697000
4190.406000
4196.115000
4201.824000
4207.533000
4213.242000
4218.951000
4224.660000
4230.369000
4236.078000
4241.787000
4247.496000
4253.205000
4258.914000
4264.623000
4270.332000
4276.041000
4281.750000
4287.459000
4293.168000
4298.877000
4304.586000
4310.295000
4316.004000
4321.713000
4327.422000
4333.131000
4338.840000
4344.549000
4350.258000
4355.967000
4361.676000
4367.385000
4373.094000
4378.803000
4384.512000
4390.221000
4395.930000
4401.639000
4407.348000
4413.057000
4418.766000
4424.475000
4430.184000
4435.893000
4441.602000
4447.311000
4453.020000
4458.729000
4464.438000
4470.147000
4475.856000
4481.565000
4487.274000
4492.983000
4498.692000
4504.401000
4510.110000
4515.819000
4521.528000
4527.237000
4532.946000
4538.655000
4544.364000
4550.073000
4555.782000
4561.491000
4567.200000
4572.909000
4578.618000
4584.327000
4590.036000
4595.745000
4601.454000
4607.163000
4612.872000
4618.581000
4624.290000
4629.999000
4635.708000
4641.417000
4647.126000
4652.835000
4658.544000
4664.253000
4669.962000
4675.671000
4681.380000
4687.089000
4692.798000
4698.507000
4704.216000
4709.925000
4715.634000
4721.343000
4727.052000
4732.761000
4738.470000
4744.179000
4749.888000
4755.597000
4761.306000
4767.015000
4772.724000
4778.433000
4784.142000
4789.851000
4795.560000
4801.269000
4806.978000
4812.687000
4818.396000
4824.105000
4829.814000
4835.523000
4841.232000
4846.941000
4852.650000
4858.359000
4864.068000
4869.777000
4875.486000
4881.195000
4886.904000
4892.613000
4898.322000
4904.031000
4909.740000
4915.449000
4921.158000
4926.867000
4932.576000
4938.285000
4943.994000
4949.703000
4955.412000
4961.121000
4966.830000
4972.539000
4978.248000
4983.957000
4989.666000
4995.375000
5001.084000
5006.793000
5012.502000
5018.211000
5023.920000
5029.629000
5035.338000
5041.047000
5046.756000
5052.465000
5058.174000
5063.883000
5069.592000
5075.301000
5081.010000
5086.719000
5092.428000
5098.137000
5103.846000
5109.555000
5115.264000
5120.973000
5126.682000
5132.391000
5138.100000
5143.809000
5149.518000
5155.227000
5160.936000
5166.645000
5172.354000
5178.063000
5183.772000
5189.481000
5195.190000
5200.899000
5206.608000
5212.317000
5218.026000
5223.735000
5229.444000
5235.153000
5240.862000
5246.571000
5252.280000
5257.989000
5263.698000
5269.407000
5275.116000
5280.825000
5286.534000
5292.243000
5297.952000
5303.661000
5309.370000
5315.079000
5320.788000
5326.497000
5332.206000
5337.915000
5343.624000
5349.333000
5355.042000
5360.751000
5366.460000
5372.169000
5377.878000
5383.587000
5389.296000
5395.005000
5400.714000
5406.423000
5412.132000
5417.841000
5423.550000
5429.259000
5434.968000
5440.677000
5446.386000
5452.095000
5457.804000
5463.513000
5469.222000
5474.931000
5480.640000
5486.349000
5492.058000
5497.767000
5503.476000
5509.185000
5514.894000
5520.603000
5526.312000
5532.021000
5537.730000
5543.439000
5549.148000
5554.857000
5560.566000
5566.275000
5571.984000
5577.693000
5583.402000
5589.111000
5594.820000
5600.529000
5606.238000
5611.947000
5617.656000
5623.365000
5629.074000
5634.783000
5640.492000
5646.201000
5651.910000
5657.619000
5663.328000
5669.037000
5674.746000
5680.455000
5686.164000
5691.873000
5697.582000
5703.291000
5709.000000
