287285008361004768
45595499968911928
16079677250358542
8912063747988269
5978564282370506
4383462194107605
3453616635664875
2750679283002869
2267282973056182
1946768535631732
1632456773844618
1436749906197804
1261153877387333
1108614772935154
996897654605050
897735157945888
838915793663911
755599212812604
703803611188765
651248953318815
618248590712874
565795370325717
538298951802199
501375656118338
478528108252998
448133301778545
422643223307999
413584998016779
395918294130678
367570111663016
369356288219930
355751529466477
344628584379690
327809768671957
315649072552980
311566471068526
290972651683969
286032918961561
291454296403834
277275929227119
270755583730130
260340976297442
255010619746861
252573116753225
248061616265614
243049964452579
231850844066933
222553316503306
211682312350164
220409197599452
215967040092113
210019761762919
209946534612908
210617483669354
201391346946522
194541213490108
186713650535629
187656097402098
177533963501174
179847738089983
180613559988256
168622906034740
170487725454989
158274883393490
158896009371521
159889340788998
160439235535425
155727879757484
148206287262859
153155454389737
136012508529861
143768746696691
139388309793346
132688854071760
128894039465500
132608485983274
131961716401206
131258428074010
119441489121063
124148678928259
118869672677312
119847841040800
117699217349922
116009320945824
111328263404198
110326172376888
108042973770061
103806327450199
99941419285392
102225157717980
96912515224896
98348188409247
95962765238218
99772070305228
96347531111611
94835812678255
92834472968468
91657660595601
88334002548699
84276928832300
88594329254832
81499464955401
78477236884405
84981222820494
84689884968323
78473156388854
76988997449580
74966887758488
73611920004746
75526213722240
74610721838636
71853333211661
65518953026416
68970629818344
71013417154123
67744866321297
65618597092222
67142936731758
60677103832266
68426360274592
65859675770032
60693995013076
63353566241432
57657730312042
60918392495915
59540182841412
58600160083599
57111654621650
56866831320287
59319758047490
51753068057268
58837268133048
56879035253653
54534184256963
52106146358227
50647422109403
49693589252983
47433561160930
46972545901309
47017582578740
43006902188055
43749823946231
44617902466003
46751561788224
43734671825796
37990250426507
37588403515707
38469580748334
41494089025105
39677263497125
37652307087268
35959085972391
37620698329235
36449163296261
35078902321221
33971045708447
34868111601427
30899602409154
33708686135107
30225331916026
30844483955061
28442438252125
30488317504913
29491132403636
30519330324212
27826192681867
27179399547778
27947678964669
27794127340269
25428408665695
23895487058836
25883096804382
24621598756721
24465792895958
21885543649933
22951125668709
25903486876637
23212066844499
20260038815451
23350919087916
22505875010371
21638364742292
18214415647892
21641424976834
22767356508266
20158554027005
19460511836067
17629399952925
20283683008896
17449126964874
18722981572932
19742227934202
18165642860814
16931522198892
17872958373134
16290236732424
16354067747524
17110077006246
15847943690948
17226600254183
16482267800333
17253704270290
16894775138740
19508093816922
16980267255140
16663309433766
18636285475365
15827637881553
15773760404925
16257395944985
15196382997993
14750989700589
15396416941728
16583581488884
12994389684483
12609962638561
12712035725725
14309932377460
13198694441479
14726676183663
13535389536387
12630567243273
11302031332658
10142199539089
12421709529457
12186176026563
12433391240603
11041746436453
12851059017887
11757966401266
12567459985749
10551343412796
11453304367622
9677361289570
12611637901388
11234036915968
10434473924413
10423334680613
10879410018606
9005777086879
9471741061135
9976567018925
9303840695279
10038122838798
9807718311245
10732243678440
10258675708167
10168571137229
7384746763793
8682650128906
8196521640777
8049316062131
7703744523151
6853763432706
10139486242053
10231970215236
8952996575908
10670971843891
9391575370420
8026496818530
9169879926253
8726240715337
10662575540342
9091674583228
7495222393413
8176312749441
8739737778546
7020251677068
8298772992825
6519307392128
8500621761063
9038957196115
8382443939296
6365116715127
7457044603045
8982478242724
7670141429345
5863918244041
7832168689828
7903417721260
8428610106051
6328956471856
6801249218601
6076088871538
7465438353412
5743752226253
7015799768018
8425365041718
6133342557875
7323889135112
5302009929857
6317424129505
5898698615341
6422933510794
5661337325566
7924527734012
5520011275604
6943140715614
5616281709124
5582833148304
5024629856341
5994629919944
6108672023935
5255292033935
6898714838181
5896456928104
5209204234753
5822580993804
5530224536949
5575896314543
6939900690369
4389544659305
5152913991961
5822765914701
4846640513857
5264655159565
4827584302812
3566050550643
4146998422801
5778199320140
4940144140422
5934077310647
5358098412991
4364017617113
3997047798348
5950521131435
4625891005556
3228143909765
2902847394220
4309422576766
5016057252999
3893950704305
4043721506103
4240935785197
5346896791269
4047246198526
4004824820537
4258780363929
4000126938180
2897512309769
5578778544441
4350072286375
4282326392779
3760168281402
3597607721180
4314511406811
4696047164258
4727034555659
3362802281297
5050435497017
3528280411594
3775427886772
4287241067215
3376690057988
2894139553849
3649468935939
3351145120507
2708152817162
2710268329914
3681813601780
3009675872120
3051638506837
3364134910811
3529227523937
3427751649544
4072642013914
3062717243752
1976942391006
2552873416863
2549569786203
2891425540268
3590744505717
3001897172758
2722927335920
2746181445463
3533961292481
3151966464631
1839323174257
2770400782074
2747168949940
2043357180106
3317242817279
3398609445488
3329121420877
3338265858848
2666764938247
1961382607676
3049981488592
2111282871894
1906273739198
2853887361346
2915836393381
2158337188094
2797567691443
3066667765210
2366644388613
2572433464515
1698824926595
3065893178997
3272200502677
2805912289355
1670795297260
2163148966658
2804791317906
1932543839057
1979512423661
1712456364498
1861170528011
2544655382869
2202974549491
1414246527136
2054909393383
2766854779436
2459130583539
1594709395359
2100214416807
1631193555633
2525741184590
1434238349796
2576174314174
2125540736740
1827826745479
2097609735274
1179207059314
1516329686716
1777614614853
2689573391168
2060018276190
1863138196865
1269231959417
1258995454175
1193287969758
1545356584409
1280001590426
2037355200917
1869267063358
1384569341936
1494036872783
1459480316024
974294691191
1856675439530
1277136174695
1140596259659
1450607943004
1045511497286
1524528842624
983709867909
2443953565242
1466220236399
1044067529248
2599437192845
1750155738297
1248718296174
1169614402928
1414705902956
1050323705071
1630534309219
1018072391385
953033300053
1248374762822
1660786034490
1136207291365
1272164596578
1244368993627
767203885679
1323109862127
1152375990691
1144201622697
1604405769416
563050843861
1061760548597
627388812810
899837540160
1464417397641
1371759082543
1302633721803
852098961985
1487922593708
1342600457442
385584165344
1535376278418
622958458126
742577173534
880508653753
721133190829
1443625383001
1136342049413
774112617037
1137947153977
1694053342660
1319015481989
1376357390421
643800492104
659473681949
689362173361
1164826781340
447517827494
873018650584
1349800962293
1623451232217
658928835438
473728641500
944581173238
1344213752165
977631123786
1023825808629
1063490307806
768163979073
1014139031476
622627710836
491697105603
1044301029477
695418687230
702592541460
797264110010
763860249830
878891054190
194862812697
1584164677491
1580075053820
864405465630
811565015427
822773156715
682825027967
717250456367
281780903951
335164546117
800705936401
932842691397
679610830388
715143889021
965333395583
971271442008
801677880470
650099989228
561215400116
362142617293
463514928571
564479112361
296949368010
960833516259
511053337957
414779732714
526119538721
297017664286
477721904696
855673941270
263260872451
877985705789
909684594658
693023278654
780747910969
518091820664
840637881761
357438652796
833799677152
1064478332954
561727339789
219200015886
775736746919
1202453777116
1460226992025
436618242850
232094743731
587744812637
664135399507
610765582899
847848380106
382806487372
196907882893
764210613433
564587063350
290798928371
231915445515
637900499715
791469388019
197994386065
490543498732
446705164521
163454751567
666167987530
333681298564
539093861657
720317141961
181798646327
448416967943
66688106577
448954252330
238286330029
930876928150
713832779279
426934534789
315219634402
414159116224
373827091548
351845722662
335776084248
328726429598
642713561043
792747426506
361394805004
522142990160
311579233902
638153617950
301241146035
203074288119
106019087518
540237178845
937792091249
32724512942
643467827259
320437210705
376298035910
249450286310
208523771408
629821071302
445866105927
542530043459
514603646012
392018639539
404292024628
75202010401
255063470997
140654055619
53361291555
129346152544
81252255688
15455864159
48194727421
97634141841
35811368847
340019353239
263658552150
85634328187
202429068663
248647289706
535395080654
128490246951
94475511884
349560162271
232875649047
447175733536
158534244215
392113528858
566653523350
158840841399
309620003121
67937177705
356444730639
93920292497
174517320090
638676117435
181961360662
88870182387
380601009758
75060397357
3581552991
435206362939
59073970195
342805809629
458132169833
147876172844
32976869182
220060174391
106242922047
299248599432
44386365961
232007827733
445466499390
339097743113
456861234360
231817974842
70625903327
345046908291
0
271937989105
277248633485
6571774717
60682513497
234245842722
223964581363
39354508338
508113774418
241520194830
35445878147
78573756141
251993151600
233295262530
76389880862
243822977212
39660667933
110807069532
327564500814
119668919007
0
228804498533
281871956252
129223346700
182734285563
26319773626
98759363014
474408127607
136469003288
56084647569
30687437094
278276336674
245760058618
219312097129
307709943374
0
359064918465
214772036502
3183571672
69571408216
22515323476
110242537612
41008760883
59814933794
20675139838
36227697157
169671283120
310644340877
39481442862
205189394831
477997131312
30737464617
26712861961
0
27450527895
0
204049691549
9063536349
55715808630
4029092986
163021862701
83549613813
116835199877
163172632043
0
0
0
0
247731471241
0
21307609183
109638484742
0
144771859454
291368534921
0
0
280122287360
34250213898
24095378660
0
101530311564
0
84229616436
13066314434
0
186698532808
0
0
120621241092
106613736543
24251461402
284571137952
41124297558
97943331362
0
18276145232
17973124832
11319199025
124192172764
89276461849
241710547074
84873782526
36995977714
0
0
0
0
207033073927
233161108822
81275120517
0
175417074772
0
0
0
0
0
120682716921
0
0
224494429678
0
0
0
105642583282
28820838832
0
0
0
35035719018
32716168023
93302482899
115434036055
5398186930
67940966557
40794783966
0
0
64837620930
0
54125276274
83834281452
25548967802
33323948969
0
0
0
165369913033
0
166734283553
0
0
5002168849
10207470388
0
22376640067
16521405992
0
0
0
24290270507
0
0
0
46124371950
0
3008130152
0
0
0
0
0
0
0
0
0
38499111030
0
0
0
0
0
0
44649611035
0
0
0
13399104702
0
0
0
0
0
0
0
32753581717
25157099570
14748701046
0
0
0
0
125590502342
0
0
0
0
0
27214542313
0
0
28860420351
0
3873388530
0
0
15306758739
0
0
0
27294700071
10548500238
0
0
0
0
0
0
0
0
0
0
0
0
0
0
0
0
0
0
0
0
0
0
0
0
0
28725784519
0
5931760457
0
0
0
0
0
0
0
0
0
0
0
0
6630111958
0
0
0
0
0
0
0
104701383925
0
0
0
0
0
0
0
0
0
0
0
0
0
0
0
0
0
0
0
0
0
0
0
0
0
0
0
0
0
0
0
0
0
0
0
0
0
0
0
0
0
0
53441963026
0
0
0
0
0
0
0
0
0
0
83390003363
