0.000000
2.584000
5.168000
7.752000
10.336000
12.920000
15.504000
18.088000
20.672000
23.256000
25.840000
28.424000
31.008000
33.592000
36.176000
38.760000
41.344000
43.928000
46.512000
49.096000
51.680000
54.264000
56.848000
59.432000
62.016000
64.600000
67.184000
69.768000
72.352000
74.936000
77.520000
80.104000
82.688000
85.272000
87.856000
90.440000
93.024000
95.608000
98.192000
100.776000
103.360000
105.944000
108.528000
111.112000
113.696000
116.280000
118.864000
121.448000
124.032000
126.616000
129.200000
131.784000
134.368000
136.952000
139.536000
142.120000
144.704000
147.288000
149.872000
152.456000
155.040000
157.624000
160.208000
162.792000
165.376000
167.960000
170.544000
173.128000
175.712000
178.296000
180.880000
183.464000
186.048000
188.632000
191.216000
193.800000
196.384000
198.968000
201.552000
204.136000
206.720000
209.304000
211.888000
214.472000
217.056000
219.640000
222.224000
224.808000
227.392000
229.976000
232.560000
235.144000
237.728000
240.312000
242.896000
245.480000
248.064000
250.648000
253.232000
255.816000
258.400000
260.984000
263.568000
266.152000
268.736000
271.320000
273.904000
276.488000
279.072000
281.656000
284.240000
286.824000
289.408000
291.992000
294.576000
297.160000
299.744000
302.328000
304.912000
307.496000
310.080000
312.664000
315.248000
317.832000
320.416000
323.000000
325.584000
328.168000
330.752000
333.336000
335.920000
338.504000
341.088000
343.672000
346.256000
348.840000
351.424000
354.008000
356.592000
359.176000
361.760000
364.344000
366.928000
369.512000
372.096000
374.680000
377.264000
379.848000
382.432000
385.016000
387.600000
390.184000
392.768000
395.352000
397.936000
400.520000
403.104000
405.688000
408.272000
410.856000
413.440000
416.024000
418.608000
421.192000
423.776000
426.360000
428.944000
431.528000
434.112000
436.696000
439.280000
441.864000
444.448000
447.032000
449.616000
452.200000
454.784000
457.368000
459.952000
462.536000
465.120000
467.704000
470.288000
472.872000
475.456000
478.040000
480.624000
483.208000
485.792000
488.376000
490.960000
493.544000
496.128000
498.712000
501.296000
503.880000
506.464000
509.048000
511.632000
514.216000
516.800000
519.384000
521.968000
524.552000
527.136000
529.720000
532.304000
534.888000
537.472000
540.056000
542.640000
545.224000
547.808000
550.392000
552.976000
555.560000
558.144000
560.728000
563.312000
565.896000
568.480000
571.064000
573.648000
576.232000
578.816000
581.400000
583.984000
586.568000
589.152000
591.736000
594.320000
596.904000
599.488000
602.072000
604.656000
607.240000
609.824000
612.408000
614.992000
617.576000
620.160000
622.744000
625.328000
627.912000
630.496000
633.080000
635.664000
638.248000
640.832000
643.416000
646.000000
648.584000
651.168000
653.752000
656.336000
658.920000
661.504000
664.088000
666.672000
669.256000
671.840000
674.424000
677.008000
679.592000
682.176000
684.760000
687.344000
689.928000
692.512000
695.096000
697.680000
700.264000
702.848000
705.432000
708.016000
710.600000
713.184000
715.768000
718.352000
720.936000
723.520000
726.104000
728.688000
731.272000
733.856000
736.440000
739.024000
741.608000
744.192000
746.776000
749.360000
751.944000
754.528000
757.112000
759.696000
762.280000
764.864000
767.448000
770.032000
772.616000
775.200000
777.784000
780.368000
782.952000
785.536000
788.120000
790.704000
793.288000
795.872000
798.456000
801.040000
803.624000
806.208000
808.792000
811.376000
813.960000
816.544000
819.128000
821.712000
824.296000
826.880000
829.464000
832.048000
834.632000
837.216000
839.800000
842.384000
844.968000
847.552000
850.136000
852.720000
855.304000
857.888000
860.472000
863.056000
865.640000
868.224000
870.808000
873.392000
875.976000
878.560000
881.144000
883.728000
886.312000
888.896000
891.480000
894.064000
896.648000
899.232000
901.816000
904.400000
906.984000
909.568000
912.152000
914.736000
917.320000
919.904000
922.488000
925.072000
927.656000
930.240000
932.824000
935.408000
937.992000
940.576000
943.160000
945.744000
948.328000
950.912000
953.496000
956.080000
958.664000
961.248000
963.832000
966.416000
969.000000
971.584000
974.168000
976.752000
979.336000
981.920000
984.504000
987.088000
989.672000
992.256000
994.840000
997.424000
1000.008000
1002.592000
1005.176000
1007.760000
1010.344000
1012.928000
1015.512000
1018.096000
1020.680000
1023.264000
1025.848000
1028.432000
1031.016000
1033.600000
1036.184000
1038.768000
1041.352000
1043.936000
1046.520000
1049.104000
1051.688000
1054.272000
1056.856000
1059.440000
1062.024000
1064.608000
1067.192000
1069.776000
1072.360000
1074.944000
1077.528000
1080.112000
1082.696000
1085.280000
1087.864000
1090.448000
1093.032000
1095.616000
1098.200000
1100.784000
1103.368000
1105.952000
1108.536000
1111.120000
1113.704000
1116.288000
1118.872000
1121.456000
1124.040000
1126.624000
1129.208000
1131.792000
1134.376000
1136.960000
1139.544000
1142.128000
1144.712000
1147.296000
1149.880000
1152.464000
1155.048000
1157.632000
1160.216000
1162.800000
1165.384000
1167.968000
1170.552000
1173.136000
1175.720000
1178.304000
1180.888000
1183.472000
1186.056000
1188.640000
1191.224000
1193.808000
1196.392000
1198.976000
1201.560000
1204.144000
1206.728000
1209.312000
1211.896000
1214.480000
1217.064000
1219.648000
1222.232000
1224.816000
1227.400000
1229.984000
1232.568000
1235.152000
1237.736000
1240.320000
1242.904000
1245.488000
1248.072000
1250.656000
1253.240000
1255.824000
1258.408000
1260.992000
1263.576000
1266.160000
1268.744000
1271.328000
1273.912000
1276.496000
1279.080000
1281.664000
1284.248000
1286.832000
1289.416000
1292.000000
1294.584000
1297.168000
1299.752000
1302.336000
1304.920000
1307.504000
1310.088000
1312.672000
1315.256000
1317.840000
1320.424000
1323.008000
1325.592000
1328.176000
1330.760000
1333.344000
1335.928000
1338.512000
1341.096000
1343.680000
1346.264000
1348.848000
1351.432000
1354.016000
1356.600000
1359.184000
1361.768000
1364.352000
1366.936000
1369.520000
1372.104000
1374.688000
1377.272000
1379.856000
1382.440000
1385.024000
1387.608000
1390.192000
1392.776000
1395.360000
1397.944000
1400.528000
1403.112000
1405.696000
1408.280000
1410.864000
1413.448000
1416.032000
1418.616000
1421.200000
1423.784000
1426.368000
1428.952000
1431.536000
1434.120000
1436.704000
1439.288000
1441.872000
1444.456000
1447.040000
1449.624000
1452.208000
1454.792000
1457.376000
1459.960000
1462.544000
1465.128000
1467.712000
1470.296000
1472.880000
1475.464000
1478.048000
1480.632000
1483.216000
1485.800000
1488.384000
1490.968000
1493.552000
1496.136000
1498.720000
1501.304000
1503.888000
1506.472000
1509.056000
1511.640000
1514.224000
1516.808000
1519.392000
1521.976000
1524.560000
1527.144000
1529.728000
1532.312000
1534.896000
1537.480000
1540.064000
1542.648000
1545.232000
1547.816000
1550.400000
1552.984000
1555.568000
1558.152000
1560.736000
1563.320000
1565.904000
1568.488000
1571.072000
1573.656000
1576.240000
1578.824000
1581.408000
1583.992000
1586.576000
1589.160000
1591.744000
1594.328000
1596.912000
1599.496000
1602.080000
1604.664000
1607.248000
1609.832000
1612.416000
1615.000000
1617.584000
1620.168000
1622.752000
1625.336000
1627.920000
1630.504000
1633.088000
1635.672000
1638.256000
1640.840000
1643.424000
1646.008000
1648.592000
1651.176000
1653.760000
1656.344000
1658.928000
1661.512000
1664.096000
1666.680000
1669.264000
1671.848000
1674.432000
1677.016000
1679.600000
1682.184000
1684.768000
1687.352000
1689.936000
1692.520000
1695.104000
1697.688000
1700.272000
1702.856000
1705.440000
1708.024000
1710.608000
1713.192000
1715.776000
1718.360000
1720.944000
1723.528000
1726.112000
1728.696000
1731.280000
1733.864000
1736.448000
1739.032000
1741.616000
1744.200000
1746.784000
1749.368000
1751.952000
1754.536000
1757.120000
1759.704000
1762.288000
1764.872000
1767.456000
1770.040000
1772.624000
1775.208000
1777.792000
1780.376000
1782.960000
1785.544000
1788.128000
1790.712000
1793.296000
1795.880000
1798.464000
1801.048000
1803.632000
1806.216000
1808.800000
1811.384000
1813.968000
1816.552000
1819.136000
1821.720000
1824.304000
1826.888000
1829.472000
1832.056000
1834.640000
1837.224000
1839.808000
1842.392000
1844.976000
1847.560000
1850.144000
1852.728000
1855.312000
1857.896000
1860.480000
1863.064000
1865.648000
1868.232000
1870.816000
1873.400000
1875.984000
1878.568000
1881.152000
1883.736000
1886.320000
1888.904000
1891.488000
1894.072000
1896.656000
1899.240000
1901.824000
1904.408000
1906.992000
1909.576000
1912.160000
1914.744000
1917.328000
1919.912000
1922.496000
1925.080000
1927.664000
1930.248000
1932.832000
1935.416000
1938.000000
1940.584000
1943.168000
1945.752000
1948.336000
1950.920000
1953.504000
1956.088000
1958.672000
1961.256000
1963.840000
1966.424000
1969.008000
1971.592000
1974.176000
1976.760000
1979.344000
1981.928000
1984.512000
1987.096000
1989.680000
1992.264000
1994.848000
1997.432000
2000.016000
2002.600000
2005.184000
2007.768000
2010.352000
2012.936000
2015.520000
2018.104000
2020.688000
2023.272000
2025.856000
2028.440000
2031.024000
2033.608000
2036.192000
2038.776000
2041.360000
2043.944000
2046.528000
2049.112000
2051.696000
2054.280000
2056.864000
2059.448000
2062.032000
2064.616000
2067.200000
2069.784000
2072.368000
2074.952000
2077.536000
2080.120000
2082.704000
2085.288000
2087.872000
2090.456000
2093.040000
2095.624000
2098.208000
2100.792000
2103.376000
2105.960000
2108.544000
2111.128000
2113.712000
2116.296000
2118.880000
2121.464000
2124.048000
2126.632000
2129.216000
2131.800000
2134.384000
2136.968000
2139.552000
2142.136000
2144.720000
2147.304000
2149.888000
2152.472000
2155.056000
2157.640000
2160.224000
2162.808000
2165.392000
2167.976000
2170.560000
2173.144000
2175.728000
2178.312000
2180.896000
2183.480000
2186.064000
2188.648000
2191.232000
2193.816000
2196.400000
2198.984000
2201.568000
2204.152000
2206.736000
2209.320000
2211.904000
2214.488000
2217.072000
2219.656000
2222.240000
2224.824000
2227.408000
2229.992000
2232.576000
2235.160000
2237.744000
2240.328000
2242.912000
2245.496000
2248.080000
2250.664000
2253.248000
2255.832000
2258.416000
2261.000000
2263.584000
2266.168000
2268.752000
2271.336000
2273.920000
2276.504000
2279.088000
2281.672000
2284.256000
2286.840000
2289.424000
2292.008000
2294.592000
2297.176000
2299.760000
2302.344000
2304.928000
2307.512000
2310.096000
2312.680000
2315.264000
2317.848000
2320.432000
2323.016000
2325.600000
2328.184000
2330.768000
2333.352000
2335.936000
2338.520000
2341.104000
2343.688000
2346.272000
2348.856000
2351.440000
2354.024000
2356.608000
2359.192000
2361.776000
2364.360000
2366.944000
2369.528000
2372.112000
2374.696000
2377.280000
2379.864000
2382.448000
2385.032000
2387.616000
2390.200000
2392.784000
2395.368000
2397.952000
2400.536000
2403.120000
2405.704000
2408.288000
2410.872000
2413.456000
2416.040000
2418.624000
2421.208000
2423.792000
2426.376000
2428.960000
2431.544000
2434.128000
2436.712000
2439.296000
2441.880000
2444.464000
2447.048000
2449.632000
2452.216000
2454.800000
2457.384000
2459.968000
2462.552000
2465.136000
2467.720000
2470.304000
2472.888000
2475.472000
2478.056000
2480.640000
2483.224000
2485.808000
2488.392000
2490.976000
2493.560000
2496.144000
2498.728000
2501.312000
2503.896000
2506.480000
2509.064000
2511.648000
2514.232000
2516.816000
2519.400000
2521.984000
2524.568000
2527.152000
2529.736000
2532.320000
2534.904000
2537.488000
2540.072000
2542.656000
2545.240000
2547.824000
2550.408000
2552.992000
2555.576000
2558.160000
2560.744000
2563.328000
2565.912000
2568.496000
2571.080000
2573.664000
2576.248000
2578.832000
2581.416000
2584.000000
