0.000000
0.201000
0.402000
0.603000
0.804000
1.005000
1.206000
1.407000
1.608000
1.809000
2.010000
2.211000
2.412000
2.613000
2.814000
3.015000
3.216000
3.417000
3.618000
3.819000
4.020000
4.221000
4.422000
4.623000
4.824000
5.025000
5.226000
5.427000
5.628000
5.829000
6.030000
6.231000
6.432000
6.633000
6.834000
7.035000
7.236000
7.437000
7.638000
7.839000
8.040000
8.241000
8.442000
8.643000
8.844000
9.045000
9.246000
9.447000
9.648000
9.849000
10.050000
10.251000
10.452000
10.653000
10.854000
11.055000
11.256000
11.457000
11.658000
11.859000
12.060000
12.261000
12.462000
12.663000
12.864000
13.065000
13.266000
13.467000
13.668000
13.869000
14.070000
14.271000
14.472000
14.673000
14.874000
15.075000
15.276000
15.477000
15.678000
15.879000
16.080000
16.281000
16.482000
16.683000
16.884000
17.085000
17.286000
17.487000
17.688000
17.889000
18.090000
18.291000
18.492000
18.693000
18.894000
19.095000
19.296000
19.497000
19.698000
19.899000
20.100000
20.301000
20.502000
20.703000
20.904000
21.105000
21.306000
21.507000
21.708000
21.909000
22.110000
22.311000
22.512000
22.713000
22.914000
23.115000
23.316000
23.517000
23.718000
23.919000
24.120000
24.321000
24.522000
24.723000
24.924000
25.125000
25.326000
25.527000
25.728000
25.929000
26.130000
26.331000
26.532000
26.733000
26.934000
27.135000
27.336000
27.537000
27.738000
27.939000
28.140000
28.341000
28.542000
28.743000
28.944000
29.145000
29.346000
29.547000
29.748000
29.949000
30.150000
30.351000
30.552000
30.753000
30.954000
31.155000
31.356000
31.557000
31.758000
31.959000
32.160000
32.361000
32.562000
32.763000
32.964000
33.165000
33.366000
33.567000
33.768000
33.969000
34.170000
34.371000
34.572000
34.773000
34.974000
35.175000
35.376000
35.577000
35.778000
35.979000
36.180000
36.381000
36.582000
36.783000
36.984000
37.185000
37.386000
37.587000
37.788000
37.989000
38.190000
38.391000
38.592000
38.793000
38.994000
39.195000
39.396000
39.597000
39.798000
39.999000
40.200000
40.401000
40.602000
40.803000
41.004000
41.205000
41.406000
41.607000
41.808000
42.009000
42.210000
42.411000
42.612000
42.813000
43.014000
43.215000
43.416000
43.617000
43.818000
44.019000
44.220000
44.421000
44.622000
44.823000
45.024000
45.225000
45.426000
45.627000
45.828000
46.029000
46.230000
46.431000
46.632000
46.833000
47.034000
47.235000
47.436000
47.637000
47.838000
48.039000
48.240000
48.441000
48.642000
48.843000
49.044000
49.245000
49.446000
49.647000
49.848000
50.049000
50.250000
50.451000
50.652000
50.853000
51.054000
51.255000
51.456000
51.657000
51.858000
52.059000
52.260000
52.461000
52.662000
52.863000
53.064000
53.265000
53.466000
53.667000
53.868000
54.069000
54.270000
54.471000
54.672000
54.873000
55.074000
55.275000
55.476000
55.677000
55.878000
56.079000
56.280000
56.481000
56.682000
56.883000
57.084000
57.285000
57.486000
57.687000
57.888000
58.089000
58.290000
58.491000
58.692000
58.893000
59.094000
59.295000
59.496000
59.697000
59.898000
60.099000
60.300000
60.501000
60.702000
60.903000
61.104000
61.305000
61.506000
61.707000
61.908000
62.109000
62.310000
62.511000
62.712000
62.913000
63.114000
63.315000
63.516000
63.717000
63.918000
64.119000
64.320000
64.521000
64.722000
64.923000
65.124000
65.325000
65.526000
65.727000
65.928000
66.129000
66.330000
66.531000
66.732000
66.933000
67.134000
67.335000
67.536000
67.737000
67.938000
68.139000
68.340000
68.541000
68.742000
68.943000
69.144000
69.345000
69.546000
69.747000
69.948000
70.149000
70.350000
70.551000
70.752000
70.953000
71.154000
71.355000
71.556000
71.757000
71.958000
72.159000
72.360000
72.561000
72.762000
72.963000
73.164000
73.365000
73.566000
73.767000
73.968000
74.169000
74.370000
74.571000
74.772000
74.973000
75.174000
75.375000
75.576000
75.777000
75.978000
76.179000
76.380000
76.581000
76.782000
76.983000
77.184000
77.385000
77.586000
77.787000
77.988000
78.189000
78.390000
78.591000
78.792000
78.993000
79.194000
79.395000
79.596000
79.797000
79.998000
80.199000
80.400000
80.601000
80.802000
81.003000
81.204000
81.405000
81.606000
81.807000
82.008000
82.209000
82.410000
82.611000
82.812000
83.013000
83.214000
83.415000
83.616000
83.817000
84.018000
84.219000
84.420000
84.621000
84.822000
85.023000
85.224000
85.425000
85.626000
85.827000
86.028000
86.229000
86.430000
86.631000
86.832000
87.033000
87.234000
87.435000
87.636000
87.837000
88.038000
88.239000
88.440000
88.641000
88.842000
89.043000
89.244000
89.445000
89.646000
89.847000
90.048000
90.249000
90.450000
90.651000
90.852000
91.053000
91.254000
91.455000
91.656000
91.857000
92.058000
92.259000
92.460000
92.661000
92.862000
93.063000
93.264000
93.465000
93.666000
93.867000
94.068000
94.269000
94.470000
94.671000
94.872000
95.073000
95.274000
95.475000
95.676000
95.877000
96.078000
96.279000
96.480000
96.681000
96.882000
97.083000
97.284000
97.485000
97.686000
97.887000
98.088000
98.289000
98.490000
98.691000
98.892000
99.093000
99.294000
99.495000
99.696000
99.897000
100.098000
100.299000
100.500000
100.701000
100.902000
101.103000
101.304000
101.505000
101.706000
101.907000
102.108000
102.309000
102.510000
102.711000
102.912000
103.113000
103.314000
103.515000
103.716000
103.917000
104.118000
104.319000
104.520000
104.721000
104.922000
105.123000
105.324000
105.525000
105.726000
105.927000
106.128000
106.329000
106.530000
106.731000
106.932000
107.133000
107.334000
107.535000
107.736000
107.937000
108.138000
108.339000
108.540000
108.741000
108.942000
109.143000
109.344000
109.545000
109.746000
109.947000
110.148000
110.349000
110.550000
110.751000
110.952000
111.153000
111.354000
111.555000
111.756000
111.957000
112.158000
112.359000
112.560000
112.761000
112.962000
113.163000
113.364000
113.565000
113.766000
113.967000
114.168000
114.369000
114.570000
114.771000
114.972000
115.173000
115.374000
115.575000
115.776000
115.977000
116.178000
116.379000
116.580000
116.781000
116.982000
117.183000
117.384000
117.585000
117.786000
117.987000
118.188000
118.389000
118.590000
118.791000
118.992000
119.193000
119.394000
119.595000
119.796000
119.997000
120.198000
120.399000
120.600000
120.801000
121.002000
121.203000
121.404000
121.605000
121.806000
122.007000
122.208000
122.409000
122.610000
122.811000
123.012000
123.213000
123.414000
123.615000
123.816000
124.017000
124.218000
124.419000
124.620000
124.821000
125.022000
125.223000
125.424000
125.625000
125.826000
126.027000
126.228000
126.429000
126.630000
126.831000
127.032000
127.233000
127.434000
127.635000
127.836000
128.037000
128.238000
128.439000
128.640000
128.841000
129.042000
129.243000
129.444000
129.645000
129.846000
130.047000
130.248000
130.449000
130.650000
130.851000
131.052000
131.253000
131.454000
131.655000
131.856000
132.057000
132.258000
132.459000
132.660000
132.861000
133.062000
133.263000
133.464000
133.665000
133.866000
134.067000
134.268000
134.469000
134.670000
134.871000
135.072000
135.273000
135.474000
135.675000
135.876000
136.077000
136.278000
136.479000
136.680000
136.881000
137.082000
137.283000
137.484000
137.685000
137.886000
138.087000
138.288000
138.489000
138.690000
138.891000
139.092000
139.293000
139.494000
139.695000
139.896000
140.097000
140.298000
140.499000
140.700000
140.901000
141.102000
141.303000
141.504000
141.705000
141.906000
142.107000
142.308000
142.509000
142.710000
142.911000
143.112000
143.313000
143.514000
143.715000
143.916000
144.117000
144.318000
144.519000
144.720000
144.921000
145.122000
145.323000
145.524000
145.725000
145.926000
146.127000
146.328000
146.529000
146.730000
146.931000
147.132000
147.333000
147.534000
147.735000
147.936000
148.137000
148.338000
148.539000
148.740000
148.941000
149.142000
149.343000
149.544000
149.745000
149.946000
150.147000
150.348000
150.549000
150.750000
150.951000
151.152000
151.353000
151.554000
151.755000
151.956000
152.157000
152.358000
152.559000
152.760000
152.961000
153.162000
153.363000
153.564000
153.765000
153.966000
154.167000
154.368000
154.569000
154.770000
154.971000
155.172000
155.373000
155.574000
155.775000
155.976000
156.177000
156.378000
156.579000
156.780000
156.981000
157.182000
157.383000
157.584000
157.785000
157.986000
158.187000
158.388000
158.589000
158.790000
158.991000
159.192000
159.393000
159.594000
159.795000
159.996000
160.197000
160.398000
160.599000
160.800000
161.001000
161.202000
161.403000
161.604000
161.805000
162.006000
162.207000
162.408000
162.609000
162.810000
163.011000
163.212000
163.413000
163.614000
163.815000
164.016000
164.217000
164.418000
164.619000
164.820000
165.021000
165.222000
165.423000
165.624000
165.825000
166.026000
166.227000
166.428000
166.629000
166.830000
167.031000
167.232000
167.433000
167.634000
167.835000
168.036000
168.237000
168.438000
168.639000
168.840000
169.041000
169.242000
169.443000
169.644000
169.845000
170.046000
170.247000
170.448000
170.649000
170.850000
171.051000
171.252000
171.453000
171.654000
171.855000
172.056000
172.257000
172.458000
172.659000
172.860000
173.061000
173.262000
173.463000
173.664000
173.865000
174.066000
174.267000
174.468000
174.669000
174.870000
175.071000
175.272000
175.473000
175.674000
175.875000
176.076000
176.277000
176.478000
176.679000
176.880000
177.081000
177.282000
177.483000
177.684000
177.885000
178.086000
178.287000
178.488000
178.689000
178.890000
179.091000
179.292000
179.493000
179.694000
179.895000
180.096000
180.297000
180.498000
180.699000
180.900000
181.101000
181.302000
181.503000
181.704000
181.905000
182.106000
182.307000
182.508000
182.709000
182.910000
183.111000
183.312000
183.513000
183.714000
183.915000
184.116000
184.317000
184.518000
184.719000
184.920000
185.121000
185.322000
185.523000
185.724000
185.925000
186.126000
186.327000
186.528000
186.729000
186.930000
187.131000
187.332000
187.533000
187.734000
187.935000
188.136000
188.337000
188.538000
188.739000
188.940000
189.141000
189.342000
189.543000
189.744000
189.945000
190.146000
190.347000
190.548000
190.749000
190.950000
191.151000
191.352000
191.553000
191.754000
191.955000
192.156000
192.357000
192.558000
192.759000
192.960000
193.161000
193.362000
193.563000
193.764000
193.965000
194.166000
194.367000
194.568000
194.769000
194.970000
195.171000
195.372000
195.573000
195.774000
195.975000
196.176000
196.377000
196.578000
196.779000
196.980000
197.181000
197.382000
197.583000
197.784000
197.985000
198.186000
198.387000
198.588000
198.789000
198.990000
199.191000
199.392000
199.593000
199.794000
199.995000
200.196000
200.397000
200.598000
200.799000
201.000000
