883847348910934272
229198299521455360
79531110569207072
39954759416199600
24913099089317972
17503534163891106
13174446832415368
10440206166393996
8711689495885223
7323506982758282
6425512777725719
5639575041082945
5017978835743098
4472696664434338
4102713491134846
3748001776941021
3451249946602880
3158778179303130
2920452735007603
2755140735291589
2545145211139738
2391152862883905
2301302037415067
2150939905436117
2001767484828714
1900941639889360
1806120846890650
1732974628809741
1643166565807297
1595927266859440
1520137421364586
1450073982358759
1351494447282387
1328169089856216
1255888314612919
1214710761382493
1169621039592414
1127847909546625
1089196186024353
1064990012453725
1024124732739890
1013725226305831
960514549719536
931794981854074
932034606308280
885640045190566
850986550000163
832468394611718
809046071755983
781976701912252
776913294906385
739330999196033
739604995398511
701047442633841
694050014670036
669532521697112
665107181229969
666723273727726
629887181060647
611850580801607
584217899221020
575800182441208
576470873655896
544547256358029
535750396893463
539834544627495
516460238994798
504715139296502
504544151972427
494265593925559
478335660882524
467346889717795
453569019308111
440839263825937
435705060676164
422379436914857
430182168354677
421978739102418
420076268723371
410912617019843
411847081747672
371326855075168
390713426841213
385052537651639
370589755386572
358262700066767
350104820791298
360342720928985
334665027583776
346703805503871
342230444909125
332131109561429
341397070629491
333362513250089
307624313320955
306000919413138
308470596634165
307913957327512
294012397043085
298688822512817
294490229800000
281740133090141
263829468844337
280762692928872
256176614652951
270425494612961
259365168900955
251955476297044
259757023954863
255911825570008
246769329935882
252569477818924
225806985492496
231841006506752
235881119380153
221879348185491
226111963061330
223072261045372
207286419788024
202324954394335
210039629905309
206667304019950
201728650395894
204275149462989
217061369846601
193679012801769
203718550476836
201859498653643
197499181328209
185452044346968
195767212419777
173992161022669
174665024689951
178505444238897
182835988095217
178786855970959
170738154968931
171015238602777
170186657236631
170339340821533
158267147345235
154133096948376
149868466868055
154979519028098
158712038055354
154107189068157
153940946463294
152064550038105
139734654460580
145783282978758
147914760328941
134385270807526
136513618180057
126680617747560
122558903457080
130439388693010
128752897111493
128780599641638
129427145091550
123231585531037
126801947697942
123101055062962
123316677864951
125845895453934
115959102840349
119022750973784
119206573824917
116497937262627
122841689591710
115736928164519
113868466250873
102608728064654
107798170422697
109965181521195
106842011341011
103369605747304
107270978691053
98968089369942
98314990041596
96662648460102
98641338289471
92268600931976
92417570727856
86685064778682
94003891358629
91093701132356
87801835341513
88597677640773
88395746078978
79456141819195
85480226602528
92134894195331
92710879452527
73878380197957
86680775171987
76816236745260
84386999467330
81983159776541
74739925290045
77965092266762
76846000264879
68824607764354
82618122015367
72230621430219
76753617170948
64374459511840
74654449382377
70727815278847
68871003822513
60496793908962
69410562045510
62712757513662
58995133941060
70081008125630
64176333126315
60392763516202
74714477818330
65345014240107
56216827571194
60495360885090
54744187565369
60148185302774
49448280289068
55237829433587
53636314305067
57906722867596
54637533065786
59337724469494
56090922505944
58148290225481
51054631891758
51987427279583
53938531147842
59920039940873
46271523341449
54928252376633
50048656792956
45991084901353
49332810702886
46029025151652
51419275500292
47340942425226
46768198012788
43678736977448
41306020494710
38274512516682
40566052160487
39347819784079
42749700848043
40552155914285
38399443051647
34245328279656
42696115102462
32882335121457
36342818577993
33421514040534
39149578469389
37721624133145
35347916220564
34051798559068
37600679122751
35202747078631
43091185231121
34293013807560
34352268221438
34433874598921
30513191730362
33152252091950
30616793291669
32060943184588
25590039729003
33753883982397
28664490570505
25035218132607
27191037836278
33784857984871
30098497443881
27801054586728
29528032070990
25195911673467
29097343733448
24790087951251
34167186998612
24904164322641
26839198091639
24564253846479
28576638809962
26143441820113
26484819814213
24907438477694
24323560016490
23206196125494
23700893839822
24616707704221
24228116261853
22040883798609
24353743894714
25288441355658
21852338833858
20962124538458
24406879068296
23690088448988
16992212767993
17121757856996
19857938906464
24000139576647
16508671038392
25003030026898
17697163319505
19161775381860
20599630870223
19072730499065
18564190599843
21982864461052
22638702839494
24387809024730
18070493013730
21211477041582
15148659190976
22114099245372
20064191524739
17378606332797
16292783863066
19233772156746
17030339075563
17063639071980
17430109408974
17482833109297
14005356885162
20851988780910
14708124475746
17709986451920
17452198852073
17994919726107
14836790676386
13318335791895
17127077201629
17843111346474
14724278470348
16313396966054
15831437692036
16674940185521
13845949860346
13002663976282
13338853824594
12745026133296
10999368332228
11900839614550
15005022452907
9765298509546
13225069873443
14191852035615
12118415926921
12450200782166
12178844401249
12591969080369
12685322856930
10853627922339
12552390440317
11823555029507
9564844130655
10692109030144
11217923335309
15274944136444
8466011243396
11946436293173
14430556489906
12476676231148
14438275168858
12580480391533
9966415250240
10235556733834
10208006331879
8605557396397
10811841399378
7362437665472
9021247163388
9382515247508
11528786662142
10448749518710
10762999911019
7952055968082
10723475758643
7534358216015
8749704132880
8048630145105
10782979132971
10521081887341
6905523030821
8153832045829
6604188888739
6566138578910
8766366756327
10896440150285
8569942646009
9469828693866
11911079333809
10323177667157
8102459178268
8108630609359
8260182594122
5797031711839
7660572446161
12236319981387
5947810498661
7855648319468
7580469075960
8187246833842
7116632672631
9921963024210
6854701215453
5506630658092
5123813296394
7811676442821
8179405830622
6183104113213
7124779893328
7406143096951
5659444158633
8541535584811
5602584924777
6553843307655
7149234301077
8150759199221
3791053504771
7979019436115
3765028886834
6044020539943
5688387715453
4827181320151
8842311694804
7002679203407
5762851786009
9283620948775
4817260255196
4286314074213
5790440513907
5736834897265
5053987406884
5628615118020
6981531466926
5331288381509
5052370497477
5018453485466
5174601223078
4990044282676
4722345026193
7189420428462
6046004890365
5697512986164
8098369070811
4568919181376
6026828467782
4874076105372
4273752469161
8513750736979
7670860851273
6108950321432
7828999788883
4651905503253
7674547093584
5219475104970
5709779444229
3021431767007
3928185646914
7529136717282
3921103918308
4826305587680
4014289671989
4324899243796
4595505653235
5093323244703
4134856169341
4562399851010
4130376445243
1836543410006
4424254373833
4295526464887
4248387762505
4782882041679
3157281890960
2764023060699
2684834863556
4659438307360
3163954983993
2667773619824
4585928003691
3869096990517
4187437046957
4463315431603
2317631808981
4122115451543
3332076398578
2530160499386
4093115422495
1144333248725
3001497258236
4610164738599
2971983997884
2238790069942
3515630077770
3003993954557
2797485890489
5681410189966
3975238628433
1896786143766
3888359354337
2035877704429
2339330427459
2595250182702
2418241796119
3047211082392
3298066060632
2722719167733
1545763380386
2130811096180
2606724953024
2907276402039
3069834061516
2860637502828
2480417599542
3150335102452
3447935645055
3531747608970
3841481042816
1205423141615
1575054002317
3394256288927
2872051790325
1300408791053
1342599624672
1961213185886
3690513290846
2655023114266
3327263622313
1989345632790
2726873557727
1443798591810
2173043519515
1632509728607
3114657061910
1160168963315
1790986650752
755796636503
3048674585446
1540210895312
2543446897496
861551620190
1481692957433
2669395951599
3544047354610
3679733054045
2101124938707
1293460308395
1937600339108
799036935907
1437558718655
1718072966072
1787325262196
1769368340417
2850230839237
1995132531836
1282707505466
1074250937081
596419933589
1839923263049
2541404885088
984613289705
1615648152857
1537223764404
1211352757862
587652091205
726449280883
253070380730
2133144906750
2448678912435
2104674964026
407808936651
545119223823
1020432005432
2009544729017
1175101060211
541279236250
1451390400044
1400525986470
941794558757
1736024357776
1726793142562
2355109246593
303331020772
1499173013663
794126531457
66758390404
1143583788738
872086746929
811187981784
939425658035
885007704755
931183440756
1391133684243
662883335840
885007704755
2096289674408
1184187791042
781495171362
465672559551
1660051501859
1605465184712
2182137676026
590005136503
3586553477
1561761137407
350605823534
840490365048
1366275888897
1193678177539
606420818594
777228775634
989534529838
689237576876
1198239383256
1013294636438
590005136503
753692533532
323352422006
885007704755
1219170007613
1667902074493
655644498667
971148423949
448638274023
1434743291551
811821567503
1480172600204
253258454774
1263760212764
1216990903059
1191422821045
595976921424
359657960944
875042814157
1063846628526
1288146155768
815384801319
811603473000
361729201818
295002568251
295002568251
0
900826524761
295002568251
1195834124719
162137480090
919154473855
184891519563
0
794205062739
1140559711471
885007704755
590005136503
357863601455
737352737580
709416992532
833563136851
596677289089
295002568251
379594467051
45486160298
60437749190
664084408225
832461577031
295002568251
1216132839970
586891691405
295002568251
0
1475012841259
299971427037
236877311067
1051937477074
295002568251
354864345477
295002568251
0
0
0
295002568251
0
342885129904
295002568251
587945839464
295002568251
28356172552
295002568251
295002568251
295002568251
603461006022
748511008144
576066258283
7575028245
295002568251
4963797180
590005136503
295002568251
47858858844
295002568251
84243766962
295002568251
295002568251
566482507472
885007704755
295002568251
88367022301
521362185676
528368097739
270940223211
0
24402114375
31458965061
0
313096923590
16732804955
0
0
73711094484
0
0
169051848874
310130079071
674622612078
0
295002568251
504222097173
78391454620
0
183116586832
0
0
697505338451
185407314777
0
0
327357467665
8123975787
0
0
627942862643
0
0
295002568251
0
0
295002568251
213061345847
0
0
0
293971211166
0
26578137377
285050845622
0
0
0
1224725287399
0
0
295002568251
32745282438
200598501873
0
0
552904568367
778367899945
0
65633656018
332683530233
295002568251
0
0
0
590005136503
123499440553
295002568251
0
0
0
195754118056
0
0
0
0
10307646996
611158108492
0
0
0
0
295002568251
0
0
0
0
295002568251
0
0
0
0
204932974949
0
0
0
0
0
103602056128
0
0
0
0
231073070223
0
0
0
479106422154
9232583753
0
0
5876372247
0
295002568251
0
0
0
0
0
0
0
0
0
0
0
295002568251
0
404406854271
234868351397
0
0
0
0
0
0
280782984961
0
0
12973518332
0
0
0
0
0
0
0
0
0
0
0
295002568251
180590786103
0
0
0
295002568251
0
0
0
0
0
295002568251
0
0
0
0
0
0
0
0
0
0
0
169282372632
0
0
0
0
0
0
0
0
277251810862
0
0
0
0
0
0
0
0
178623508888
0
197352836978
0
0
0
0
0
0
0
0
0
0
0
0
0
0
0
0
0
0
0
0
0
0
0
0
0
0
219047635446
0
0
0
0
0
0
0
0
0
0
0
0
0
0
0
295002568251
0
0
0
0
0
0
0
0
0
0
0
0
0
0
295002568251
0
0
0
0
0
0
0
0
0
0
0
0
0
0
0
0
0
0
0
0
0
0
0
0
0
0
0
0
0
0
0
11888094162
