0
0
0
1432804381007742
3610940676032392
2030067614622900
2582551800427681
1867964552987203
1350638025728946
1032754461887627
798190487328865
630816834806782
506078490363092
422605153151975
345498112920358
298926938767194
259614555056006
223488043899757
197520584918350
167289937446232
150489999894199
130965257179477
120365918525373
111589382933388
98903298701292
88945281769589
81612634268028
75602015002860
64889893224633
59698442167767
57657352886842
51546069331820
47318567755518
43882655799120
40174894974166
37474989138910
35262428308391
32492397735208
32436458082721
29669429531702
27607516470507
25161722664174
23515796001388
24066119691217
20975833375500
20628752370608
20185124327894
19137625808309
17260448806179
16531320499465
16158392407881
15055743299278
15249747458018
13957304478725
13722869744576
12291711184221
12882398656268
12386676441618
11456117804781
10692951120105
10834656189541
10655956450485
9907370600516
9309550468733
8745892950469
8867144875541
8715131204804
8571607596588
7664630094920
8213576503127
7281589582028
7112215660681
6761985373268
6953632351783
6897166216887
6559780829411
5887049919861
5937705848435
5708912609891
5948120663173
5902719683739
5517137954314
6081764076980
5160122495867
4852161573657
4956880926160
4824950924202
4494166736262
4206901608040
4168840979886
4249922560224
4026545399034
3688745480029
3803394876066
3708569534105
3925547152191
3716020371290
3560240408441
3332298803647
3294633723904
3565396083275
3036769100688
3160680256174
3255324064213
2789999622318
2357376784917
3092152979316
2872673471411
2888284819263
3159673534193
2763155230802
2704820894202
3142068392941
2673827323665
2052718766206
2232586548651
1911245315044
2489166004071
2090698150435
2530822370628
2656489318666
2422062143239
2202522839486
1901199976322
1761609686299
2240866887986
1641625509641
2014526815215
2077793856148
2221570765716
1959239347258
1591328062169
1520356802244
1335742966883
1315662593594
1712181773676
1690575923531
1604737824160
1674127702108
1225951313356
2013256003674
1566817240834
1299650246069
1715466790470
1790655996424
1312186141121
1570928942266
1484385626572
1154821226240
1183205524224
1473868704964
1184861112521
1500178559413
1295116491820
1335193084858
727339508305
1788317397911
1585246112149
1459512292832
1344592624703
906522502979
923023738317
983575886695
961681362165
1138900193995
1070253440494
1140346445028
1003252948022
1073761832137
1451379556444
890571262409
853883696696
976616244056
1337343122701
1073778239510
1143076784969
1030227690754
780265035457
812246949282
848864115096
867906793993
605225633090
831607851359
869123979305
813585341846
1180666560467
890934508841
879224784336
893064233622
758660080487
1004253706592
351190411007
644804122344
794478045260
717634932903
765447907143
792628527627
343708956185
726866326553
850424155499
760231130668
726164979398
675986694010
607516584563
653102053300
810677331733
619813198976
408473179027
1012449407575
625150474389
817482313863
557966866135
497538097726
295736467394
509496843746
705135410733
599354202477
1013040385764
496224466342
448416579166
635572989405
655083697848
723471183349
647579797090
791557793447
452636061355
358936595443
421066685963
598632749077
511395764624
486945948261
542994415338
864174433879
675167647610
545149257308
646100876669
542434954527
315819745891
290715777958
445459633560
929734069996
338182248934
649823065878
374536802639
496079292589
347758908007
510347156950
425132817965
276780457002
507442232065
679649745353
426393558230
533238244931
702864132606
236742966779
325103303785
529900015872
552354658233
278682850953
532001268677
535051380571
421732272360
352993119961
343806364527
307754051734
448047844644
358643937898
443449548431
196648624777
488428808519
521179842670
399219201197
349923879714
344248163552
279943081943
205750923010
611992429559
372298644395
260119258379
264344031524
40902681680
381618390384
480340534642
95557535708
250154777640
407019885796
194729928402
460776838323
399553802263
441405658799
399332714051
499905774470
203253344989
350951420627
340625184604
468305683297
155052664924
139340677317
252278014580
238434541482
255232982884
335330359335
75571456013
370637794462
192012083963
594904953223
112831772469
99703742915
391913325728
311889783533
297408155187
414078570431
428275511899
271651570544
133928025240
365377234185
202646589119
103123105018
280121548298
362170074511
162339605767
205689014964
238093918398
332792686784
253161156152
168520624998
289621086966
109150471705
40045605691
265507572921
317106132903
140696751189
254311186493
488351135634
435157100184
295450276170
184286253695
208419196195
415460575537
231834018435
127380199083
320572939359
195587287211
144679033085
160639557377
221107856797
304972832329
269579615039
66711281862
157775226946
236295272262
281522001920
184819408667
147155187556
190293905435
70497928004
116339064792
63042372294
108440644450
168299215963
132312029428
128817258402
84687366163
217111437203
12393487322
95578998474
119800422352
156459295786
197187996901
88257657656
245590779796
18279541362
242852566710
137759216890
402309213552
131422242776
67006681377
187210076816
64241029507
330153737779
80566984614
77643439951
381194504924
142630394142
151455783812
200194925595
115351009817
138940717663
144028173862
136920794269
123623090515
174947893262
147922791052
433751881465
73798227380
103500994945
14039362514
63413328539
80741659089
131062003207
138248278430
75635706856
14217614869
24290868104
271208688604
122356981321
123099066749
52193730179
10144893582
152540943232
0
2338452658
77084416732
173502505683
140032264035
210538712886
34511449616
98864436548
165305358154
65642444006
138345987284
2793031362
8093068986
135261471471
84604223675
69285338802
17849978142
46169439590
123680961377
89673163482
136324022468
5765313220
3336559046
1396193991
17359911736
141980605761
59608295730
38448010631
58334395149
145937485556
79022185640
122332591793
129008784032
36768740761
32800176135
16512692680
75261422178
17675015809
62635296235
217025776087
125516152270
17167879635
73984642398
57065408766
40080552951
42656973332
147018984678
65328986280
2806367960
26694939747
106055741422
0
139036400532
137882942220
56021826378
1399085417
88389841953
68996095023
64532316209
101562951240
1413031559
160361289075
81631620579
96649081104
3053574120
209845608924
2800525349
91042066914
1397058983
95233050622
2795886652
0
85255951627
73395098068
299635214751
59611632089
155393003519
67546226398
3771763160
0
74124559165
71226182839
141550053878
1401551297
52800920723
69653816453
66710372548
11447801524
59077319337
144492125402
67721053934
1396232666
0
78868645575
84024646997
2817912417
132521981195
80741939782
68667637662
68552621982
2805863890
2799821287
70058589163
60651321407
0
0
2952074368
3042480936
72368372146
87390674488
58061604655
69719051658
1403173066
66898213633
2817091736
20791472055
1576209166
55512689829
97489573949
1396281499
69237075928
2829877808
76712109927
1400026249
145353172098
5787651250
73983199913
66887923912
0
144169809802
11490232183
61943033642
0
2287042873
3819615354
4260434465
144213014241
115016722456
0
136066522536
90398713751
2798413487
54976327907
0
121789563214
76931989250
125393508480
0
1398690002
0
4199117515
78672469366
1397263128
0
54658373846
0
0
1396242364
1396648399
4451938648
1573343759
2962280488
71810950928
0
0
54657231633
0
2888163286
149184606034
2804625365
139448641553
2796827240
82164465814
7063686357
1671258355
0
0
2793584925
0
2798859271
0
83555485488
4420070789
1687077457
55091230447
3138102788
0
1509607229
1407319345
1495662906
1411573032
0
63054140163
0
0
0
4199291599
0
0
0
2977834558
0
0
71233814280
2955135717
56849107676
1403487361
144265674710
4320133474
0
1424426778
71252672181
2833036259
1630831149
0
1396652382
0
1429026258
0
1620977090
1411444112
4384812924
0
0
2835754311
0
67180997825
0
2940413763
0
0
2793834923
3292894422
0
2807907481
1399612109
0
102312992344
0
60960003387
2817711111
0
0
4907250857
3007310801
0
83924653073
1396178467
0
0
0
0
1405287399
1409504029
70526991159
1413534249
1397905585
1397319915
1397576082
1396270350
48309930698
0
1398238770
61221466333
2855354537
0
0
0
1970008133
0
0
2797886155
1410260337
0
1397085930
0
2503144142
2792818998
0
2817186426
2797718088
1397578817
0
69927230255
0
0
1402452045
0
0
177583474314
4196927004
0
0
0
0
0
3047581495
0
0
0
0
52276821473
1448131681
2807721284
0
1397377189
1397848337
0
0
0
1396876036
73878187023
67873484299
0
3015940238
0
68911764997
1584874036
1607847417
1396564233
1396259209
1399462799
1485512087
2792704485
6080555096
0
0
0
1400028366
0
0
1419673537
1401918210
2812816260
0
0
74637735006
0
2899741698
1396234010
1396425976
0
1700456837
0
0
0
0
0
0
1396516226
0
0
0
0
1398142773
1397272916
0
51203877117
2009202093
2793956593
71382379735
0
0
1672833441
0
1399031225
0
0
0
0
1398761787
1396287465
1504085994
0
0
0
0
1397158932
0
0
1402115722
0
1745513324
0
0
0
0
0
1419485097
1397014988
0
0
0
0
0
0
0
0
0
71903078814
2819522372
0
0
2827666023
71262460731
0
0
1609408939
2794935992
44566734461
0
1539509193
0
0
1399446174
1407681660
0
0
1398656200
0
0
0
0
0
0
1396342122
0
0
0
0
0
0
0
0
0
0
0
0
0
0
1537266224
99954196702
0
0
0
1425221723
0
0
0
0
0
51456405072
0
0
0
0
0
0
0
0
0
0
0
0
0
0
0
0
0
0
0
0
0
0
0
1396205873
0
61189818789
0
0
0
0
0
0
0
0
0
0
0
0
0
0
0
0
0
0
0
0
0
67747162215
0
0
0
0
0
0
0
0
0
0
0
0
0
0
0
0
0
0
0
0
0
0
0
0
0
0
0
0
0
0
0
0
0
0
0
0
0
0
0
0
0
0
0
0
0
0
0
0
0
0
0
0
0
0
0
0
0
0
0
0
0
0
0
0
0
0
0
0
62736415268
0
0
0
0
0
0
0
0
0
0
0
0
0
0
0
0
0
0
0
60518191041
0
