12602279775098008
12167974829976526
4168203927205514
2439365194987776
1632512910463542
1187383821240348
899631695789060
711951947292467
576929426478083
486663701058431
419648284269281
365701135953867
319375575614417
285007296158287
262032245187790
239975206508787
215599590967491
202916937082662
182951674181814
171906021731044
163009024086811
150370461909926
140807684009004
133742505261714
127520900057113
119382457208746
114312781391587
105726321888866
104732727553962
97650638662126
94073262227622
90354277329902
84432744973632
85013649604776
78514393084938
78733663051268
71964899032526
70438687186409
70510465450795
68286960779545
62957475753887
61290320529762
61910075257256
58145985234526
57176165646464
59568978894917
55551893492680
52412890110874
50973181824453
52277912334722
50997588965483
49951256394431
47192331926127
47663343523578
44287111607197
42670062339770
43046310516019
43443790724671
41650063068903
39026311156678
40606371974455
38896848900344
38254933969689
37273311113768
36445612238296
34222612591267
36748936867949
33503500086478
32456890630041
33302381663349
33854514633359
32823325419907
32358097742805
31068543150397
31916792391848
30608863524805
28608004339788
28514688971024
27836925337105
28465124637155
26948557599858
26571983307141
26534174300924
26743921207124
25665418587556
25532272336040
24839393974843
24826135750945
25343849779654
24296782749788
23612550992444
24892070090756
21895375786565
22372841580579
20898570406313
20143916226001
21085446830615
21450472348683
21803213542983
20898612418874
20804683811686
19494291675688
18948578388253
19267951076860
19012358202803
18805035608223
17898637958653
18707137386672
17625386805997
17122537439261
17436148844235
16262148589677
15884663292618
15850511020235
16640518765192
15955339482854
16643378281467
15458625345803
14529042998368
15593734368082
14318540027907
13938203989280
14329232549377
13787417224024
13327009581676
14059347363321
12836622126857
14702152685549
11533546047337
12889436447061
12056491556077
12402089035360
12260563476309
12275870396376
11862759045912
11200562118618
11749480525208
11212101832622
11511985505703
9994361002642
9874215036072
10168804272460
10651335268873
9944155950984
8941008653628
9826001119352
9767478583953
9356801693115
9811070338622
9661058907973
8878878979049
8757377397513
7976290403770
8607234253311
8554602316870
8194624743890
8745779997610
8306388004240
8363484946002
7622528048937
7542112386055
7171495532672
7789323336008
7176888486381
7263713504377
8321536353609
6880960490058
7403727378266
7546560207485
7376494008526
7512557663998
7190691637848
7173717921647
6476862786267
6773527884753
6249034262241
6835298073219
6082834031867
6377239989474
6007279408974
6218884931102
5674239149508
6164844082760
5479048862214
6386978088523
5961564658617
5733021045192
6407479856327
5476055265359
6162213650294
5754014079898
5643828093590
5301009319275
5331293840701
5154391294856
5348326558707
5186503123667
4509529228991
5422203740949
4735630670097
5084442356105
4992674752997
5015602085900
4879184659755
4458955143489
4687543477234
4930921952023
5104972235410
4648382281855
5127397998808
5005646772974
4620333032139
4659940804468
4479044342408
4632886709841
4758985863116
4095425015862
4154318541490
4401985907782
3991203903585
4278850408293
4313647363092
3976325405162
3891647800796
3324991453291
4248121504715
3857158705615
4019678300933
3694310604185
3655543724827
3229917925740
4454530133841
3595794326627
3814768728959
3611715521269
3993139910843
3240149703864
3459414393539
3528969313754
3491913545080
3570778240331
3582469390464
3402396915819
3758404801958
2979568324391
3506418365637
2972808428579
3218044630302
3468910565209
2967927829932
3238426581440
3920930709021
3470687722308
3794589987487
3218722241939
3222957974190
3080969852172
3017961795831
2854796920567
3107095864804
2971056798947
2922053051766
2750200652118
2832000661428
3180804400947
3244481837448
2536640121724
3203617172729
2913044314796
2253487910472
3042271511754
2447093407562
2816185193858
2867142802320
2303831625684
2442630374575
2436013941077
2942141539233
2462262802178
2923535194788
2848210368116
3116434928428
2410845477495
2988389146036
2396572269045
2716400001020
2574740530345
2538504913602
2044242776655
2531741812606
2017975359207
2018106822759
2536889784946
1916848791621
2120599242723
2425243630687
2314399878836
2483181619660
1834635701738
1968503924072
2369978607674
2345554752118
2034796087297
2374314192466
1726528690784
1690438392881
1659817813722
2024106443992
1810170539874
1664473136340
1885532539546
1775057512183
2015257811198
1731416420457
1839161615488
1790045449856
1887404526228
1598771946750
1802404442601
1941083713451
2140284259371
1406718539029
1594374461323
1332076001480
2007859168444
1343404793360
1715634147928
1630974206460
1747464532491
1861927151329
1517765872745
1444531048100
1992758158648
2063331937986
1552859554994
1630142368229
1682701346538
1443074618960
1256847283517
1811078967130
1822038479058
1326916291789
1421511621676
1574615665283
1534829395019
1374909361067
1901949410276
1557225129657
1937783332947
2062252257234
1313402776162
1647602111585
1553988560158
1728218222905
1400893638313
1184804520562
1316114377472
1521927993848
1868247130402
1157576059439
1838038413848
1376962418436
1411695455065
1439544389521
1305580645106
1387451872999
1258092188891
1242019755962
1298295563555
1191481926593
1842273855869
1164768535047
1237304523208
1103024653318
1506711600613
1524317929332
1533633461530
1354938653007
1519157113855
1331957613184
1110684235214
1115880250635
1241915047259
1224811593823
818078251046
1799184075128
1521058130985
1292136536477
1462816234240
1747372556804
1397877246456
1270710748044
1319979265436
1351438660947
1339180941461
1519292838249
947845565250
1224464532493
1756766168797
1037836268965
1155828517470
1362596592447
953125325533
1434885493912
1484031870585
1347296858441
894166782248
1329089674346
1158511195289
1465499529263
1808739500804
1072828200261
1128209115390
1227769587789
959343969472
641130513816
1406124843391
1369068776448
1030527157921
1187444428361
1011180755251
1127144943046
1153812291642
1303378130574
987206481700
966544073305
911354109788
1133109577922
1223284570755
945596225257
1050406209108
613978825870
899093125259
690035779242
1022277280809
1412887751217
1036936662066
1042260004630
1271743016042
964938188686
1109030691291
914279215086
1042314719074
872257153130
1029308169758
1214896317617
1013378063802
968610579555
852429043247
713759052054
718806958798
1255063668154
781587786670
805873608417
649398237847
1010911987121
848726166894
788799947821
845247409701
977881819907
648225302617
915047923765
932143439493
1151498723624
1018720905055
727376337330
786222892216
644560735540
680984350857
954085753586
611189713560
676674801494
720312546346
928482725717
685577606671
740267377461
864795251440
682168860644
816315682275
833467833409
844531751522
790019196739
846350670471
689277211937
943640744938
545849573723
871869461914
639218710627
627020245934
492295717810
651995792952
487398623816
659683329452
940949080464
610883108812
491966009520
856817122218
899065634135
668381799568
938930438722
394246521099
881516536576
436469797350
573030985393
465475717572
815809302062
764524996196
678147804408
882845247232
409378319728
470021681126
616626826435
511519605777
747204846987
653838947185
688537676129
653228174107
622361271669
900292659636
526033445323
547719394046
613552301509
438636691537
440534945703
774351603542
621352011067
610919142442
585388149289
368787791128
428602074322
628728269807
441696145696
726388728589
511783870185
695064360416
684813919046
611446127485
371142419482
453549467233
381355777292
473473261657
588318142239
733137158610
382074213106
445702666121
425967294538
346444860821
545555655611
212035097046
489833311597
350221572971
624909074512
361183028230
381200817900
485787972369
312010632634
480252755816
635663223036
585541432222
416237226463
836176414898
330454073932
454936641818
257067043239
377778241016
420343382102
381583364058
500585185977
489200330549
483912179798
686779907331
404272469644
168188262670
283546188192
512293587562
756508363456
223330633396
446148288323
376276870735
501774510105
269928737080
285705393287
386097137115
398060635198
617930833178
400506183810
406534611562
367692970249
373738131292
171552104898
248411895908
524461513228
412962003141
305110477783
265196811636
287855559226
227275115546
380161291723
340459282795
433895960063
529407007559
297908225647
241331297165
412589047854
272883352948
249117569598
374112691540
285960970409
279560739873
225283469686
169941564999
419961504293
239440344369
332497204006
131881899319
145174320892
258022882490
330790271015
217181210628
170838705226
240067401341
203488393347
243165407458
221748190009
239097537538
287450953193
303721380714
209581572958
161494640989
405468894367
109459067216
200863148910
172870101920
212635348440
167809045518
155949703855
195851554836
149275326089
235440114999
155096309609
208440813634
359708864454
192221847056
246123956259
148804926894
349504090708
259587069877
328776173604
226830293541
245233858131
48030316667
110914102538
355506199791
91907207838
318713595865
187042925342
224894716436
163660364033
87323324011
125245433157
216826575352
84056115823
157180080469
163949046868
222413043625
99769324011
236344135726
160841980511
68869034666
237459731681
138227306554
145616386449
213160967959
112145701107
254380839548
179549919956
133566547777
156230278695
62249994684
176168189980
57718058475
105628751668
76510367882
136767229313
65063292335
348222822667
95709122264
70459300205
143639672036
76281558425
137374627757
190796732513
191742980257
254257803693
214019113893
156912916777
118912977245
114182073101
82652959825
118430246714
51336540771
70788113281
201439391221
57597769958
75882139939
94518073813
149983585273
109166829334
141413273966
49454144707
149736050821
89565688741
71891937243
80954190663
167539454668
103107332940
38068515861
168501825028
70169916494
20517518579
72602362056
59704721677
132058030568
136956237141
89742032291
146623346692
35055482774
71629449743
92571448841
110326709539
36301240010
164185067670
16561057686
57855741224
97500711860
168082726432
124501191643
139715218778
106428889100
89898610348
47020631344
37162594294
66386369764
0
5903455935
23807524055
98911368518
122178061340
58389216395
36308115372
92908394383
17182618034
121115930681
20043964461
5027877400
155136580286
89878943580
68670573472
25576724004
101686384014
22052401860
100691226182
4098959917
38821853273
77520499747
3696984149
81059340560
11105590190
40651969163
52096995736
71889148396
48757850799
22835997170
28674960729
100858050965
23097744153
60394566767
0
21697189696
8795360114
31388973790
52254891996
93430241438
29987821681
29186758563
32887256803
0
12864591180
55253387516
28259521028
36519760603
45727574796
105166312205
43467688254
39399141292
25177286756
69120600158
68423319786
5994682640
13549846945
41998712820
0
11454956012
67512875518
68785736201
21865808000
0
53908512698
22108225402
46481799190
46336370342
47301117456
0
4996694473
7319371243
39427314302
70816885238
18031498043
52741150018
13146219162
0
45948308756
18671590602
22581985410
17215375167
59185347729
14349040238
17557047864
44795351170
0
86600394820
0
0
9890270381
17089415334
0
0
0
10762627716
0
0
78387566648
59131303177
0
42137474943
57200449220
0
32334153198
71842924307
25219608485
11490956305
20185524100
17157297819
8371961988
0
78747391243
0
4708171465
0
11992862430
33898824746
22735523106
48746672909
0
29456413163
0
14716608979
0
8097057346
20568512223
14230756519
0
0
8714770650
0
33150776054
41900420676
9967637571
0
0
5098966121
0
0
0
7588081126
0
39386918302
21258583886
0
6604666626
12847348749
10209340275
19305781050
0
0
0
0
25947618251
0
5381333785
0
0
0
0
0
11784751284
0
0
0
0
0
0
0
0
0
0
0
0
0
0
0
0
0
0
0
8209286164
0
0
0
7666003254
0
0
0
0
4988246637
0
0
5359615714
0
0
0
0
0
0
0
0
0
0
0
0
4976419572
0
0
0
0
0
0
0
0
0
0
0
0
0
0
0
0
0
0
0
0
0
0
0
0
0
0
0
0
0
0
0
0
0
0
0
0
0
0
0
0
0
0
0
0
0
0
0
0
5095159638
