4.900000000000000355e+00
5.099999999999999645e+00
5.300000000000000711e+00
5.500000000000000000e+00
5.699999999999999289e+00
5.900000000000000355e+00
6.099999999999999645e+00
6.300000000000000711e+00
6.500000000000000000e+00
6.699999999999999289e+00
6.900000000000000355e+00
7.099999999999999645e+00
7.300000000000000711e+00
7.500000000000000000e+00
7.699999999999999289e+00
7.900000000000000355e+00
8.099999999999999645e+00
8.300000000000000711e+00
8.500000000000000000e+00
8.699999999999999289e+00
8.900000000000000355e+00
9.099999999999999645e+00
9.300000000000000711e+00
9.500000000000000000e+00
9.699999999999999289e+00
9.900000000000000355e+00
1.009999999999999964e+01
1.030000000000000071e+01
1.050000000000000000e+01
1.069999999999999929e+01
1.090000000000000036e+01
1.109999999999999964e+01
1.130000000000000071e+01
1.150000000000000000e+01
1.169999999999999929e+01
1.190000000000000036e+01
1.209999999999999964e+01
1.230000000000000071e+01
1.250000000000000000e+01
1.269999999999999929e+01
1.290000000000000036e+01
1.309999999999999964e+01
1.330000000000000071e+01
1.350000000000000000e+01
1.369999999999999929e+01
1.390000000000000036e+01
1.409999999999999964e+01
1.430000000000000071e+01
1.450000000000000000e+01
1.469999999999999929e+01
1.490000000000000036e+01
1.509999999999999964e+01
1.530000000000000071e+01
1.550000000000000000e+01
1.569999999999999929e+01
1.590000000000000036e+01
1.610000000000000142e+01
1.629999999999999716e+01
1.650000000000000000e+01
1.670000000000000284e+01
1.689999999999999858e+01
1.710000000000000142e+01
1.729999999999999716e+01
1.750000000000000000e+01
1.770000000000000284e+01
1.789999999999999858e+01
1.810000000000000142e+01
1.829999999999999716e+01
1.850000000000000000e+01
1.870000000000000284e+01
1.889999999999999858e+01
1.910000000000000142e+01
1.929999999999999716e+01
1.950000000000000000e+01
1.970000000000000284e+01
1.989999999999999858e+01
2.010000000000000142e+01
2.029999999999999716e+01
2.050000000000000000e+01
2.070000000000000284e+01
2.089999999999999858e+01
2.110000000000000142e+01
2.129999999999999716e+01
2.150000000000000000e+01
2.170000000000000284e+01
2.189999999999999858e+01
2.210000000000000142e+01
2.229999999999999716e+01
2.250000000000000000e+01
2.270000000000000284e+01
2.289999999999999858e+01
2.310000000000000142e+01
2.329999999999999716e+01
2.350000000000000000e+01
2.370000000000000284e+01
2.389999999999999858e+01
2.410000000000000142e+01
2.429999999999999716e+01
2.450000000000000000e+01
2.470000000000000284e+01
2.489999999999999858e+01
2.510000000000000142e+01
2.529999999999999716e+01
2.550000000000000000e+01
2.570000000000000284e+01
2.589999999999999858e+01
2.610000000000000142e+01
2.629999999999999716e+01
2.650000000000000000e+01
2.670000000000000284e+01
2.689999999999999858e+01
2.710000000000000142e+01
2.729999999999999716e+01
2.750000000000000000e+01
2.770000000000000284e+01
2.789999999999999858e+01
2.810000000000000142e+01
2.829999999999999716e+01
2.850000000000000000e+01
2.870000000000000284e+01
2.889999999999999858e+01
2.910000000000000142e+01
2.929999999999999716e+01
2.950000000000000000e+01
2.970000000000000284e+01
2.989999999999999858e+01
3.010000000000000142e+01
3.029999999999999716e+01
3.050000000000000000e+01
3.070000000000000284e+01
3.089999999999999858e+01
3.110000000000000142e+01
3.129999999999999716e+01
3.150000000000000000e+01
3.170000000000000284e+01
3.189999999999999858e+01
3.210000000000000142e+01
3.229999999999999716e+01
3.250000000000000000e+01
3.270000000000000284e+01
3.289999999999999858e+01
3.310000000000000142e+01
3.329999999999999716e+01
3.350000000000000000e+01
3.370000000000000284e+01
3.389999999999999858e+01
3.410000000000000142e+01
3.429999999999999716e+01
3.450000000000000000e+01
3.470000000000000284e+01
3.489999999999999858e+01
3.510000000000000142e+01
3.529999999999999716e+01
3.550000000000000000e+01
3.570000000000000284e+01
3.589999999999999858e+01
3.610000000000000142e+01
3.629999999999999716e+01
3.650000000000000000e+01
3.670000000000000284e+01
3.689999999999999858e+01
3.710000000000000142e+01
3.729999999999999716e+01
3.750000000000000000e+01
3.770000000000000284e+01
3.789999999999999858e+01
3.810000000000000142e+01
3.829999999999999716e+01
3.850000000000000000e+01
3.870000000000000284e+01
3.889999999999999858e+01
3.910000000000000142e+01
3.929999999999999716e+01
3.950000000000000000e+01
3.970000000000000284e+01
3.989999999999999858e+01
4.010000000000000142e+01
4.029999999999999716e+01
4.050000000000000000e+01
4.070000000000000284e+01
4.089999999999999858e+01
4.110000000000000142e+01
4.129999999999999716e+01
4.150000000000000000e+01
4.170000000000000284e+01
4.189999999999999858e+01
4.210000000000000142e+01
4.229999999999999716e+01
4.250000000000000000e+01
4.270000000000000284e+01
4.289999999999999858e+01
4.310000000000000142e+01
4.329999999999999716e+01
4.350000000000000000e+01
4.370000000000000284e+01
4.389999999999999858e+01
4.410000000000000142e+01
4.429999999999999716e+01
4.450000000000000000e+01
4.470000000000000284e+01
4.489999999999999858e+01
4.510000000000000142e+01
4.529999999999999716e+01
4.550000000000000000e+01
4.570000000000000284e+01
4.589999999999999858e+01
4.610000000000000142e+01
4.629999999999999716e+01
4.650000000000000000e+01
4.670000000000000284e+01
4.689999999999999858e+01
4.710000000000000142e+01
4.729999999999999716e+01
4.750000000000000000e+01
4.770000000000000284e+01
4.789999999999999858e+01
4.810000000000000142e+01
4.829999999999999716e+01
4.850000000000000000e+01
4.870000000000000284e+01
4.889999999999999858e+01
4.910000000000000142e+01
4.929999999999999716e+01
4.950000000000000000e+01
4.970000000000000284e+01
4.989999999999999858e+01
5.010000000000000142e+01
5.029999999999999716e+01
5.050000000000000000e+01
5.070000000000000284e+01
5.089999999999999858e+01
5.110000000000000142e+01
5.129999999999999716e+01
5.150000000000000000e+01
5.170000000000000284e+01
5.189999999999999858e+01
5.210000000000000142e+01
5.229999999999999716e+01
5.250000000000000000e+01
5.270000000000000284e+01
5.289999999999999858e+01
5.310000000000000142e+01
5.329999999999999716e+01
5.350000000000000000e+01
5.370000000000000284e+01
5.389999999999999858e+01
5.410000000000000142e+01
5.429999999999999716e+01
5.450000000000000000e+01
5.470000000000000284e+01
5.489999999999999858e+01
5.510000000000000142e+01
5.529999999999999716e+01
5.550000000000000000e+01
5.570000000000000284e+01
5.589999999999999858e+01
5.610000000000000142e+01
5.629999999999999716e+01
5.650000000000000000e+01
5.670000000000000284e+01
5.689999999999999858e+01
5.710000000000000142e+01
5.729999999999999716e+01
5.750000000000000000e+01
5.770000000000000284e+01
5.789999999999999858e+01
5.810000000000000142e+01
5.829999999999999716e+01
5.850000000000000000e+01
5.870000000000000284e+01
5.889999999999999858e+01
5.910000000000000142e+01
5.929999999999999716e+01
5.950000000000000000e+01
5.970000000000000284e+01
5.989999999999999858e+01
6.010000000000000142e+01
6.029999999999999716e+01
6.050000000000000000e+01
6.070000000000000284e+01
6.089999999999999858e+01
6.110000000000000142e+01
6.129999999999999716e+01
6.150000000000000000e+01
6.170000000000000284e+01
6.189999999999999858e+01
6.210000000000000142e+01
6.229999999999999716e+01
6.250000000000000000e+01
6.270000000000000284e+01
6.289999999999999858e+01
6.310000000000000142e+01
6.329999999999999716e+01
6.350000000000000000e+01
6.370000000000000284e+01
6.389999999999999858e+01
6.409999999999999432e+01
6.430000000000001137e+01
6.450000000000000000e+01
6.469999999999998863e+01
6.490000000000000568e+01
6.509999999999999432e+01
6.530000000000001137e+01
6.550000000000000000e+01
6.569999999999998863e+01
6.590000000000000568e+01
6.609999999999999432e+01
6.630000000000001137e+01
6.650000000000000000e+01
6.669999999999998863e+01
6.690000000000000568e+01
6.709999999999999432e+01
6.730000000000001137e+01
6.750000000000000000e+01
6.769999999999998863e+01
6.790000000000000568e+01
6.809999999999999432e+01
6.830000000000001137e+01
6.850000000000000000e+01
6.869999999999998863e+01
6.890000000000000568e+01
6.909999999999999432e+01
6.930000000000001137e+01
6.950000000000000000e+01
6.969999999999998863e+01
6.990000000000000568e+01
7.009999999999999432e+01
7.030000000000001137e+01
7.050000000000000000e+01
7.069999999999998863e+01
7.090000000000000568e+01
7.109999999999999432e+01
7.130000000000001137e+01
7.150000000000000000e+01
7.169999999999998863e+01
7.190000000000000568e+01
7.209999999999999432e+01
7.230000000000001137e+01
7.250000000000000000e+01
7.269999999999998863e+01
7.290000000000000568e+01
7.309999999999999432e+01
7.330000000000001137e+01
7.350000000000000000e+01
7.369999999999998863e+01
7.390000000000000568e+01
7.409999999999999432e+01
7.430000000000001137e+01
7.450000000000000000e+01
7.469999999999998863e+01
7.490000000000000568e+01
7.509999999999999432e+01
7.530000000000001137e+01
7.550000000000000000e+01
7.569999999999998863e+01
7.590000000000000568e+01
7.609999999999999432e+01
7.630000000000001137e+01
7.650000000000000000e+01
7.669999999999998863e+01
7.690000000000000568e+01
7.709999999999999432e+01
7.730000000000001137e+01
7.750000000000000000e+01
7.769999999999998863e+01
7.790000000000000568e+01
7.809999999999999432e+01
7.830000000000001137e+01
7.850000000000000000e+01
7.869999999999998863e+01
7.890000000000000568e+01
7.909999999999999432e+01
7.930000000000001137e+01
7.950000000000000000e+01
7.969999999999998863e+01
7.990000000000000568e+01
8.009999999999999432e+01
8.030000000000001137e+01
8.050000000000000000e+01
8.069999999999998863e+01
8.090000000000000568e+01
8.109999999999999432e+01
8.130000000000001137e+01
8.150000000000000000e+01
8.169999999999998863e+01
8.190000000000000568e+01
8.209999999999999432e+01
8.230000000000001137e+01
8.250000000000000000e+01
8.269999999999998863e+01
8.290000000000000568e+01
8.309999999999999432e+01
8.330000000000001137e+01
8.350000000000000000e+01
8.369999999999998863e+01
8.390000000000000568e+01
8.409999999999999432e+01
8.430000000000001137e+01
8.450000000000000000e+01
8.469999999999998863e+01
8.490000000000000568e+01
8.509999999999999432e+01
8.530000000000001137e+01
8.550000000000000000e+01
8.569999999999998863e+01
8.590000000000000568e+01
8.609999999999999432e+01
8.630000000000001137e+01
