0.000000
2.137000
4.274000
6.411000
8.548000
10.685000
12.822000
14.959000
17.096000
19.233000
21.370000
23.507000
25.644000
27.781000
29.918000
32.055000
34.192000
36.329000
38.466000
40.603000
42.740000
44.877000
47.014000
49.151000
51.288000
53.425000
55.562000
57.699000
59.836000
61.973000
64.110000
66.247000
68.384000
70.521000
72.658000
74.795000
76.932000
79.069000
81.206000
83.343000
85.480000
87.617000
89.754000
91.891000
94.028000
96.165000
98.302000
100.439000
102.576000
104.713000
106.850000
108.987000
111.124000
113.261000
115.398000
117.535000
119.672000
121.809000
123.946000
126.083000
128.220000
130.357000
132.494000
134.631000
136.768000
138.905000
141.042000
143.179000
145.316000
147.453000
149.590000
151.727000
153.864000
156.001000
158.138000
160.275000
162.412000
164.549000
166.686000
168.823000
170.960000
173.097000
175.234000
177.371000
179.508000
181.645000
183.782000
185.919000
188.056000
190.193000
192.330000
194.467000
196.604000
198.741000
200.878000
203.015000
205.152000
207.289000
209.426000
211.563000
213.700000
215.837000
217.974000
220.111000
222.248000
224.385000
226.522000
228.659000
230.796000
232.933000
235.070000
237.207000
239.344000
241.481000
243.618000
245.755000
247.892000
250.029000
252.166000
254.303000
256.440000
258.577000
260.714000
262.851000
264.988000
267.125000
269.262000
271.399000
273.536000
275.673000
277.810000
279.947000
282.084000
284.221000
286.358000
288.495000
290.632000
292.769000
294.906000
297.043000
299.180000
301.317000
303.454000
305.591000
307.728000
309.865000
312.002000
314.139000
316.276000
318.413000
320.550000
322.687000
324.824000
326.961000
329.098000
331.235000
333.372000
335.509000
337.646000
339.783000
341.920000
344.057000
346.194000
348.331000
350.468000
352.605000
354.742000
356.879000
359.016000
361.153000
363.290000
365.427000
367.564000
369.701000
371.838000
373.975000
376.112000
378.249000
380.386000
382.523000
384.660000
386.797000
388.934000
391.071000
393.208000
395.345000
397.482000
399.619000
401.756000
403.893000
406.030000
408.167000
410.304000
412.441000
414.578000
416.715000
418.852000
420.989000
423.126000
425.263000
427.400000
429.537000
431.674000
433.811000
435.948000
438.085000
440.222000
442.359000
444.496000
446.633000
448.770000
450.907000
453.044000
455.181000
457.318000
459.455000
461.592000
463.729000
465.866000
468.003000
470.140000
472.277000
474.414000
476.551000
478.688000
480.825000
482.962000
485.099000
487.236000
489.373000
491.510000
493.647000
495.784000
497.921000
500.058000
502.195000
504.332000
506.469000
508.606000
510.743000
512.880000
515.017000
517.154000
519.291000
521.428000
523.565000
525.702000
527.839000
529.976000
532.113000
534.250000
536.387000
538.524000
540.661000
542.798000
544.935000
547.072000
549.209000
551.346000
553.483000
555.620000
557.757000
559.894000
562.031000
564.168000
566.305000
568.442000
570.579000
572.716000
574.853000
576.990000
579.127000
581.264000
583.401000
585.538000
587.675000
589.812000
591.949000
594.086000
596.223000
598.360000
600.497000
602.634000
604.771000
606.908000
609.045000
611.182000
613.319000
615.456000
617.593000
619.730000
621.867000
624.004000
626.141000
628.278000
630.415000
632.552000
634.689000
636.826000
638.963000
641.100000
643.237000
645.374000
647.511000
649.648000
651.785000
653.922000
656.059000
658.196000
660.333000
662.470000
664.607000
666.744000
668.881000
671.018000
673.155000
675.292000
677.429000
679.566000
681.703000
683.840000
685.977000
688.114000
690.251000
692.388000
694.525000
696.662000
698.799000
700.936000
703.073000
705.210000
707.347000
709.484000
711.621000
713.758000
715.895000
718.032000
720.169000
722.306000
724.443000
726.580000
728.717000
730.854000
732.991000
735.128000
737.265000
739.402000
741.539000
743.676000
745.813000
747.950000
750.087000
752.224000
754.361000
756.498000
758.635000
760.772000
762.909000
765.046000
767.183000
769.320000
771.457000
773.594000
775.731000
777.868000
780.005000
782.142000
784.279000
786.416000
788.553000
790.690000
792.827000
794.964000
797.101000
799.238000
801.375000
803.512000
805.649000
807.786000
809.923000
812.060000
814.197000
816.334000
818.471000
820.608000
822.745000
824.882000
827.019000
829.156000
831.293000
833.430000
835.567000
837.704000
839.841000
841.978000
844.115000
846.252000
848.389000
850.526000
852.663000
854.800000
856.937000
859.074000
861.211000
863.348000
865.485000
867.622000
869.759000
871.896000
874.033000
876.170000
878.307000
880.444000
882.581000
884.718000
886.855000
888.992000
891.129000
893.266000
895.403000
897.540000
899.677000
901.814000
903.951000
906.088000
908.225000
910.362000
912.499000
914.636000
916.773000
918.910000
921.047000
923.184000
925.321000
927.458000
929.595000
931.732000
933.869000
936.006000
938.143000
940.280000
942.417000
944.554000
946.691000
948.828000
950.965000
953.102000
955.239000
957.376000
959.513000
961.650000
963.787000
965.924000
968.061000
970.198000
972.335000
974.472000
976.609000
978.746000
980.883000
983.020000
985.157000
987.294000
989.431000
991.568000
993.705000
995.842000
997.979000
1000.116000
1002.253000
1004.390000
1006.527000
1008.664000
1010.801000
1012.938000
1015.075000
1017.212000
1019.349000
1021.486000
1023.623000
1025.760000
1027.897000
1030.034000
1032.171000
1034.308000
1036.445000
1038.582000
1040.719000
1042.856000
1044.993000
1047.130000
1049.267000
1051.404000
1053.541000
1055.678000
1057.815000
1059.952000
1062.089000
1064.226000
1066.363000
1068.500000
1070.637000
1072.774000
1074.911000
1077.048000
1079.185000
1081.322000
1083.459000
1085.596000
1087.733000
1089.870000
1092.007000
1094.144000
1096.281000
1098.418000
1100.555000
1102.692000
1104.829000
1106.966000
1109.103000
1111.240000
1113.377000
1115.514000
1117.651000
1119.788000
1121.925000
1124.062000
1126.199000
1128.336000
1130.473000
1132.610000
1134.747000
1136.884000
1139.021000
1141.158000
1143.295000
1145.432000
1147.569000
1149.706000
1151.843000
1153.980000
1156.117000
1158.254000
1160.391000
1162.528000
1164.665000
1166.802000
1168.939000
1171.076000
1173.213000
1175.350000
1177.487000
1179.624000
1181.761000
1183.898000
1186.035000
1188.172000
1190.309000
1192.446000
1194.583000
1196.720000
1198.857000
1200.994000
1203.131000
1205.268000
1207.405000
1209.542000
1211.679000
1213.816000
1215.953000
1218.090000
1220.227000
1222.364000
1224.501000
1226.638000
1228.775000
1230.912000
1233.049000
1235.186000
1237.323000
1239.460000
1241.597000
1243.734000
1245.871000
1248.008000
1250.145000
1252.282000
1254.419000
1256.556000
1258.693000
1260.830000
1262.967000
1265.104000
1267.241000
1269.378000
1271.515000
1273.652000
1275.789000
1277.926000
1280.063000
1282.200000
1284.337000
1286.474000
1288.611000
1290.748000
1292.885000
1295.022000
1297.159000
1299.296000
1301.433000
1303.570000
1305.707000
1307.844000
1309.981000
1312.118000
1314.255000
1316.392000
1318.529000
1320.666000
1322.803000
1324.940000
1327.077000
1329.214000
1331.351000
1333.488000
1335.625000
1337.762000
1339.899000
1342.036000
1344.173000
1346.310000
1348.447000
1350.584000
1352.721000
1354.858000
1356.995000
1359.132000
1361.269000
1363.406000
1365.543000
1367.680000
1369.817000
1371.954000
1374.091000
1376.228000
1378.365000
1380.502000
1382.639000
1384.776000
1386.913000
1389.050000
1391.187000
1393.324000
1395.461000
1397.598000
1399.735000
1401.872000
1404.009000
1406.146000
1408.283000
1410.420000
1412.557000
1414.694000
1416.831000
1418.968000
1421.105000
1423.242000
1425.379000
1427.516000
1429.653000
1431.790000
1433.927000
1436.064000
1438.201000
1440.338000
1442.475000
1444.612000
1446.749000
1448.886000
1451.023000
1453.160000
1455.297000
1457.434000
1459.571000
1461.708000
1463.845000
1465.982000
1468.119000
1470.256000
1472.393000
1474.530000
1476.667000
1478.804000
1480.941000
1483.078000
1485.215000
1487.352000
1489.489000
1491.626000
1493.763000
1495.900000
1498.037000
1500.174000
1502.311000
1504.448000
1506.585000
1508.722000
1510.859000
1512.996000
1515.133000
1517.270000
1519.407000
1521.544000
1523.681000
1525.818000
1527.955000
1530.092000
1532.229000
1534.366000
1536.503000
1538.640000
1540.777000
1542.914000
1545.051000
1547.188000
1549.325000
1551.462000
1553.599000
1555.736000
1557.873000
1560.010000
1562.147000
1564.284000
1566.421000
1568.558000
1570.695000
1572.832000
1574.969000
1577.106000
1579.243000
1581.380000
1583.517000
1585.654000
1587.791000
1589.928000
1592.065000
1594.202000
1596.339000
1598.476000
1600.613000
1602.750000
1604.887000
1607.024000
1609.161000
1611.298000
1613.435000
1615.572000
1617.709000
1619.846000
1621.983000
1624.120000
1626.257000
1628.394000
1630.531000
1632.668000
1634.805000
1636.942000
1639.079000
1641.216000
1643.353000
1645.490000
1647.627000
1649.764000
1651.901000
1654.038000
1656.175000
1658.312000
1660.449000
1662.586000
1664.723000
1666.860000
1668.997000
1671.134000
1673.271000
1675.408000
1677.545000
1679.682000
1681.819000
1683.956000
1686.093000
1688.230000
1690.367000
1692.504000
1694.641000
1696.778000
1698.915000
1701.052000
1703.189000
1705.326000
1707.463000
1709.600000
1711.737000
1713.874000
1716.011000
1718.148000
1720.285000
1722.422000
1724.559000
1726.696000
1728.833000
1730.970000
1733.107000
1735.244000
1737.381000
1739.518000
1741.655000
1743.792000
1745.929000
1748.066000
1750.203000
1752.340000
1754.477000
1756.614000
1758.751000
1760.888000
1763.025000
1765.162000
1767.299000
1769.436000
1771.573000
1773.710000
1775.847000
1777.984000
1780.121000
1782.258000
1784.395000
1786.532000
1788.669000
1790.806000
1792.943000
1795.080000
1797.217000
1799.354000
1801.491000
1803.628000
1805.765000
1807.902000
1810.039000
1812.176000
1814.313000
1816.450000
1818.587000
1820.724000
1822.861000
1824.998000
1827.135000
1829.272000
1831.409000
1833.546000
1835.683000
1837.820000
1839.957000
1842.094000
1844.231000
1846.368000
1848.505000
1850.642000
1852.779000
1854.916000
1857.053000
1859.190000
1861.327000
1863.464000
1865.601000
1867.738000
1869.875000
1872.012000
1874.149000
1876.286000
1878.423000
1880.560000
1882.697000
1884.834000
1886.971000
1889.108000
1891.245000
1893.382000
1895.519000
1897.656000
1899.793000
1901.930000
1904.067000
1906.204000
1908.341000
1910.478000
1912.615000
1914.752000
1916.889000
1919.026000
1921.163000
1923.300000
1925.437000
1927.574000
1929.711000
1931.848000
1933.985000
1936.122000
1938.259000
1940.396000
1942.533000
1944.670000
1946.807000
1948.944000
1951.081000
1953.218000
1955.355000
1957.492000
1959.629000
1961.766000
1963.903000
1966.040000
1968.177000
1970.314000
1972.451000
1974.588000
1976.725000
1978.862000
1980.999000
1983.136000
1985.273000
1987.410000
1989.547000
1991.684000
1993.821000
1995.958000
1998.095000
2000.232000
2002.369000
2004.506000
2006.643000
2008.780000
2010.917000
2013.054000
2015.191000
2017.328000
2019.465000
2021.602000
2023.739000
2025.876000
2028.013000
2030.150000
2032.287000
2034.424000
2036.561000
2038.698000
2040.835000
2042.972000
2045.109000
2047.246000
2049.383000
2051.520000
2053.657000
2055.794000
2057.931000
2060.068000
2062.205000
2064.342000
2066.479000
2068.616000
2070.753000
2072.890000
2075.027000
2077.164000
2079.301000
2081.438000
2083.575000
2085.712000
2087.849000
2089.986000
2092.123000
2094.260000
2096.397000
2098.534000
2100.671000
2102.808000
2104.945000
2107.082000
2109.219000
2111.356000
2113.493000
2115.630000
2117.767000
2119.904000
2122.041000
2124.178000
2126.315000
2128.452000
2130.589000
2132.726000
2134.863000
2137.000000
