0
0
0
0
0
0
0
0
0
0
0
0
0
0
0
0
0
0
0
0
0
0
0
0
0
0
0
54435440728426
199640107693498
178227844661215
159675583804629
138854988746913
123621879460291
112246307554543
99340006910973
91167071456205
82167895515438
75668559066806
67867007193717
83939906408578
426389967575453
375929589579006
326579800456183
307853775605540
280924378262449
256846829560805
232567617140461
222773839613996
191059180993877
176930891423671
162687516439378
152815496635709
128784213537524
124077808033253
120724023131811
109041181252556
99332799743690
95139272674879
83193016665156
84896301650968
71705690321264
75558892026993
68354416303602
67375699751488
58464240705112
55800348014863
57088468104188
49070793912168
46786902830745
45215218463675
40458840206355
40186162799430
38648158422098
37062859352559
33277141962264
32015602784621
31261212182320
30643982824739
29356239535383
25904421079978
25015006538849
22876156077079
23696071844084
22066983593480
22023588905536
20487677675560
19656662479739
17833679991769
17822946475471
16291518442304
14664131946389
16333357024117
15926467275531
15421548784154
12970711116212
13592613982046
13846681215554
12893936941378
12416603699072
10133105033585
9777067484589
10558401132243
10093279936772
9707720846969
9537573553577
8530137760847
9305316605073
9198660314945
8761430844610
6603410866868
7360149286442
7022219786992
8295857095694
6466012148733
6529863216713
6725811054198
5996840439095
6088338265356
5976631749894
4848816936930
5965996076261
4854560025955
5198226479979
4981196756021
4447437713107
4823623496931
5163118935504
5053844135843
3818261116957
4665913974419
3978183685842
3870493213710
4541883441318
5089640773755
3039957428452
2770577015190
3642494960855
3040048639286
2661969158919
3472693900383
2327088665586
3390732806596
2166683221866
2590218069203
2524141398332
3050711068416
3278776541210
2586035128807
2643555633863
2713163839537
2884980013597
2495064498737
2035838555419
1804119291673
2407916972888
2499395003416
2153213456379
2215491568736
2331474166732
1786107414435
1959548210988
1985448962005
2122061157371
1696064806692
1690436311951
1435694026552
1728194219029
1784362353923
1918542867574
1221564443387
1473602965346
1463456733447
1123843329123
1161247829737
1260610197466
1006672112605
1466793824122
1396569812752
1087046772500
1561861908918
821370772645
883890222701
953384535362
783217077919
971948995244
913246101680
1117328277846
824109189226
932460563089
1162767555506
789468861066
609312423547
1071724617878
737624164738
1098045706011
775778057067
877412999779
682838064959
999878697298
910379956029
953480214691
707191202862
562728277294
675418321074
870601038867
678645812383
754519655413
610347737393
627598925082
722952867322
417843333506
925013516877
540691811110
801107139422
199681308344
709674282375
422032104093
668422240770
626860095152
497647390591
581144977999
372977847159
513211709349
425915641967
487432922038
668370506699
468790237215
523924401817
493216331559
276368903786
362085621306
449817896707
443273950619
514486519077
450672496440
453655528802
266789786019
270707019581
328206238464
435192493402
373101888720
239232901394
255178188026
504232408112
293730060801
314688090650
118918274267
343951590457
443434818249
253610415161
297189375271
101032364536
230190949431
171707162150
253735510548
257390012314
344402148682
178644980604
391897115677
216010748531
414806288728
189733739178
139172060255
296006497831
102468608109
314355626219
184994545121
212506433514
193441826309
152785640920
273390022789
230214574593
193277651343
98072956366
189672238090
227033838144
277184313456
186984511673
235053219971
160822110241
301686702407
112603001704
194238787000
130587426199
104213180171
115798798575
213170987343
163491325213
178894056006
293215840865
114303694800
134608462992
269137622790
234503816619
164377815890
135839160552
192594481216
97413521129
128246647299
47714004997
81627383989
218226995294
146456397083
100931064319
148843672782
241884718632
107496589111
130671657062
64346690439
128420835528
68901889437
37291304453
49911458864
69409166487
93625242335
170687051295
124307982327
58752197513
111557602182
111180463316
182996421047
156305835786
115312239483
108269062380
56635058199
59242817801
47677874205
59541926339
70206579970
118719698708
120540372459
33377237008
35257352817
71698280909
94308966124
44939015174
127141633998
40642481418
35723509517
35556574545
90993157217
32144142273
100916087978
88928978093
126703403879
148116760307
122812857408
51550187417
75331050236
99015273058
49981050095
70520786440
69343655953
108072098895
18105609413
61563676987
20687552889
40226913930
120455031883
44942120472
57148787526
94963855820
19098865381
116660516421
59020062392
40705462027
48593578820
30680849982
47643907206
40620020998
91259389401
0
22774556738
23076662542
31366424243
11980683881
36863926518
81880984662
11124593767
28794586260
0
0
20617962412
24417344938
35879817344
70305401368
41692009361
46033845407
39364120344
0
0
0
14344606474
39845205407
22688091418
25155695845
13930421816
31486497059
0
0
62931635507
17518697771
29428861784
36886536213
32790566602
21905842685
15847158139
32055444630
17356266778
38650181682
0
29071931493
17163523336
27180047369
35766090987
50901166667
29793298853
0
18988782634
57538577776
14923675844
20375803234
0
20211223130
17956827464
42045544492
30777430073
40211613641
21973614084
0
9811269820
41960507338
39743050526
22585637974
0
0
0
51648226776
0
0
22598060803
21540602660
14349921872
44955487553
0
30003394129
0
0
18405248133
15412246391
0
0
0
0
70744020930
39633347754
0
0
0
21189277290
31211869875
25470318859
34878036366
37345317897
0
59065021210
43942820893
0
0
0
14146932674
0
0
0
38682218652
0
0
0
0
24500064670
57137516976
25762309046
18653849448
23697393339
0
0
0
0
0
0
27179943114
0
25891634166
13477045352
0
46046564648
0
19053330940
0
0
0
0
0
0
17709137965
0
0
20840209369
0
25588920094
0
18232667207
0
0
0
0
0
0
0
0
0
0
0
9458712680
0
0
0
7748401569
21205762628
0
0
0
12300860956
0
0
0
0
0
0
0
0
0
0
0
0
0
0
0
18992789608
0
0
0
0
0
0
0
0
0
0
18064280845
0
0
0
0
0
0
0
0
0
31511947551
0
28172546467
0
0
0
0
58590855781
0
0
0
0
0
0
0
0
0
0
0
0
0
20769752088
0
0
0
0
0
0
0
0
0
0
0
0
0
0
0
0
11556824133
0
0
0
0
0
0
0
0
13757477835
0
0
0
0
0
0
0
0
0
0
0
0
0
14109746284
0
0
0
0
0
0
8508003945
0
0
0
0
0
0
0
0
0
0
0
0
0
0
0
0
0
0
0
0
0
0
0
0
0
0
0
0
0
0
0
0
17999974037
0
0
0
0
23592569092
0
0
0
0
0
0
0
0
0
0
0
0
0
0
0
0
0
0
0
0
0
0
0
0
0
0
0
0
15348947771
0
0
0
0
0
0
0
0
0
0
0
0
0
0
0
0
0
0
0
0
0
0
0
0
0
0
0
0
0
0
18964961943
0
0
0
0
0
0
0
0
0
0
0
0
0
0
0
0
0
0
0
0
0
0
0
0
0
0
0
0
0
0
0
0
0
0
0
0
0
31401247505
0
0
0
0
0
0
0
0
0
0
0
0
0
0
0
0
0
0
0
0
0
0
0
0
0
0
0
0
0
0
0
0
0
0
0
0
0
0
0
0
0
0
0
0
0
0
0
0
0
0
0
0
0
0
0
0
0
0
0
0
0
0
0
0
0
0
0
0
0
0
0
0
0
0
0
0
0
0
0
0
0
0
0
0
0
0
0
0
0
0
0
0
0
0
0
13682677245
0
0
0
0
0
0
0
0
0
0
0
0
0
0
0
0
0
0
0
0
0
0
0
0
0
0
0
0
0
0
0
0
0
0
0
0
0
0
0
0
0
0
0
0
0
0
0
0
0
0
0
0
0
0
0
0
0
0
0
0
0
0
0
0
0
0
0
0
0
0
0
0
0
0
0
0
0
0
0
0
0
0
0
0
0
0
0
0
0
0
0
0
0
0
0
0
0
0
0
0
0
0
0
0
0
0
0
0
0
0
0
0
0
0
0
0
0
0
0
0
0
0
0
0
0
0
0
0
0
0
