307808930858010
277651938375203
272682498657454
254695104977082
236120236179955
224705937642250
212296339021243
202014489142279
189809512243094
184148128960540
171173107247736
167187276889356
158848561426189
156151347226375
148820109204492
145145868340195
135544210730447
135071301628851
127685302184669
122887370236448
123155609267430
117709055121481
115699893541719
114070525285327
113455411947947
111726334554343
106583282514788
103123369743112
96830710333065
96741442647531
94186461228676
95829694559920
91660972797048
90023116530360
85758701941937
84452183729312
78420211748803
79301359270117
78088509837404
75713134027879
77446850231040
69577657501499
71345777303886
69642185571109
68619796637844
69707979581476
66119314332535
60076057577306
68604107745619
63294256502845
58823681289683
55238689580097
57881586079704
56473482599498
55910031339874
55675466506618
53392673159526
54323054846247
54144100101934
53901156310729
50576859108341
50618482450830
47455206783854
48569186322268
47410376337619
44415291728352
46089219771211
45160234888020
40556421565624
42689728599746
43938029414577
39277043628760
40788605747410
37719231448336
41166561180268
40337773139332
38951364608606
37088098126507
35799573101524
36022636003090
35762083752004
33569417573814
36299444310386
33843864251114
33017767427586
31532348793002
30399252023281
33386139768619
32088848277517
31513857943277
30193343249277
29920781464238
28178039425683
29818594195690
28353274016679
30130948473260
25605760200386
26799209256912
29795781394502
26738464541392
28264618611532
24607846264256
27289660490843
26911487020454
23458095817641
24122195771565
26058014199212
22574356269718
22533952219562
25551098697715
23262614318787
24257033636051
23850551418202
20648833719437
21980069808911
22635625506358
20111444263729
22318062638766
22336813451263
19581871297085
20332088109410
19644722807498
20326579703919
20939905696606
21622377711598
21523218522742
20187770871297
20335745680358
22341303507281
18939536428021
18885610673699
18351630555623
17067483346922
17593321750912
16747896751544
19440560523387
15751618270651
16586622837258
18141896387099
17645558647004
18120795427608
18001076012107
18487356248259
16330433977774
16355643286357
16797825909448
15043095731588
14987039619081
16392242525441
15775764350533
16103643612820
15836925566321
16034007272710
13652780265392
14656017214864
16874944002936
15239775047198
14218652328243
15563333076248
14743344091075
14059127571646
13824910790382
14147029292725
13894827168711
13295070548646
15362776577061
14678579455396
12082106351227
11538520161230
12663648525334
10370656125315
11934351928672
13206603008933
12744388575316
10901767702488
11487809703539
10944527467282
11639968541641
11884909724163
11677840481287
11970661450733
10945234406228
13353049422897
10491385910896
10826463521461
11341144304250
11619233518269
10688327171377
11843405757492
11254740744744
9750578246643
8772176606607
9334892579169
9956000196503
8223656355776
9255848308032
10246191735595
10342842666763
10147781477336
9094869035051
8614845750285
7436013081689
9505992668796
8943352426078
8816353758238
8013732511266
6724412112702
8319401986441
7639507190254
9408180788651
9048671311800
8226154971237
8450975664822
8404880533104
7763955556558
7645882335288
8198002712777
7686007926761
6936364141949
7614953198065
7876218948907
7591650907241
7871683724238
7414693119259
8567721274237
9446694280225
7893704077611
7156526849430
6930726062379
7357535979484
7607781424489
6185717471997
5926028015887
6014890086426
6999084214508
8171949556879
6875211654590
6337790511060
5679441602828
6845341372172
6604656768579
6459612986005
7059257347207
6486488625672
6835677635153
6579859110228
6294645290785
5467792358392
5410912927736
6020033686547
4911642732097
5507333140917
5332051623338
6883638099113
5585858939514
6095599507902
5888324812411
6914343198390
5222054698218
4468614284170
5037172403529
6504201592431
5801122624942
5098639389481
5052825068110
5628902968823
4829941283560
6237223807986
5680185645557
4974440570773
4115725964540
5172578611360
5538153714774
4301088322732
5214860652698
5934411763404
4455447868358
6161510426165
5116175349108
5294454754377
5448528367380
3550129700128
4012465289172
4218589710182
4984654814862
5332260302921
4768617166581
4191271554442
5307182870499
5585728503064
4540781751430
4424867695607
4885395001974
3811689494861
5288987374513
3881018547046
4122852484644
4094967873756
5278399087393
4562552643686
4134848524544
3896183812152
3365433908307
3659335895914
3795086807041
3979960830873
4108462364949
4100259627422
3735476726424
3545328395610
3864248298006
3884005488795
3934487367901
3209661352804
4012887575115
3558016288055
3539894523097
4139978150171
4299033391054
4683256859484
3381289967541
3347208248351
3340376605405
3870317942214
3519755060836
3385410431011
4973548358500
3947971881723
2911179141832
3558156768189
2401278689426
3316570295519
2779583880628
3259587105261
4215479011443
3547595669000
3662878866428
3988637512498
3771179814758
3626800149185
2856358641827
4103566593487
3306312609002
2663628980447
4290241491606
4442242809681
2648371432960
2758463331389
2698580481845
2131459230690
3127165867411
2715631241379
2877783950936
2482904570346
2522775461539
3250107084433
3679173711353
2618887773838
2993404626837
4960650388826
2199177805459
2431121758138
3133355121728
2514431973086
2496994483383
2705504130831
2772688379341
2798287883904
2296153229016
3787817308964
2495688222698
2111600820627
2880909807672
3551878527446
3058436544752
3123959960135
3575229706180
1714867493402
2935661758498
2158178402250
2862754568768
2331647834267
1862497212954
2770703136748
3345557545859
2414843483628
2214933087144
2589784031390
1803488102606
2236611410816
1721529542318
2171439287186
2084930393810
1805607742302
2549308415249
2376046700309
2651334365206
1888357257891
3131382672033
2220311676618
2641486007774
3198334851832
2699674676640
2032553964776
1586409799785
2288840554188
2985050846526
2087038764218
2644776716280
2141212997854
1919888630592
1855476510019
2354534138075
1862907769260
1709392481963
1989088148785
2027431390457
1748461672785
1340225052195
2697681174308
1945211662167
2682819041402
2903418407132
2264941162204
3081161600560
2109588042425
2013942827408
2005664447739
2153755968439
2220854367738
2855327777177
2249144932041
1232653194080
1164097806182
2185815773605
1905219892515
1372696514151
2127116404568
1133405211058
1786376605141
1824885714280
2104315677334
2153548931421
2015024141567
1719215154459
1475275902626
2094266239183
2193106936941
1389128388068
2056939529015
1851234284342
1601021221040
2262477609490
1671335594579
2354089901987
1346559514506
2032129234478
2378248542714
2125338578303
1551564645687
1929241495101
1254941341707
2101416782137
938974592003
1651177730491
1850364195718
876022422062
1451378989957
1731392041561
1460708633247
1671777364375
1334242725438
1583247951818
1558259441759
1446824250671
1211194389332
927073285967
1311514103229
1581141216214
2103145681223
1006970874022
1741504561367
851552588800
959436851587
1214420951774
1423676243793
1507714194658
1749229767390
758158407943
1578893755467
1059505337377
1081434154436
1496453908414
1344436295224
1193145007572
1124538018016
786838132126
861303220062
1580065695604
1615508653095
1125827059227
1367138349313
2078431710118
999774258266
1072178645248
1664655176650
1198917390425
1275605884871
1168846167129
1059094866848
1170456942745
1052891052897
1425701901922
1121641880795
1637771216728
1208066646793
1070900017303
794547938632
1552834142954
1215144381879
724483192360
1019404280297
991757378246
721760718826
1156567418582
1563991641964
1038751953084
1059637467071
980673725373
404899123133
743152777769
1527584879117
1164020926776
1366840008129
1250745376005
1245910369667
982998160243
843217403577
670115222542
337653614095
1279304841572
367420954710
572064466859
586482074917
956252135486
636822424620
1569247967304
1018264462326
640667766304
884853892488
770925482966
495134674327
850605330648
934650971580
879663269730
439660119936
1025387678802
933092704106
676647457816
521763902152
961023654527
687506306531
595220251597
523399388525
627914379398
1017335563009
906058847504
1234380155795
955541748871
1020043343710
1133269329663
1014171542485
503115114449
422013603373
1247126575458
852840260975
772682313494
790356316992
941220627229
457503842495
828613848569
715605187046
429285303186
523480358490
391029081893
578950368356
426943833920
845679664260
1018879734641
589648917953
1077578091069
720777329884
274611588787
382407285245
1115518611699
500464037802
858834719951
531457021170
503110581537
724175908944
654845714126
290526943901
735294378102
456990691760
188587647891
500282771690
513356377752
348887913312
50199576088
673487168926
569319566652
629390149769
453894550297
918623704158
551979972311
501928399745
754454901245
408027717966
357979285303
782222691113
454731626486
183903927550
1050509835991
244310262397
200505922399
565483605020
1019591326758
691621569980
477374152349
367451917666
406096952393
429392583298
451057726920
536306450947
686276109707
570596989460
448196497799
191385327392
421504192495
136324327433
299449037344
534993468494
539072764756
208848075253
277137116509
153766621424
120262966026
243728227824
531111993854
151187914207
291659150156
365949992035
191083664221
274065308886
466497703271
113321064289
291005520382
591629361233
19701654727
165829441164
478944435005
393951834237
461559748282
384709415805
294698129815
179623565315
372299538869
495522254591
392917354222
239009731785
435055915391
611755224097
150892838541
163475645856
270883747823
374715817690
194400272666
158866171873
188626770380
347180277296
439295341452
194173138608
36868427331
180437915546
195043041924
94701223207
337203557960
109224102376
129610773331
260210165978
392318584253
19458009559
92707749408
78856842855
270885872561
1606525966
201744255977
144247718123
198892755427
72973960920
4270139036
306344376011
171983143070
336067128668
160677814837
266121870104
1795066813
163219978686
385644195921
367052131741
47339202152
189852058670
1653167617
317309302529
150755978693
132666272591
148426326835
1680384642
252856991376
85684584584
129152865545
402822807935
118782712457
188015980657
66079742273
94425042449
1530705049
60990147401
4218948238
91804710627
33007847756
68226135502
206774469377
1631988704
53416631991
91682331022
96396467651
286175490781
135539018585
69951083689
167850266337
86223431312
41362349811
95254135415
97271642319
90853703657
41319144461
40295779293
86016374750
98301840493
73493424542
75566957229
145125166199
67111202207
48185282728
2311994520
136201685463
74941695928
49774457903
18269438765
71165724596
1606510684
258948798948
