3.935538783874772000e+15
3.584696360352733000e+15
3.376957515485014000e+15
3.169303289450037000e+15
2.987620672180873000e+15
2.869377797318335000e+15
2.714266440351337000e+15
2.580567618229037000e+15
2.395494465564738000e+15
2.307169220436566000e+15
2.196634829012215000e+15
2.069675642174041000e+15
1.996279061914359000e+15
1.939192847266581000e+15
1.835551943240350000e+15
1.773074529289482000e+15
1.672937701949046000e+15
1.602951494049775000e+15
1.547736412589449000e+15
1.474168876326923000e+15
1.430161498114563000e+15
1.398686903435418000e+15
1.332239127150337000e+15
1.310316904227270000e+15
1.251576442746573000e+15
1.186692164702069000e+15
1.127717435406342000e+15
1.111448542931292000e+15
1.076865118374416000e+15
1.045389988106683000e+15
9.759196896881520000e+14
9.616893229781680000e+14
9.400749381134000000e+14
9.071375808147600000e+14
9.018382690468680000e+14
8.176367134712350000e+14
8.535375295575890000e+14
8.285096588942820000e+14
7.690791765922460000e+14
7.650118439703470000e+14
7.460211355545580000e+14
7.228771014551540000e+14
6.873520163333260000e+14
6.801871503692860000e+14
6.609484721008220000e+14
6.465563368174380000e+14
6.173381923651280000e+14
6.035683417152660000e+14
6.060712875461310000e+14
5.544679685754320000e+14
5.672935764263290000e+14
5.351229062208510000e+14
5.390883880377750000e+14
5.213380597715710000e+14
5.279220417228390000e+14
4.970410027679240000e+14
4.874557684478100000e+14
4.544104384233200000e+14
4.356987694360910000e+14
4.447027510786550000e+14
4.618508737531690000e+14
4.318338738515090000e+14
4.114262713548440000e+14
4.139665524377670000e+14
3.869351088978750000e+14
4.015920357549490000e+14
4.039229044250660000e+14
3.743632322020000000e+14
3.748459457501750000e+14
3.731664628118250000e+14
3.690981866846520000e+14
3.507579211776190000e+14
3.597934507198000000e+14
3.446247234577150000e+14
3.312187061258430000e+14
3.116107819541220000e+14
3.289631996860340000e+14
3.134658411072950000e+14
3.146231169077940000e+14
2.962830648690430000e+14
2.965164962629880000e+14
2.797166430761890000e+14
3.004740009798380000e+14
2.810060021606790000e+14
2.840406998230630000e+14
2.752935643520890000e+14
2.748421828613470000e+14
2.542923133475570000e+14
2.615419045662900000e+14
2.511531098701210000e+14
2.549487904956420000e+14
2.455151339519780000e+14
2.437275878252540000e+14
2.352549676252490000e+14
2.340143523114340000e+14
2.334413402224070000e+14
2.191055537768010000e+14
2.268028261764630000e+14
2.183769136044970000e+14
2.213621998712270000e+14
2.081443179580840000e+14
1.986581395741590000e+14
1.981003807725360000e+14
1.989966633824680000e+14
2.014995401693940000e+14
1.990973598926950000e+14
1.936299733555490000e+14
1.939081746938810000e+14
1.803469338132730000e+14
1.759271626346350000e+14
1.903109255497250000e+14
1.715958470542030000e+14
1.826801202255540000e+14
1.712572855453460000e+14
1.778509335161390000e+14
1.743784554057250000e+14
1.649022247824850000e+14
1.544724357028060000e+14
1.567832091938700000e+14
1.572994428999740000e+14
1.498971980451850000e+14
1.535198899410860000e+14
1.544535000236180000e+14
1.579168879257060000e+14
1.498132823208750000e+14
1.441447394351170000e+14
1.524509104980520000e+14
1.445344083539730000e+14
1.419588889308300000e+14
1.429975195909700000e+14
1.273888249245480000e+14
1.351521857676360000e+14
1.296373666146360000e+14
1.265471597273500000e+14
1.262587712423590000e+14
1.311153678697050000e+14
1.210838271525190000e+14
1.205481394389010000e+14
1.191042754796980000e+14
1.180775997022720000e+14
1.153348409668310000e+14
1.090418733351430000e+14
1.112692122389500000e+14
1.045605871538310000e+14
1.211915368425520000e+14
1.123758625228410000e+14
1.048030938222510000e+14
1.053683488405810000e+14
1.032419643849970000e+14
1.087516708381700000e+14
1.016170718517610000e+14
1.000802175000140000e+14
1.040787454657700000e+14
1.046882286344020000e+14
9.976312614250600000e+13
8.627118554616300000e+13
9.750510722688000000e+13
8.755238725311000000e+13
8.351561270953100000e+13
8.967200298940700000e+13
8.852347018051400000e+13
8.722462181571300000e+13
7.944920425752000000e+13
8.852835501697500000e+13
8.583021782808300000e+13
7.995424944484000000e+13
8.158326492685500000e+13
8.363163028219500000e+13
8.095971382646200000e+13
8.068982731581600000e+13
7.635210732613500000e+13
7.568646664167400000e+13
7.647310906320100000e+13
7.687747306706300000e+13
7.812738431084900000e+13
6.663380747109700000e+13
7.242532634516600000e+13
6.664524157152400000e+13
6.667479796902500000e+13
6.272452144168200000e+13
6.495370185611800000e+13
6.182183374414500000e+13
6.175092646726900000e+13
6.155334558469900000e+13
6.368533600618300000e+13
6.282813280582700000e+13
5.936605802514500000e+13
6.050925135128000000e+13
5.949208580793500000e+13
5.740219519315000000e+13
6.127788192824800000e+13
6.011429673156200000e+13
5.716656050017400000e+13
5.236270751088600000e+13
5.379260342800600000e+13
4.867463224347800000e+13
5.387878459495500000e+13
4.909104754783000000e+13
5.167419483580000000e+13
4.759998590459000000e+13
4.939192878279300000e+13
4.978110058265700000e+13
4.669318043517200000e+13
4.341052453205700000e+13
4.470986075097000000e+13
5.198690983330700000e+13
4.516438095449700000e+13
4.479632518399900000e+13
4.248758415033700000e+13
4.864115936492600000e+13
4.407124267128100000e+13
4.780510995407400000e+13
4.279935259791600000e+13
3.942079658685800000e+13
3.975628147871000000e+13
3.989142878347300000e+13
3.540611896707400000e+13
3.838774704384400000e+13
3.781264238645100000e+13
3.615623111382400000e+13
3.760978808498200000e+13
3.810692782691200000e+13
3.643929607623300000e+13
3.269812412082900000e+13
3.337930608120800000e+13
3.296336730691100000e+13
3.151176708560600000e+13
2.892943734716300000e+13
4.005061818126700000e+13
2.894988139326000000e+13
2.340606490289000000e+13
2.926491270053400000e+13
3.170787252499100000e+13
3.198796537558600000e+13
3.322930493241800000e+13
3.061081766562700000e+13
2.585779321211600000e+13
2.516809866344300000e+13
2.713070208800800000e+13
2.706028782679300000e+13
2.660766211097600000e+13
2.248378654837400000e+13
2.394058988599700000e+13
2.674130202699000000e+13
2.778605355867900000e+13
2.397270466715100000e+13
2.505570113019200000e+13
2.432414487511200000e+13
2.646912736042800000e+13
2.243763824798200000e+13
2.654871147496600000e+13
2.196844261880600000e+13
2.328907749353900000e+13
2.133952920360400000e+13
2.201470712431700000e+13
2.223782223829900000e+13
1.992129472460600000e+13
2.056414951007700000e+13
2.033537093728900000e+13
1.888113096347200000e+13
1.961206124549900000e+13
2.155211955487300000e+13
1.685075082827400000e+13
1.884768324359100000e+13
1.839217354244600000e+13
2.247259107641900000e+13
1.779038488255700000e+13
2.027895100650400000e+13
1.835247710047900000e+13
1.801783730609800000e+13
1.919341645762800000e+13
2.026919292157600000e+13
1.917241402096900000e+13
1.845790442680600000e+13
1.651705465139900000e+13
1.881374774951700000e+13
1.695048765212400000e+13
1.567394912882600000e+13
1.330505269135100000e+13
1.325868215530400000e+13
1.488341440924200000e+13
1.577085591846500000e+13
1.433176034685700000e+13
1.452528827582000000e+13
1.306274543866600000e+13
1.331720183405300000e+13
1.287773812755600000e+13
1.027613889802700000e+13
1.434899807258500000e+13
1.224770787205300000e+13
1.310454873550900000e+13
1.331388772617600000e+13
1.205803639346300000e+13
1.112684936301700000e+13
1.267253762232700000e+13
1.237957816699700000e+13
1.358104769067100000e+13
1.266482677055200000e+13
1.657902259678900000e+13
1.244317159828400000e+13
1.125365637383500000e+13
9.683294522106000000e+12
1.047336331800200000e+13
1.040356234912500000e+13
9.767669639659000000e+12
9.120169456074000000e+12
8.283142465355000000e+12
1.113539672723600000e+13
9.106090972219000000e+12
8.931352034880000000e+12
8.951368262466000000e+12
8.755427131873000000e+12
8.473845343012000000e+12
1.124982139753800000e+13
9.626670187974000000e+12
8.260716194478000000e+12
7.827928271895000000e+12
7.537747223673000000e+12
9.619333442744000000e+12
8.974541752433000000e+12
8.963564232074000000e+12
6.880927123187000000e+12
7.505365469244000000e+12
7.455290090303000000e+12
7.468068045112000000e+12
6.848510286099000000e+12
1.028807488696600000e+13
5.735267551615000000e+12
4.528332644452000000e+12
7.649735061042000000e+12
6.920111720231000000e+12
5.076178319515000000e+12
6.017611443655000000e+12
5.600582069618000000e+12
6.909660082600000000e+12
3.662731254048000000e+12
4.525049619575000000e+12
5.901518512425000000e+12
7.752803993653000000e+12
6.510179491974000000e+12
5.208426036710000000e+12
5.582365292102000000e+12
6.385572424780000000e+12
5.377735454144000000e+12
6.140921720854000000e+12
6.541677532247000000e+12
4.655731620353000000e+12
4.687761331349000000e+12
4.863987431061000000e+12
4.959990803427000000e+12
4.974011683336000000e+12
4.437806678526000000e+12
6.025050102815000000e+12
5.613383550166000000e+12
3.899596671726000000e+12
3.074933604853000000e+12
4.654671154797000000e+12
6.222760691266000000e+12
2.373025700702000000e+12
4.372388959563000000e+12
3.809962837375000000e+12
3.813927540577000000e+12
4.345927853738000000e+12
4.305093628875000000e+12
3.368616705580000000e+12
4.959984202551000000e+12
6.645257700025000000e+12
5.132278139610000000e+12
2.622910996879000000e+12
3.103940266907000000e+12
4.773029671308000000e+12
5.088118134117000000e+12
3.665506558206000000e+12
4.276458685694000000e+12
2.808116761140000000e+12
3.570174829807000000e+12
4.657196620265000000e+12
3.614097185925000000e+12
4.845648409691000000e+12
4.305069889363000000e+12
2.350127450423000000e+12
3.284617625949000000e+12
4.043824269249000000e+12
3.599425508811000000e+12
3.598223792998000000e+12
2.865591463148000000e+12
3.110097021251000000e+12
2.696532644112000000e+12
1.720089720627000000e+12
1.688761844951000000e+12
3.710676810238000000e+12
2.387676002008000000e+12
2.903118586015000000e+12
2.616842388669000000e+12
2.958341474742000000e+12
3.318628066059000000e+12
1.615263683654000000e+12
2.299670246744000000e+12
1.941278657556000000e+12
1.488451903432000000e+12
2.810931639103000000e+12
2.485854049787000000e+12
9.780470163310000000e+11
2.982471822039000000e+12
2.621493607400000000e+12
1.916909680444000000e+12
1.945726490921000000e+12
1.545679339080000000e+12
1.539315324427000000e+12
1.456599884843000000e+12
1.656230202582000000e+12
2.294340330949000000e+12
1.664632496023000000e+12
2.042825021084000000e+12
2.364643410650000000e+12
2.374171618377000000e+12
1.312427496092000000e+12
2.301954965026000000e+12
2.719026724502000000e+12
1.816123989686000000e+12
2.093718630282000000e+12
1.883468511254000000e+12
1.558423280912000000e+12
1.026110706452000000e+12
7.398777548740000000e+11
8.268545590840000000e+11
2.165077421319000000e+12
1.201859349043000000e+12
2.375633439159000000e+12
1.728754267583000000e+12
1.575661853644000000e+12
8.023161136390000000e+11
1.257451854712000000e+12
1.984875927660000000e+12
1.493384954181000000e+12
6.814923350140000000e+11
2.560984296820000000e+11
9.860436161290000000e+11
1.197653425189000000e+12
2.104697695130000000e+12
6.356380442750000000e+11
1.510474394584000000e+12
5.615967799470000000e+11
1.414930881642000000e+12
6.210218117340000000e+11
1.849094503462000000e+12
1.117196613212000000e+12
1.466208575913000000e+12
7.750548087870000000e+11
4.945153968710000000e+11
1.084041405513000000e+12
6.211113998740000000e+11
6.782399373690000000e+11
9.235949994370000000e+11
8.467307122540000000e+11
5.043211738920000000e+11
8.047637079600000000e+11
1.105571284669000000e+12
4.642400703350000000e+11
1.068380033042000000e+12
7.543470391630000000e+11
1.243918744003000000e+12
1.088513382502000000e+12
5.301475813610000000e+11
6.844952674680000000e+11
1.285351186714000000e+12
3.363934341060000000e+11
4.325992102560000000e+11
4.144417144600000000e+10
9.300557341520000000e+11
2.926454884100000000e+11
1.203383925220000000e+12
1.406685739181000000e+12
4.389234160430000000e+11
9.423099308900000000e+11
7.612148715390000000e+11
1.239966696777000000e+12
9.566229746090000000e+11
2.147557916040000000e+11
7.046272204410000000e+11
8.439839960140000000e+11
3.085876644280000000e+11
6.631153499480000000e+11
8.238336228530000000e+11
5.217089213730000000e+11
9.275326813090000000e+11
2.239849793510000000e+11
1.287188641822000000e+12
8.076223991850000000e+11
4.982649017580000000e+11
6.723162750080000000e+11
5.012820726700000000e+11
7.140435055130000000e+11
7.790196188760000000e+11
6.406768267670000000e+11
8.384220178790000000e+11
1.793853576260000000e+11
1.308015374960000000e+11
2.598205730910000000e+11
8.674933251520000000e+11
2.871374516970000000e+11
6.361961417330000000e+11
7.188398873060000000e+11
6.963540549060000000e+11
3.599858182100000000e+11
1.434175342600000000e+12
1.398610063640000000e+11
1.562167594700000000e+11
6.196763805440000000e+11
3.131995197420000000e+11
2.735872923600000000e+10
5.477947813900000000e+10
1.436959403350000000e+11
5.556613183490000000e+11
2.660711945530000000e+11
8.146500742900000000e+10
6.251700635800000000e+10
1.217185250750000000e+11
3.324598064580000000e+11
3.394949141800000000e+11
4.639303967610000000e+11
1.254699497597000000e+12
6.611387800160000000e+11
4.215090179480000000e+11
1.406461931072000000e+12
3.770595403150000000e+11
3.781760196870000000e+11
3.570893089450000000e+11
1.723729011660000000e+11
4.497645680200000000e+10
6.338561762300000000e+10
6.319043827170000000e+11
3.957317324910000000e+11
4.528878037590000000e+11
5.316476494290000000e+11
2.553300711900000000e+11
2.377813076640000000e+11
4.563682175220000000e+11
1.422612230350000000e+11
3.402401562700000000e+10
1.084321370860000000e+11
4.586245280640000000e+11
1.911919922500000000e+10
4.978459726000000000e+11
9.905873751250000000e+11
8.051434903510000000e+11
1.048504656210000000e+11
1.730631767000000000e+10
5.698505592670000000e+11
1.343818496770000000e+11
2.084828197670000000e+11
3.387069690810000000e+11
3.176931574090000000e+11
1.612283127200000000e+10
1.294920429710000000e+11
3.556909147220000000e+11
3.828401491360000000e+11
3.013225862940000000e+11
9.183406525000000000e+09
2.716630139800000000e+10
9.502753917200000000e+10
6.195929528140000000e+11
3.340486196010000000e+11
7.789182495200000000e+10
5.111299387800000000e+11
7.705967412000000000e+09
4.514668558000000000e+09
3.804826065340000000e+11
4.248913224000000000e+09
3.476653621940000000e+11
6.005596028190000000e+11
9.646120689530000000e+11
3.149137144060000000e+11
8.731351837300000000e+10
1.115856260360000000e+11
5.388767536600000000e+10
8.150058403400000000e+10
1.879438090290000000e+11
1.221968611520000000e+11
1.203782548400000000e+11
2.286863216980000000e+11
3.957468803000000000e+09
2.482318028100000000e+10
5.824989276900000000e+10
1.381490468980000000e+11
3.684418025200000000e+10
