0.000000
0.041000
0.082000
0.123000
0.164000
0.205000
0.246000
0.287000
0.328000
0.369000
0.410000
0.451000
0.492000
0.533000
0.574000
0.615000
0.656000
0.697000
0.738000
0.779000
0.820000
0.861000
0.902000
0.943000
0.984000
1.025000
1.066000
1.107000
1.148000
1.189000
1.230000
1.271000
1.312000
1.353000
1.394000
1.435000
1.476000
1.517000
1.558000
1.599000
1.640000
1.681000
1.722000
1.763000
1.804000
1.845000
1.886000
1.927000
1.968000
2.009000
2.050000
2.091000
2.132000
2.173000
2.214000
2.255000
2.296000
2.337000
2.378000
2.419000
2.460000
2.501000
2.542000
2.583000
2.624000
2.665000
2.706000
2.747000
2.788000
2.829000
2.870000
2.911000
2.952000
2.993000
3.034000
3.075000
3.116000
3.157000
3.198000
3.239000
3.280000
3.321000
3.362000
3.403000
3.444000
3.485000
3.526000
3.567000
3.608000
3.649000
3.690000
3.731000
3.772000
3.813000
3.854000
3.895000
3.936000
3.977000
4.018000
4.059000
4.100000
4.141000
4.182000
4.223000
4.264000
4.305000
4.346000
4.387000
4.428000
4.469000
4.510000
4.551000
4.592000
4.633000
4.674000
4.715000
4.756000
4.797000
4.838000
4.879000
4.920000
4.961000
5.002000
5.043000
5.084000
5.125000
5.166000
5.207000
5.248000
5.289000
5.330000
5.371000
5.412000
5.453000
5.494000
5.535000
5.576000
5.617000
5.658000
5.699000
5.740000
5.781000
5.822000
5.863000
5.904000
5.945000
5.986000
6.027000
6.068000
6.109000
6.150000
6.191000
6.232000
6.273000
6.314000
6.355000
6.396000
6.437000
6.478000
6.519000
6.560000
6.601000
6.642000
6.683000
6.724000
6.765000
6.806000
6.847000
6.888000
6.929000
6.970000
7.011000
7.052000
7.093000
7.134000
7.175000
7.216000
7.257000
7.298000
7.339000
7.380000
7.421000
7.462000
7.503000
7.544000
7.585000
7.626000
7.667000
7.708000
7.749000
7.790000
7.831000
7.872000
7.913000
7.954000
7.995000
8.036000
8.077000
8.118000
8.159000
8.200000
8.241000
8.282000
8.323000
8.364000
8.405000
8.446000
8.487000
8.528000
8.569000
8.610000
8.651000
8.692000
8.733000
8.774000
8.815000
8.856000
8.897000
8.938000
8.979000
9.020000
9.061000
9.102000
9.143000
9.184000
9.225000
9.266000
9.307000
9.348000
9.389000
9.430000
9.471000
9.512000
9.553000
9.594000
9.635000
9.676000
9.717000
9.758000
9.799000
9.840000
9.881000
9.922000
9.963000
10.004000
10.045000
10.086000
10.127000
10.168000
10.209000
10.250000
10.291000
10.332000
10.373000
10.414000
10.455000
10.496000
10.537000
10.578000
10.619000
10.660000
10.701000
10.742000
10.783000
10.824000
10.865000
10.906000
10.947000
10.988000
11.029000
11.070000
11.111000
11.152000
11.193000
11.234000
11.275000
11.316000
11.357000
11.398000
11.439000
11.480000
11.521000
11.562000
11.603000
11.644000
11.685000
11.726000
11.767000
11.808000
11.849000
11.890000
11.931000
11.972000
12.013000
12.054000
12.095000
12.136000
12.177000
12.218000
12.259000
12.300000
12.341000
12.382000
12.423000
12.464000
12.505000
12.546000
12.587000
12.628000
12.669000
12.710000
12.751000
12.792000
12.833000
12.874000
12.915000
12.956000
12.997000
13.038000
13.079000
13.120000
13.161000
13.202000
13.243000
13.284000
13.325000
13.366000
13.407000
13.448000
13.489000
13.530000
13.571000
13.612000
13.653000
13.694000
13.735000
13.776000
13.817000
13.858000
13.899000
13.940000
13.981000
14.022000
14.063000
14.104000
14.145000
14.186000
14.227000
14.268000
14.309000
14.350000
14.391000
14.432000
14.473000
14.514000
14.555000
14.596000
14.637000
14.678000
14.719000
14.760000
14.801000
14.842000
14.883000
14.924000
14.965000
15.006000
15.047000
15.088000
15.129000
15.170000
15.211000
15.252000
15.293000
15.334000
15.375000
15.416000
15.457000
15.498000
15.539000
15.580000
15.621000
15.662000
15.703000
15.744000
15.785000
15.826000
15.867000
15.908000
15.949000
15.990000
16.031000
16.072000
16.113000
16.154000
16.195000
16.236000
16.277000
16.318000
16.359000
16.400000
16.441000
16.482000
16.523000
16.564000
16.605000
16.646000
16.687000
16.728000
16.769000
16.810000
16.851000
16.892000
16.933000
16.974000
17.015000
17.056000
17.097000
17.138000
17.179000
17.220000
17.261000
17.302000
17.343000
17.384000
17.425000
17.466000
17.507000
17.548000
17.589000
17.630000
17.671000
17.712000
17.753000
17.794000
17.835000
17.876000
17.917000
17.958000
17.999000
18.040000
18.081000
18.122000
18.163000
18.204000
18.245000
18.286000
18.327000
18.368000
18.409000
18.450000
18.491000
18.532000
18.573000
18.614000
18.655000
18.696000
18.737000
18.778000
18.819000
18.860000
18.901000
18.942000
18.983000
19.024000
19.065000
19.106000
19.147000
19.188000
19.229000
19.270000
19.311000
19.352000
19.393000
19.434000
19.475000
19.516000
19.557000
19.598000
19.639000
19.680000
19.721000
19.762000
19.803000
19.844000
19.885000
19.926000
19.967000
20.008000
20.049000
20.090000
20.131000
20.172000
20.213000
20.254000
20.295000
20.336000
20.377000
20.418000
20.459000
20.500000
20.541000
20.582000
20.623000
20.664000
20.705000
20.746000
20.787000
20.828000
20.869000
20.910000
20.951000
20.992000
21.033000
21.074000
21.115000
21.156000
21.197000
21.238000
21.279000
21.320000
21.361000
21.402000
21.443000
21.484000
21.525000
21.566000
21.607000
21.648000
21.689000
21.730000
21.771000
21.812000
21.853000
21.894000
21.935000
21.976000
22.017000
22.058000
22.099000
22.140000
22.181000
22.222000
22.263000
22.304000
22.345000
22.386000
22.427000
22.468000
22.509000
22.550000
22.591000
22.632000
22.673000
22.714000
22.755000
22.796000
22.837000
22.878000
22.919000
22.960000
23.001000
23.042000
23.083000
23.124000
23.165000
23.206000
23.247000
23.288000
23.329000
23.370000
23.411000
23.452000
23.493000
23.534000
23.575000
23.616000
23.657000
23.698000
23.739000
23.780000
23.821000
23.862000
23.903000
23.944000
23.985000
24.026000
24.067000
24.108000
24.149000
24.190000
24.231000
24.272000
24.313000
24.354000
24.395000
24.436000
24.477000
24.518000
24.559000
24.600000
24.641000
24.682000
24.723000
24.764000
24.805000
24.846000
24.887000
24.928000
24.969000
25.010000
25.051000
25.092000
25.133000
25.174000
25.215000
25.256000
25.297000
25.338000
25.379000
25.420000
25.461000
25.502000
25.543000
25.584000
25.625000
25.666000
25.707000
25.748000
25.789000
25.830000
25.871000
25.912000
25.953000
25.994000
26.035000
26.076000
26.117000
26.158000
26.199000
26.240000
26.281000
26.322000
26.363000
26.404000
26.445000
26.486000
26.527000
26.568000
26.609000
26.650000
26.691000
26.732000
26.773000
26.814000
26.855000
26.896000
26.937000
26.978000
27.019000
27.060000
27.101000
27.142000
27.183000
27.224000
27.265000
27.306000
27.347000
27.388000
27.429000
27.470000
27.511000
27.552000
27.593000
27.634000
27.675000
27.716000
27.757000
27.798000
27.839000
27.880000
27.921000
27.962000
28.003000
28.044000
28.085000
28.126000
28.167000
28.208000
28.249000
28.290000
28.331000
28.372000
28.413000
28.454000
28.495000
28.536000
28.577000
28.618000
28.659000
28.700000
28.741000
28.782000
28.823000
28.864000
28.905000
28.946000
28.987000
29.028000
29.069000
29.110000
29.151000
29.192000
29.233000
29.274000
29.315000
29.356000
29.397000
29.438000
29.479000
29.520000
29.561000
29.602000
29.643000
29.684000
29.725000
29.766000
29.807000
29.848000
29.889000
29.930000
29.971000
30.012000
30.053000
30.094000
30.135000
30.176000
30.217000
30.258000
30.299000
30.340000
30.381000
30.422000
30.463000
30.504000
30.545000
30.586000
30.627000
30.668000
30.709000
30.750000
30.791000
30.832000
30.873000
30.914000
30.955000
30.996000
31.037000
31.078000
31.119000
31.160000
31.201000
31.242000
31.283000
31.324000
31.365000
31.406000
31.447000
31.488000
31.529000
31.570000
31.611000
31.652000
31.693000
31.734000
31.775000
31.816000
31.857000
31.898000
31.939000
31.980000
32.021000
32.062000
32.103000
32.144000
32.185000
32.226000
32.267000
32.308000
32.349000
32.390000
32.431000
32.472000
32.513000
32.554000
32.595000
32.636000
32.677000
32.718000
32.759000
32.800000
32.841000
32.882000
32.923000
32.964000
33.005000
33.046000
33.087000
33.128000
33.169000
33.210000
33.251000
33.292000
33.333000
33.374000
33.415000
33.456000
33.497000
33.538000
33.579000
33.620000
33.661000
33.702000
33.743000
33.784000
33.825000
33.866000
33.907000
33.948000
33.989000
34.030000
34.071000
34.112000
34.153000
34.194000
34.235000
34.276000
34.317000
34.358000
34.399000
34.440000
34.481000
34.522000
34.563000
34.604000
34.645000
34.686000
34.727000
34.768000
34.809000
34.850000
34.891000
34.932000
34.973000
35.014000
35.055000
35.096000
35.137000
35.178000
35.219000
35.260000
35.301000
35.342000
35.383000
35.424000
35.465000
35.506000
35.547000
35.588000
35.629000
35.670000
35.711000
35.752000
35.793000
35.834000
35.875000
35.916000
35.957000
35.998000
36.039000
36.080000
36.121000
36.162000
36.203000
36.244000
36.285000
36.326000
36.367000
36.408000
36.449000
36.490000
36.531000
36.572000
36.613000
36.654000
36.695000
36.736000
36.777000
36.818000
36.859000
36.900000
36.941000
36.982000
37.023000
37.064000
37.105000
37.146000
37.187000
37.228000
37.269000
37.310000
37.351000
37.392000
37.433000
37.474000
37.515000
37.556000
37.597000
37.638000
37.679000
37.720000
37.761000
37.802000
37.843000
37.884000
37.925000
37.966000
38.007000
38.048000
38.089000
38.130000
38.171000
38.212000
38.253000
38.294000
38.335000
38.376000
38.417000
38.458000
38.499000
38.540000
38.581000
38.622000
38.663000
38.704000
38.745000
38.786000
38.827000
38.868000
38.909000
38.950000
38.991000
39.032000
39.073000
39.114000
39.155000
39.196000
39.237000
39.278000
39.319000
39.360000
39.401000
39.442000
39.483000
39.524000
39.565000
39.606000
39.647000
39.688000
39.729000
39.770000
39.811000
39.852000
39.893000
39.934000
39.975000
40.016000
40.057000
40.098000
40.139000
40.180000
40.221000
40.262000
40.303000
40.344000
40.385000
40.426000
40.467000
40.508000
40.549000
40.590000
40.631000
40.672000
40.713000
40.754000
40.795000
40.836000
40.877000
40.918000
40.959000
41.000000
