1.460785292181090000e+15
1.324259127198921000e+15
1.235966308124028000e+15
1.164538642405988000e+15
1.082149830525096000e+15
1.013801507218203000e+15
9.550161348184520000e+14
9.053584916471160000e+14
8.583656851672720000e+14
8.130748913741320000e+14
7.658708939267510000e+14
7.342290094914970000e+14
6.983477196455090000e+14
6.600770020155630000e+14
6.395122895697290000e+14
6.097339616587390000e+14
5.876174983117410000e+14
5.681577128532280000e+14
5.398170390756030000e+14
5.220520637706420000e+14
4.996479310818840000e+14
4.823746560245040000e+14
4.591564325566930000e+14
4.439405359771490000e+14
4.316516977516470000e+14
4.172682147447990000e+14
4.098244582298030000e+14
3.927543859636930000e+14
3.745609536545000000e+14
3.655834137005840000e+14
3.588125217340680000e+14
3.428886753578960000e+14
3.315590166321310000e+14
3.296267141961910000e+14
3.154187927082960000e+14
3.035439193564900000e+14
2.933862716272200000e+14
2.883469724673220000e+14
2.822199372317060000e+14
2.718879522182720000e+14
2.631359555816370000e+14
2.622433570811180000e+14
2.497932307088390000e+14
2.447986166856800000e+14
2.359102242330550000e+14
2.293674116426240000e+14
2.226493574550760000e+14
2.184729341244640000e+14
2.170877704383920000e+14
2.095256970665360000e+14
2.053652016154790000e+14
1.985870876607850000e+14
1.952197448219400000e+14
1.891169351849360000e+14
1.846684464286580000e+14
1.780400178859440000e+14
1.733518329773620000e+14
1.690064028142080000e+14
1.687351062502280000e+14
1.700749121596550000e+14
1.621724280030770000e+14
1.523775019565900000e+14
1.569910492310590000e+14
1.467254526924140000e+14
1.478448753854210000e+14
1.432201649990260000e+14
1.397454850084990000e+14
1.392908968374070000e+14
1.347956211602560000e+14
1.338338291042710000e+14
1.318371384213660000e+14
1.305913976410480000e+14
1.291669429641150000e+14
1.255280643570050000e+14
1.242562467009210000e+14
1.198246722627350000e+14
1.147236202810330000e+14
1.174660477804240000e+14
1.125154947480770000e+14
1.094832412865690000e+14
1.093105722445240000e+14
1.080089351025640000e+14
1.060263953513900000e+14
1.023495166858160000e+14
9.963804994637600000e+13
1.015214110294430000e+14
9.926577850426000000e+13
9.545271336847900000e+13
9.453883378950000000e+13
9.411537620564700000e+13
9.046286388178200000e+13
9.046937760162300000e+13
8.659177149057800000e+13
8.596321509510300000e+13
8.324325214055200000e+13
8.759714750463500000e+13
8.248604920078700000e+13
8.232434983433000000e+13
8.386047404100700000e+13
7.826811850539100000e+13
8.027865284143400000e+13
7.568367053443700000e+13
7.202782208741200000e+13
7.617137906098200000e+13
7.409121565664300000e+13
7.147904116728400000e+13
7.117921888359900000e+13
7.311658074620700000e+13
6.726237032246000000e+13
7.030718800082100000e+13
6.757834806049300000e+13
6.555115529079800000e+13
6.712460003726300000e+13
6.480540607910700000e+13
6.517835189756300000e+13
6.166456736060800000e+13
6.321453766351500000e+13
6.193364544964100000e+13
5.934376685766800000e+13
5.825129725539100000e+13
5.768145416663300000e+13
5.792443492737400000e+13
5.660958165783100000e+13
5.543460766404200000e+13
5.763671635185800000e+13
5.444385213709100000e+13
5.462103951928900000e+13
5.576191001615400000e+13
5.507792545567400000e+13
5.256671854343600000e+13
4.927243121078600000e+13
4.985212320936400000e+13
5.081386550464500000e+13
4.868428958761100000e+13
4.873986665704100000e+13
4.613047382925300000e+13
4.651579798621300000e+13
4.543637660137600000e+13
4.474283472309500000e+13
4.492027416417700000e+13
4.434966317625000000e+13
4.098983849358300000e+13
4.116060791899900000e+13
4.040592676725300000e+13
4.210202496232400000e+13
4.033697639011200000e+13
3.899917227394900000e+13
3.970799198241100000e+13
4.228477510455300000e+13
3.779210232371500000e+13
3.727086195463400000e+13
3.698849025027300000e+13
3.875135743685400000e+13
3.665401860230100000e+13
3.547396404300200000e+13
3.550088239871700000e+13
3.439873490747400000e+13
3.477007643276300000e+13
3.234184691033400000e+13
3.402208116664800000e+13
3.391233961616400000e+13
3.296237183226400000e+13
3.221094943887800000e+13
3.438300361371100000e+13
3.085999145845300000e+13
3.042693751788300000e+13
3.073732543410000000e+13
2.985249471725500000e+13
3.080766891600400000e+13
2.762951912220700000e+13
3.064805258452000000e+13
2.813686521570500000e+13
2.670437682030800000e+13
2.861563148392600000e+13
2.727490579099900000e+13
2.865259817383000000e+13
2.749982569136400000e+13
2.819176683465900000e+13
2.724010976819900000e+13
2.799202561698000000e+13
2.620904236451900000e+13
2.594945450813800000e+13
2.509872062277800000e+13
2.442658890374600000e+13
2.746664551044300000e+13
2.332766348156900000e+13
2.413088777510400000e+13
2.337000821804600000e+13
2.446075513649300000e+13
2.336233896551700000e+13
2.376677845794100000e+13
2.400119140424700000e+13
2.265961152132700000e+13
2.266809095448200000e+13
2.202933270929100000e+13
2.145196986369300000e+13
2.067714639137900000e+13
2.098597711279500000e+13
2.202143530625600000e+13
2.075471043352300000e+13
2.094583975822800000e+13
2.028666838861800000e+13
2.163971366538200000e+13
2.100297111811100000e+13
2.100928528454000000e+13
1.837488494540700000e+13
1.847517819808700000e+13
2.089526881190900000e+13
1.840839718587100000e+13
2.015719104958100000e+13
1.876738112339400000e+13
1.887433515555200000e+13
1.712585308373800000e+13
1.628924699953300000e+13
1.726875674298000000e+13
1.648570650529200000e+13
1.631344080435600000e+13
1.565820330487800000e+13
1.660010164339000000e+13
1.697504022429700000e+13
1.464931117778400000e+13
1.548518268650100000e+13
1.686967421638900000e+13
1.376772186040700000e+13
1.645338983238000000e+13
1.496479385714900000e+13
1.478675222930700000e+13
1.463463451854000000e+13
1.598895498817100000e+13
1.291799101273500000e+13
1.352545472446900000e+13
1.375173100145500000e+13
1.466406863475500000e+13
1.372440826491200000e+13
1.325569202701100000e+13
1.313548922131500000e+13
1.327865132944000000e+13
1.233690692061200000e+13
1.409741487772000000e+13
1.224483314582000000e+13
1.353566496243600000e+13
1.172829490967600000e+13
1.232750395680500000e+13
1.110418891016700000e+13
1.214169875327200000e+13
1.013609862286100000e+13
1.106273040250400000e+13
1.121562936549800000e+13
1.337610192528300000e+13
1.067186021588800000e+13
1.026506851342500000e+13
1.054439236076700000e+13
1.027942624172600000e+13
1.073571363089000000e+13
1.046578033338900000e+13
1.119500305078500000e+13
1.090112537593400000e+13
9.368915779138000000e+12
9.507954812751000000e+12
1.061149665309700000e+13
8.822311172796000000e+12
9.622682634212000000e+12
9.828374590348000000e+12
9.580769761279000000e+12
8.657862491034000000e+12
9.371783062367000000e+12
9.254685425943000000e+12
8.761418506624000000e+12
8.848401860574000000e+12
9.131844750124000000e+12
8.757593035577000000e+12
8.903324701111000000e+12
8.202371773419000000e+12
8.808883793063000000e+12
9.488287491709000000e+12
8.149492891759000000e+12
8.212551670064000000e+12
8.036184233948000000e+12
7.979202967086000000e+12
7.651893994304000000e+12
7.499775956967000000e+12
8.226784775357000000e+12
7.771528272761000000e+12
7.345012163081000000e+12
6.645148464116000000e+12
6.653783461093000000e+12
6.700600108359000000e+12
6.831758541877000000e+12
7.591402552417000000e+12
7.450225127736000000e+12
6.851078303338000000e+12
7.029864190287000000e+12
6.966681807138000000e+12
6.373032277055000000e+12
6.743186928359000000e+12
6.686728537979000000e+12
6.936323014443000000e+12
6.323197192355000000e+12
7.187131382331000000e+12
6.344120687026000000e+12
5.683990089683000000e+12
4.881732973762000000e+12
6.037314991330000000e+12
5.277404567727000000e+12
5.134279930747000000e+12
5.944357672993000000e+12
5.752243755688000000e+12
5.075265661253000000e+12
5.677370742780000000e+12
5.506595313757000000e+12
4.765139137297000000e+12
5.068686532814000000e+12
5.499869967080000000e+12
5.038502169495000000e+12
4.802656739690000000e+12
5.891604015831000000e+12
4.913225067246000000e+12
4.299861358732000000e+12
4.012624573085000000e+12
5.025618211896000000e+12
4.538895270224000000e+12
4.405100128943000000e+12
3.857594157778000000e+12
4.339025382886000000e+12
4.009551476032000000e+12
3.363050817486000000e+12
4.141930462264000000e+12
3.923239870497000000e+12
4.132250537311000000e+12
3.155624738499000000e+12
3.484059466415000000e+12
3.654480616626000000e+12
3.621407762370000000e+12
3.803053256634000000e+12
3.831305728387000000e+12
3.456468806744000000e+12
3.514286411900000000e+12
3.043983896024000000e+12
3.539250073598000000e+12
3.475733217512000000e+12
3.221432641609000000e+12
2.924449997016000000e+12
3.399362313727000000e+12
3.052966045058000000e+12
3.030309736402000000e+12
3.136162002470000000e+12
2.680585451181000000e+12
2.934956836909000000e+12
2.534619556314000000e+12
3.246818502568000000e+12
2.667807669016000000e+12
2.874774052627000000e+12
2.093794020664000000e+12
2.795699298285000000e+12
2.305141166785000000e+12
2.663998760925000000e+12
2.254148789868000000e+12
2.316704764567000000e+12
2.118769527856000000e+12
2.390158699362000000e+12
2.477721754050000000e+12
2.026263312578000000e+12
2.383585379113000000e+12
1.889752352066000000e+12
1.918434963264000000e+12
2.209567252183000000e+12
1.919003788228000000e+12
2.030083560393000000e+12
2.031454828155000000e+12
1.914796028203000000e+12
1.789754249857000000e+12
1.736128383563000000e+12
1.955854790247000000e+12
2.146747088507000000e+12
1.598438459001000000e+12
1.909167216476000000e+12
1.540249778038000000e+12
1.733639127701000000e+12
1.838441426653000000e+12
1.440923123885000000e+12
1.474269459789000000e+12
1.447659688527000000e+12
1.637746025984000000e+12
1.118674464847000000e+12
1.413264453616000000e+12
1.405117793409000000e+12
1.466732086144000000e+12
1.189181060794000000e+12
1.577748812669000000e+12
1.100995082221000000e+12
1.455132612284000000e+12
9.245336360260000000e+11
1.059221146666000000e+12
1.234880530621000000e+12
1.287361719133000000e+12
1.206131705820000000e+12
9.574145179970000000e+11
1.416304204504000000e+12
1.357104401828000000e+12
1.252111147273000000e+12
9.108808844080000000e+11
1.178615771371000000e+12
6.668980362970000000e+11
8.558248165540000000e+11
8.800047164270000000e+11
9.486572235670000000e+11
9.790767040190000000e+11
8.758887139850000000e+11
1.026806105665000000e+12
1.157805451568000000e+12
1.174190967730000000e+12
7.683039989790000000e+11
9.598535375620000000e+11
9.028517580320000000e+11
9.526681882430000000e+11
8.925253295230000000e+11
5.550346374460000000e+11
8.488123960940000000e+11
8.917340338460000000e+11
6.784940403910000000e+11
6.184905203920000000e+11
8.254098497750000000e+11
6.798515241740000000e+11
9.942714255160000000e+11
6.853575751230000000e+11
9.084659962820000000e+11
5.030388331460000000e+11
6.231786142230000000e+11
6.713382498240000000e+11
6.335588969530000000e+11
7.498073539530000000e+11
4.646697308840000000e+11
5.956071765600000000e+11
5.146441296340000000e+11
4.636097581730000000e+11
6.530920787510000000e+11
7.049320197110000000e+11
9.330948345700000000e+11
4.102040771970000000e+11
6.506567861470000000e+11
7.062348594060000000e+11
5.831348001190000000e+11
5.634892853280000000e+11
6.081260310350000000e+11
3.403396645490000000e+11
4.823530667940000000e+11
4.142887660060000000e+11
8.604742172570000000e+11
5.362371847730000000e+11
3.744181360840000000e+11
5.642041582390000000e+11
5.310623481250000000e+11
3.105114998010000000e+11
7.561285099390000000e+11
4.023896891780000000e+11
2.753282715110000000e+11
4.741104631470000000e+11
4.921105858740000000e+11
4.116224287830000000e+11
4.237740607770000000e+11
3.955729381760000000e+11
5.013824648710000000e+11
4.725826459460000000e+11
5.685838804610000000e+11
6.021927716620000000e+11
4.987706814850000000e+11
4.065053019150000000e+11
4.369285970090000000e+11
3.719050112030000000e+11
3.817535815530000000e+11
5.151583563990000000e+11
3.195056660030000000e+11
4.246127249610000000e+11
6.345116794250000000e+11
5.320458989710000000e+11
6.345675537380000000e+11
2.181395736860000000e+11
2.616209398880000000e+11
3.299384737890000000e+11
2.467297271750000000e+11
3.099781338620000000e+11
2.826853737170000000e+11
2.559151144650000000e+11
3.919321078940000000e+11
2.289540545280000000e+11
1.920099125420000000e+11
2.354244780770000000e+11
3.077322313050000000e+11
2.428383189240000000e+11
2.242410757880000000e+11
3.031892168490000000e+11
1.935538335240000000e+11
2.425603750970000000e+11
4.333559281550000000e+11
2.091590672940000000e+11
4.212527928530000000e+11
3.764349387720000000e+11
1.619154483640000000e+11
1.606823129540000000e+11
2.411458483470000000e+11
3.265849683160000000e+11
1.679308224440000000e+11
1.788455757770000000e+11
3.282150456620000000e+11
4.513484063620000000e+11
1.756314942870000000e+11
3.249435223170000000e+11
3.153683346760000000e+11
3.112747790530000000e+11
1.237517601940000000e+11
2.083296296160000000e+11
2.522483119740000000e+11
3.452026493060000000e+11
1.657180451920000000e+11
2.085306834670000000e+11
3.765911473680000000e+11
1.340783834040000000e+11
1.486539010520000000e+11
2.253691798310000000e+11
1.766804090020000000e+11
8.759276998800000000e+10
5.836111892600000000e+10
1.390990856530000000e+11
1.526160866670000000e+11
6.011905389400000000e+10
2.390768228840000000e+11
1.142649328260000000e+11
2.815258037390000000e+11
1.943908701990000000e+11
9.132127634500000000e+10
2.063509248050000000e+11
1.458004499430000000e+11
1.121628163680000000e+11
1.559952575450000000e+11
2.002501219150000000e+11
8.496389633700000000e+10
4.953609857300000000e+10
1.442765106080000000e+11
2.418556150940000000e+11
1.684894135010000000e+11
2.787327664220000000e+11
1.398073750930000000e+11
1.256535985750000000e+11
2.421779050100000000e+11
1.764413535840000000e+11
7.464174850900000000e+10
1.401621209390000000e+11
8.444221340400000000e+10
1.922210580680000000e+11
2.679734918130000000e+11
8.340712341400000000e+10
4.323564265800000000e+10
1.311196591220000000e+11
1.084714624160000000e+11
1.327670497860000000e+11
1.185108940380000000e+11
1.971160265820000000e+11
6.124626040000000000e+10
1.489241726590000000e+11
8.557910354400000000e+10
6.342811088100000000e+10
5.649755911200000000e+10
4.101025405500000000e+10
1.426149111860000000e+11
2.839611377300000000e+10
7.048338122900000000e+10
1.045972236210000000e+11
1.218675949180000000e+11
7.033148507900000000e+10
1.796380725480000000e+11
1.020481066100000000e+11
4.271355420000000000e+10
1.253114630140000000e+11
8.242407979400000000e+10
8.838213670800000000e+10
1.545906479790000000e+11
9.734350492700000000e+10
9.639142463100000000e+10
1.620886691990000000e+11
3.145349624800000000e+10
6.428163613900000000e+10
4.859709476100000000e+10
5.542402369400000000e+10
7.465896078300000000e+10
1.399801854460000000e+11
5.719086214600000000e+10
1.408686260780000000e+11
5.634890832400000000e+10
1.533833630700000000e+10
5.231679865100000000e+10
2.383728034800000000e+10
4.507630465400000000e+10
3.714524737100000000e+10
4.890813978900000000e+10
7.731791407600000000e+10
1.553141878060000000e+11
5.071566549800000000e+10
9.176166328300000000e+10
1.786956045900000000e+10
1.623980015830000000e+11
1.145473344670000000e+11
8.557177809300000000e+10
7.281497730400000000e+10
7.347759574600000000e+10
8.880291924100000000e+10
1.113217525470000000e+11
6.021436436100000000e+10
1.123076647540000000e+11
1.362478104990000000e+11
9.798339779600000000e+10
1.405250293400000000e+11
8.262597629600000000e+10
1.768609020720000000e+11
1.448247504600000000e+10
3.060787381500000000e+10
4.256292656700000000e+10
5.538997870100000000e+10
6.414179244000000000e+10
4.702000530900000000e+10
3.841665174100000000e+10
5.911785295300000000e+10
3.589772055000000000e+09
6.988197265700000000e+10
9.108402097400000000e+10
3.680038822300000000e+10
1.070090021140000000e+11
2.727089385600000000e+11
3.793822661700000000e+10
6.212219615900000000e+10
1.190268536390000000e+11
6.741050463000000000e+10
1.454086845220000000e+11
1.276097860970000000e+11
3.103527968300000000e+10
6.074053098200000000e+10
2.429442074600000000e+10
1.183124653480000000e+11
5.890508907400000000e+10
8.506938562500000000e+10
9.150753511600000000e+10
6.553297983700000000e+10
4.522744873400000000e+10
3.584945016100000000e+10
7.111824797700000000e+10
9.077866823000000000e+09
1.091104785120000000e+11
5.247035312400000000e+10
4.222339371000000000e+10
1.413309527900000000e+10
5.496583455200000000e+10
4.156457009100000000e+10
5.840078304500000000e+10
6.779023794400000000e+10
3.903102522800000000e+10
2.029371763400000000e+10
7.301846357300000000e+10
1.104810498260000000e+11
4.206134517100000000e+10
3.700661282000000000e+09
2.026033965400000000e+10
3.445256325700000000e+10
4.717855646000000000e+10
3.813295830600000000e+10
3.780849191000000000e+09
3.649721797000000000e+09
2.815984411900000000e+10
1.040495859860000000e+11
1.056592214470000000e+11
2.558457013500000000e+10
4.019815219100000000e+10
3.490809216400000000e+10
3.455973286900000000e+10
5.178039354800000000e+10
2.612961824200000000e+10
6.704288469600000000e+10
4.034328193100000000e+10
3.282093317200000000e+10
4.541427182600000000e+10
5.637260408500000000e+10
6.383619457700000000e+10
1.701381113400000000e+10
2.806974306700000000e+10
2.890409724100000000e+10
3.216957917100000000e+10
4.275854404400000000e+10
3.260009490200000000e+10
2.230196426500000000e+10
1.073071295800000000e+10
6.128587529700000000e+10
3.001194506000000000e+10
6.227403371800000000e+10
2.630685985400000000e+10
5.666417725900000000e+10
2.669235735600000000e+10
3.304646627900000000e+10
2.368691754000000000e+10
