90.566500
96.409500
102.252500
108.095500
113.938500
119.781500
125.624500
131.467500
137.310500
143.153500
148.996500
154.839500
160.682500
166.525500
172.368500
178.211500
184.054500
189.897500
195.740500
201.583500
207.426500
213.269500
219.112500
224.955500
230.798500
236.641500
242.484500
248.327500
254.170500
260.013500
265.856500
271.699500
277.542500
283.385500
289.228500
295.071500
300.914500
306.757500
312.600500
318.443500
324.286500
330.129500
335.972500
341.815500
347.658500
353.501500
359.344500
365.187500
371.030500
376.873500
382.716500
388.559500
394.402500
400.245500
406.088500
411.931500
417.774500
423.617500
429.460500
435.303500
441.146500
446.989500
452.832500
458.675500
464.518500
470.361500
476.204500
482.047500
487.890500
493.733500
499.576500
505.419500
511.262500
517.105500
522.948500
528.791500
534.634500
540.477500
546.320500
552.163500
558.006500
563.849500
569.692500
575.535500
581.378500
587.221500
593.064500
598.907500
604.750500
610.593500
616.436500
622.279500
628.122500
633.965500
639.808500
645.651500
651.494500
657.337500
663.180500
669.023500
674.866500
680.709500
686.552500
692.395500
698.238500
704.081500
709.924500
715.767500
721.610500
727.453500
733.296500
739.139500
744.982500
750.825500
756.668500
762.511500
768.354500
774.197500
780.040500
785.883500
791.726500
797.569500
803.412500
809.255500
815.098500
820.941500
826.784500
832.627500
838.470500
844.313500
850.156500
855.999500
861.842500
867.685500
873.528500
879.371500
885.214500
891.057500
896.900500
902.743500
908.586500
914.429500
920.272500
926.115500
931.958500
937.801500
943.644500
949.487500
955.330500
961.173500
967.016500
972.859500
978.702500
984.545500
990.388500
996.231500
1002.074500
1007.917500
1013.760500
1019.603500
1025.446500
1031.289500
1037.132500
1042.975500
1048.818500
1054.661500
1060.504500
1066.347500
1072.190500
1078.033500
1083.876500
1089.719500
1095.562500
1101.405500
1107.248500
1113.091500
1118.934500
1124.777500
1130.620500
1136.463500
1142.306500
1148.149500
1153.992500
1159.835500
1165.678500
1171.521500
1177.364500
1183.207500
1189.050500
1194.893500
1200.736500
1206.579500
1212.422500
1218.265500
1224.108500
1229.951500
1235.794500
1241.637500
1247.480500
1253.323500
1259.166500
1265.009500
1270.852500
1276.695500
1282.538500
1288.381500
1294.224500
1300.067500
1305.910500
1311.753500
1317.596500
1323.439500
1329.282500
1335.125500
1340.968500
1346.811500
1352.654500
1358.497500
1364.340500
1370.183500
1376.026500
1381.869500
1387.712500
1393.555500
1399.398500
1405.241500
1411.084500
1416.927500
1422.770500
1428.613500
1434.456500
1440.299500
1446.142500
1451.985500
1457.828500
1463.671500
1469.514500
1475.357500
1481.200500
1487.043500
1492.886500
1498.729500
1504.572500
1510.415500
1516.258500
1522.101500
1527.944500
1533.787500
1539.630500
1545.473500
1551.316500
1557.159500
1563.002500
1568.845500
1574.688500
1580.531500
1586.374500
1592.217500
1598.060500
1603.903500
1609.746500
1615.589500
1621.432500
1627.275500
1633.118500
1638.961500
1644.804500
1650.647500
1656.490500
1662.333500
1668.176500
1674.019500
1679.862500
1685.705500
1691.548500
1697.391500
1703.234500
1709.077500
1714.920500
1720.763500
1726.606500
1732.449500
1738.292500
1744.135500
1749.978500
1755.821500
1761.664500
1767.507500
1773.350500
1779.193500
1785.036500
1790.879500
1796.722500
1802.565500
1808.408500
1814.251500
1820.094500
1825.937500
1831.780500
1837.623500
1843.466500
1849.309500
1855.152500
1860.995500
1866.838500
1872.681500
1878.524500
1884.367500
1890.210500
1896.053500
1901.896500
1907.739500
1913.582500
1919.425500
1925.268500
1931.111500
1936.954500
1942.797500
1948.640500
1954.483500
1960.326500
1966.169500
1972.012500
1977.855500
1983.698500
1989.541500
1995.384500
2001.227500
2007.070500
2012.913500
2018.756500
2024.599500
2030.442500
2036.285500
2042.128500
2047.971500
2053.814500
2059.657500
2065.500500
2071.343500
2077.186500
2083.029500
2088.872500
2094.715500
2100.558500
2106.401500
2112.244500
2118.087500
2123.930500
2129.773500
2135.616500
2141.459500
2147.302500
2153.145500
2158.988500
2164.831500
2170.674500
2176.517500
2182.360500
2188.203500
2194.046500
2199.889500
2205.732500
2211.575500
2217.418500
2223.261500
2229.104500
2234.947500
2240.790500
2246.633500
2252.476500
2258.319500
2264.162500
2270.005500
2275.848500
2281.691500
2287.534500
2293.377500
2299.220500
2305.063500
2310.906500
2316.749500
2322.592500
2328.435500
2334.278500
2340.121500
2345.964500
2351.807500
2357.650500
2363.493500
2369.336500
2375.179500
2381.022500
2386.865500
2392.708500
2398.551500
2404.394500
2410.237500
2416.080500
2421.923500
2427.766500
2433.609500
2439.452500
2445.295500
2451.138500
2456.981500
2462.824500
2468.667500
2474.510500
2480.353500
2486.196500
2492.039500
2497.882500
2503.725500
2509.568500
2515.411500
2521.254500
2527.097500
2532.940500
2538.783500
2544.626500
2550.469500
2556.312500
2562.155500
2567.998500
2573.841500
2579.684500
2585.527500
2591.370500
2597.213500
2603.056500
2608.899500
2614.742500
2620.585500
2626.428500
2632.271500
2638.114500
2643.957500
2649.800500
2655.643500
2661.486500
2667.329500
2673.172500
2679.015500
2684.858500
2690.701500
2696.544500
2702.387500
2708.230500
2714.073500
2719.916500
2725.759500
2731.602500
2737.445500
2743.288500
2749.131500
2754.974500
2760.817500
2766.660500
2772.503500
2778.346500
2784.189500
2790.032500
2795.875500
2801.718500
2807.561500
2813.404500
2819.247500
2825.090500
2830.933500
2836.776500
2842.619500
2848.462500
2854.305500
2860.148500
2865.991500
2871.834500
2877.677500
2883.520500
2889.363500
2895.206500
2901.049500
2906.892500
2912.735500
2918.578500
2924.421500
2930.264500
2936.107500
2941.950500
2947.793500
2953.636500
2959.479500
2965.322500
2971.165500
2977.008500
2982.851500
2988.694500
2994.537500
3000.380500
3006.223500
3012.066500
3017.909500
3023.752500
3029.595500
3035.438500
3041.281500
3047.124500
3052.967500
3058.810500
3064.653500
3070.496500
3076.339500
3082.182500
3088.025500
3093.868500
3099.711500
3105.554500
3111.397500
3117.240500
3123.083500
3128.926500
3134.769500
3140.612500
3146.455500
3152.298500
3158.141500
3163.984500
3169.827500
3175.670500
3181.513500
3187.356500
3193.199500
3199.042500
3204.885500
3210.728500
3216.571500
3222.414500
3228.257500
3234.100500
3239.943500
3245.786500
3251.629500
3257.472500
3263.315500
3269.158500
3275.001500
3280.844500
3286.687500
3292.530500
3298.373500
3304.216500
3310.059500
3315.902500
3321.745500
3327.588500
3333.431500
3339.274500
3345.117500
3350.960500
3356.803500
3362.646500
3368.489500
3374.332500
3380.175500
3386.018500
3391.861500
3397.704500
3403.547500
3409.390500
3415.233500
3421.076500
3426.919500
3432.762500
3438.605500
3444.448500
3450.291500
3456.134500
3461.977500
3467.820500
3473.663500
3479.506500
3485.349500
3491.192500
3497.035500
3502.878500
3508.721500
3514.564500
3520.407500
3526.250500
3532.093500
3537.936500
3543.779500
3549.622500
3555.465500
3561.308500
3567.151500
3572.994500
3578.837500
3584.680500
3590.523500
3596.366500
3602.209500
3608.052500
3613.895500
3619.738500
3625.581500
3631.424500
3637.267500
3643.110500
3648.953500
3654.796500
3660.639500
3666.482500
3672.325500
3678.168500
3684.011500
3689.854500
3695.697500
3701.540500
3707.383500
3713.226500
3719.069500
3724.912500
3730.755500
3736.598500
3742.441500
3748.284500
3754.127500
3759.970500
3765.813500
3771.656500
3777.499500
3783.342500
3789.185500
3795.028500
3800.871500
3806.714500
3812.557500
3818.400500
3824.243500
3830.086500
3835.929500
3841.772500
3847.615500
3853.458500
3859.301500
3865.144500
3870.987500
3876.830500
3882.673500
3888.516500
3894.359500
3900.202500
3906.045500
3911.888500
3917.731500
3923.574500
3929.417500
3935.260500
3941.103500
3946.946500
3952.789500
3958.632500
3964.475500
3970.318500
3976.161500
3982.004500
3987.847500
3993.690500
3999.533500
