1351262363855941
1263877259942937
1155451399598157
1088352257212249
994946479088838
932118526192050
883733190356498
846888635879013
804277910634458
750302587602015
726561365683458
691854993416402
675523817728249
644884834766515
631832109055434
617708657612573
589220494889050
566452907920913
560771067934972
532489877564766
518822556434747
504366040378425
505143271157171
493288686609706
492122670919711
481101200585421
470025448004857
459102716743857
446647191796806
430006851257226
434521797458733
429808888081117
402965058469364
403296377885831
402046592520008
400671012689908
394554388221770
384303150007890
377841220628945
372740520251179
362089980127547
357221928207538
355300536011633
346692155650624
346039071679684
345439670022006
324157730279677
319397636061951
332288855639360
327566935474761
314127089082817
308157763083751
305517076223677
301480636991947
291103955435738
285860479173093
276728256055167
285259537213090
278621466133183
268471923592498
273806647989904
272365412978511
268635531116348
258091466431984
250572830903461
271510905945645
257759679642203
240846823741759
250024174058001
243314459335656
241162511069633
243861300038851
236395290337600
233684718924516
232151956870879
223976776467373
229340717248585
220103709603495
217247668592967
215013627423902
214267317552771
215577594785461
205840445065096
210777626301732
200275959242528
195918416423694
200943488699992
196472793444323
199922630862873
190666098875034
193437859657391
190633238626528
177816866584476
175017539252043
177904462900014
176602782757584
170017792754058
167729864779748
170619432768351
164563697182158
166524167673493
163709432685306
157204101736011
152205035440555
153446322107098
155610226759647
155137914144524
144578077981077
152187737015950
143218214502740
143701257565245
139765149700387
138866397433280
136788184072581
132652291351446
133494301288930
129692210934513
133107677231522
124609662237769
124394232717170
122485106550608
123176484279037
119767886754056
114830183594499
117101158189201
111288565209266
111481456234656
108130009205711
104372385374716
110926320580657
108008173107557
104577352267265
102052056719398
104975161632693
103367434278855
102197075003807
96397957157424
92095841359895
93175264358539
89911028022095
91528304050818
88910433306324
84840398529231
84266616266077
83602532759953
87345355589730
83344492660544
85595750775964
76004517437934
79684899720581
79777981642407
74235382146028
75598146046754
70107238746646
75232099473349
73267782971012
65674868459279
67272205397271
66960744018025
64837431089465
68068641154141
62181461194768
64739365422397
63683657835283
61903866606551
61066198058317
59333492905841
60873645152777
62327932136440
63229098777650
59139945027841
55082800754234
59660148225063
56992140611368
55637189416055
52323905283856
51699844142781
52920834281151
51740965453503
50589429983153
48150517379051
47883103718803
49391719107004
45848110076250
49431441156217
44203937011954
42359201942907
46052755834940
45385491753773
46014877086764
43939959224401
40586234780779
42440665778221
41245257872953
40795997548476
36946098572072
37627546819343
37334477087361
38766964522496
36403615423019
34898150979320
38424805077699
33104927019586
34162393397328
33456261538780
31787655322786
34182756713194
32270356689740
32055326213398
30448421468515
32197597330804
30348758811205
28794817219720
28094322158159
26566799370534
25809922911080
28799589793366
25137261896841
28770616057266
24692259722990
23711268002879
24951354450946
24671267069418
25297787984268
27058465006511
26463632028543
25110679304517
24617015567505
24128926958910
22559960756758
20544242478078
22966250623923
21636333228969
23414381578110
21431781961225
23039610220754
21113011355179
22116323699811
17933843006531
21091695949908
18312097316121
20706053293109
19780038798672
18001850755054
19323766885866
17938665788071
18297952577923
19218016923159
17555641662323
17479600309731
17786487925935
18989491628531
16913742009170
15095689635578
16496475991922
17032421317996
15890563446230
15667066144272
15216904482933
15338376695400
14924092252856
13571130865821
13768660066440
14957077875013
14522100086060
13361868875039
13721786879114
13812422300579
13409630285302
12951273954105
12662239138548
10943954009842
13499857683258
14490980725816
12173890045594
12697857910155
12194527747775
11552581702196
11444612935197
12615336541411
11157081233620
11871068951065
11865558937511
11417210025020
10854491657701
11138944857899
10923545827429
10648637962551
11379780632529
9909212814358
9072360599652
10862358521793
10534081815686
10430990099691
8902836513748
8172668714114
8920294084842
9024532566080
10619818745291
8810747807631
10125185983868
8385817246125
8223460761623
9005244581139
9088290725443
7362271566106
9428489827605
7531674145223
7711716453556
8772006592771
8304053531192
8579785405349
7482292634698
8301830400590
7722569352912
6839418325334
8473363115928
6817481967922
7069452571951
7882555101539
7670025060084
6787337258318
5608134924618
6092575533845
6319154820471
6077284801152
7335054239617
7211411343112
6756316669783
5454182971604
6808318334464
6495962484976
6341806565691
5806368656103
6166474274949
4853247853672
6450346145979
5636579745260
5979289733661
4495169304776
5053424485851
5722692775606
5412340073734
5011063316331
4089721656042
4581318053347
5952933275004
4631103751448
4162459327125
5316158823023
5059834640941
4484419531033
4475362158211
4757646969938
5164654124801
4379186452164
4179947721413
4135973247036
5238716189638
3864579007528
4275925097137
3969987885632
4547661109421
3697617281192
3571804874179
5084376548192
3612918513957
2808214488910
3679389174792
4183353564161
4760499388554
3001728238128
3611210425507
3535714155239
3776573324604
4304258611911
4020840049369
3330495194981
3500753154269
3032613736273
4048030185996
3458202592231
3416166204982
3601046609797
3635304283679
3181998366718
3620070159037
3852163868954
2480319828694
2727916514289
2774627473753
3488715344157
3448893234817
2748091159107
3054010198910
3265663781452
3544241934896
3615869696522
2256342810399
3473302711846
3164165185845
3189177244043
3422552772169
2373077735437
2775950385158
2992023585873
3411767101753
2693555527036
2525006999903
2357091356340
1839844220655
2266999364271
2260365539542
2002523206255
2643212296060
1806855491150
2992844245467
3078584102764
2248237233613
2393979645777
2582056382395
1907758012165
2208869069809
2253433351110
2998296293664
2576984017167
2257917536864
2335033720379
2564475097508
2345768468646
1607976177733
1450305866650
1790293641735
2016867009746
2341784099916
1762341780790
2020487453569
2322678633112
1161020616670
2438421055248
2500324866331
1908627756901
2270779123561
1840708639642
1504920766793
1545141193939
1763476922927
1764472465019
2108513312695
1385200528373
1716192239643
2179039331532
1845024568721
1482726436352
2149087201826
1327180431561
1827051616015
1428411707640
1511706821259
1945657647503
1673975921514
1074333833605
1865044579753
783172063167
1322862466509
1203331460615
1119287646682
1609543716975
1620562947094
1170162855020
1009453889403
1333974090695
1109371553269
1137147640384
1266335150397
1363105794398
1550619319462
1431751140833
1580397375763
1284424505336
1053070222013
1093599700326
833695241551
1272157581917
661501015075
1043178403393
1093212435522
1034220684740
682023706420
1009848231673
1126448963316
1056907434175
898463697257
815325729379
567726930793
1119924635357
1004947838603
1136443315767
1049072178306
644934012579
912563754892
701266645068
770072384678
632049632322
954620596324
640894957136
1059647024260
1000476361793
602949878899
891963600499
960815919503
586285858690
888397653212
780435067486
873972343868
553571536638
876996298527
774801577655
962872952190
818742150955
450017478926
978503949263
798240373559
512306388192
955867328946
772507578670
809612420806
554127663168
694956933142
857132012331
538472473516
808086368627
371667888710
513933012565
491942266020
484926455049
465033020177
567011215250
745307100141
553476145226
483603739358
372261369339
893484714824
737763619048
598289278775
624827931800
534674935815
569094171669
234007578183
433755584882
552266727895
436823217720
454045285727
419397261655
618045489893
546968722134
548775603610
456412948228
345686381411
405736119839
330405687821
422465408332
376562035810
596777851123
396466226914
526333550171
327062959329
350079794132
534109522764
414818429181
263864364706
538271349725
487865671270
493667676026
468265466701
414969651044
451215007630
648655654277
316833059176
275952406473
287676968589
168169740173
259319125306
428840046074
309647043644
238790395870
364378888126
471513884212
41985393151
348309414714
148842833291
494181752246
44632077263
271935095761
247969505869
195191897563
254162563995
297287047028
650811237017
550396374827
157288507287
328720781484
104148194294
77834378162
88707865017
195399461313
107379000879
157781527361
60346296040
99953202064
312261481363
328017639048
95691154582
153256569623
241295125508
72775211239
307986776794
30300389231
129328581738
55562532993
252702820533
154222552450
143424317950
118005398483
114801921390
159515502233
37586941074
120743640206
90661500502
218154888977
74947123152
89636759815
57876687781
75779010631
130065468168
122412101443
98203091968
40329348276
24174537965
46932017691
83099941055
183039310682
22469114187
60789125241
12029687627
49711432734
15674326776
136555050833
137768316498
154776707818
116090373572
113768156854
92501681262
178203946168
46980496003
36575923621
36179159920
15173242952
30969365972
92600446528
111811171612
90351741213
82934144646
31528588376
17286639137
36423049318
22134247298
23584928202
103028582403
10555357976
