3.628500
3.805500
3.982500
4.159500
4.336500
4.513500
4.690500
4.867500
5.044500
5.221500
5.398500
5.575500
5.752500
5.929500
6.106500
6.283500
6.460500
6.637500
6.814500
6.991500
7.168500
7.345500
7.522500
7.699500
7.876500
8.053500
8.230500
8.407500
8.584500
8.761500
8.938500
9.115500
9.292500
9.469500
9.646500
9.823500
10.000500
10.177500
10.354500
10.531500
10.708500
10.885500
11.062500
11.239500
11.416500
11.593500
11.770500
11.947500
12.124500
12.301500
12.478500
12.655500
12.832500
13.009500
13.186500
13.363500
13.540500
13.717500
13.894500
14.071500
14.248500
14.425500
14.602500
14.779500
14.956500
15.133500
15.310500
15.487500
15.664500
15.841500
16.018500
16.195500
16.372500
16.549500
16.726500
16.903500
17.080500
17.257500
17.434500
17.611500
17.788500
17.965500
18.142500
18.319500
18.496500
18.673500
18.850500
19.027500
19.204500
19.381500
19.558500
19.735500
19.912500
20.089500
20.266500
20.443500
20.620500
20.797500
20.974500
21.151500
21.328500
21.505500
21.682500
21.859500
22.036500
22.213500
22.390500
22.567500
22.744500
22.921500
23.098500
23.275500
23.452500
23.629500
23.806500
23.983500
24.160500
24.337500
24.514500
24.691500
24.868500
25.045500
25.222500
25.399500
25.576500
25.753500
25.930500
26.107500
26.284500
26.461500
26.638500
26.815500
26.992500
27.169500
27.346500
27.523500
27.700500
27.877500
28.054500
28.231500
28.408500
28.585500
28.762500
28.939500
29.116500
29.293500
29.470500
29.647500
29.824500
30.001500
30.178500
30.355500
30.532500
30.709500
30.886500
31.063500
31.240500
31.417500
31.594500
31.771500
31.948500
32.125500
32.302500
32.479500
32.656500
32.833500
33.010500
33.187500
33.364500
33.541500
33.718500
33.895500
34.072500
34.249500
34.426500
34.603500
34.780500
34.957500
35.134500
35.311500
35.488500
35.665500
35.842500
36.019500
36.196500
36.373500
36.550500
36.727500
36.904500
37.081500
37.258500
37.435500
37.612500
37.789500
37.966500
38.143500
38.320500
38.497500
38.674500
38.851500
39.028500
39.205500
39.382500
39.559500
39.736500
39.913500
40.090500
40.267500
40.444500
40.621500
40.798500
40.975500
41.152500
41.329500
41.506500
41.683500
41.860500
42.037500
42.214500
42.391500
42.568500
42.745500
42.922500
43.099500
43.276500
43.453500
43.630500
43.807500
43.984500
44.161500
44.338500
44.515500
44.692500
44.869500
45.046500
45.223500
45.400500
45.577500
45.754500
45.931500
46.108500
46.285500
46.462500
46.639500
46.816500
46.993500
47.170500
47.347500
47.524500
47.701500
47.878500
48.055500
48.232500
48.409500
48.586500
48.763500
48.940500
49.117500
49.294500
49.471500
49.648500
49.825500
50.002500
50.179500
50.356500
50.533500
50.710500
50.887500
51.064500
51.241500
51.418500
51.595500
51.772500
51.949500
52.126500
52.303500
52.480500
52.657500
52.834500
53.011500
53.188500
53.365500
53.542500
53.719500
53.896500
54.073500
54.250500
54.427500
54.604500
54.781500
54.958500
55.135500
55.312500
55.489500
55.666500
55.843500
56.020500
56.197500
56.374500
56.551500
56.728500
56.905500
57.082500
57.259500
57.436500
57.613500
57.790500
57.967500
58.144500
58.321500
58.498500
58.675500
58.852500
59.029500
59.206500
59.383500
59.560500
59.737500
59.914500
60.091500
60.268500
60.445500
60.622500
60.799500
60.976500
61.153500
61.330500
61.507500
61.684500
61.861500
62.038500
62.215500
62.392500
62.569500
62.746500
62.923500
63.100500
63.277500
63.454500
63.631500
63.808500
63.985500
64.162500
64.339500
64.516500
64.693500
64.870500
65.047500
65.224500
65.401500
65.578500
65.755500
65.932500
66.109500
66.286500
66.463500
66.640500
66.817500
66.994500
67.171500
67.348500
67.525500
67.702500
67.879500
68.056500
68.233500
68.410500
68.587500
68.764500
68.941500
69.118500
69.295500
69.472500
69.649500
69.826500
70.003500
70.180500
70.357500
70.534500
70.711500
70.888500
71.065500
71.242500
71.419500
71.596500
71.773500
71.950500
72.127500
72.304500
72.481500
72.658500
72.835500
73.012500
73.189500
73.366500
73.543500
73.720500
73.897500
74.074500
74.251500
74.428500
74.605500
74.782500
74.959500
75.136500
75.313500
75.490500
75.667500
75.844500
76.021500
76.198500
76.375500
76.552500
76.729500
76.906500
77.083500
77.260500
77.437500
77.614500
77.791500
77.968500
78.145500
78.322500
78.499500
78.676500
78.853500
79.030500
79.207500
79.384500
79.561500
79.738500
79.915500
80.092500
80.269500
80.446500
80.623500
80.800500
80.977500
81.154500
81.331500
81.508500
81.685500
81.862500
82.039500
82.216500
82.393500
82.570500
82.747500
82.924500
83.101500
83.278500
83.455500
83.809500
83.986500
84.163500
84.340500
84.517500
84.694500
84.871500
85.048500
85.225500
85.402500
85.579500
85.756500
85.933500
86.110500
86.287500
86.464500
86.818500
86.995500
87.172500
87.349500
87.526500
87.703500
87.880500
88.234500
88.411500
88.588500
88.765500
89.119500
89.296500
89.650500
89.827500
90.004500
90.181500
90.358500
90.535500
90.712500
90.889500
91.066500
91.243500
91.420500
91.597500
91.774500
91.951500
92.128500
92.305500
92.482500
92.659500
92.836500
93.013500
93.190500
93.367500
93.544500
93.721500
