0
0
0
0
0
3792672400995598
3750550144572143
2748894420407552
2096312047986983
1674538020044313
1389969865221997
1138419864768196
988602700556764
853326729317532
764502926345964
665265323835087
606414802211009
538718079282030
490682527463544
451890924465323
403370249189856
390677545268738
356175001842052
337091201794011
314111590061902
295030585113080
272227545805559
255546119678738
252793241983584
234374179781071
216237378067525
212500025555348
194664929714971
182354520603333
178263138128032
170483706588194
161648103620535
153930219774305
149526302590997
148036442203870
133944352445939
132591524801525
131430395724829
119974201768573
118387114009801
114566331173641
110667238186797
110038741477733
99311956961078
98228804076093
96454725476020
88537391017819
86457805836628
90546834551025
84131082110770
79698329248460
88331754688870
76572808045690
79502879134797
72689007374305
75057439183499
67894823218052
65657906007173
64952774526395
63224859789371
59469738714536
64280125901037
61035425535802
60588873111862
59894406099788
57505178972969
56458355226594
57211112845900
52631401608542
50612184526076
51160506088367
48147462641618
53710012340330
48955749062916
44512655568384
48443786242798
51877334912614
47190294710410
43216303725739
46068132234732
43213359562392
42654676728567
39116949722398
38366635488903
38000600960238
40699653754374
41387185011126
37683533426600
36271275330846
38549742662395
36255737812227
34302845702574
32513465169331
34040981373869
36677627533672
32035498618329
32266773074125
32052992499708
31901967484218
34259888566724
33463519038241
30297135907799
29924146317028
28567986207322
28018621692317
29809430476935
31364941404521
30338556569378
33365338072336
31628095423013
25857422067674
29095464720006
29345950573636
23865421707604
27088618197593
28232760548875
26527894577006
23169819900936
25313422595614
25354192208745
23452728978863
23804284181180
22472144867453
25490257027155
24859382202465
24862304665363
25744990707652
22300096180758
20493985938464
21949702610238
19981503436270
24357581568653
19653214198166
20287368670121
21086026018660
22395949192940
24431628100988
21253510589425
22422528311729
17858327497668
20967178852733
21026613549548
24434976720148
17630182848589
19574710576994
20043417624380
18922394078696
19968364268536
19705066144541
19500244855557
19424727266327
18891258508740
19753451988937
18273412448625
15632927443747
17448362199167
18512195103863
15826102853084
14948125156711
17241880924216
17050382594368
20164400391616
18399646462504
15422889842968
16089870601259
15369337378651
15512191865756
13344716098190
15094712015323
14977679608794
16761203798057
14984285987093
12315615508900
13348288280121
15109016946894
13976143324025
13549886375743
13595894120286
12949223485348
15369009473654
15290585513738
13497639369191
14001154496392
15813693057568
13945552688080
14218075285456
12370416755076
15440877502883
12222593670981
15379070957193
12240143699807
12720279701491
12844787718172
12936653697275
11416069904123
10912386313908
11604797742722
14553302307809
13681723882994
11149019937765
12266600913323
11860102273578
12328884545451
12124931545601
11364404776848
11466406589005
10976632878152
10218358720320
11692395690668
10125780800890
11728077639835
11046007278630
11386643256991
9232194192666
10240797392460
10929172145909
10530573260921
11057075148534
12657241177490
10940306151459
9012858791661
9936602865474
8992614701102
9845594116516
9684498135829
7684012015793
11034388193446
11487647935596
9834992122569
10023275117555
8522651845377
9335036345534
9159384040858
7981179374940
10536309906478
8695971417357
7286304094641
6594035281625
8669210828043
7860378973628
7969377563470
8080801722237
7641727834561
7903599471557
8825483870512
8621381506303
7961668766406
8109670265165
8618066845103
8234495432912
7416584479775
7176145772137
8428413569877
6858569714858
7129997494182
8032679262406
9743226939882
6516114237357
8588176757460
7692033061309
6517300587125
8113943600169
7557448593741
7429611260941
6118114615678
6397092270384
6577914960646
7045901627949
5208653652476
7991217528494
5335276881385
6006870073132
7277907886449
5708348362511
6317012095720
7506520376843
5744675238021
6363938635609
7096211328011
5488596568696
4928221379257
6430362550258
5077402079316
5453654431362
5851449957988
5875759028946
5614769302621
5152177642214
5134635000050
6277100400698
6484450252933
5515353514766
6113139180526
4781619017184
4798378928099
5119060864675
5631751338809
4267113878905
5743425799967
5565237724134
3827599676522
5066204434335
4336760721847
5481136636175
4593894698027
4892732921470
5702956117467
3195959718570
4474468976321
3757737286721
4334798856340
4019094734826
4800421099134
4491694563668
3291399799756
4813852949368
3936501372459
3039507154339
4318569993961
5211201940125
4607842705732
3636392940808
3649247255827
2760127857971
3020273755275
4927921272567
5062869844610
3803399110168
4690626146380
3944969340690
3774000899797
3959041699689
3013224516581
3257125700015
3535727588962
4273018159246
2954558055186
3742401596705
2649140850452
3509888981761
2864973903534
3844229651973
2152348527855
2892984040972
2232734056164
2962017828058
2347317359797
1948377173778
2610157516899
2946967764753
3004355313230
2919109539645
2116648128887
3615613874086
3117653779864
1854626453713
2666279887172
2912413262003
2128679447832
2225589199300
2941085250376
2005348291530
3669351329167
2497842739458
1901820699491
1620856819368
2100496248384
2670166346755
1560357157331
2378640289052
1834713437329
1576733797187
2226918642623
2342497355579
2113043890928
1683630405944
2812094139299
1775614434512
1674304436873
1517922179739
2796233931078
1226396808789
1071765142573
1706936137404
1893549802748
1735730008965
1747559651897
2723354937498
2143811381868
786810080159
717061067650
1884640687254
1081213329892
2081085983480
1556206698759
1386593097475
1653408225765
1068693526524
1512507752184
1749887335299
1331050403019
1640263476864
1190080511757
1427678884700
1165878588711
1695203280623
724315409598
1543554051585
662045054794
1444993905684
860777270474
1663909129801
556950385845
960529163014
2381571687709
1423314592448
768826154130
844091569361
609978337695
863190910298
1229285944859
1803278031199
667206664042
831686106265
1270750720521
1230668917895
1090299873731
931593871093
386249586950
433758910891
1019369506595
1030567535514
1173278719166
1167530832461
803908378802
650527224121
1020437587812
798838217573
555308242219
551885290418
408379379024
977392900287
911987956303
453452141448
683229103537
326504212706
861012925966
709723357876
684238532167
682292448624
1489392738253
534972514537
524685660553
511985311308
551890840323
725569162968
711568154997
585428813930
164199750365
544795263262
822521769541
652385015784
614891025045
815047899822
543484775446
785389304202
162267433556
263471620776
291125954152
456078610727
543293536151
313697575025
453764557276
442020542663
272975571255
610020487001
292779083642
532092829101
1088445774443
259058985030
308445536051
794288284461
807334889083
519410289465
19994612967
402590974937
283782247554
389814831949
777840721085
313013421324
424285127184
11166440941
262001262451
439555090858
289090582027
669635988047
286421741859
133707650036
416281287806
405757297044
12210787611
276114977713
276888671366
142023353037
44810505033
141471298039
26475196226
412795811632
300026717472
388448678209
22069540438
5450563760
395016727430
9019719396
141315160274
194019438673
256278438142
132125292393
646778451998
22511806075
161299356662
288023138122
14914758897
8281217932
79309066063
136659477378
126733043083
257728530066
19275519964
9594814108
510483931950
142610103857
254266088647
382346854041
1926064868
1986657542
1812225702
3639076788
264075010010
136713108912
255634865836
9841734128
135069605061
45996521923
6710907155
5189879131
0
7915746203
143761520873
16054921982
0
128511416833
3724667037
13350762155
7972730557
4538885780
6359306767
9385731240
0
0
8829064932
281796704180
166757488786
144803494824
255260300338
4408671230
131094782966
0
140452979325
0
130372321293
6447155897
128624514632
126733043083
3659127673
128810374740
132687905052
128510934489
5468472866
0
0
10138335714
35164089139
12284046909
146622978201
1865690176
0
4530179686
4184912501
26664831177
1890588874
0
49773461169
26030536215
147895857997
126733043083
176513901302
0
44224192745
11379340161
11685096680
128672565171
0
2137352757
0
0
132013091233
5094866003
3731615306
0
0
6397987847
0
0
0
0
0
5862306782
24075369449
126733043083
0
9613393876
2582708591
2777506642
0
0
0
130643660376
1807079887
0
0
0
1973449771
2124098729
0
2275811828
0
3088457599
9856538195
0
0
0
0
2001579499
1778645147
126733043083
0
0
27731560819
0
1823453815
52045920836
0
1787893239
0
0
8407244234
0
0
0
0
0
2198053228
0
0
0
2701294888
0
0
0
0
0
0
0
2273586728
0
3129973207
0
1869459681
0
0
0
11150098115
0
0
0
0
0
142709278553
0
2001930594
0
26450672591
0
3056010350
0
0
0
0
0
0
5607370056
1877381079
0
1808101358
0
5008197940
0
0
0
1782385470
1795354655
0
0
0
2176945630
0
0
0
0
0
0
0
0
0
0
0
0
0
0
0
0
0
0
0
0
0
0
0
0
0
0
0
0
0
0
0
0
2332847047
0
0
0
0
2001930594
0
0
0
0
0
0
0
126733043083
6987602291
0
3850884966
0
0
0
0
0
0
0
11788502023
0
0
0
0
0
0
0
0
0
0
0
0
0
0
0
0
0
0
0
0
0
0
0
0
0
0
0
3190592493
0
0
0
0
0
0
0
0
0
0
0
8286382576
0
0
0
0
0
0
0
0
0
0
0
0
1842244753
0
0
0
0
0
0
0
0
0
0
0
0
0
0
0
0
0
0
0
0
0
0
1795316146
0
0
0
0
0
1777936757
0
0
0
0
0
0
0
0
0
1801415600
0
0
0
0
0
0
0
0
0
0
0
4190932154
0
0
0
0
0
0
0
0
0
0
0
0
0
0
0
0
0
0
0
0
0
0
0
0
0
0
0
0
0
0
0
0
0
0
0
0
0
0
0
0
0
0
0
0
0
0
0
0
0
0
0
0
0
0
0
0
2124404088
0
0
0
0
0
0
0
0
0
0
0
0
0
0
0
0
0
0
0
0
0
0
0
0
0
0
0
0
0
0
0
0
0
0
0
0
0
0
0
0
0
0
0
0
0
0
0
0
0
0
0
0
0
0
0
0
0
0
0
0
0
