1.713388977066889000e+15
1.590980818108297000e+15
1.484016186656712000e+15
1.395341027990646000e+15
1.322596866784954000e+15
1.256022736715039000e+15
1.201498151906659000e+15
1.134136292274899000e+15
1.089857514418928000e+15
1.036230469483963000e+15
9.997922926128790000e+14
9.587157799656190000e+14
9.260277748638440000e+14
8.956854650626960000e+14
8.738193588755810000e+14
8.415769066274480000e+14
8.138145773570480000e+14
7.929763205484640000e+14
7.763998416693420000e+14
7.472692786485830000e+14
7.284939784027610000e+14
7.115934392520080000e+14
7.058801029299160000e+14
6.839846770833470000e+14
6.739030320296150000e+14
6.582703762892790000e+14
6.505396823308040000e+14
6.201508156283390000e+14
6.209921731208740000e+14
6.034082486647020000e+14
5.897502869803870000e+14
5.830535837567320000e+14
5.642136761709800000e+14
5.685016459229140000e+14
5.553416657589650000e+14
5.433886559474950000e+14
5.365878926704400000e+14
5.202283517714710000e+14
5.198852318912500000e+14
5.145926855363750000e+14
5.111830618928530000e+14
4.893342518241280000e+14
4.962417480977000000e+14
4.793937194711210000e+14
4.754854001111620000e+14
4.727972530514620000e+14
4.570732203398720000e+14
4.482318709138180000e+14
4.471185281940960000e+14
4.383782043175700000e+14
4.449069760686670000e+14
4.278905623969500000e+14
4.293195018217400000e+14
4.173139082313110000e+14
4.153332100596460000e+14
4.054827095653480000e+14
4.029887735648330000e+14
4.002139172112790000e+14
3.980187120038750000e+14
3.904224445117070000e+14
3.791735573392280000e+14
3.729862762750840000e+14
3.656832714510400000e+14
3.610459461235830000e+14
3.618227259297070000e+14
3.546056248933410000e+14
3.458024979547660000e+14
3.416686678004800000e+14
3.397130696721520000e+14
3.382246674394460000e+14
3.295807692196890000e+14
3.334815848611530000e+14
3.182505098417160000e+14
3.119653368247930000e+14
3.088514367711940000e+14
3.039206752669810000e+14
3.020536671458520000e+14
2.969088892295570000e+14
2.871907867431000000e+14
2.843276105369770000e+14
2.870929357399000000e+14
2.794963145625900000e+14
2.744662883593140000e+14
2.716607058354960000e+14
2.568335647865110000e+14
2.630182209209530000e+14
2.621426822892040000e+14
2.554873631343010000e+14
2.471462893494760000e+14
2.467151440807520000e+14
2.325178281745030000e+14
2.424938511548980000e+14
2.395233017972900000e+14
2.274292598843450000e+14
2.305857872035920000e+14
2.277415885485620000e+14
2.229979701467900000e+14
2.215935204699430000e+14
2.163852853251540000e+14
2.145450000049240000e+14
2.083335300179570000e+14
2.036342334232960000e+14
2.078731376766690000e+14
2.039532702757720000e+14
1.942442671960350000e+14
1.958161653317220000e+14
1.926757083019390000e+14
1.906027369043460000e+14
1.909444797917100000e+14
1.828109313124210000e+14
1.793642783742170000e+14
1.743524175222700000e+14
1.778452158187460000e+14
1.673477739240850000e+14
1.708713582643600000e+14
1.673943909666980000e+14
1.603655434887960000e+14
1.617050014586930000e+14
1.592119024672620000e+14
1.604219027307360000e+14
1.565824139709580000e+14
1.505118439038610000e+14
1.475069232667270000e+14
1.509456287948480000e+14
1.451788704340090000e+14
1.438037193051340000e+14
1.477983956984050000e+14
1.389741578386510000e+14
1.399492163724710000e+14
1.351964634207770000e+14
1.350701209410240000e+14
1.290857054001590000e+14
1.303211608025290000e+14
1.249987136974260000e+14
1.250969280115630000e+14
1.250226595408350000e+14
1.227732183753440000e+14
1.181775755186580000e+14
1.159037271035860000e+14
1.145298952088440000e+14
1.102047883485960000e+14
1.154666261207620000e+14
1.112081920455730000e+14
1.063975634321120000e+14
1.092427188346790000e+14
1.093420509695730000e+14
1.030428442367070000e+14
1.021452186796630000e+14
1.006606240130960000e+14
9.809775497720300000e+13
1.008603679080930000e+14
1.012817737896900000e+14
9.769494671282400000e+13
9.416988575075700000e+13
9.424688051121800000e+13
9.400385775329600000e+13
9.117375001589800000e+13
9.119693515353900000e+13
8.657120872510900000e+13
8.132238116108400000e+13
8.628489365929300000e+13
8.476458916396400000e+13
8.414781552412500000e+13
7.963361462584700000e+13
7.960933196207200000e+13
7.725239804877300000e+13
7.666387336940400000e+13
7.740355821344400000e+13
7.652632660613000000e+13
7.126818549942200000e+13
7.018108281318600000e+13
6.859648262354600000e+13
6.961064315521900000e+13
7.036875671344300000e+13
7.079553994164700000e+13
6.741802988687500000e+13
6.579320486328000000e+13
6.416320576544000000e+13
6.559540433295600000e+13
6.226924792794500000e+13
6.039273718375900000e+13
6.170208233723000000e+13
6.231965989736500000e+13
5.775898045057500000e+13
5.910967090427800000e+13
5.806988899008400000e+13
5.703590012118100000e+13
5.688263133790200000e+13
5.669663170163000000e+13
5.579626689297300000e+13
5.453522544491300000e+13
5.479658618232500000e+13
5.202519636537900000e+13
5.093508401682200000e+13
5.133111094809200000e+13
5.001158606872100000e+13
5.008179554455500000e+13
4.779496267942100000e+13
4.704983073779500000e+13
4.556069962747900000e+13
4.601291429298700000e+13
4.491317294341400000e+13
4.321893403846000000e+13
4.538561409088800000e+13
4.353345811363700000e+13
4.091909920919600000e+13
4.463765660800200000e+13
3.792120168305500000e+13
4.042374985790200000e+13
4.092402703711300000e+13
3.918456015108500000e+13
3.875714377953100000e+13
3.795420532562100000e+13
3.722886648998800000e+13
3.626578966547700000e+13
3.711032464130600000e+13
3.691879643006200000e+13
3.714773926598200000e+13
3.434941859094800000e+13
3.638289144938300000e+13
3.366515583760000000e+13
3.127330438666500000e+13
3.258337010289100000e+13
3.417476272602800000e+13
3.195438121908600000e+13
3.120374682590800000e+13
3.055676024904700000e+13
3.273446958415700000e+13
3.197266510696000000e+13
2.959286927242700000e+13
2.957311107643500000e+13
3.059699705296100000e+13
2.921886502746000000e+13
2.856564355610200000e+13
2.649308152182700000e+13
2.732523413054200000e+13
2.660093784817200000e+13
2.846678360159000000e+13
2.812340765231900000e+13
2.859675776834700000e+13
2.672913973588700000e+13
2.550010488622200000e+13
2.463976945776100000e+13
2.607139235125000000e+13
2.456455047388300000e+13
2.433732344982500000e+13
2.535496856295000000e+13
2.434135613363100000e+13
2.375392062874400000e+13
2.525648296997800000e+13
2.346433938076500000e+13
2.324472329349100000e+13
2.086719899249800000e+13
2.305492630086200000e+13
2.321396332174200000e+13
2.249135340143900000e+13
2.233199042251000000e+13
2.160746280579600000e+13
1.972706082024100000e+13
2.126850618171800000e+13
2.038447033126800000e+13
2.106669129375600000e+13
2.130796568990500000e+13
1.894944726007600000e+13
2.020320059677700000e+13
1.990792358694000000e+13
1.920673549350100000e+13
1.890592238740000000e+13
1.970805115209300000e+13
1.818141537162300000e+13
1.950651027093800000e+13
1.848688184118900000e+13
1.673908671281400000e+13
1.730347938393300000e+13
1.672651519135700000e+13
1.831125841601800000e+13
1.678175435402300000e+13
1.590493334461600000e+13
1.610420729471200000e+13
1.757062453825100000e+13
1.580988015247300000e+13
1.563037086049100000e+13
1.553280217283800000e+13
1.521114350644500000e+13
1.552406602329200000e+13
1.497050058791900000e+13
1.542080924210700000e+13
1.742470446840000000e+13
1.471936437870700000e+13
1.427896441258900000e+13
1.499011101766900000e+13
1.510220155952600000e+13
1.489121906736300000e+13
1.367304701452600000e+13
1.417522552408400000e+13
1.433604175824900000e+13
1.414486293616200000e+13
1.358943347437300000e+13
1.386201588999100000e+13
1.299894326505000000e+13
1.386690204892400000e+13
1.146323591643700000e+13
1.325542063232900000e+13
1.347034042863000000e+13
1.277051680692100000e+13
1.124886754594200000e+13
1.128812170872600000e+13
1.201413828219200000e+13
1.121201887771200000e+13
1.085602549990400000e+13
1.071780874947500000e+13
1.029558477474600000e+13
1.090059845542400000e+13
1.125528625720700000e+13
1.098108382879300000e+13
1.016173200915800000e+13
1.001036523808000000e+13
1.156572790599400000e+13
1.131573188675300000e+13
9.428214819767000000e+12
1.019486236055800000e+13
9.852103189931000000e+12
9.858145271900000000e+12
1.052529343791100000e+13
8.863587187813000000e+12
9.141564267067000000e+12
8.677028300806000000e+12
1.022865448016400000e+13
8.846151810944000000e+12
9.155162917575000000e+12
8.627125801706000000e+12
8.625026637784000000e+12
8.669673834637000000e+12
7.810368425884000000e+12
8.152474471654000000e+12
8.297349757492000000e+12
8.146989106605000000e+12
8.525044994987000000e+12
7.945828688805000000e+12
7.543682359946000000e+12
7.749526777907000000e+12
7.784353813147000000e+12
7.808817824933000000e+12
7.229868735952000000e+12
6.620928963304000000e+12
6.396486960198000000e+12
6.371767174062000000e+12
7.305235800779000000e+12
6.847854839708000000e+12
6.853687643254000000e+12
6.294037896189000000e+12
5.881432237443000000e+12
6.679868831595000000e+12
6.107073987485000000e+12
6.510776683559000000e+12
5.792161663469000000e+12
5.976604181040000000e+12
6.896117663217000000e+12
6.249263978509000000e+12
6.157935638409000000e+12
5.981231992755000000e+12
5.558292689592000000e+12
5.458721495273000000e+12
6.018529296222000000e+12
5.701048281424000000e+12
5.470069187857000000e+12
5.551484687406000000e+12
4.707950685092000000e+12
4.926160778603000000e+12
4.979093045748000000e+12
4.463234987130000000e+12
5.039930842687000000e+12
5.202513581427000000e+12
4.822838971735000000e+12
4.804814842031000000e+12
5.159552357268000000e+12
4.737124657704000000e+12
5.380449413486000000e+12
5.047774796352000000e+12
3.590065409245000000e+12
4.486443363096000000e+12
4.295248501330000000e+12
4.119601951268000000e+12
4.013116721278000000e+12
4.626313776116000000e+12
3.980503622285000000e+12
3.815810284819000000e+12
4.168996651897000000e+12
4.269903876746000000e+12
3.929569358779000000e+12
3.928058986955000000e+12
3.235267828637000000e+12
3.221237099635000000e+12
3.937293300892000000e+12
3.433284665876000000e+12
3.589459636620000000e+12
2.720926432284000000e+12
3.618896667777000000e+12
3.003044249531000000e+12
3.668946108181000000e+12
3.748504884688000000e+12
3.159629020889000000e+12
3.280832810229000000e+12
3.296213751198000000e+12
3.040478173241000000e+12
3.816577978521000000e+12
3.062232380432000000e+12
2.789450466902000000e+12
2.842547170889000000e+12
2.756099703897000000e+12
2.832984523336000000e+12
2.455888264153000000e+12
2.406958868010000000e+12
3.245760844342000000e+12
2.322207039013000000e+12
2.141469746182000000e+12
2.704230529199000000e+12
3.271772718171000000e+12
2.371147593712000000e+12
2.589591723111000000e+12
2.330989776820000000e+12
2.356894816341000000e+12
2.269229275304000000e+12
1.976265446090000000e+12
2.505632203008000000e+12
2.172059993198000000e+12
2.120344785719000000e+12
2.169614494273000000e+12
2.592121597599000000e+12
2.079193733516000000e+12
1.867538396313000000e+12
1.985468468825000000e+12
2.423710688227000000e+12
2.416995409126000000e+12
2.351675580019000000e+12
1.967452234928000000e+12
2.001092603484000000e+12
1.876343739508000000e+12
1.803863320236000000e+12
1.788412501185000000e+12
2.348197189882000000e+12
1.854098938801000000e+12
1.638708571182000000e+12
1.444219404445000000e+12
1.678601525464000000e+12
1.813465602211000000e+12
1.867437454917000000e+12
1.198889284379000000e+12
1.923856985799000000e+12
1.161741885960000000e+12
1.432801625954000000e+12
1.550692075129000000e+12
1.825808692128000000e+12
1.902968748416000000e+12
1.439031313263000000e+12
1.829988217135000000e+12
1.672134267450000000e+12
1.874693086363000000e+12
1.620855968410000000e+12
1.395304839076000000e+12
1.544177001199000000e+12
1.535606665400000000e+12
1.076994833170000000e+12
1.545098908323000000e+12
2.097382029084000000e+12
9.640504427370000000e+11
1.345981783502000000e+12
1.745303324974000000e+12
9.283256599670000000e+11
1.019791945548000000e+12
1.362669446676000000e+12
1.405469761113000000e+12
1.071858133433000000e+12
1.029276600446000000e+12
1.147957817682000000e+12
1.072077352914000000e+12
7.716253626120000000e+11
1.263069400101000000e+12
7.514670907040000000e+11
1.200551102806000000e+12
1.033265476858000000e+12
8.575829535410000000e+11
7.280184210310000000e+11
1.261325209642000000e+12
8.252579794610000000e+11
1.066086603344000000e+12
1.329846508645000000e+12
8.395240159980000000e+11
7.768771011480000000e+11
1.147098890449000000e+12
7.123197553560000000e+11
1.017513967439000000e+12
7.832961632870000000e+11
8.390118608360000000e+11
9.745183196170000000e+11
1.008922518937000000e+12
5.263782155580000000e+11
8.055616517940000000e+11
8.426883867810000000e+11
7.148237175070000000e+11
7.030120182570000000e+11
7.913572603420000000e+11
7.782805224200000000e+11
9.544097547610000000e+11
4.770428221230000000e+11
6.536147817310000000e+11
8.419869203340000000e+11
5.048969123670000000e+11
9.348987665290000000e+11
7.293930631380000000e+11
7.043070357100000000e+11
7.597896480420000000e+11
6.670167412500000000e+11
4.860382076340000000e+11
5.015180477480000000e+11
9.987569911880000000e+11
5.685737819240000000e+11
6.762986181070000000e+11
4.703679560590000000e+11
3.163859083250000000e+11
4.406627672100000000e+11
4.035294470570000000e+11
4.386539821420000000e+11
6.975238946880000000e+11
6.448308351030000000e+11
5.012589531050000000e+11
6.453114918620000000e+11
5.008474028360000000e+11
5.433625186390000000e+11
3.195646593730000000e+11
3.224420633290000000e+11
5.735125561570000000e+11
3.764015279340000000e+11
4.963085129370000000e+11
3.550848772160000000e+11
5.529241747360000000e+11
5.229591456980000000e+11
3.303542654810000000e+11
5.654689141820000000e+11
2.894957872860000000e+11
4.008329094790000000e+11
3.442425770230000000e+11
4.640821944230000000e+11
7.260863281550000000e+11
2.262166181550000000e+11
4.793059650320000000e+11
2.734986203380000000e+11
2.945600386600000000e+11
2.212811696330000000e+11
3.366351034230000000e+11
2.640936399050000000e+11
5.329255011040000000e+11
3.077734835830000000e+11
3.093042675460000000e+11
2.372313795950000000e+11
3.447304714320000000e+11
3.563346198000000000e+11
3.594525853090000000e+11
4.743116955140000000e+11
2.827627875410000000e+11
2.385171963630000000e+11
2.398945261020000000e+11
5.088646688980000000e+11
2.867188525920000000e+11
4.067275698580000000e+11
3.558038382540000000e+11
2.559474078180000000e+11
4.244643525700000000e+11
2.506737485820000000e+11
2.247392984750000000e+11
3.130922854450000000e+11
3.895959303230000000e+11
2.417345022690000000e+11
1.561163101640000000e+11
3.031720260930000000e+11
3.765121170270000000e+11
1.286455548470000000e+11
1.939315869260000000e+11
1.653700380900000000e+11
2.108462699810000000e+11
1.920649718710000000e+11
8.398121577700000000e+10
2.317468004340000000e+11
1.790232383690000000e+11
1.460025704390000000e+11
3.168823828570000000e+11
1.740255197700000000e+11
1.181736470920000000e+11
1.793224798620000000e+11
1.186823397750000000e+11
1.209018675550000000e+11
8.729462042000000000e+10
7.430495518100000000e+10
1.786487798780000000e+11
2.169241417930000000e+11
2.000170006740000000e+11
3.350840557490000000e+11
2.754605868730000000e+11
1.070190189450000000e+11
7.261675788400000000e+10
8.283141934800000000e+10
2.123130939580000000e+11
1.117735583780000000e+11
8.181260669500000000e+10
1.042940836130000000e+11
3.033368873100000000e+10
6.795407167100000000e+10
4.255002825300000000e+10
1.008061931740000000e+11
7.104480171200000000e+10
1.134537223500000000e+11
1.572994088610000000e+11
3.671046124800000000e+10
2.302061579340000000e+11
2.700634877900000000e+10
1.427961822240000000e+11
4.392402568800000000e+10
9.329219351200000000e+10
4.855738872900000000e+10
6.579719573700000000e+10
1.072227523740000000e+11
1.695104816810000000e+11
9.343292935500000000e+10
4.227305188300000000e+10
9.442021600000000000e+09
2.381968844220000000e+11
7.983054623000000000e+10
1.229272407110000000e+11
4.611604756900000000e+10
6.148998273000000000e+09
5.992297486400000000e+10
8.247887244600000000e+10
6.095824755700000000e+10
1.407900318200000000e+11
6.979095600400000000e+10
1.474157740100000000e+10
7.444198352000000000e+10
8.059655396300000000e+10
5.660578413800000000e+10
4.119960020900000000e+10
1.525835033480000000e+11
3.035650078700000000e+10
5.149450043600000000e+10
2.685904138300000000e+10
9.072052801300000000e+10
1.179823411690000000e+11
1.942961991400000000e+10
5.411960106000000000e+09
5.855916100200000000e+10
2.599394277100000000e+10
7.004788010200000000e+10
7.889601864300000000e+10
1.324307668800000000e+10
8.115257654700000000e+10
1.514441726400000000e+10
5.142344517300000000e+10
2.478956563300000000e+10
