0.000000
6.125000
12.250000
18.375000
24.500000
30.625000
36.750000
42.875000
49.000000
55.125000
61.250000
67.375000
73.500000
79.625000
85.750000
91.875000
98.000000
104.125000
110.250000
116.375000
122.500000
128.625000
134.750000
140.875000
147.000000
153.125000
159.250000
165.375000
171.500000
177.625000
183.750000
189.875000
196.000000
202.125000
208.250000
214.375000
220.500000
226.625000
232.750000
238.875000
245.000000
251.125000
257.250000
263.375000
269.500000
275.625000
281.750000
287.875000
294.000000
300.125000
306.250000
312.375000
318.500000
324.625000
330.750000
336.875000
343.000000
349.125000
355.250000
361.375000
367.500000
373.625000
379.750000
385.875000
392.000000
398.125000
404.250000
410.375000
416.500000
422.625000
428.750000
434.875000
441.000000
447.125000
453.250000
459.375000
465.500000
471.625000
477.750000
483.875000
490.000000
496.125000
502.250000
508.375000
514.500000
520.625000
526.750000
532.875000
539.000000
545.125000
551.250000
557.375000
563.500000
569.625000
575.750000
581.875000
588.000000
594.125000
600.250000
606.375000
612.500000
618.625000
624.750000
630.875000
637.000000
643.125000
649.250000
655.375000
661.500000
667.625000
673.750000
679.875000
686.000000
692.125000
698.250000
704.375000
710.500000
716.625000
722.750000
728.875000
735.000000
741.125000
747.250000
753.375000
759.500000
765.625000
771.750000
777.875000
784.000000
790.125000
796.250000
802.375000
808.500000
814.625000
820.750000
826.875000
833.000000
839.125000
845.250000
851.375000
857.500000
863.625000
869.750000
875.875000
882.000000
888.125000
894.250000
900.375000
906.500000
912.625000
918.750000
924.875000
931.000000
937.125000
943.250000
949.375000
955.500000
961.625000
967.750000
973.875000
980.000000
986.125000
992.250000
998.375000
1004.500000
1010.625000
1016.750000
1022.875000
1029.000000
1035.125000
1041.250000
1047.375000
1053.500000
1059.625000
1065.750000
1071.875000
1078.000000
1084.125000
1090.250000
1096.375000
1102.500000
1108.625000
1114.750000
1120.875000
1127.000000
1133.125000
1139.250000
1145.375000
1151.500000
1157.625000
1163.750000
1169.875000
1176.000000
1182.125000
1188.250000
1194.375000
1200.500000
1206.625000
1212.750000
1218.875000
1225.000000
1231.125000
1237.250000
1243.375000
1249.500000
1255.625000
1261.750000
1267.875000
1274.000000
1280.125000
1286.250000
1292.375000
1298.500000
1304.625000
1310.750000
1316.875000
1323.000000
1329.125000
1335.250000
1341.375000
1347.500000
1353.625000
1359.750000
1365.875000
1372.000000
1378.125000
1384.250000
1390.375000
1396.500000
1402.625000
1408.750000
1414.875000
1421.000000
1427.125000
1433.250000
1439.375000
1445.500000
1451.625000
1457.750000
1463.875000
1470.000000
1476.125000
1482.250000
1488.375000
1494.500000
1500.625000
1506.750000
1512.875000
1519.000000
1525.125000
1531.250000
1537.375000
1543.500000
1549.625000
1555.750000
1561.875000
1568.000000
1574.125000
1580.250000
1586.375000
1592.500000
1598.625000
1604.750000
1610.875000
1617.000000
1623.125000
1629.250000
1635.375000
1641.500000
1647.625000
1653.750000
1659.875000
1666.000000
1672.125000
1678.250000
1684.375000
1690.500000
1696.625000
1702.750000
1708.875000
1715.000000
1721.125000
1727.250000
1733.375000
1739.500000
1745.625000
1751.750000
1757.875000
1764.000000
1770.125000
1776.250000
1782.375000
1788.500000
1794.625000
1800.750000
1806.875000
1813.000000
1819.125000
1825.250000
1831.375000
1837.500000
1843.625000
1849.750000
1855.875000
1862.000000
1868.125000
1874.250000
1880.375000
1886.500000
1892.625000
1898.750000
1904.875000
1911.000000
1917.125000
1923.250000
1929.375000
1935.500000
1941.625000
1947.750000
1953.875000
1960.000000
1966.125000
1972.250000
1978.375000
1984.500000
1990.625000
1996.750000
2002.875000
2009.000000
2015.125000
2021.250000
2027.375000
2033.500000
2039.625000
2045.750000
2051.875000
2058.000000
2064.125000
2070.250000
2076.375000
2082.500000
2088.625000
2094.750000
2100.875000
2107.000000
2113.125000
2119.250000
2125.375000
2131.500000
2137.625000
2143.750000
2149.875000
2156.000000
2162.125000
2168.250000
2174.375000
2180.500000
2186.625000
2192.750000
2198.875000
2205.000000
2211.125000
2217.250000
2223.375000
2229.500000
2235.625000
2241.750000
2247.875000
2254.000000
2260.125000
2266.250000
2272.375000
2278.500000
2284.625000
2290.750000
2296.875000
2303.000000
2309.125000
2315.250000
2321.375000
2327.500000
2333.625000
2339.750000
2345.875000
2352.000000
2358.125000
2364.250000
2370.375000
2376.500000
2382.625000
2388.750000
2394.875000
2401.000000
2407.125000
2413.250000
2419.375000
2425.500000
2431.625000
2437.750000
2443.875000
2450.000000
2456.125000
2462.250000
2468.375000
2474.500000
2480.625000
2486.750000
2492.875000
2499.000000
2505.125000
2511.250000
2517.375000
2523.500000
2529.625000
2535.750000
2541.875000
2548.000000
2554.125000
2560.250000
2566.375000
2572.500000
2578.625000
2584.750000
2590.875000
2597.000000
2603.125000
2609.250000
2615.375000
2621.500000
2627.625000
2633.750000
2639.875000
2646.000000
2652.125000
2658.250000
2664.375000
2670.500000
2676.625000
2682.750000
2688.875000
2695.000000
2701.125000
2707.250000
2713.375000
2719.500000
2725.625000
2731.750000
2737.875000
2744.000000
2750.125000
2756.250000
2762.375000
2768.500000
2774.625000
2780.750000
2786.875000
2793.000000
2799.125000
2805.250000
2811.375000
2817.500000
2823.625000
2829.750000
2835.875000
2842.000000
2848.125000
2854.250000
2860.375000
2866.500000
2872.625000
2878.750000
2884.875000
2891.000000
2897.125000
2903.250000
2909.375000
2915.500000
2921.625000
2927.750000
2933.875000
2940.000000
2946.125000
2952.250000
2958.375000
2964.500000
2970.625000
2976.750000
2982.875000
2989.000000
2995.125000
3001.250000
3007.375000
3013.500000
3019.625000
3025.750000
3031.875000
3038.000000
3044.125000
3050.250000
3056.375000
3062.500000
3068.625000
3074.750000
3080.875000
3087.000000
3093.125000
3099.250000
3105.375000
3111.500000
3117.625000
3123.750000
3129.875000
3136.000000
3142.125000
3148.250000
3154.375000
3160.500000
3166.625000
3172.750000
3178.875000
3185.000000
3191.125000
3197.250000
3203.375000
3209.500000
3215.625000
3221.750000
3227.875000
3234.000000
3240.125000
3246.250000
3252.375000
3258.500000
3264.625000
3270.750000
3276.875000
3283.000000
3289.125000
3295.250000
3301.375000
3307.500000
3313.625000
3319.750000
3325.875000
3332.000000
3338.125000
3344.250000
3350.375000
3356.500000
3362.625000
3368.750000
3374.875000
3381.000000
3387.125000
3393.250000
3399.375000
3405.500000
3411.625000
3417.750000
3423.875000
3430.000000
3436.125000
3442.250000
3448.375000
3454.500000
3460.625000
3466.750000
3472.875000
3479.000000
3485.125000
3491.250000
3497.375000
3503.500000
3509.625000
3515.750000
3521.875000
3528.000000
3534.125000
3540.250000
3546.375000
3552.500000
3558.625000
3564.750000
3570.875000
3577.000000
3583.125000
3589.250000
3595.375000
3601.500000
3607.625000
3613.750000
3619.875000
3626.000000
3632.125000
3638.250000
3644.375000
3650.500000
3656.625000
3662.750000
3668.875000
3675.000000
3681.125000
3687.250000
3693.375000
3699.500000
3705.625000
3711.750000
3717.875000
3724.000000
3730.125000
3736.250000
3742.375000
3748.500000
3754.625000
3760.750000
3766.875000
3773.000000
3779.125000
3785.250000
3791.375000
3797.500000
3803.625000
3809.750000
3815.875000
3822.000000
3828.125000
3834.250000
3840.375000
3846.500000
3852.625000
3858.750000
3864.875000
3871.000000
3877.125000
3883.250000
3889.375000
3895.500000
3901.625000
3907.750000
3913.875000
3920.000000
3926.125000
3932.250000
3938.375000
3944.500000
3950.625000
3956.750000
3962.875000
3969.000000
3975.125000
3981.250000
3987.375000
3993.500000
3999.625000
4005.750000
4011.875000
4018.000000
4024.125000
4030.250000
4036.375000
4042.500000
4048.625000
4054.750000
4060.875000
4067.000000
4073.125000
4079.250000
4085.375000
4091.500000
4097.625000
4103.750000
4109.875000
4116.000000
4122.125000
4128.250000
4134.375000
4140.500000
4146.625000
4152.750000
4158.875000
4165.000000
4171.125000
4177.250000
4183.375000
4189.500000
4195.625000
4201.750000
4207.875000
4214.000000
4220.125000
4226.250000
4232.375000
4238.500000
4244.625000
4250.750000
4256.875000
4263.000000
4269.125000
4275.250000
4281.375000
4287.500000
4293.625000
4299.750000
4305.875000
4312.000000
4318.125000
4324.250000
4330.375000
4336.500000
4342.625000
4348.750000
4354.875000
4361.000000
4367.125000
4373.250000
4379.375000
4385.500000
4391.625000
4397.750000
4403.875000
4410.000000
4416.125000
4422.250000
4428.375000
4434.500000
4440.625000
4446.750000
4452.875000
4459.000000
4465.125000
4471.250000
4477.375000
4483.500000
4489.625000
4495.750000
4501.875000
4508.000000
4514.125000
4520.250000
4526.375000
4532.500000
4538.625000
4544.750000
4550.875000
4557.000000
4563.125000
4569.250000
4575.375000
4581.500000
4587.625000
4593.750000
4599.875000
4606.000000
4612.125000
4618.250000
4624.375000
4630.500000
4636.625000
4642.750000
4648.875000
4655.000000
4661.125000
4667.250000
4673.375000
4679.500000
4685.625000
4691.750000
4697.875000
4704.000000
4710.125000
4716.250000
4722.375000
4728.500000
4734.625000
4740.750000
4746.875000
4753.000000
4759.125000
4765.250000
4771.375000
4777.500000
4783.625000
4789.750000
4795.875000
4802.000000
4808.125000
4814.250000
4820.375000
4826.500000
4832.625000
4838.750000
4844.875000
4851.000000
4857.125000
4863.250000
4869.375000
4875.500000
4881.625000
4887.750000
4893.875000
4900.000000
4906.125000
4912.250000
4918.375000
4924.500000
4930.625000
4936.750000
4942.875000
4949.000000
4955.125000
4961.250000
4967.375000
4973.500000
4979.625000
4985.750000
4991.875000
4998.000000
5004.125000
5010.250000
5016.375000
5022.500000
5028.625000
5034.750000
5040.875000
5047.000000
5053.125000
5059.250000
5065.375000
5071.500000
5077.625000
5083.750000
5089.875000
5096.000000
5102.125000
5108.250000
5114.375000
5120.500000
5126.625000
5132.750000
5138.875000
5145.000000
5151.125000
5157.250000
5163.375000
5169.500000
5175.625000
5181.750000
5187.875000
5194.000000
5200.125000
5206.250000
5212.375000
5218.500000
5224.625000
5230.750000
5236.875000
5243.000000
5249.125000
5255.250000
5261.375000
5267.500000
5273.625000
5279.750000
5285.875000
5292.000000
5298.125000
5304.250000
5310.375000
5316.500000
5322.625000
5328.750000
5334.875000
5341.000000
5347.125000
5353.250000
5359.375000
5365.500000
5371.625000
5377.750000
5383.875000
5390.000000
5396.125000
5402.250000
5408.375000
5414.500000
5420.625000
5426.750000
5432.875000
5439.000000
5445.125000
5451.250000
5457.375000
5463.500000
5469.625000
5475.750000
5481.875000
5488.000000
5494.125000
5500.250000
5506.375000
5512.500000
5518.625000
5524.750000
5530.875000
5537.000000
5543.125000
5549.250000
5555.375000
5561.500000
5567.625000
5573.750000
5579.875000
5586.000000
5592.125000
5598.250000
5604.375000
5610.500000
5616.625000
5622.750000
5628.875000
5635.000000
5641.125000
5647.250000
5653.375000
5659.500000
5665.625000
5671.750000
5677.875000
5684.000000
5690.125000
5696.250000
5702.375000
5708.500000
5714.625000
5720.750000
5726.875000
5733.000000
5739.125000
5745.250000
5751.375000
5757.500000
5763.625000
5769.750000
5775.875000
5782.000000
5788.125000
5794.250000
5800.375000
5806.500000
5812.625000
5818.750000
5824.875000
5831.000000
5837.125000
5843.250000
5849.375000
5855.500000
5861.625000
5867.750000
5873.875000
5880.000000
5886.125000
5892.250000
5898.375000
5904.500000
5910.625000
5916.750000
5922.875000
5929.000000
5935.125000
5941.250000
5947.375000
5953.500000
5959.625000
5965.750000
5971.875000
5978.000000
5984.125000
5990.250000
5996.375000
6002.500000
6008.625000
6014.750000
6020.875000
6027.000000
6033.125000
6039.250000
6045.375000
6051.500000
6057.625000
6063.750000
6069.875000
6076.000000
6082.125000
6088.250000
6094.375000
6100.500000
6106.625000
6112.750000
6118.875000
6125.000000
