927969921957322
847641086822809
792600471716880
715568534279454
673494023735212
640243523037498
593637730027094
575394497024864
539845106851299
516276216396409
486348300069276
474343858588360
457571029503560
441279322554830
424296741167093
413378475674435
411266998195821
399014107621604
384957646572550
362894482667268
356748906939873
343062592462530
351468506314440
325771631094011
328673380793162
318979082850068
314479764413696
299609243427820
294202035386656
289126023091795
285786820988814
284284700281993
273259814484865
270206781565294
267097767823388
256719889402406
248744344147698
255184500906099
249822816723876
244877971473978
231674523792185
234901760236037
229956968849392
222399260665140
215517127980638
217985524059339
208145482895267
212851600463494
200756806824884
194811615481848
199706755691694
193629789756940
196463954719200
189275751376543
185298636390761
184800721901664
173946866324121
176103321540322
170568537336885
167123014297895
168873169373981
168947432096677
162010544651146
161555257385761
152193675674134
145473299718892
155469913714274
151255892810499
146336847227424
148022418667271
145742349254509
136021821297379
130016330634182
134471665917193
130633164323340
128151067207954
129850333378422
126980038583641
122467688878383
124847326760108
118261405261448
121688416602785
118795695192098
116071199497615
114133888420475
107623165391610
107965413479830
105213541873306
105848534938729
105840219519460
104610033201254
103342139446341
96627554812555
96667071389858
99965828005869
97024413348101
100435731875517
93904055948073
91336545657597
86982347031694
80621566170871
84319450616710
92160982951646
86837081961418
85537837259064
81888285679772
80222085444590
78949478833125
88074278714822
79147016358085
82628479892705
74429503324832
80086856866382
82139566811297
80786526233792
74921468792337
76005461602511
71217198656631
71368424992242
67581238782552
72180908209034
70467098945526
66644978472342
65814977278462
62907904313312
66814662343719
65362267051208
59475748907033
63535912993450
59915710764973
58743571515437
60041875644389
58158804208571
61248457623862
54377351013144
55141604629725
52881260641524
53838576554460
51831298304327
51000739339918
49512772191546
52161725502876
50891994680933
49368000501542
44010185893329
48259589348410
48125309445315
47922027368225
46040855981613
41791524561095
43002745392985
40646873510016
40249765694324
39913521342710
35864646857740
38202211978877
37711995912511
37363694374320
37084824817552
36528635852191
36175078752132
32136889881234
32954552074098
30650936409353
31314671976358
33308358369426
31086680815634
32650466790447
31871169777086
32297323027376
31065106644748
29625452593300
30156052794702
29628414302890
28845310887213
30120860233902
26658669424886
27659692357095
24647789163632
26249411352793
25122420234222
25768057190563
24172302051443
24181331690694
24350817438254
25044435187049
23730771401743
22345197726821
22317137253133
23728593467849
22187344170342
21628605757169
22191806642268
19891662916549
24403898161331
22491638803566
26688477265809
21185862415542
20217879762621
19579261333438
24020301510892
20721943811875
19220184405924
20673601811780
17563378092755
17317933013681
18181261592143
19614226051822
16713752707255
18933391299529
15044373916173
16559415920548
15083830628321
17292005501659
16257793752201
16195625293283
17099132053557
14608929099105
15233216443386
16003380936416
16459355788930
15703121281913
14395740579511
13964453785461
13438665250076
14677950974771
15738199902928
12476436256673
17118284057838
15128401872378
12371757592316
14505894530319
14806458774002
13554730186773
12825584401462
12944211735044
11329331083352
11137749503302
11701925850096
11195617915017
13481997564823
13205722522430
11887446428129
10921900741431
11407368206770
14093321258411
11604282812077
11935104501100
13821261554417
13481799904333
12253298470256
10838779090178
11493826092429
12073343909496
10631281425001
9606258802974
11483778987775
11698929271526
9894436191690
9945869390035
9798740967897
10791747448517
8337660475412
12357679994341
8505207103435
9713521475447
9018712710622
11277439043501
10378614253405
8121568063859
9797442909809
7786277504754
8229921532721
10384863338100
7623317303477
8076063265344
7870754546628
8544693025411
8895372827280
7658512189757
9857618223630
9224095897311
8066142449763
9525666956536
8812274992374
9593309387032
9646105517137
9185859467456
9146855227512
9592794954262
9009866122414
8088569840122
7710058030525
7323112382940
8108951784237
7364204645615
7193686986852
7465424491928
6689231269080
7398497874260
8366148447915
6728296943356
7035365694910
6625288250263
7635172139209
8288353851031
6533579145717
7368109620467
8651048757015
7680707379925
6753003850633
6923865420595
7223985138695
6742705344673
8052600373575
7380854129598
7423989571498
7146031708634
6139463946762
7041043279130
6603906196331
6416747759302
5432597570175
5839087580985
5499900367140
6051603449979
5898361831868
6474324618777
6621053370294
7846336860100
7612347056836
5903982671233
6705229091001
5475041192777
4793969976062
6550828483312
5053726749305
4958982081861
6123209426526
4761499904912
6421042372001
6373147090052
4801453552472
5530771957712
5323202887176
4941908509145
4752165236537
5274582853604
5029177352686
4872593916484
5004154334690
5260351008836
4279732462762
5895507862297
4330146029136
4958318897471
6108084612338
4723540531587
4863585458869
4714835520907
4950441217764
5856164673874
3982045939078
4761995695739
4249851226739
5422321586957
4278965070766
5460005815368
4345143537609
3235133163053
4863357017620
5561649357854
4574392352246
3637501760919
5225333394395
5842512376348
4534819518586
3829634327783
4499627146979
4351752291061
4773681980218
3033746542429
5680024059565
4115190371554
4197266928067
2853130441889
4554854212992
4656033368121
4254322166994
4362695978536
4205883065418
4786814185296
2875214421302
4186309188615
3929610133924
3856497203814
3801210806597
5144722411255
4173731452078
3930612457042
3015501325279
4099979221344
3986440051977
3127985856760
3739436627670
2769535936111
2894798524100
3618531559502
4346127607804
2727927062351
2997191024899
3550286911744
3587357068275
3189007413562
2884751615128
2580722940638
3382122042061
3516474886659
3456316251123
2739550573212
3160030268595
3105525911659
2935543392525
3699428074460
2885689819624
3221998312115
3565680681123
2737030610457
3297807051222
2819064799968
3324454208633
2688931274786
2740894597918
2602527828939
3303123843305
2615322155394
2947021689345
3298696209807
3052956069780
3384282808747
2046522978310
2184625159079
3232005585691
3305373768163
2229908276778
2896573733430
3259102800151
3075865722390
1794900819452
3328677983633
2726764373875
2669226368571
1912521301000
2399732018370
3066161689313
2224208544351
3221521194955
2377903333538
2531832285743
2388210035286
2749938901770
2024219142099
3104315381590
2201180175510
2113960122478
2048596097641
2757356108219
2745676468466
2495983359521
2963461347413
2454409978770
2859619628912
2302232728861
2169306307672
2159837293430
1288679733234
1803846803722
2633028713489
2773233115380
2610281183926
2833654822327
1412834474946
2089334837011
2914352586558
2147362676412
2745998702735
2186898787683
2895362169244
1995130657612
1836178597273
1435067007320
3567586057982
2020976886545
1420719536494
1805900625571
1750436394243
1746749241954
1969254060270
2060559793801
2818602612858
2179577252770
1864286006559
2479523266257
1528575653445
1747553743885
2223214487698
1597054809471
2240633725761
1853045770651
1673009364312
2134368278129
1313328761844
1803548341563
1563549175405
1360225608621
1554559380926
1173443718205
1889049867589
1330284203296
1216124720837
2390115610605
1907595248005
1496579154909
1218011832723
2088337475629
1676049784103
2085494617055
1434948082726
1216972498088
1833672792455
1576642685759
1456579641077
1179611729797
1628669311849
1922280818823
1175018674435
1041062675187
1515075917428
1251962887916
1746979544541
1762519559970
997886342400
1390553856172
1267390983583
742929948401
831743334960
1611565992717
1400895262688
1157991853289
1335209223171
812288548770
1244032784857
1130286012032
1045120426124
1294311094987
1254676227122
1206398870579
1760417203553
659628898784
1025760431390
831719584259
1559303714365
663691272625
951980574867
837272367922
823028915560
989703160750
885951210859
820803996093
1342242918639
1608547429203
619229055055
755636136730
1389599423241
687430389420
1152681292638
780416502966
500251690674
773299403960
1239520711569
1073190914574
1138037103866
524814215325
1253324911233
535563448995
920673124011
1049413126639
1080438311808
1079176192153
706192322020
1013897522407
965710670307
979486499943
653390932628
1092337451736
992858385734
756160281811
607562838884
768512161169
622651042938
545348466527
1180970553325
845296008489
865057547679
928417514807
809598650566
862888362076
919804432608
1029186869849
812823245258
585471419668
1217362798630
926017322283
935318164860
630972470723
824242353121
752645156951
495795361807
842240829537
911976086161
1107974249425
420050436471
939475232812
266602704146
419641823801
538675806655
779458770132
641174266191
620773010807
876847135881
388962560839
584736870921
778490537918
576277205702
430925223676
649424307519
596365079786
696986842752
277849372690
526240945532
437915575848
763027839895
412602405662
806329797977
652823628780
679540614099
537172348951
642778515567
680412471358
681981068642
348287263674
395967457509
236154942068
233046895501
947147731252
386375446871
345970691437
435047828418
351497282532
533826103795
849568474878
548310121655
688481125247
655851625831
413246995327
837876207035
290313680121
419910458411
507889191779
442592650332
452755632606
288896881666
252794809325
371277963881
367449035363
381395470501
335006886068
144129561600
212965679287
391776232995
604549263120
358036629005
521457129015
287688303182
259997374816
408151119588
208780988704
287806256304
164445843341
566735119331
1037329678189
355868120218
641460598293
285558275386
291615950098
297827079011
321471788699
212211911968
170424329542
112458575184
378085357944
378165426661
141745530195
349490624970
74621462917
533931335281
292555646447
175974221185
265569777992
171715148281
259898032155
297140536047
180457378898
39496329508
124299772033
272860740597
441242055617
161789920455
343755106039
208611668992
163059882945
369317668997
160208962905
184737435559
197480028515
303955760468
149203130402
409924775902
312036107309
381225505501
239157978448
38039542727
325974910167
104715248866
87526330102
208451385277
303694921738
248517537465
94483191780
124656776370
143852842341
115272040070
250025231908
232393817778
362496537699
26913672632
419362241120
252139639073
295515928373
234365878046
160742475475
110573311287
190929813977
87807743273
230855377081
130450494970
63056955935
70036833338
27421105948
213701378755
279635511551
213023137825
141053516854
281831483177
237464891778
110994014903
321257389660
79185060762
151935275974
135153153021
149411845683
175197750091
237658188356
177587529906
78657039742
65749464636
257733857313
94670985068
75363101627
137946304616
190235746673
72155322582
105970572497
74561070393
340538818276
99367118383
30640019905
61836661440
138392230283
233030206992
101955833921
142612455866
59915486693
57832482511
50981988436
75365169173
31288394274
86305230884
186369444934
3084744146
87707018755
23396043401
30758331622
89399489450
82947701914
6647694785
25627899168
52026532621
26730210608
79857872547
141807584051
90853476423
79031954682
47400159652
9884056822
63480463288
22032047920
61188137244
6570981446
77950439917
48455862812
10568156042
33859396798
31474436464
84281388269
44011809359
143831051982
4528812810
32032029205
34432651731
54817889444
