0.000000
0.387000
0.774000
1.161000
1.548000
1.935000
2.322000
2.709000
3.096000
3.483000
3.870000
4.257000
4.644000
5.031000
5.418000
5.805000
6.192000
6.579000
6.966000
7.353000
7.740000
8.127000
8.514000
8.901000
9.288000
9.675000
10.062000
10.449000
10.836000
11.223000
11.610000
11.997000
12.384000
12.771000
13.158000
13.545000
13.932000
14.319000
14.706000
15.093000
15.480000
15.867000
16.254000
16.641000
17.028000
17.415000
17.802000
18.189000
18.576000
18.963000
19.350000
19.737000
20.124000
20.511000
20.898000
21.285000
21.672000
22.059000
22.446000
22.833000
23.220000
23.607000
23.994000
24.381000
24.768000
25.155000
25.542000
25.929000
26.316000
26.703000
27.090000
27.477000
27.864000
28.251000
28.638000
29.025000
29.412000
29.799000
30.186000
30.573000
30.960000
31.347000
31.734000
32.121000
32.508000
32.895000
33.282000
33.669000
34.056000
34.443000
34.830000
35.217000
35.604000
35.991000
36.378000
36.765000
37.152000
37.539000
37.926000
38.313000
38.700000
39.087000
39.474000
39.861000
40.248000
40.635000
41.022000
41.409000
41.796000
42.183000
42.570000
42.957000
43.344000
43.731000
44.118000
44.505000
44.892000
45.279000
45.666000
46.053000
46.440000
46.827000
47.214000
47.601000
47.988000
48.375000
48.762000
49.149000
49.536000
49.923000
50.310000
50.697000
51.084000
51.471000
51.858000
52.245000
52.632000
53.019000
53.406000
53.793000
54.180000
54.567000
54.954000
55.341000
55.728000
56.115000
56.502000
56.889000
57.276000
57.663000
58.050000
58.437000
58.824000
59.211000
59.598000
59.985000
60.372000
60.759000
61.146000
61.533000
61.920000
62.307000
62.694000
63.081000
63.468000
63.855000
64.242000
64.629000
65.016000
65.403000
65.790000
66.177000
66.564000
66.951000
67.338000
67.725000
68.112000
68.499000
68.886000
69.273000
69.660000
70.047000
70.434000
70.821000
71.208000
71.595000
71.982000
72.369000
72.756000
73.143000
73.530000
73.917000
74.304000
74.691000
75.078000
75.465000
75.852000
76.239000
76.626000
77.013000
77.400000
77.787000
78.174000
78.561000
78.948000
79.335000
79.722000
80.109000
80.496000
80.883000
81.270000
81.657000
82.044000
82.431000
82.818000
83.205000
83.592000
83.979000
84.366000
84.753000
85.140000
85.527000
85.914000
86.301000
86.688000
87.075000
87.462000
87.849000
88.236000
88.623000
89.010000
89.397000
89.784000
90.171000
90.558000
90.945000
91.332000
91.719000
92.106000
92.493000
92.880000
93.267000
93.654000
94.041000
94.428000
94.815000
95.202000
95.589000
95.976000
96.363000
96.750000
97.137000
97.524000
97.911000
98.298000
98.685000
99.072000
99.459000
99.846000
100.233000
100.620000
101.007000
101.394000
101.781000
102.168000
102.555000
102.942000
103.329000
103.716000
104.103000
104.490000
104.877000
105.264000
105.651000
106.038000
106.425000
106.812000
107.199000
107.586000
107.973000
108.360000
108.747000
109.134000
109.521000
109.908000
110.295000
110.682000
111.069000
111.456000
111.843000
112.230000
112.617000
113.004000
113.391000
113.778000
114.165000
114.552000
114.939000
115.326000
115.713000
116.100000
116.487000
116.874000
117.261000
117.648000
118.035000
118.422000
118.809000
119.196000
119.583000
119.970000
120.357000
120.744000
121.131000
121.518000
121.905000
122.292000
122.679000
123.066000
123.453000
123.840000
124.227000
124.614000
125.001000
125.388000
125.775000
126.162000
126.549000
126.936000
127.323000
127.710000
128.097000
128.484000
128.871000
129.258000
129.645000
130.032000
130.419000
130.806000
131.193000
131.580000
131.967000
132.354000
132.741000
133.128000
133.515000
133.902000
134.289000
134.676000
135.063000
135.450000
135.837000
136.224000
136.611000
136.998000
137.385000
137.772000
138.159000
138.546000
138.933000
139.320000
139.707000
140.094000
140.481000
140.868000
141.255000
141.642000
142.029000
142.416000
142.803000
143.190000
143.577000
143.964000
144.351000
144.738000
145.125000
145.512000
145.899000
146.286000
146.673000
147.060000
147.447000
147.834000
148.221000
148.608000
148.995000
149.382000
149.769000
150.156000
150.543000
150.930000
151.317000
151.704000
152.091000
152.478000
152.865000
153.252000
153.639000
154.026000
154.413000
154.800000
155.187000
155.574000
155.961000
156.348000
156.735000
157.122000
157.509000
157.896000
158.283000
158.670000
159.057000
159.444000
159.831000
160.218000
160.605000
160.992000
161.379000
161.766000
162.153000
162.540000
162.927000
163.314000
163.701000
164.088000
164.475000
164.862000
165.249000
165.636000
166.023000
166.410000
166.797000
167.184000
167.571000
167.958000
168.345000
168.732000
169.119000
169.506000
169.893000
170.280000
170.667000
171.054000
171.441000
171.828000
172.215000
172.602000
172.989000
173.376000
173.763000
174.150000
174.537000
174.924000
175.311000
175.698000
176.085000
176.472000
176.859000
177.246000
177.633000
178.020000
178.407000
178.794000
179.181000
179.568000
179.955000
180.342000
180.729000
181.116000
181.503000
181.890000
182.277000
182.664000
183.051000
183.438000
183.825000
184.212000
184.599000
184.986000
185.373000
185.760000
186.147000
186.534000
186.921000
187.308000
187.695000
188.082000
188.469000
188.856000
189.243000
189.630000
190.017000
190.404000
190.791000
191.178000
191.565000
191.952000
192.339000
192.726000
193.113000
193.500000
193.887000
194.274000
194.661000
195.048000
195.435000
195.822000
196.209000
196.596000
196.983000
197.370000
197.757000
198.144000
198.531000
198.918000
199.305000
199.692000
200.079000
200.466000
200.853000
201.240000
201.627000
202.014000
202.401000
202.788000
203.175000
203.562000
203.949000
204.336000
204.723000
205.110000
205.497000
205.884000
206.271000
206.658000
207.045000
207.432000
207.819000
208.206000
208.593000
208.980000
209.367000
209.754000
210.141000
210.528000
210.915000
211.302000
211.689000
212.076000
212.463000
212.850000
213.237000
213.624000
214.011000
214.398000
214.785000
215.172000
215.559000
215.946000
216.333000
216.720000
217.107000
217.494000
217.881000
218.268000
218.655000
219.042000
219.429000
219.816000
220.203000
220.590000
220.977000
221.364000
221.751000
222.138000
222.525000
222.912000
223.299000
223.686000
224.073000
224.460000
224.847000
225.234000
225.621000
226.008000
226.395000
226.782000
227.169000
227.556000
227.943000
228.330000
228.717000
229.104000
229.491000
229.878000
230.265000
230.652000
231.039000
231.426000
231.813000
232.200000
232.587000
232.974000
233.361000
233.748000
234.135000
234.522000
234.909000
235.296000
235.683000
236.070000
236.457000
236.844000
237.231000
237.618000
238.005000
238.392000
238.779000
239.166000
239.553000
239.940000
240.327000
240.714000
241.101000
241.488000
241.875000
242.262000
242.649000
243.036000
243.423000
243.810000
244.197000
244.584000
244.971000
245.358000
245.745000
246.132000
246.519000
246.906000
247.293000
247.680000
248.067000
248.454000
248.841000
249.228000
249.615000
250.002000
250.389000
250.776000
251.163000
251.550000
251.937000
252.324000
252.711000
253.098000
253.485000
253.872000
254.259000
254.646000
255.033000
255.420000
255.807000
256.194000
256.581000
256.968000
257.355000
257.742000
258.129000
258.516000
258.903000
259.290000
259.677000
260.064000
260.451000
260.838000
261.225000
261.612000
261.999000
262.386000
262.773000
263.160000
263.547000
263.934000
264.321000
264.708000
265.095000
265.482000
265.869000
266.256000
266.643000
267.030000
267.417000
267.804000
268.191000
268.578000
268.965000
269.352000
269.739000
270.126000
270.513000
270.900000
271.287000
271.674000
272.061000
272.448000
272.835000
273.222000
273.609000
273.996000
274.383000
274.770000
275.157000
275.544000
275.931000
276.318000
276.705000
277.092000
277.479000
277.866000
278.253000
278.640000
279.027000
279.414000
279.801000
280.188000
280.575000
280.962000
281.349000
281.736000
282.123000
282.510000
282.897000
283.284000
283.671000
284.058000
284.445000
284.832000
285.219000
285.606000
285.993000
286.380000
286.767000
287.154000
287.541000
287.928000
288.315000
288.702000
289.089000
289.476000
289.863000
290.250000
290.637000
291.024000
291.411000
291.798000
292.185000
292.572000
292.959000
293.346000
293.733000
294.120000
294.507000
294.894000
295.281000
295.668000
296.055000
296.442000
296.829000
297.216000
297.603000
297.990000
298.377000
298.764000
299.151000
299.538000
299.925000
300.312000
300.699000
301.086000
301.473000
301.860000
302.247000
302.634000
303.021000
303.408000
303.795000
304.182000
304.569000
304.956000
305.343000
305.730000
306.117000
306.504000
306.891000
307.278000
307.665000
308.052000
308.439000
308.826000
309.213000
309.600000
309.987000
310.374000
310.761000
311.148000
311.535000
311.922000
312.309000
312.696000
313.083000
313.470000
313.857000
314.244000
314.631000
315.018000
315.405000
315.792000
316.179000
316.566000
316.953000
317.340000
317.727000
318.114000
318.501000
318.888000
319.275000
319.662000
320.049000
320.436000
320.823000
321.210000
321.597000
321.984000
322.371000
322.758000
323.145000
323.532000
323.919000
324.306000
324.693000
325.080000
325.467000
325.854000
326.241000
326.628000
327.015000
327.402000
327.789000
328.176000
328.563000
328.950000
329.337000
329.724000
330.111000
330.498000
330.885000
331.272000
331.659000
332.046000
332.433000
332.820000
333.207000
333.594000
333.981000
334.368000
334.755000
335.142000
335.529000
335.916000
336.303000
336.690000
337.077000
337.464000
337.851000
338.238000
338.625000
339.012000
339.399000
339.786000
340.173000
340.560000
340.947000
341.334000
341.721000
342.108000
342.495000
342.882000
343.269000
343.656000
344.043000
344.430000
344.817000
345.204000
345.591000
345.978000
346.365000
346.752000
347.139000
347.526000
347.913000
348.300000
348.687000
349.074000
349.461000
349.848000
350.235000
350.622000
351.009000
351.396000
351.783000
352.170000
352.557000
352.944000
353.331000
353.718000
354.105000
354.492000
354.879000
355.266000
355.653000
356.040000
356.427000
356.814000
357.201000
357.588000
357.975000
358.362000
358.749000
359.136000
359.523000
359.910000
360.297000
360.684000
361.071000
361.458000
361.845000
362.232000
362.619000
363.006000
363.393000
363.780000
364.167000
364.554000
364.941000
365.328000
365.715000
366.102000
366.489000
366.876000
367.263000
367.650000
368.037000
368.424000
368.811000
369.198000
369.585000
369.972000
370.359000
370.746000
371.133000
371.520000
371.907000
372.294000
372.681000
373.068000
373.455000
373.842000
374.229000
374.616000
375.003000
375.390000
375.777000
376.164000
376.551000
376.938000
377.325000
377.712000
378.099000
378.486000
378.873000
379.260000
379.647000
380.034000
380.421000
380.808000
381.195000
381.582000
381.969000
382.356000
382.743000
383.130000
383.517000
383.904000
384.291000
384.678000
385.065000
385.452000
385.839000
386.226000
386.613000
387.000000
