14674060771972534
6205693778707433
2148447967702103
1136071453091430
739918674752206
544678262347583
428830620639558
362676858967555
325106383923217
294225291582286
268113372788617
252109224501423
231061591412763
218306442523100
205787107445553
202955927312178
188458908014634
185400294814482
173269280944955
168297203310145
163350047280897
156034596850897
149198292173820
144433704034699
140440738466121
135110170476157
133351788059163
127531190552514
121053614417032
121161557566559
118212902758323
111617730551849
110355164847459
109000585366548
102864770874424
98926856066826
96360792875943
92463430800203
90887171756510
89313480559764
88492605144579
82843586644229
83536563893720
81557496508281
78409591409956
77261572493932
75333040889530
74278896632376
71707395307744
69075989320073
69343025089104
67757831510548
66093870486727
63827525771666
65853706753492
62057323085336
60438065126428
58995877208348
58802617173418
55116935660284
54180307885089
51687240148680
52591931717658
52939353803154
50279934838105
49832120329913
47843853516710
45362413814066
47212235048095
45912527589704
43444431925009
41829317329168
40784411699448
40168293357533
40854278724673
38214727265312
37993554894945
38277572790478
36149257095038
35018761386832
35789722863157
33228130169458
32805367876491
31839825784530
30378563155850
30376527313283
30516137202242
28881042951133
27658628034035
27356944814770
27148518070389
27867692543533
26278787378145
26000905928615
25439419768234
23701009200915
23180171792045
23610193380683
23486232873158
22004429934162
21647303774044
21603710704693
20629816644756
20524701634786
19074180703287
19249015628076
19611273176720
18738079307188
18770578871973
18364293645306
17625889286446
16777324938853
16696476829799
17365374005566
16852442489663
16018896425507
16672368878374
15909281581243
15119054741213
14669750703313
14849598803277
15299753732587
15028049765016
13016638490123
12684612239858
13564712318440
13360246113351
13116725321839
12419012187447
12664414365459
12653254634543
11792311223607
11340314754205
11623436334415
11188320335315
10398040967383
11005084744430
9791556116119
9810511090443
11114024545573
10680959017759
9515259368453
9330374000821
9129915170743
10578496690632
9441367935828
9920533616389
9096001719111
8360693715877
8744330137631
8244224839037
7902914659054
8070262004106
8892761642131
6699859269336
8496549986336
7762065669235
7561169585751
7309738429438
7812466412865
7567314055438
6989900371856
7548416823073
6978983311497
7302814232806
7998010322714
7160164654863
6633827870198
6174540827089
6220806532346
6106214755742
5930980643541
6069019136175
6378334845256
5531203193483
6691152449730
5812414879585
5673002988807
6113466553368
5757811738605
5019421071617
5370842147449
5556734013116
5697243565571
5735615511870
5169756586711
5599515650661
5525120118002
5582477809003
4828798882311
5173473937224
5120126275338
5000371821242
4756662265492
4588908111079
3946340405657
4274655746497
4412156027364
4749292810485
3228627805643
4936782759314
4082380517047
4404650652983
4162164120796
3739658563514
3330633004449
3702544904130
3871139053176
3635527663681
3155362727753
3690599296577
4008409184512
3283672351782
3654760176579
3032350881281
3322425471824
2720913082238
3384126035233
2776621715673
2900586960968
3129197974616
3245663548354
2746259837910
2760001745309
3379092968057
2303437211186
2285333384133
3192748790966
3063193372820
2944166042181
2569840729311
2475585932758
2181278587098
2556088408129
2938129968217
2469342218843
2452503945627
2406513396198
2500028484620
2536593297012
2384404119515
1927750058878
2421453238177
2035310273024
2208860610914
1849061451421
1968615605754
2376083091902
1836654973263
1945840469340
2166026659727
1954492369257
1912670915211
2230657322741
1732816359999
1870879821204
2100160468793
1809110103764
2041000612048
1467303613769
1714955995758
1306569308356
1759453802816
1611059569138
1330584339161
1790393419604
1406767636421
1554953144961
1705289484920
1324470570550
1632821927287
1177401706484
1430379196470
1806727651127
1422973612065
1591777834537
1558101164027
1408696336499
1164724165478
1280828309139
1420260662792
1330585179456
1182806607693
1265732428551
1281896138487
1561024851614
1487505062161
1218567187144
1249998808454
1457286984985
1215324380920
1286438527436
1353610400335
1186206489226
1105823152933
1133007566146
995726389253
1261212751501
1183699386865
1003847476192
1059207225272
1138469103411
929199916850
1237933430308
849618692131
935403684256
997596204523
1047048927783
1010980309267
974938474946
796121902629
1100252976968
985860734466
914136279436
1197680773378
1008686027653
904662078221
839924923611
929918381341
975884824097
850049968448
995644077314
838056537336
823059665319
981094545367
729326173328
962915980533
1004023189050
707424996056
851625493533
965934371376
856912722387
855777464609
766496735009
827288337532
827336426574
963055686747
681452714314
683305769367
561251994919
758233478357
821008772512
572390425685
749849274710
693764118237
741486617689
906655873592
758357421306
693262680393
802201549439
658797783300
812232687036
733767999241
797498551034
634261787584
659934778387
770380073675
543942730038
653653251336
858627438593
620838538579
675945459971
559465270983
695614227527
759437135130
772932164361
805224594752
529563435011
568936494949
801236850828
578259200263
646251383659
500669185181
591438519658
649415230425
746079666307
560681008306
749199305070
383212943656
539763629208
471839201644
556795895866
546401265421
581200273203
683145934776
467233695970
507180199726
569991828398
495505979058
422787068594
332853910119
473099474111
492582158479
499646178125
486321047053
473887213679
530354198174
482190041841
499610732394
559674125074
316375229795
371292491023
463882607476
304730901943
469292729983
393718651086
322976690684
491748703251
362766192261
457917793891
477094069560
285251011571
280067515174
302394914394
386493585149
482894765315
309531471383
502178280557
608445332662
394300885540
346610286970
231691986587
247698608445
464830881122
407196763785
388567656194
434610349079
407399623178
347966637365
246674789746
450513667138
320246533097
235770618996
160078418541
265368478324
331103178315
327575665993
288900960605
254017807673
357029978572
223567037751
436884134247
238510050829
328925377295
294563478760
306744145987
212466927306
318018070675
307692418383
259787508997
217113716803
286121511510
310941203777
194708882275
206852365918
259456040529
272677034252
251691079437
219136858476
364538253139
329993481991
273997282322
294288681939
230054412211
230694912138
315099872046
169090309317
174494313547
130376358431
266575267255
322075475215
251027402899
142330886696
252039748395
195993904981
383159340620
276777582346
242900041337
183057700916
174952700523
235485307901
252101105932
215600545436
228700097092
124860484135
309153725162
207874019384
272031669520
99886468687
251071876814
182276347037
163840930946
221834626267
113182160740
188087313757
110350204222
135578054868
228819669073
243179118423
154377185995
200667600169
141199607703
119477394529
192831539451
126835859811
163137081661
65418311642
133816229584
248225858620
101536122074
136840652544
221233511320
118549948202
135712515502
177935137052
159843875380
162166129677
167153041279
72366774377
255601174365
136646224713
176672244773
77019677851
124521552202
196827498836
128932327427
179623007454
102571216802
133603591456
105696242286
155394612894
155428005529
77764077916
93109438954
102485344233
193161092552
158364012473
149328825074
134983113930
56926835192
96081205544
81486148407
73106844568
127263758417
52572401169
144849528223
149484207687
242601197684
162255244004
49664555780
86417707836
122022117939
208289198502
156778871367
63390233188
54326277611
112868839430
79237258080
80646485110
42222005011
71411343797
43041353808
100781628908
133134334604
165811111002
52794444799
118841984461
143036889054
72833887782
143077772512
106319603021
100199234560
98429836647
92499127998
61350020817
139631095934
147981780463
39116739510
9019021616
33266947338
98302278255
62916593084
170824062706
51216690474
44526888450
29246208829
61178408795
116153050871
100958241330
28349961275
85846549824
89554302974
150572638141
110267424325
75239466462
135150016692
32515332398
81206749495
57185889741
62892978021
235219544232
77909306842
89751592753
32274245653
77149273716
70540921212
17630547438
43534535355
50630287422
9007267737
70452056916
85697277876
85138675340
86021380622
164192981897
109894834641
101010961218
52719602505
18624446481
26323802683
59485906954
27185768212
113137472650
54563336853
87862425077
92480215991
28660889392
78704209619
120328007951
76836480276
48163741833
29374689405
47887693190
91534604903
37488890985
45604436662
19689506177
0
30629427180
51855682433
111853505949
39115278760
59563739682
84479875767
27483591625
95281245375
37416266580
52230341592
26084610695
8072485904
63850865507
10758024059
37617120120
20050989673
71168426575
52779758617
104958385058
57320959122
31225931530
61966229684
41491861521
79096868555
39659104441
60271654937
8832168234
17714603548
56144194551
62748188482
10106071184
21573575162
83764709229
44163591076
37882988109
0
29225553674
28428048396
28006536121
20085377087
87141743245
36985581574
148471596446
21373131948
114442581100
76473526586
8149230145
52003639177
49079407882
0
0
8281445459
26953137078
50300378330
35470799543
45625934075
10574364242
30545735555
38227321996
18097942366
0
0
43005904832
27281809596
45453916408
31016574690
8287040944
18620072890
0
17663298523
7522123508
79974016884
0
0
8359729441
8109082175
0
23108885482
20588029532
8422921227
18999927128
0
0
8557884069
10897700984
9788955155
8037422443
0
7909737316
0
9159568656
19020484150
10200670238
15331632644
8082841217
0
7719510454
0
0
39172976038
8408912326
64085401031
27013306453
8923264094
8781334317
0
0
0
0
10168460848
28667537666
9167056281
0
11018836422
8431177925
0
0
0
24825038260
18227797681
8365209422
10811089301
0
0
0
8279416332
0
0
8111374263
0
38993052706
0
10777918787
9048638752
0
0
0
0
0
0
0
0
0
0
0
0
0
10551657932
0
0
0
0
0
0
0
0
0
0
0
0
0
0
0
0
0
0
9511531719
0
19047162613
0
0
0
0
0
0
0
0
0
0
0
0
0
15649686744
0
0
0
0
0
0
0
0
0
0
0
0
0
0
0
0
0
0
0
0
0
0
0
0
0
0
0
0
0
0
0
0
0
0
0
0
0
0
0
0
0
0
0
0
0
0
0
0
0
0
0
0
0
0
0
0
0
0
0
0
0
0
0
0
0
0
0
0
0
0
0
0
0
0
0
0
0
0
0
0
0
0
0
0
0
0
0
0
0
0
0
0
0
0
0
0
0
0
0
0
0
0
0
0
0
0
0
0
0
0
0
0
0
0
0
0
0
0
0
0
0
0
0
0
0
0
0
0
0
0
0
0
0
0
0
0
0
0
0
0
0
0
0
0
0
0
0
0
0
0
0
0
0
0
0
0
0
0
0
0
0
0
0
0
0
0
0
0
0
0
0
0
0
0
0
0
0
0
10468200556
