59057400855421
54230465972269
50841137859968
46521983578983
44459971278591
40261338675434
37734060865309
35840108687324
30937324236397
31823303926772
28927064840629
27353186105835
24774569851866
22674445518151
22237006771820
21156678011337
22936056908857
19109172962105
20398936833324
20242842549504
20879491145986
18850485639623
17552627725751
14439366772831
18274637909884
16035057128602
14775964416103
14045823258848
14478818290302
16932140527466
13074811554460
14779250262692
13629882183810
12619468584536
13477561935454
12052909357753
10998253219521
11852253593008
12538862729454
12460778447206
13069414720544
11790559158182
11195028911056
11098793271009
8790946435947
10909826555019
10286484627953
9686879211658
9540377880229
9447237259469
10146128183644
7483203979729
7509719152152
8987252447443
8417288676603
7253555479614
6761435575208
6577364601460
5760435486102
6575934628232
6394888345901
5954000540194
6535616188322
7126056720123
6900836433603
6488602667039
7405032219361
6124765134853
6054953658325
5629957350831
6167497725520
6723726580791
6306892271694
5997372410086
6506216435195
6263356149855
4719751123387
4599070452582
4128845101771
6643432905399
6146001358597
5889331626028
4848987074086
4753094734773
4643874643248
4118728297127
5200730417005
4782643231234
4192124813568
4385872563159
3687961668236
4045076609288
5237719325948
2977844909850
5120533782861
4046647275367
4380294808731
4311153607745
4954481272705
2675792829021
3927828366139
4184574691044
4199155050066
3974337583471
3122688149539
3416091914685
4648370257079
2477703254321
3348705469892
2220123823121
3053821490941
3203955032899
2691851945194
3058443080992
3251330734199
3065741449468
2167621354020
2301217586850
2600931852099
1864617552075
2523299620530
2993800943666
1818370719524
1568500456898
2106848194080
1935106880753
2196889613146
2053393977864
2005435381025
2083894997772
1744021831167
1867990815653
1568854471770
1526440682202
2202472508635
1597085489026
1855319799877
1540552943597
1820793480755
2346863266615
1577149008891
1702845082566
1855813558455
1945527495950
1559110399365
2242513273915
1073450188092
2263826955128
1146865624863
1296184487063
2146174809992
2033918371454
1601813489234
1916829038484
1568894248972
1517002524920
1825472668586
1110084591820
1704462802542
865989598165
2553598502082
1993695284522
1388326939714
1189340678394
1923153508926
1475362372548
1235398377399
988092795358
842915365493
1126352154434
1328015137043
1174852366791
1467671664544
890322976589
864687684542
1296182319953
1208456820672
1271148251918
963410732108
1246843614320
968783071967
1019662253119
1140796966575
1321995406590
1088839979020
1015348344208
969298739004
1327302775978
972646180782
1647516022998
931146456673
1017097663407
1216329695513
701265308616
1210825467493
992710299347
874721618605
684296630276
247814509901
934893561895
779906924726
1025726326572
756203217292
1103560538964
471784974335
531417023347
586778288522
712049599262
709423339859
519003514233
623174309330
598451605402
541702559885
488977405463
765863179579
875888122607
479777482195
395846966702
672767924126
962612100428
688036090201
483040094436
242314913233
362612668457
898570223787
442028139766
1357111577541
887750687907
1123070917678
643949876776
560377950035
770056147679
399699940823
76311665106
736922410658
1208132707135
524930639360
472752537990
847439755365
1493076164354
564212849816
97559785389
554248673485
522126912501
681074587680
112327795885
668329280322
434475152453
294227925150
487308636839
629726641814
530890043296
328548814617
474286384667
358580643417
670561372864
568049658051
631844439271
304988552600
462663671581
600833009513
744281195400
305921463403
718106802623
728855673938
583046583007
345446683342
841575157838
173316149613
531481263250
474425925592
551835591918
315086653864
125342290032
312168249757
417478551352
719286901651
365636366513
573374813880
795454500442
323860934478
389887343776
295140369385
165536147694
171067926861
33681671949
324740775920
196233013093
242045246240
600315113139
606333477681
529983196372
382743694731
59907881302
169171570048
418634933674
7849459492
303437884144
260905037979
448272845170
68061776377
132341299119
574321714097
16541196748
303575445437
540977990693
132732580959
415814548770
518118265530
518157717394
150650276257
622082868457
253466086166
416558245068
273977033485
38216982974
428072143263
973522849733
649570376914
527705476226
395627461549
255788155996
405264576480
154066683630
76486273982
157065611736
145371510921
285775799438
417902867762
141164495325
397404177820
85553182023
636359795217
179166968156
134248881874
11788838047
260393508807
519253978529
140893365633
152286829645
423903502669
154528566777
394504447786
550052985225
131587220201
274307417113
264542557639
67342284920
154216766288
32961346966
129284881622
461994968632
256159893580
266842267749
456324290787
302527403205
131499590061
290885179921
148990674140
131779098694
142123584494
483802473561
261114246408
268190873575
253466086166
253466086166
262324401425
392074634152
2542416431
292376139345
151477697180
12698242336
6287575704
129327836158
257185470035
51802871675
214220545881
153522806241
520450306797
3194129773
129054629851
129143610489
210163544582
272120882491
142076580932
126733043083
2485171806
509451194343
280772400760
12325287931
2440486552
126733043083
138237693723
261817004221
632855476676
129065326111
380199129249
2352017613
2321632108
272402659892
2596374374
46082362557
380199129249
7880383299
26545330049
144582513141
2348203099
382847793874
126733043083
3832214080
3554814327
3149767027
380199129249
131585249204
126733043083
210640794921
129466357310
137091840232
150653458965
2327275036
256727180192
147831543258
267834800670
129120020327
261020378910
126733043083
126733043083
13636816472
5478132381
3611275915
126733043083
256322562894
10716877873
256360008429
253466086166
126733043083
2439893276
3891150193
126733043083
24148085515
2589906715
253466086166
137884709904
256092141778
126733043083
2328616183
260108695774
2404564439
126733043083
13654756201
133722588390
5772533344
22757094649
126733043083
131300159297
131983242700
24699255315
4376716830
129866117548
139805926548
537592369914
129672265183
126733043083
126733043083
253466086166
11106809750
126733043083
126733043083
5557325228
2354149834
10017880156
