235112793115548928
94079271100838656
30342725438893908
13919396906966468
8138620329304347
5456298107789892
4053190226013278
3192085829800508
2580470718144090
2165481083492096
1845641201290885
1588451629140817
1412114945150666
1249876884156999
1122567968261961
1040451625909049
938527234934968
838262864102086
762358687639469
735449406157670
649374489151492
614192882743790
567830450097003
529392010674227
488527752030917
449565410175033
438873723984505
417555988893430
407509703606765
376817167594130
350095308902079
331327896330114
318620064362715
301912147973162
283605003810367
282589020727588
261899341201773
252367830852731
250240759772594
240567557071745
235365008458527
226700124240150
216910606993212
206220252458523
200084122315791
203413304023391
183338955932668
171463332971339
172350203198529
158974427875201
163023908992085
160879592901711
155577426248132
144067762298907
148689691127572
135303429911321
131859826503833
128358219862614
128362403171234
124478280764208
120731797596147
112952150567302
100883495098097
112668340051454
109776205842467
103966505478789
106811450212751
105360392203895
89452809256018
93234535332247
84569194270403
89505943159734
85286695439006
81051173596340
82361374905356
83414428770597
83049089605942
76083879942941
72229050329293
80045933516393
74212814709888
66006123046615
70493954349416
66564137634405
64510278406457
56986207656704
57383685727513
55772779053184
55562602716338
51092882852806
53742712049131
55895779312195
53576479620211
49129586395405
50860790956563
47606870747485
45944258243012
45704498473605
50022056583655
49429308857383
43398256821517
44681973881874
45298253686888
44797160446186
37610437530788
39441093321932
39811486080917
40542237238794
37266117331433
36986166683180
34846692776759
39006673662695
34455503238151
32851280007444
29859928349345
33316853276509
35740049118637
34439499241642
29565057842899
35106760659377
33074027340178
33470739448012
32332254854064
30053785500272
25527724817914
26939322333255
27841092730900
31368165987091
26340352360345
30398635160553
25831849029988
30462378090026
26624550166085
26687190614373
23860246604206
23374423874632
25663958401859
22875494121922
25546336307604
21133848467741
24636887814032
21724589167574
29389253350958
22529770939736
23182139949178
19301378327687
19985971583823
22837200485558
19923810380384
22055193429422
22543963527340
21069357697571
20141248622756
20837244685333
19368017593120
21283458202546
18722836298039
15134226455677
18790837642045
17717240708573
19281861493028
16734593784631
19977309653775
17484032969721
14054200203035
19203227421670
18065202243236
16116220993994
18566424777238
15551044036240
11213478031097
16627670608814
15232168319296
16211113635048
14388242723321
13688248428163
14589023716887
13966146415032
15990093543413
14400236239476
15386950051674
13986636355361
13957744568508
14797055523808
13170218038754
15754852474542
11871679584456
14051823798944
15227820084153
12987610212121
12954496795965
10796454430539
11402288570955
15154505098024
13637736415151
9783463120857
12489220482676
12921987339591
11448684710462
10663413419946
13397989410898
9757312397865
9595679555441
10494389344487
10467661591207
8950637517205
9138931297173
10721782872090
10522917966516
9144348844047
8146119062258
9777592017714
8342216779290
9057706899047
9516754701445
8742407904911
7585107171174
6867200254979
8366046509922
6092288822428
6506844821475
9815272955894
7773398979803
9576326274376
8204142020306
6675373111249
5405953684270
7697114352941
6149064658738
8886404952514
5463463209867
6699962579738
5569988319502
6997145627928
6336391844551
6711592148001
7512852581304
6965506664169
7180559950154
7305286832781
5405823498501
4593532699095
3971421605308
4672239791371
6820804775278
3248002197965
5811177575019
7511841596530
5823170507679
5745898507435
6461605719071
6174913005561
5883080348601
6084248557500
5871128520615
3388807204426
5229853985741
6712883337642
3613811353018
3940631173945
3332596364373
4256344107504
5316558776889
3096607016767
3465542513559
4843025245884
4323124846728
4766058772734
4136626856873
3778236841069
3156448774491
6168787725958
3977876464747
3397331546783
3263181966829
4000846220899
5587508497238
2843303949668
4123240079800
3746953581278
5227710395795
3481235301572
3286468465828
1767662088157
5022601103272
2762393432596
2730674208285
3088799669052
3206508045086
4054353113324
3648079760486
2722124811446
3627944886367
3461122710344
4036487583676
3333726027460
2211272456750
3354514146474
2172752985314
2401669377913
2714973744016
2419488557420
2610473432683
2045994142003
2580455530792
3044088335508
2801681200698
2821925235607
2493985163629
2698251489555
2087374583448
3351600976261
2001083213845
3156674729748
1603684010687
1621637114390
2289054236194
2219401454581
2317126302473
2345742264182
1563466264415
3636991561513
2137519221186
1447184307212
3040169353101
2054937161367
2013508093895
1614344940988
2605429347296
1336051879052
1193811065060
2205076718397
1945927815132
1984692641644
1568359733288
2684733335909
2836264614419
1631312825392
995569593662
612762915726
998381435267
1126549685781
1529816163754
2253179540256
1388586999745
2095232417429
2206405605396
2508018063722
2927441422163
1394224567769
1066336609971
799351723111
1309478594685
1305944957449
1551998230474
827829862225
1994584074117
1999504811347
1185823449349
1374771330843
1764250150623
988090995805
1089392402194
1258930329466
2176191986467
1965222393422
1218141575152
1724744421481
1730913070423
1103614088474
1070418686996
905064093051
1785860481501
2208838620159
1190259742185
1516430488060
1587021149178
800773586663
752371270957
1890151038134
1375872607357
1457246991273
1539745793779
989721097517
1127444288638
2046270176210
445838493247
1335142198799
1068542452790
935022360496
841774142578
1315973980155
1464986535820
918691674623
901345095030
1169671709457
1015768527762
583854120229
1226562756911
1067001245634
645254437414
1197495616023
1116991057336
1286190096406
558015502126
1499673241827
192516249807
1415973227584
488080139710
480086781725
527774002097
884886513521
1642656346020
839086677372
1730197294960
621370742355
1028544588141
779262955754
1039314503068
1341732851933
630564345549
882655315463
1370438714953
538760160090
1102225835495
821371479998
467705375962
662802121111
273093966508
1089766768948
206505396952
235348383999
881337051008
2389953775904
1456972378410
447730516560
1375711865137
71126044619
1831122127484
959734007668
778794378990
1193398512797
701661718182
386665252264
826054240618
484449312596
1031978909623
229543332180
213603738285
205273570411
470772311887
1019263504385
368179673715
660009320099
547444519224
1317141539976
524682581202
137051636150
253224623708
515963838325
1269591157054
466503200056
134063079384
110679979774
1079345798521
314077703999
615564349371
596715240023
1080590300586
1083609179044
514841009509
457924312069
363768447874
929795656093
190842391480
691160204562
124536882580
173727044354
123510953726
226459434769
224365674905
445824809596
1025422242365
520460379055
392867857928
655125782082
599530630732
639594014501
327700719656
243111211753
199837460349
543978941623
469566654869
393140458464
702732913374
526712572813
136455193123
441265001001
702803876607
194849005676
387145456220
662749586825
129662152555
637703123795
470679197944
186234965098
339465964286
726351503556
91535393792
96590257409
132813094886
540341839337
430356153466
594608395469
221220650181
332859699103
102568053372
596642214402
561593864578
714216256596
1007464667956
330772727291
201423680624
425546808084
230907130120
304124375111
661604967592
356789725234
103934679594
422148282376
241543581123
699558718359
103431426361
242109301813
98900297675
88965982455
406994588758
178678331388
110342175822
440811659182
57513043193
239659863691
344112506475
304875727164
55129326814
349152341643
170388179282
74278271715
93875710197
59323345766
75842129693
120113380799
380429333439
69054694688
458379128981
156428680540
287743894149
101484656568
349285693205
78571794783
416132448255
36797972679
152180385871
545341524789
328526069411
298109884099
64406323822
297270234433
110418511059
266389290953
69766742081
47263022700
283259851809
903537848665
662239803636
257987444005
180022583180
367346471276
89219596162
187692787743
27778001146
311556747257
171728340280
245538968422
309473346846
346251465901
98235224829
30085315731
139019349232
79448676543
364943847316
51204007926
135024256338
215432274420
41307549370
15595896102
499727853286
59604350795
52638828327
58888531158
89349413873
326710114100
38211946221
125691235525
11657026069
37039148452
94813834124
294052654827
51132010020
60940767220
42305770441
31787917652
43485710204
31689064493
522635209024
104440184465
394827185570
23996782114
62042714224
29851327654
30430452514
509996114789
181573697352
54210182040
166029079576
212371207078
32808984402
21043873047
41582172038
34628520474
50692259833
200251975618
4648410116
252105523257
57555448144
29240486520
283222230982
26730489521
59251890000
91563282719
17926602374
42333120428
220243610275
256958292089
25072184279
86490645071
14567986234
125143723648
13564212343
61566609214
29747577682
15701059514
236485434390
9372323051
162843091814
50611389494
24170243524
3680341159
253316904427
39620826404
4449888049
15177262387
24689822569
21742957602
0
332216444656
18917770553
4223648444
8300040071
44496921794
0
23762721468
148921135447
128151446646
29574203180
31985268650
37531329518
20634693222
22927177386
7676755801
28811766105
287157043749
17955670462
13824338978
120316564125
26830876432
108715851184
0
14776909224
321620157412
13715184610
298176459848
54624299476
8900694764
35016091468
27963277406
14174956130
7273486777
17787861063
212173705875
18002932130
0
7664332606
19087461155
263332571310
28543198133
35863835275
54181783517
57466478281
44386048021
25232816459
0
11627209699
6901501209
9655097916
126394961340
199607057271
24302009724
6101607395
39325608458
13619631391
12090373219
43954408480
4497708818
131402314390
27678509856
25203156309
39051713561
9514671581
9222211418
0
12141739117
159131273062
0
42057527044
0
38832430186
103817016925
20402789885
71520804953
26052119023
0
15029784355
5848149519
17436600853
0
0
231082753892
4052637057
309243244559
20035453247
21345075181
0
7879921078
0
0
479488798717
0
323276868886
52082500619
23152151204
22072555805
16179298655
19864562737
26071066451
308599680415
25271504636
3575783612
36054123513
18211555886
9536444043
12934058083
0
23323047584
300864566378
4226384173
42159956285
162779720078
0
21853970413
0
16816006609
11553179737
116309852931
221331401862
20022581726
34794352865
295002568251
5194976429
13398274872
0
0
7150508694
0
4929504366
0
0
7937456100
10479606140
127460581435
0
6192991540
0
15824528737
4629493676
13517880441
0
156524151290
4922305140
19618224938
0
0
18126851014
3651365694
0
25310663282
14457377793
0
9030605912
0
3395757987
31067130667
14336165862
3770635277
0
0
0
0
4876996396
26367185627
7898690242
9789235686
0
0
4328724299
295002568251
3169821915
0
16259148381
0
23694575773
0
12736817845
37835536895
0
5289924733
17186212946
288442223072
11379074594
0
0
3419269855
0
3428496073
7556246948
5254480208
8156613355
17926210586
3643620021
6306671469
13297125185
0
0
0
0
0
0
94435965428
0
0
5386880413
0
0
0
13692878216
0
0
125006610320
0
0
0
0
0
0
0
12512728686
0
7382765837
0
0
0
14684486873
0
0
0
0
0
0
0
0
0
0
0
0
0
31444704495
5632147487
0
0
0
0
0
0
0
0
0
0
0
0
0
0
0
0
0
0
5792230112
0
0
0
0
0
0
5244540653
0
0
0
0
0
0
0
0
0
4007736966
0
0
0
0
0
0
5699919360
0
0
0
0
0
0
0
0
0
0
0
15562803821
0
0
0
0
0
0
0
0
0
0
10470864178
0
0
0
0
0
0
0
0
0
0
0
0
0
0
0
0
0
0
0
16391929544
0
0
0
0
0
0
20343883924
