16.476500
17.539500
18.602500
19.665500
20.728500
21.791500
22.854500
23.917500
24.980500
26.043500
27.106500
28.169500
29.232500
30.295500
31.358500
32.421500
33.484500
34.547500
35.610500
36.673500
37.736500
38.799500
39.862500
40.925500
41.988500
43.051500
44.114500
45.177500
46.240500
47.303500
48.366500
49.429500
50.492500
51.555500
52.618500
53.681500
54.744500
55.807500
56.870500
57.933500
58.996500
60.059500
61.122500
62.185500
63.248500
64.311500
65.374500
66.437500
67.500500
68.563500
69.626500
70.689500
71.752500
72.815500
73.878500
74.941500
76.004500
77.067500
78.130500
79.193500
80.256500
81.319500
82.382500
83.445500
84.508500
85.571500
86.634500
87.697500
88.760500
89.823500
90.886500
91.949500
93.012500
94.075500
95.138500
96.201500
97.264500
98.327500
99.390500
100.453500
101.516500
102.579500
103.642500
104.705500
105.768500
106.831500
107.894500
108.957500
110.020500
111.083500
112.146500
113.209500
114.272500
115.335500
116.398500
117.461500
118.524500
119.587500
120.650500
121.713500
122.776500
123.839500
124.902500
125.965500
127.028500
128.091500
129.154500
130.217500
131.280500
132.343500
133.406500
134.469500
135.532500
136.595500
137.658500
138.721500
139.784500
140.847500
141.910500
142.973500
144.036500
145.099500
146.162500
147.225500
148.288500
149.351500
150.414500
151.477500
152.540500
153.603500
154.666500
155.729500
156.792500
157.855500
158.918500
159.981500
161.044500
162.107500
163.170500
164.233500
165.296500
166.359500
167.422500
168.485500
169.548500
170.611500
171.674500
172.737500
173.800500
174.863500
175.926500
176.989500
178.052500
179.115500
180.178500
181.241500
182.304500
183.367500
184.430500
185.493500
186.556500
187.619500
188.682500
189.745500
190.808500
191.871500
192.934500
193.997500
195.060500
196.123500
197.186500
198.249500
199.312500
200.375500
201.438500
202.501500
203.564500
204.627500
205.690500
206.753500
207.816500
208.879500
209.942500
211.005500
212.068500
213.131500
214.194500
215.257500
216.320500
217.383500
218.446500
219.509500
220.572500
221.635500
222.698500
223.761500
224.824500
225.887500
226.950500
228.013500
229.076500
230.139500
231.202500
232.265500
233.328500
234.391500
235.454500
236.517500
237.580500
238.643500
239.706500
240.769500
241.832500
242.895500
243.958500
245.021500
246.084500
247.147500
248.210500
249.273500
250.336500
251.399500
252.462500
253.525500
254.588500
255.651500
256.714500
257.777500
258.840500
259.903500
260.966500
262.029500
263.092500
264.155500
265.218500
266.281500
267.344500
268.407500
269.470500
270.533500
271.596500
272.659500
273.722500
274.785500
275.848500
276.911500
277.974500
279.037500
280.100500
281.163500
282.226500
283.289500
284.352500
285.415500
286.478500
287.541500
288.604500
289.667500
290.730500
291.793500
292.856500
293.919500
294.982500
296.045500
297.108500
298.171500
299.234500
300.297500
301.360500
302.423500
303.486500
304.549500
305.612500
306.675500
307.738500
308.801500
309.864500
310.927500
311.990500
313.053500
314.116500
315.179500
316.242500
317.305500
318.368500
319.431500
320.494500
321.557500
322.620500
323.683500
324.746500
325.809500
326.872500
327.935500
328.998500
330.061500
331.124500
332.187500
333.250500
334.313500
335.376500
336.439500
337.502500
338.565500
339.628500
340.691500
341.754500
342.817500
343.880500
344.943500
346.006500
347.069500
348.132500
349.195500
350.258500
351.321500
352.384500
353.447500
354.510500
355.573500
356.636500
357.699500
358.762500
359.825500
360.888500
361.951500
363.014500
364.077500
365.140500
366.203500
367.266500
368.329500
369.392500
370.455500
371.518500
372.581500
373.644500
374.707500
375.770500
376.833500
377.896500
378.959500
380.022500
381.085500
382.148500
383.211500
384.274500
385.337500
386.400500
387.463500
388.526500
389.589500
390.652500
391.715500
392.778500
393.841500
394.904500
395.967500
397.030500
398.093500
399.156500
400.219500
401.282500
402.345500
403.408500
404.471500
405.534500
406.597500
407.660500
408.723500
409.786500
410.849500
411.912500
412.975500
414.038500
415.101500
416.164500
417.227500
418.290500
419.353500
420.416500
421.479500
422.542500
423.605500
424.668500
425.731500
426.794500
427.857500
428.920500
429.983500
431.046500
432.109500
433.172500
434.235500
435.298500
436.361500
437.424500
438.487500
439.550500
440.613500
441.676500
442.739500
443.802500
444.865500
445.928500
446.991500
448.054500
449.117500
450.180500
451.243500
452.306500
453.369500
454.432500
455.495500
456.558500
457.621500
458.684500
459.747500
460.810500
461.873500
462.936500
463.999500
465.062500
466.125500
467.188500
468.251500
469.314500
470.377500
471.440500
472.503500
473.566500
474.629500
475.692500
476.755500
477.818500
478.881500
479.944500
481.007500
482.070500
483.133500
484.196500
485.259500
486.322500
487.385500
488.448500
489.511500
490.574500
491.637500
492.700500
493.763500
494.826500
495.889500
496.952500
498.015500
499.078500
500.141500
501.204500
502.267500
503.330500
504.393500
505.456500
506.519500
507.582500
508.645500
509.708500
510.771500
511.834500
512.897500
513.960500
515.023500
516.086500
517.149500
518.212500
519.275500
520.338500
521.401500
522.464500
523.527500
524.590500
525.653500
526.716500
527.779500
528.842500
529.905500
530.968500
532.031500
533.094500
534.157500
535.220500
536.283500
537.346500
538.409500
539.472500
540.535500
541.598500
542.661500
543.724500
544.787500
545.850500
546.913500
547.976500
549.039500
550.102500
551.165500
552.228500
553.291500
554.354500
555.417500
556.480500
557.543500
558.606500
559.669500
560.732500
562.858500
563.921500
564.984500
566.047500
567.110500
568.173500
569.236500
570.299500
571.362500
572.425500
573.488500
574.551500
575.614500
576.677500
578.803500
579.866500
580.929500
584.118500
585.181500
586.244500
587.307500
588.370500
589.433500
590.496500
591.559500
592.622500
593.685500
594.748500
595.811500
596.874500
597.937500
600.063500
601.126500
602.189500
603.252500
604.315500
605.378500
606.441500
607.504500
609.630500
610.693500
611.756500
612.819500
613.882500
614.945500
616.008500
617.071500
618.134500
619.197500
620.260500
621.323500
624.512500
625.575500
626.638500
627.701500
629.827500
630.890500
631.953500
634.079500
635.142500
636.205500
637.268500
638.331500
639.394500
640.457500
642.583500
643.646500
644.709500
645.772500
647.898500
650.024500
651.087500
652.150500
654.276500
657.465500
658.528500
660.654500
662.780500
663.843500
664.906500
665.969500
667.032500
668.095500
669.158500
670.221500
671.284500
672.347500
673.410500
674.473500
675.536500
676.599500
