376925296644151
340495447521711
328476324666004
305461294395935
283861604664509
265485620215531
249274783614887
234313803061532
220812997659170
213217605232423
196446497322475
191130648674614
180303060017341
178468640425927
168640574689878
161981893608529
152854404461256
150428037110779
142143518532997
136504437853009
136390412627978
129786782963502
127490082075967
124813111755595
123990145753868
122095618243067
116361776442946
112449297309806
105623925099755
104951278585803
102784601354886
103485791357143
99357679986880
96734905381080
93159483395055
90992213047355
84753875405726
85228460376101
83574563444362
81074728202395
82597068811149
74849723768543
76371052953459
73730022445440
72565362250475
73426361688646
70348198528032
64077441726781
72210029058232
66832691955086
62360150500990
58554993710938
61614663023996
59998817649943
59107590278038
58797323582312
56310593184745
57316409701844
57294922947418
56939157275253
53240471126008
53229871509550
49974971155215
51030451810210
50049903694587
47278988612448
48414852718691
47134563386282
42815878853301
44514338874844
45940262828698
41095604457362
42512614405086
40039116491135
42755311759395
42019902792879
40456416377550
38703619833456
37279964538885
37924176317518
37480571511143
34949704600833
37999842478915
35521210283567
34369809308149
32961864219045
31592957050087
34728258866928
33312224652584
32831646140139
31493969867246
31152109680027
29501296649824
30783431008508
29203104612929
31226501212126
27011925922354
28059138963254
31117519736130
27718427705726
29229225170904
25623235562725
28013207396944
27606492898116
24264977324623
24820667977630
26713106691175
23544920877538
23185224371752
26508952402875
23925589200584
25078202708961
24760905110215
21651208311475
22697618932107
23235945687536
20814874388233
23279664492010
23198488157841
20046828354100
21072871235102
20339048563889
21156139363858
21590942546118
22050984292808
22069762242381
20859443207543
21086509879314
22720407796149
19762796315784
19717149036710
19139985913153
17882283298714
18207382223322
17467360538553
19990397748598
16589465991379
17463619918785
18469879399750
17978154906546
18648450343596
18756569428175
19038534310171
16955631458702
16733941044732
17317948363974
15784089016702
15371766680069
16813577566308
16149213035937
16657365204290
16191763094671
16549089291789
14284121112300
15284037821749
17323090858589
16091824837420
14734004888865
15960383600287
15104237691921
14384025473350
14153268734738
14495228313843
14312469855933
13585518746039
15706585736064
14908983230309
12497466642367
11886080639607
12810747792751
10932068054984
12180724108516
13562212357034
12994519030474
11234972153931
11939495432677
11200011404931
11957256555468
12194561933024
11852416303994
12371054828429
11244879194399
13765339183756
10853239626306
11211129898681
11777243176559
11851478935331
10946471382328
11974747958808
11563243641422
10060560043045
9142549455185
9558412097458
10174358548100
8513542918317
9778452775249
10432162419458
10540269021846
10392857878661
9448094029165
8945121441961
7661641813483
9656658762939
9243206699407
9076371036292
8221182610508
7079303611871
8499460255083
7851607106566
9725643470368
9499923515988
8295360718077
8593972000768
8608445428461
7914367949736
7782172309851
8604944339705
7878976597022
7077304595627
7803645472078
8302731878783
7708960997018
8206872459336
7499840574995
8696446934777
9639165507265
8008850579153
7349871238875
7222838400679
7422136397895
7954341220477
6328453030906
6005177640874
6183897637354
7097064289716
8431090051551
7140823631210
6530924146614
5987472819373
6992944793656
6814140431307
6633217866062
7336224607654
6562292320288
7188724479142
6766645573748
6534786211615
5602097608099
5578776267288
6147193056346
5045892964989
5652498972578
5435302550188
7173042659021
5660907083854
6201571178697
5981107640887
7183020250645
5384050434431
4622302523321
5202811700624
6573064298275
5961450400990
5327486887633
5155188419004
5680083546078
4976496585852
6419145466713
5746436120355
5254196158157
4326616527577
5314253361018
5686616796782
4337019226374
5278587386370
6144152372515
4524599634502
6334986862082
5215220384159
5307246323219
5480816877772
3587320600054
4154637419420
4405775164571
5013389567696
5441147220262
5011027441331
4194348957324
5351777337800
5645538234608
4631722553206
4520583944663
4935523508373
4316060172669
5392880809625
3924106563516
4275841584815
4338288288295
5339767228521
4648930161112
4194998266111
3940287961455
3423375053593
3683333900621
3864975891106
4098357205168
4180068483946
4209050971765
3794190914522
3646469408252
3911162649862
4062392081164
3981625870325
3227438009871
4308051738147
3587275105201
3558371353030
4230966814472
4300723085778
4741672889770
3411119150510
3370238011312
3414547429573
3990161208372
3524290431417
3408003675943
5241837377510
3977789687431
2981999817841
3567400386473
2571351449083
3327033835120
2895466339780
3302709817362
4255389843523
3576579503751
3880770123168
4022797668700
4164583263018
3664288135269
2900975352709
4187367913220
3312253157625
2689011024513
4314885697858
4466626996843
2677930734132
2769149665809
2807315066766
2140414692156
3356070465063
2755538090523
3029327759251
2566474654018
2651680535926
3284085133633
3726435668065
2750708031862
3053949074144
5111288929191
2271785551762
2478891331759
3133355121728
2521721259884
2563679027613
2727798898545
2860834562395
2818876979680
2307889211493
3791409560442
2559669910622
2114788609878
2883221581147
3551878527446
3072918920095
3198484959022
3618426301003
1763256783682
2938950769890
2243826847220
2886735096171
2442758202329
1871587755704
2957051410420
3416733564672
2446782505629
2226724306822
2662014961040
1810727410143
2261177429820
1771370225610
2258615233941
2133842757257
1985725558507
2551409787193
2389176645301
2661527383227
2027249092515
3147457146049
2231833461566
2747260900063
3200370096322
2706026056079
2036517978550
1589572891758
2297668511856
3014676112315
2091239896860
2656889195081
2149595613363
1994626912895
2006944866170
2506156896240
1868811956466
1892723809682
2012962974860
2046278295334
1755959007417
1349104487160
2777322181392
2022810298614
2796768210508
2907899002186
2347115274222
3082832352376
2166567909276
2021929619739
2305823643304
2163262608975
2227240333626
2925114890701
2274603594301
1300839798926
1214624698973
2332655334023
1905219892515
1378845838970
2131002684631
1138278042597
1792269021264
1831054367314
2104315677334
2162284240512
2086115703768
1760455500911
1489127539446
2094266239183
2255911275748
1402065926126
2090040806067
1857371727548
1629615822907
2332328961388
1683523626903
2363499094718
1410797987248
2142511293448
2391135340459
2130267482439
1551564645687
1931819398204
1380718013079
2106691746251
1066330553709
1660009670144
1857013908467
880686369233
1455724826702
1798276079966
1501828216837
1793163364577
1335849155989
1630960130532
1561223712833
1455053239631
1255714077015
1019048110620
1429696078188
1594933992857
2108351254808
1009268243512
1747860714797
919367200781
1076882053197
1274296437956
1423676243793
1633856510353
1760305968789
820192299204
1578893755467
1132194031827
1081434154436
1650406650445
1352703116645
1217597389436
1148519105933
789338483902
874545352477
1671148166644
1619861634755
1125827059227
1367138349313
2081339494171
1003854066144
1088387968159
1664655176650
1209845688766
1288953563867
1183447013687
1092666483493
1179716967636
1062471788238
1517431228240
1123296088784
1644794847345
1209723664722
1194099353104
803122444337
1701614717761
1226899265344
817439860941
1050434292294
991757378246
725137703788
1156567418582
1574147836685
1052046875492
1059637467071
983302818170
411952436709
745705057990
1545363666311
1167891470634
1371615760884
1254441110384
1252640762908
990823352718
849946059226
725547698556
337653614095
1292878577371
521626872027
581540896636
704934202384
958065792316
791667113092
1588173179536
1027955776825
643024194512
896885723774
787403193580
495134674327
893605217934
945576648849
884204501984
477076114424
1039296491408
943309231498
687175093710
543900427437
968259438136
692405620322
620553438981
530878237688
632725613910
1023964154122
1032880916798
1235909038805
972753435007
1020043343710
1136201980488
1018818310850
513090215328
540361805720
1252788085302
863451495597
774305321287
793780034397
955771132755
462039329800
839693664193
804658041833
436643118022
547370265388
393761505041
584126934452
426943833920
845679664260
1025216152675
597988898889
1087300067602
722553520488
274611588787
387945488477
1117322397664
610896312650
860512666911
574781333687
504734892282
818062341032
657419898736
298474542586
831866244880
456990691760
231555767085
507763973766
513356377752
358905477934
50199576088
675640336381
569319566652
635403470083
456504937853
918623704158
577029856011
518312391447
754454901245
409802439804
458716311098
792602569181
470081501657
186170060627
1145419065629
244310262397
200505922399
668803163108
1019591326758
691621569980
501934130519
367451917666
408085585696
433722600008
451057726920
537981298352
686276109707
570596989460
448196497799
193653264869
421504192495
136324327433
307248472676
537273346307
539072764756
215581378043
277137116509
153766621424
120262966026
252164407721
536731934172
151187914207
291659150156
365949992035
191083664221
274065308886
466497703271
120400878188
291005520382
591629361233
21651319558
165829441164
478944435005
393951834237
461559748282
384709415805
294698129815
179623565315
372299538869
495522254591
392917354222
239009731785
435055915391
611755224097
150892838541
163475645856
270883747823
374715817690
194400272666
158866171873
188626770380
347180277296
439295341452
194173138608
36868427331
180437915546
195043041924
94701223207
337203557960
109224102376
129610773331
260210165978
392318584253
19458009559
92707749408
78856842855
270885872561
1606525966
201744255977
144247718123
198892755427
72973960920
4270139036
306344376011
171983143070
336067128668
160677814837
266121870104
1795066813
163219978686
385644195921
458427112168
47339202152
244679053965
1653167617
317309302529
150755978693
132666272591
148426326835
1680384642
252856991376
85684584584
129152865545
402822807935
118782712457
