7.107349999999999568e+01
7.454050000000000864e+01
7.800749999999999318e+01
8.147450000000000614e+01
8.494149999999999068e+01
8.840850000000000364e+01
9.187549999999998818e+01
9.534250000000000114e+01
9.880949999999999989e+01
1.022764999999999986e+02
1.057435000000000116e+02
1.092104999999999961e+02
1.126775000000000091e+02
1.161444999999999936e+02
1.196115000000000066e+02
1.230784999999999911e+02
1.265455000000000041e+02
1.300124999999999886e+02
1.334795000000000016e+02
1.369465000000000146e+02
1.404134999999999991e+02
1.438804999999999836e+02
1.473474999999999966e+02
1.508145000000000095e+02
1.542814999999999941e+02
1.577484999999999786e+02
1.612155000000000200e+02
1.646825000000000045e+02
1.681494999999999891e+02
1.716165000000000020e+02
1.750835000000000150e+02
1.785504999999999995e+02
1.820174999999999841e+02
1.854844999999999970e+02
1.889515000000000100e+02
1.924184999999999945e+02
1.958854999999999791e+02
1.993525000000000205e+02
2.028195000000000050e+02
2.062864999999999895e+02
2.097535000000000025e+02
2.132205000000000155e+02
2.166875000000000000e+02
2.201544999999999845e+02
2.236214999999999975e+02
2.270885000000000105e+02
2.305554999999999950e+02
2.340224999999999795e+02
2.374895000000000209e+02
2.409565000000000055e+02
2.444234999999999900e+02
2.478905000000000030e+02
2.513575000000000159e+02
2.548245000000000005e+02
2.582914999999999850e+02
2.617585000000000264e+02
2.652255000000000109e+02
2.686924999999999955e+02
2.721594999999999800e+02
2.756264999999999645e+02
2.790935000000000059e+02
2.825604999999999905e+02
2.860275000000000318e+02
2.894945000000000164e+02
2.929615000000000009e+02
2.964284999999999854e+02
2.998954999999999700e+02
3.033625000000000114e+02
3.068294999999999959e+02
3.102964999999999804e+02
3.137635000000000218e+02
3.172305000000000064e+02
3.206974999999999909e+02
3.241644999999999754e+02
3.276315000000000168e+02
3.310985000000000014e+02
3.345654999999999859e+02
3.380325000000000273e+02
3.414995000000000118e+02
3.449664999999999964e+02
3.484334999999999809e+02
3.519004999999999654e+02
3.553675000000000068e+02
3.588344999999999914e+02
3.623015000000000327e+02
3.657685000000000173e+02
3.692355000000000018e+02
3.727024999999999864e+02
3.761694999999999709e+02
3.796365000000000123e+02
3.831034999999999968e+02
3.865704999999999814e+02
3.900375000000000227e+02
3.935045000000000073e+02
3.969714999999999918e+02
4.004384999999999764e+02
4.039055000000000177e+02
4.073725000000000023e+02
4.108394999999999868e+02
4.143065000000000282e+02
4.177735000000000127e+02
4.212404999999999973e+02
4.247074999999999818e+02
4.281744999999999663e+02
4.316415000000000077e+02
4.351084999999999923e+02
4.385755000000000337e+02
4.420425000000000182e+02
4.455095000000000027e+02
4.489764999999999873e+02
4.524434999999999718e+02
4.559105000000000132e+02
4.593774999999999977e+02
4.628444999999999823e+02
4.663115000000000236e+02
4.697785000000000082e+02
4.732454999999999927e+02
4.767124999999999773e+02
4.801795000000000186e+02
4.836465000000000032e+02
4.871134999999999877e+02
4.905805000000000291e+02
4.940475000000000136e+02
4.975144999999999982e+02
5.009814999999999827e+02
5.044484999999999673e+02
5.079155000000000086e+02
5.113824999999999932e+02
5.148495000000000346e+02
5.183164999999999054e+02
5.217835000000000036e+02
5.252505000000001019e+02
5.287174999999999727e+02
5.321845000000000709e+02
5.356514999999999418e+02
5.391185000000000400e+02
5.425854999999999109e+02
5.460525000000000091e+02
5.495194999999999936e+02
5.529864999999999782e+02
5.564535000000000764e+02
5.599204999999999472e+02
5.633875000000000455e+02
5.668544999999999163e+02
5.703215000000000146e+02
5.737884999999999991e+02
5.772554999999999836e+02
5.807225000000000819e+02
5.841894999999999527e+02
5.876565000000000509e+02
5.911234999999999218e+02
5.945905000000000200e+02
5.980575000000000045e+02
6.015244999999999891e+02
6.049915000000000873e+02
6.084584999999999582e+02
6.119255000000000564e+02
6.153924999999999272e+02
6.188595000000000255e+02
6.223264999999998963e+02
6.257934999999999945e+02
6.292605000000000928e+02
6.327274999999999636e+02
6.361945000000000618e+02
6.396614999999999327e+02
6.431285000000000309e+02
6.465954999999999018e+02
6.500625000000000000e+02
6.535295000000000982e+02
6.569964999999999691e+02
6.604635000000000673e+02
6.639304999999999382e+02
6.673975000000000364e+02
6.708644999999999072e+02
6.743315000000000055e+02
6.777985000000001037e+02
6.812654999999999745e+02
6.847325000000000728e+02
6.881994999999999436e+02
6.916665000000000418e+02
6.951334999999999127e+02
6.986005000000000109e+02
7.020674999999999955e+02
7.055344999999999800e+02
7.090015000000000782e+02
7.124684999999999491e+02
7.159355000000000473e+02
7.194024999999999181e+02
7.228695000000000164e+02
7.263365000000000009e+02
7.298034999999999854e+02
7.332705000000000837e+02
7.367374999999999545e+02
7.402045000000000528e+02
7.436714999999999236e+02
7.471385000000000218e+02
7.506055000000000064e+02
7.540724999999999909e+02
7.575395000000000891e+02
7.610064999999999600e+02
7.644735000000000582e+02
7.679404999999999291e+02
7.714075000000000273e+02
7.748744999999998981e+02
7.783414999999999964e+02
7.818085000000000946e+02
7.852754999999999654e+02
7.887425000000000637e+02
7.922094999999999345e+02
7.956765000000000327e+02
7.991434999999999036e+02
8.026105000000000018e+02
8.060775000000001000e+02
8.095444999999999709e+02
8.130115000000000691e+02
8.164784999999999400e+02
8.199455000000000382e+02
8.234124999999999091e+02
8.268795000000000073e+02
8.303465000000001055e+02
8.338134999999999764e+02
8.372805000000000746e+02
8.407474999999999454e+02
8.442145000000000437e+02
8.476814999999999145e+02
8.511485000000000127e+02
8.546154999999999973e+02
8.580824999999999818e+02
8.615495000000000800e+02
8.650164999999999509e+02
8.684835000000000491e+02
8.719504999999999200e+02
8.754175000000000182e+02
8.788845000000000027e+02
8.823514999999999873e+02
8.858185000000000855e+02
8.892854999999999563e+02
8.927525000000000546e+02
8.962194999999999254e+02
8.996865000000000236e+02
9.031534999999998945e+02
9.066204999999999927e+02
9.100875000000000909e+02
9.135544999999999618e+02
9.170215000000000600e+02
9.204884999999999309e+02
9.239555000000000291e+02
9.274224999999999000e+02
9.308894999999999982e+02
9.343565000000000964e+02
9.378234999999999673e+02
9.412905000000000655e+02
9.447574999999999363e+02
9.482245000000000346e+02
9.516914999999999054e+02
9.551585000000000036e+02
9.586255000000001019e+02
9.620924999999999727e+02
9.655595000000000709e+02
9.690264999999999418e+02
9.724935000000000400e+02
9.759604999999999109e+02
9.794275000000000091e+02
9.828944999999999936e+02
9.863614999999999782e+02
9.898285000000000764e+02
9.932954999999999472e+02
9.967625000000000455e+02
1.000229499999999916e+03
1.003696500000000015e+03
1.007163499999999999e+03
1.010630499999999984e+03
1.014097500000000082e+03
1.017564499999999953e+03
1.021031500000000051e+03
1.024498499999999922e+03
1.027965500000000020e+03
1.031432499999999891e+03
1.034899499999999989e+03
1.038366500000000087e+03
1.041833499999999958e+03
1.045300500000000056e+03
1.048767499999999927e+03
1.052234500000000025e+03
1.055701500000000124e+03
1.059168499999999995e+03
1.062635499999999865e+03
1.066102499999999964e+03
1.069569500000000062e+03
1.073036500000000160e+03
1.076503500000000031e+03
1.079970499999999902e+03
1.083437500000000000e+03
1.086904500000000098e+03
1.090371499999999969e+03
1.093838499999999840e+03
1.097305499999999938e+03
1.100772500000000036e+03
1.104239500000000135e+03
1.107706500000000005e+03
1.111173499999999876e+03
1.114640499999999975e+03
1.118107500000000073e+03
1.121574499999999944e+03
1.125041500000000042e+03
1.128508499999999913e+03
1.131975500000000011e+03
1.135442500000000109e+03
1.138909499999999980e+03
1.142376499999999851e+03
1.145843499999999949e+03
1.149310500000000047e+03
1.152777500000000146e+03
1.156244500000000016e+03
1.159711499999999887e+03
1.163178499999999985e+03
1.166645500000000084e+03
1.170112499999999955e+03
1.173579500000000053e+03
1.177046499999999924e+03
1.180513500000000022e+03
1.183980500000000120e+03
1.187447499999999991e+03
1.190914499999999862e+03
1.194381499999999960e+03
1.197848500000000058e+03
1.201315500000000156e+03
1.204782500000000027e+03
1.208249499999999898e+03
1.211716499999999996e+03
1.215183500000000095e+03
1.218650499999999965e+03
1.222117500000000064e+03
1.225584499999999935e+03
1.229051500000000033e+03
1.232518500000000131e+03
1.235985500000000002e+03
1.239452499999999873e+03
1.242919499999999971e+03
1.246386500000000069e+03
1.249853499999999940e+03
1.253320500000000038e+03
1.256787499999999909e+03
1.260254500000000007e+03
1.263721500000000106e+03
1.267188499999999976e+03
1.270655499999999847e+03
1.274122499999999945e+03
1.277589500000000044e+03
1.281056500000000142e+03
1.284523500000000013e+03
1.287990499999999884e+03
1.291457499999999982e+03
1.294924500000000080e+03
1.298391499999999951e+03
1.301858500000000049e+03
1.305325499999999920e+03
1.308792500000000018e+03
1.312259500000000116e+03
1.315726499999999987e+03
1.319193499999999858e+03
1.322660499999999956e+03
1.326127500000000055e+03
1.329594500000000153e+03
1.333061500000000024e+03
1.336528499999999894e+03
1.339995499999999993e+03
1.343462500000000091e+03
1.346929499999999962e+03
1.350396500000000060e+03
1.353863499999999931e+03
1.357330500000000029e+03
1.360797500000000127e+03
1.364264499999999998e+03
1.367731499999999869e+03
1.371198499999999967e+03
1.374665500000000065e+03
1.378132499999999936e+03
1.381599500000000035e+03
1.385066499999999905e+03
1.388533500000000004e+03
1.392000500000000102e+03
1.395467499999999973e+03
1.398934499999999844e+03
1.402401499999999942e+03
1.405868500000000040e+03
1.409335500000000138e+03
1.412802500000000009e+03
1.416269499999999880e+03
1.419736499999999978e+03
1.423203500000000076e+03
1.426670499999999947e+03
1.430137500000000045e+03
1.433604499999999916e+03
1.437071500000000015e+03
1.440538500000000113e+03
1.444005499999999984e+03
1.447472499999999854e+03
1.450939499999999953e+03
1.454406500000000051e+03
1.457873500000000149e+03
1.461340500000000020e+03
1.464807499999999891e+03
1.468274499999999989e+03
1.471741500000000087e+03
1.475208499999999958e+03
1.478675500000000056e+03
1.482142499999999927e+03
1.485609500000000025e+03
1.489076500000000124e+03
1.492543499999999995e+03
1.496010499999999865e+03
1.499477499999999964e+03
1.502944500000000062e+03
1.506411500000000160e+03
1.509878500000000031e+03
1.513345499999999902e+03
1.516812500000000000e+03
1.520279500000000098e+03
1.523746499999999969e+03
1.527213499999999840e+03
1.530680499999999938e+03
1.534147500000000036e+03
1.537614500000000135e+03
1.541081500000000005e+03
1.544548499999999876e+03
1.548015499999999975e+03
1.551482500000000073e+03
1.554949499999999944e+03
1.558416500000000042e+03
1.561883499999999913e+03
1.565350500000000011e+03
1.568817500000000109e+03
1.572284499999999980e+03
1.575751499999999851e+03
1.579218499999999949e+03
1.582685500000000047e+03
1.586152500000000146e+03
1.589619500000000016e+03
1.593086499999999887e+03
1.596553499999999985e+03
1.600020500000000084e+03
1.603487499999999955e+03
1.606954500000000053e+03
1.610421499999999924e+03
1.613888500000000022e+03
1.617355500000000120e+03
1.620822499999999991e+03
1.624289499999999862e+03
1.627756499999999960e+03
1.631223500000000058e+03
1.634690500000000156e+03
1.638157500000000027e+03
1.641624499999999898e+03
1.645091499999999996e+03
1.648558500000000095e+03
1.652025499999999965e+03
1.655492500000000064e+03
1.658959499999999935e+03
1.662426500000000033e+03
1.665893500000000131e+03
1.669360500000000002e+03
1.672827499999999873e+03
1.676294499999999971e+03
1.679761500000000069e+03
1.683228499999999940e+03
