7.763349999999999795e+01
8.142050000000000409e+01
8.520749999999999602e+01
8.899450000000000216e+01
9.278149999999999409e+01
9.656850000000000023e+01
1.003555000000000064e+02
1.041424999999999983e+02
1.079294999999999902e+02
1.117164999999999964e+02
1.155035000000000025e+02
1.192905000000000086e+02
1.230775000000000006e+02
1.268645000000000067e+02
1.306514999999999986e+02
1.344384999999999764e+02
1.382255000000000109e+02
1.420124999999999886e+02
1.457995000000000232e+02
1.495865000000000009e+02
1.533734999999999786e+02
1.571605000000000132e+02
1.609474999999999909e+02
1.647344999999999970e+02
1.685215000000000032e+02
1.723084999999999809e+02
1.760955000000000155e+02
1.798824999999999932e+02
1.836694999999999993e+02
1.874565000000000055e+02
1.912434999999999832e+02
1.950305000000000177e+02
1.988174999999999955e+02
2.026045000000000016e+02
2.063915000000000077e+02
2.101784999999999854e+02
2.139655000000000200e+02
2.177524999999999977e+02
2.215394999999999754e+02
2.253265000000000100e+02
2.291134999999999877e+02
2.329005000000000223e+02
2.366875000000000000e+02
2.404744999999999777e+02
2.442615000000000123e+02
2.480484999999999900e+02
2.518355000000000246e+02
2.556225000000000023e+02
2.594094999999999800e+02
2.631965000000000146e+02
2.669834999999999923e+02
2.707704999999999700e+02
2.745575000000000045e+02
2.783445000000000391e+02
2.821314999999999600e+02
2.859184999999999945e+02
2.897055000000000291e+02
2.934925000000000068e+02
2.972794999999999845e+02
3.010665000000000191e+02
3.048534999999999968e+02
3.086404999999999745e+02
3.124275000000000091e+02
3.162145000000000437e+02
3.200014999999999645e+02
3.237884999999999991e+02
3.275755000000000337e+02
3.313624999999999545e+02
3.351494999999999891e+02
3.389365000000000236e+02
3.427235000000000014e+02
3.465104999999999791e+02
3.502975000000000136e+02
3.540844999999999914e+02
3.578714999999999691e+02
3.616585000000000036e+02
3.654455000000000382e+02
3.692324999999999591e+02
3.730194999999999936e+02
3.768065000000000282e+02
3.805935000000000059e+02
3.843804999999999836e+02
3.881675000000000182e+02
3.919544999999999959e+02
3.957414999999999736e+02
3.995285000000000082e+02
4.033155000000000427e+02
4.071024999999999636e+02
4.108894999999999982e+02
4.146765000000000327e+02
4.184635000000000105e+02
4.222504999999999882e+02
4.260375000000000227e+02
4.298245000000000005e+02
4.336114999999999782e+02
4.373985000000000127e+02
4.411854999999999905e+02
4.449724999999999682e+02
4.487595000000000027e+02
4.525465000000000373e+02
4.563334999999999582e+02
4.601204999999999927e+02
4.639075000000000273e+02
4.676945000000000050e+02
4.714814999999999827e+02
4.752685000000000173e+02
4.790554999999999950e+02
4.828424999999999727e+02
4.866295000000000073e+02
4.904165000000000418e+02
4.942034999999999627e+02
4.979904999999999973e+02
5.017775000000000318e+02
5.055645000000000095e+02
5.093514999999999873e+02
5.131385000000000218e+02
5.169255000000000564e+02
5.207124999999999773e+02
5.244995000000000118e+02
5.282864999999999327e+02
5.320734999999999673e+02
5.358605000000000018e+02
5.396475000000000364e+02
5.434345000000000709e+02
5.472214999999999918e+02
5.510085000000000264e+02
5.547954999999999472e+02
5.585824999999999818e+02
5.623695000000000164e+02
5.661565000000000509e+02
5.699434999999999718e+02
5.737305000000000064e+02
5.775174999999999272e+02
5.813044999999999618e+02
5.850914999999999964e+02
5.888785000000000309e+02
5.926655000000000655e+02
5.964524999999999864e+02
6.002395000000000209e+02
6.040264999999999418e+02
6.078134999999999764e+02
6.116005000000000109e+02
6.153875000000000455e+02
6.191744999999999663e+02
6.229615000000000009e+02
6.267485000000000355e+02
6.305354999999999563e+02
6.343224999999999909e+02
6.381095000000000255e+02
6.418965000000000600e+02
6.456834999999999809e+02
6.494705000000000155e+02
6.532574999999999363e+02
6.570444999999999709e+02
6.608315000000000055e+02
6.646185000000000400e+02
6.684054999999999609e+02
6.721924999999999955e+02
6.759795000000000300e+02
6.797664999999999509e+02
6.835534999999999854e+02
6.873405000000000200e+02
6.911275000000000546e+02
6.949144999999999754e+02
6.987015000000000100e+02
7.024884999999999309e+02
7.062754999999999654e+02
7.100625000000000000e+02
7.138495000000000346e+02
7.176365000000000691e+02
7.214234999999999900e+02
7.252105000000000246e+02
7.289974999999999454e+02
7.327844999999999800e+02
7.365715000000000146e+02
7.403585000000000491e+02
7.441454999999999700e+02
7.479325000000000045e+02
7.517195000000000391e+02
7.555064999999999600e+02
7.592934999999999945e+02
7.630805000000000291e+02
7.668675000000000637e+02
7.706544999999999845e+02
7.744415000000000191e+02
7.782284999999999400e+02
7.820154999999999745e+02
7.858025000000000091e+02
7.895895000000000437e+02
7.933764999999999645e+02
7.971634999999999991e+02
8.009505000000000337e+02
8.047374999999999545e+02
8.085244999999999891e+02
8.123115000000000236e+02
8.160985000000000582e+02
8.198854999999999791e+02
8.236725000000000136e+02
8.274594999999999345e+02
8.312464999999999691e+02
8.350335000000000036e+02
8.388205000000000382e+02
8.426075000000000728e+02
8.463944999999999936e+02
8.501815000000000282e+02
8.539684999999999491e+02
8.577554999999999836e+02
8.615425000000000182e+02
8.653295000000000528e+02
8.691164999999999736e+02
8.729035000000000082e+02
8.766904999999999291e+02
8.804774999999999636e+02
8.842644999999999982e+02
8.880515000000000327e+02
8.918385000000000673e+02
8.956254999999999882e+02
8.994125000000000227e+02
9.031994999999999436e+02
9.069864999999999782e+02
9.107735000000000127e+02
9.145605000000000473e+02
9.183474999999999682e+02
9.221345000000000027e+02
9.259215000000000373e+02
9.297084999999999582e+02
9.334954999999999927e+02
9.372825000000000273e+02
9.410695000000000618e+02
9.448564999999999827e+02
9.486435000000000173e+02
9.524304999999999382e+02
9.562174999999999727e+02
9.600045000000000073e+02
9.637915000000000418e+02
9.675784999999999627e+02
9.713654999999999973e+02
9.751525000000000318e+02
9.789394999999999527e+02
9.827264999999999873e+02
9.865135000000000218e+02
9.903005000000000564e+02
9.940874999999999773e+02
9.978745000000000118e+02
1.001661499999999933e+03
1.005448499999999967e+03
1.009235500000000002e+03
1.013022500000000036e+03
1.016809500000000071e+03
1.020596499999999992e+03
1.024383499999999913e+03
1.028170500000000175e+03
1.031957499999999982e+03
1.035744500000000016e+03
1.039531500000000051e+03
1.043318499999999858e+03
1.047105500000000120e+03
1.050892499999999927e+03
1.054679500000000189e+03
1.058466499999999996e+03
1.062253499999999804e+03
1.066040500000000065e+03
1.069827499999999873e+03
1.073614500000000135e+03
1.077401499999999942e+03
1.081188500000000204e+03
1.084975500000000011e+03
1.088762499999999818e+03
1.092549500000000080e+03
1.096336499999999887e+03
1.100123500000000149e+03
1.103910499999999956e+03
1.107697499999999991e+03
1.111484500000000025e+03
1.115271499999999833e+03
1.119058500000000095e+03
1.122845499999999902e+03
1.126632500000000164e+03
1.130419499999999971e+03
1.134206500000000005e+03
1.137993500000000040e+03
1.141780499999999847e+03
1.145567500000000109e+03
1.149354499999999916e+03
1.153141500000000178e+03
1.156928499999999985e+03
1.160715499999999793e+03
1.164502500000000055e+03
1.168289499999999862e+03
1.172076500000000124e+03
1.175863499999999931e+03
1.179650500000000193e+03
1.183437500000000000e+03
1.187224499999999807e+03
1.191011500000000069e+03
1.194798499999999876e+03
1.198585500000000138e+03
1.202372499999999945e+03
1.206159500000000207e+03
1.209946500000000015e+03
1.213733499999999822e+03
1.217520500000000084e+03
1.221307499999999891e+03
1.225094500000000153e+03
1.228881499999999960e+03
1.232668499999999995e+03
1.236455500000000029e+03
1.240242499999999836e+03
1.244029500000000098e+03
1.247816499999999905e+03
1.251603500000000167e+03
1.255390499999999975e+03
1.259177500000000009e+03
1.262964500000000044e+03
1.266751499999999851e+03
1.270538500000000113e+03
1.274325499999999920e+03
1.278112500000000182e+03
1.281899499999999989e+03
1.285686499999999796e+03
1.289473500000000058e+03
1.293260499999999865e+03
1.297047500000000127e+03
1.300834499999999935e+03
1.304621500000000196e+03
1.308408500000000004e+03
1.312195499999999811e+03
1.315982500000000073e+03
1.319769499999999880e+03
1.323556500000000142e+03
1.327343499999999949e+03
1.331130499999999984e+03
1.334917500000000018e+03
1.338704499999999825e+03
1.342491500000000087e+03
1.346278499999999894e+03
1.350065500000000156e+03
1.353852499999999964e+03
1.357639499999999998e+03
1.361426500000000033e+03
1.365213499999999840e+03
1.369000500000000102e+03
1.372787499999999909e+03
1.376574500000000171e+03
1.380361499999999978e+03
1.384148500000000013e+03
1.387935500000000047e+03
1.391722499999999854e+03
1.395509500000000116e+03
1.399296499999999924e+03
1.403083500000000186e+03
1.406870499999999993e+03
1.410657499999999800e+03
1.414444500000000062e+03
1.418231499999999869e+03
1.422018500000000131e+03
1.425805499999999938e+03
1.429592500000000200e+03
1.433379500000000007e+03
1.437166499999999814e+03
1.440953500000000076e+03
1.444740499999999884e+03
1.448527500000000146e+03
1.452314499999999953e+03
1.456101499999999987e+03
1.459888500000000022e+03
1.463675499999999829e+03
1.467462500000000091e+03
1.471249499999999898e+03
1.475036500000000160e+03
1.478823499999999967e+03
1.482610500000000002e+03
1.486397500000000036e+03
1.490184499999999844e+03
1.493971500000000106e+03
1.497758499999999913e+03
1.501545500000000175e+03
1.505332499999999982e+03
1.509119500000000016e+03
1.512906500000000051e+03
1.516693499999999858e+03
1.520480500000000120e+03
1.524267499999999927e+03
1.528054500000000189e+03
1.531841499999999996e+03
1.535628499999999804e+03
1.539415500000000065e+03
1.543202499999999873e+03
1.546989500000000135e+03
1.550776499999999942e+03
1.554563500000000204e+03
1.558350500000000011e+03
1.562137499999999818e+03
1.565924500000000080e+03
1.569711499999999887e+03
1.573498500000000149e+03
1.577285499999999956e+03
1.581072499999999991e+03
1.584859500000000025e+03
1.588646499999999833e+03
1.592433500000000095e+03
1.596220499999999902e+03
1.600007500000000164e+03
1.603794499999999971e+03
1.607581500000000005e+03
1.611368500000000040e+03
1.615155499999999847e+03
1.618942500000000109e+03
1.622729499999999916e+03
1.626516500000000178e+03
1.630303499999999985e+03
1.634090499999999793e+03
1.637877500000000055e+03
1.641664499999999862e+03
1.645451500000000124e+03
1.649238499999999931e+03
1.653025500000000193e+03
1.656812500000000000e+03
1.660599499999999807e+03
1.664386500000000069e+03
1.668173499999999876e+03
1.671960500000000138e+03
1.675747499999999945e+03
1.679534500000000207e+03
1.683321500000000015e+03
1.687108499999999822e+03
1.690895500000000084e+03
1.694682499999999891e+03
1.698469500000000153e+03
1.702256499999999960e+03
1.706043499999999995e+03
1.709830500000000029e+03
1.713617499999999836e+03
1.717404500000000098e+03
1.721191499999999905e+03
1.724978500000000167e+03
1.728765499999999975e+03
1.732552500000000009e+03
1.736339500000000044e+03
1.740126499999999851e+03
1.743913500000000113e+03
1.747700499999999920e+03
1.751487500000000182e+03
1.755274499999999989e+03
1.759061499999999796e+03
1.762848500000000058e+03
1.766635499999999865e+03
1.770422500000000127e+03
1.774209499999999935e+03
1.777996500000000196e+03
1.781783500000000004e+03
1.785570499999999811e+03
1.789357500000000073e+03
1.793144499999999880e+03
1.796931500000000142e+03
1.800718499999999949e+03
1.804505499999999984e+03
1.808292500000000018e+03
1.812079499999999825e+03
1.815866500000000087e+03
1.819653499999999894e+03
1.823440500000000156e+03
1.827227499999999964e+03
1.831014499999999998e+03
1.834801500000000033e+03
1.838588499999999840e+03
1.842375500000000102e+03
1.846162499999999909e+03
1.849949500000000171e+03
1.853736499999999978e+03
1.857523500000000013e+03
1.861310500000000047e+03
1.865097499999999854e+03
1.868884500000000116e+03
1.872671499999999924e+03
1.876458500000000186e+03
1.880245499999999993e+03
1.884032499999999800e+03
1.887819500000000062e+03
1.891606499999999869e+03
1.895393500000000131e+03
1.899180499999999938e+03
1.902967500000000200e+03
1.906754500000000007e+03
1.910541499999999814e+03
1.914328500000000076e+03
1.918115499999999884e+03
1.921902500000000146e+03
1.925689499999999953e+03
1.929476499999999987e+03
1.933263500000000022e+03
1.937050499999999829e+03
1.940837500000000091e+03
1.944624499999999898e+03
1.948411500000000160e+03
1.952198499999999967e+03
1.955985500000000002e+03
1.959772500000000036e+03
1.963559499999999844e+03
1.967346500000000106e+03
1.971133499999999913e+03
1.974920500000000175e+03
1.978707499999999982e+03
1.982494500000000016e+03
1.986281500000000051e+03
1.990068499999999858e+03
1.993855500000000120e+03
1.997642499999999927e+03
2.001429500000000189e+03
2.005216499999999996e+03
2.009003499999999804e+03
2.012790500000000065e+03
2.016577499999999873e+03
2.020364500000000135e+03
2.024151499999999942e+03
2.027938500000000204e+03
2.031725500000000011e+03
2.035512499999999818e+03
2.039299500000000080e+03
2.043086499999999887e+03
2.046873499999999922e+03
2.050660499999999956e+03
2.054447500000000218e+03
2.058234500000000025e+03
2.062021499999999833e+03
2.065808500000000095e+03
2.069595500000000357e+03
2.073382499999999709e+03
2.077169499999999971e+03
2.080956500000000233e+03
2.084743500000000040e+03
2.088530499999999847e+03
2.092317500000000109e+03
2.096104499999999916e+03
2.099891499999999724e+03
2.103678499999999985e+03
2.107465500000000247e+03
2.111252500000000055e+03
2.115039499999999862e+03
2.118826500000000124e+03
2.122613499999999931e+03
2.126400499999999738e+03
2.130187500000000000e+03
2.133974500000000262e+03
2.137761500000000069e+03
2.141548499999999876e+03
2.145335500000000138e+03
2.149122499999999945e+03
2.152909499999999753e+03
2.156696500000000015e+03
2.160483500000000276e+03
2.164270500000000084e+03
2.168057499999999891e+03
2.171844500000000153e+03
2.175631499999999960e+03
2.179418499999999767e+03
2.183205500000000029e+03
2.186992500000000291e+03
2.190779499999999643e+03
2.194566499999999905e+03
2.198353500000000167e+03
2.202140499999999975e+03
2.205927499999999782e+03
2.209714500000000044e+03
2.213501500000000306e+03
2.217288499999999658e+03
2.221075499999999920e+03
2.224862500000000182e+03
2.228649499999999989e+03
2.232436499999999796e+03
2.236223500000000058e+03
