6.107000000000000206e+00
6.501000000000000334e+00
6.894999999999999574e+00
7.288999999999999702e+00
7.682999999999999829e+00
8.076999999999999957e+00
8.471000000000000085e+00
8.864999999999998437e+00
9.259000000000000341e+00
9.652999999999998693e+00
1.004700000000000060e+01
1.044099999999999895e+01
1.083500000000000085e+01
1.122899999999999920e+01
1.162300000000000111e+01
1.201699999999999946e+01
1.241100000000000136e+01
1.280499999999999972e+01
1.319900000000000162e+01
1.359299999999999997e+01
1.398699999999999832e+01
1.438100000000000023e+01
1.477499999999999858e+01
1.516900000000000048e+01
1.556299999999999883e+01
1.595700000000000074e+01
1.635099999999999909e+01
1.674499999999999744e+01
1.713899999999999935e+01
1.753300000000000125e+01
1.792699999999999960e+01
1.832099999999999795e+01
1.871499999999999986e+01
1.910900000000000176e+01
1.950300000000000011e+01
1.989699999999999847e+01
2.029100000000000037e+01
2.068500000000000227e+01
2.107900000000000063e+01
2.147299999999999898e+01
2.186700000000000088e+01
2.226099999999999923e+01
2.265500000000000114e+01
2.304899999999999949e+01
2.344299999999999784e+01
2.383699999999999974e+01
2.423100000000000165e+01
2.462500000000000000e+01
2.501899999999999835e+01
2.541300000000000026e+01
2.580700000000000216e+01
2.620100000000000051e+01
2.659499999999999886e+01
2.698900000000000077e+01
2.738299999999999912e+01
2.777700000000000102e+01
2.817099999999999937e+01
2.856499999999999773e+01
2.895899999999999963e+01
2.935300000000000153e+01
2.974699999999999989e+01
3.014099999999999824e+01
3.053500000000000014e+01
3.092900000000000205e+01
3.132300000000000040e+01
3.171699999999999875e+01
3.211100000000000421e+01
3.250499999999999545e+01
3.289900000000000091e+01
3.329299999999999926e+01
3.368699999999999761e+01
3.408100000000000307e+01
3.447499999999999432e+01
3.486899999999999977e+01
3.526300000000000523e+01
3.565699999999999648e+01
3.605100000000000193e+01
3.644500000000000028e+01
3.683899999999999864e+01
3.723300000000000409e+01
3.762699999999999534e+01
3.802100000000000080e+01
3.841500000000000625e+01
3.880899999999999750e+01
3.920300000000000296e+01
3.959699999999999420e+01
3.999099999999999966e+01
4.038500000000000512e+01
4.077899999999999636e+01
4.117300000000000182e+01
4.156700000000000017e+01
4.196099999999999852e+01
4.235500000000000398e+01
4.274899999999999523e+01
4.314300000000000068e+01
4.353700000000000614e+01
4.393099999999999739e+01
4.432500000000000284e+01
4.471899999999999409e+01
4.511299999999999955e+01
4.550700000000000500e+01
4.590099999999999625e+01
4.629500000000000171e+01
4.668900000000000006e+01
4.708299999999999841e+01
4.747700000000000387e+01
4.787099999999999511e+01
4.826500000000000057e+01
4.865900000000000603e+01
4.905299999999999727e+01
4.944700000000000273e+01
4.984099999999999397e+01
5.023499999999999943e+01
5.062900000000000489e+01
5.102299999999999613e+01
5.141700000000000159e+01
5.181099999999999994e+01
5.220499999999999829e+01
5.259900000000000375e+01
5.299299999999999500e+01
5.338700000000000045e+01
5.378100000000000591e+01
5.417499999999999716e+01
5.456900000000000261e+01
5.496299999999999386e+01
5.535699999999999932e+01
5.575100000000000477e+01
5.614499999999999602e+01
5.653900000000000148e+01
5.693299999999999983e+01
5.732699999999999818e+01
5.772100000000000364e+01
5.811499999999999488e+01
5.850900000000000034e+01
5.890300000000000580e+01
5.929699999999999704e+01
5.969100000000000250e+01
6.008499999999999375e+01
6.047899999999999920e+01
6.087300000000000466e+01
6.126699999999999591e+01
6.166100000000000136e+01
6.205499999999999972e+01
6.244899999999999807e+01
6.284300000000000352e+01
6.323699999999999477e+01
6.363100000000000023e+01
6.402500000000000568e+01
6.441899999999999693e+01
6.481300000000000239e+01
6.520699999999999363e+01
6.560099999999999909e+01
6.599500000000000455e+01
6.638899999999999579e+01
6.678300000000000125e+01
6.717699999999999250e+01
6.757099999999999795e+01
6.796500000000000341e+01
6.835900000000000887e+01
6.875300000000000011e+01
6.914699999999999136e+01
6.954099999999999682e+01
6.993500000000000227e+01
7.032900000000000773e+01
7.072299999999999898e+01
7.111699999999999022e+01
7.151099999999999568e+01
7.190500000000000114e+01
7.229900000000000659e+01
7.269299999999999784e+01
7.308700000000000330e+01
7.348099999999999454e+01
7.387500000000000000e+01
7.426900000000000546e+01
7.466299999999999670e+01
7.505700000000000216e+01
7.545099999999999341e+01
7.584499999999999886e+01
7.623900000000000432e+01
7.663300000000000978e+01
7.702700000000000102e+01
7.742099999999999227e+01
7.781499999999999773e+01
7.820900000000000318e+01
7.860300000000000864e+01
7.899699999999999989e+01
7.939099999999999113e+01
7.978499999999999659e+01
8.017900000000000205e+01
8.057300000000000750e+01
8.096699999999999875e+01
8.136100000000000421e+01
8.175499999999999545e+01
8.214900000000000091e+01
8.254300000000000637e+01
8.293699999999999761e+01
8.333100000000000307e+01
8.372499999999999432e+01
8.411899999999999977e+01
8.451300000000000523e+01
8.490699999999999648e+01
8.530100000000000193e+01
8.569499999999999318e+01
8.608899999999999864e+01
8.648300000000000409e+01
8.687700000000000955e+01
8.727100000000000080e+01
8.766499999999999204e+01
8.805899999999999750e+01
8.845300000000000296e+01
8.884700000000000841e+01
8.924099999999999966e+01
8.963499999999999091e+01
9.002899999999999636e+01
9.042300000000000182e+01
9.081700000000000728e+01
9.121099999999999852e+01
9.160500000000000398e+01
9.199899999999999523e+01
9.239300000000000068e+01
9.278700000000000614e+01
9.318099999999999739e+01
9.357500000000000284e+01
9.396899999999999409e+01
9.436299999999999955e+01
9.475700000000000500e+01
9.515099999999999625e+01
9.554500000000000171e+01
9.593899999999999295e+01
9.633299999999999841e+01
9.672700000000000387e+01
9.712100000000000932e+01
9.751500000000000057e+01
9.790899999999999181e+01
9.830299999999999727e+01
9.869700000000000273e+01
9.909100000000000819e+01
9.948499999999999943e+01
9.987899999999999068e+01
1.002729999999999961e+02
1.006670000000000016e+02
1.010610000000000070e+02
1.014549999999999983e+02
1.018490000000000038e+02
1.022429999999999950e+02
1.026370000000000005e+02
1.030310000000000059e+02
1.034249999999999972e+02
1.038190000000000026e+02
1.042129999999999939e+02
1.046069999999999993e+02
1.050010000000000048e+02
1.053949999999999960e+02
1.057890000000000015e+02
1.061829999999999927e+02
1.065769999999999982e+02
1.069710000000000036e+02
1.073650000000000091e+02
1.077590000000000003e+02
1.081529999999999916e+02
1.085469999999999970e+02
1.089410000000000025e+02
1.093350000000000080e+02
1.097289999999999992e+02
1.101229999999999905e+02
1.105169999999999959e+02
1.109110000000000014e+02
1.113050000000000068e+02
1.116989999999999981e+02
1.120930000000000035e+02
1.124869999999999948e+02
1.128810000000000002e+02
1.132750000000000057e+02
1.136689999999999969e+02
1.140630000000000024e+02
1.144569999999999936e+02
1.148509999999999991e+02
1.152450000000000045e+02
1.156389999999999958e+02
1.160330000000000013e+02
1.164269999999999925e+02
1.168209999999999980e+02
1.172150000000000034e+02
1.176090000000000089e+02
1.180030000000000001e+02
1.183969999999999914e+02
1.187909999999999968e+02
1.191850000000000023e+02
1.195790000000000077e+02
1.199729999999999990e+02
1.203669999999999902e+02
1.207609999999999957e+02
1.211550000000000011e+02
1.215490000000000066e+02
1.219429999999999978e+02
1.223370000000000033e+02
1.227309999999999945e+02
1.231250000000000000e+02
1.235190000000000055e+02
1.239129999999999967e+02
1.243070000000000022e+02
1.247009999999999934e+02
1.250949999999999989e+02
1.254890000000000043e+02
1.258830000000000098e+02
1.262770000000000010e+02
1.266709999999999923e+02
1.270649999999999977e+02
1.274590000000000032e+02
1.278530000000000086e+02
1.282470000000000141e+02
1.286409999999999911e+02
1.290349999999999966e+02
1.294290000000000020e+02
1.298230000000000075e+02
1.302169999999999845e+02
1.306109999999999900e+02
1.310049999999999955e+02
1.313990000000000009e+02
1.317930000000000064e+02
1.321870000000000118e+02
1.325809999999999889e+02
1.329749999999999943e+02
1.333689999999999998e+02
1.337630000000000052e+02
1.341570000000000107e+02
1.345509999999999877e+02
