0
0
0
0
0
0
0
0
0
0
0
0
1150312629637162
1122152437607955
899008995048781
719805739674201
602106798764974
502179662632213
442617611125445
488147623473031
416459989025639
349897976509697
302503863073746
264183871559223
229020113987860
204790590452493
178525291701156
158676962058520
142454809631314
128442687430475
113547240560691
105488120127061
100508232531556
88973543721967
79050918693475
74845715712951
70089824510350
62877052209258
59399431542998
55481105259100
52008690199118
50429425073704
46321030937912
43505099336062
43380012265740
37835493673820
37568060757038
32766800580997
33066122609601
31631845093027
30279373333255
27859193554228
27749980979081
25431455804252
24168579131110
24455538180440
23441067324595
23036968372767
21409525877697
22389467245624
20558879554585
19208930051560
20530519788009
17878105653806
17865741526703
15759204154933
15922775103305
16137338248607
14296276395624
15371587559645
15916494615652
13999499429377
14341176402333
11662651493279
12304022237798
12937581853578
12467023085398
11380440454203
12739013275509
10822238747109
10763015385388
10197540247342
10682524819504
10299165909912
10060064393912
9863605875611
9594109137522
9314165035137
9459309883952
9316645536100
9451045290719
9079925044162
8656008637705
8090070831393
8390536325891
7460480886199
7389480611049
7122540357631
7272896106826
6579165272119
6953260569898
6809779561518
6330288222818
7599833472008
6825488984724
6498055362807
6619293192859
6526398688228
6002082091648
5874723227912
5772010872893
5345941144824
4803643420510
5907829357419
5270236741400
4942140577392
4974526921779
4731561692418
4677640863712
4394862974850
5132032659851
4300508354564
4778481983219
4989429523886
4030124667250
3657295242677
3487713256012
3557015170687
3653815574303
4672932953457
3466415768751
3521614860174
3796003997587
3641716920013
3025235977686
3473076926012
3957584113570
2943788455666
2933446884117
3346295585095
2792539609564
3149751003901
2995834784075
2859903215567
3037282001845
2438548230200
2730961023154
2884528873803
2233798516655
2355534327114
2410581974454
2322043128639
2891011365160
2520250153179
2765353839439
2337959333177
2252582117737
2180609061983
2244438181918
2750705396811
2492105565171
1994410024646
1908640846082
2145209728944
2046559231657
2119618358156
2111162779259
1761684847180
1919729629656
1618243446737
1905469304192
1769939524905
2116641881561
1679866637587
1929033923844
1787017048158
1750283726204
1631365126590
1302457953434
1638584836044
1542383629937
1245206384032
1248596546969
1192857005430
1237982344212
1247021492143
1125624726726
1313782555821
991566701546
1279277988524
987711139201
1077933561133
972715055094
994969525673
1080085990865
1016120722349
1192005224917
939389867629
1177756411600
801045607315
1175954613925
902152000050
897802535973
984759738569
779264233715
847916778847
1158789723073
973122979400
1101517183815
599211053447
793862836596
894972876542
1062793994719
954181685009
775714857550
703983425786
1009193323558
670402777039
812360225297
708990691983
998545126728
765378496975
762202081747
1080228743010
561787569451
587277607147
682718459955
520237917946
1065523782473
311818455854
607483490573
484982540467
793418018918
556315431595
873659570614
851554754657
662451752571
666051509689
1233603541672
420576461490
1169644631418
806398357327
614298240384
658564877656
790723982703
707264567821
756524374126
440168255999
553570265429
804792673347
530127379046
447272028998
608395157475
577282168198
212451616752
698483812510
730784802380
657084825388
523323800410
351345359350
850141982771
691529944666
291356972848
343309418810
566952850335
208199757024
379369946524
388784995539
336749375513
398949933731
155422056869
309354785207
329856635809
296030654087
219751989780
460323016553
528863278348
288701575908
511051203795
349949113313
430285381340
181772376516
290416795053
420124259995
434811692652
415410127773
392804601777
400035455023
240570954556
536756051151
245600659762
243873871088
128002414693
281793511962
233679065587
233484007281
110584559558
245202676738
386895088775
98831063441
231737951903
100923591633
205060457331
91754162911
222225108237
370698837567
102738544820
213038626615
273143032467
238047351744
108287654100
70192400899
223975407273
240493861838
451053182915
428699119018
72040157130
76282261153
580414860706
181690530015
192712284900
328463143395
278725250746
330280556052
257412114174
312765301001
78456577388
294113062173
66816997445
65495915078
60092453257
178441878274
180716398702
341061604147
208690470343
576408107057
197741431511
62299645219
452987223281
343354530867
448938115510
54625573494
315212390850
186724443616
87262565246
51352876167
39343605437
199800036710
176569423339
51287910539
315114376145
75284489037
56550909581
38367451135
122155518475
41302660762
46366001609
176947904448
167383060014
300451958806
46381578533
42008301592
32369849403
51445408483
166193137264
37676172915
76804354176
87118163441
176988341129
434332728905
45585256155
45992395355
172364611222
166507923025
44622897995
406778001935
350607842143
176919983841
158078852396
29209068279
181945310373
179117252359
417309122695
100501472329
273095117296
658213990526
21180472105
283567316537
44507111754
45399706970
44681573759
28942693373
295721669561
360214943365
158850030196
52270466973
276606606509
149238015637
25840172038
296047242734
29423094064
39714628470
174507341992
177581746831
275174921814
49103139397
50380405904
34301559203
151024935436
23279594187
148795499438
279675184296
24490220105
278039778364
18666950533
28676657429
263093372341
15678952713
20830354210
27481106477
33659503095
20564071190
30540030287
15395185478
13114433876
25121207084
32885017185
76167164817
89919326754
139893468909
152412280575
147760520871
11416891398
20579863579
180201305065
29953067730
136148190791
19846658523
145090411979
392838146299
13438146876
136484573723
274440164170
60809205508
11877841019
18174919196
14873690736
13965375016
148311787877
18642243271
18774869816
143792026122
136068422641
135833348829
17103260401
23274613131
145886004501
262614962303
17507078933
143296357912
10027874783
13009689995
264049354411
3518394827
17845270620
17337493175
17900397184
9661363134
29200753778
8438641395
134590311319
132366938251
18497087239
16821659003
138938255144
16102515753
5612945696
25091073379
9985192208
17379690307
6199315048
274407757618
264808340754
7029582380
138238986481
11227572644
25598407545
21005763281
145524259584
95571615133
139923290638
132696026496
128992056406
134050860739
143033144889
5848612088
135834251400
9000080450
6958864133
264855972906
130141178022
0
236303610651
131396807449
202932410512
135120739415
4956254794
1542736643
7580037135
2832503268
7560831467
265081469592
5770245532
1696350873
10226198223
261536487058
3340924375
130396469164
4062951873
12728278910
130355470880
9722205781
255328514165
7840319214
135801276727
108424090936
4478035118
138850447615
3370835096
7307321703
3386933727
132232970179
5941064237
6622904348
3152862797
3264823461
6011573019
0
1381866078
0
255340196366
7808512347
1721326479
8220348206
5193785467
3618381626
126733043083
126733043083
13631959720
18774962852
7412326575
130562189868
4229526011
16173829710
103250651309
100434230701
133441589754
12247539505
6869584182
4194970429
8200091500
4887094826
13993206273
6075956637
10927318829
129541490545
3286761429
8406691512
17011429480
4424714552
130533054174
11481892010
1995285432
128342215950
257510519501
137525434688
3596108220
6817716374
1524109422
4994448546
0
5536367554
1538308528
3201256696
11459265706
5329492353
1937362165
16632923514
131609642657
215691155246
1883274560
11782229971
128519961754
3442746552
4250574678
0
3685783289
0
4412406535
1766424149
1542089820
6430833308
2880456174
9894763892
128388688822
4276696588
1412593821
7737458142
1560057335
126733043083
128095038006
14385806409
1380285370
0
0
12333604169
0
42534328439
130100191258
2656696244
0
3048092484
14999161681
128367098025
5629463213
7963475707
0
0
1796361967
1895261211
0
255234588235
126733043083
128238470217
126733043083
2351995846
4195785361
18990813813
0
6696929318
5938697950
4881404606
1454761867
95022933343
0
0
3050994596
0
0
4568802990
0
126733043083
1374002974
15903797457
0
0
1483200717
11027952121
7427677126
0
0
1368865621
0
1436075392
0
2142336192
4961390795
0
0
2274607339
0
0
1390343374
0
91253794351
0
126733043083
3305476686
138435145604
2399943183
3039553148
1515907868
0
0
1524665131
0
0
2431403334
2656375954
7288394318
1378536744
1796540771
0
1858743926
1393949874
126733043083
1612099364
2565989974
0
126733043083
3456159511
2046727594
1362917980
0
0
0
0
1596987687
0
1646548593
0
0
0
2687107337
0
130801550962
3066551769
0
0
14659306766
0
1375637037
0
0
2233255585
2452050604
3308330732
0
2908886112
0
0
1362018868
0
0
126733043083
0
0
0
1973201739
0
0
0
0
0
1456147135
126733043083
0
0
0
0
0
0
1483218270
0
3155184605
0
0
1366303053
1517336698
0
0
0
0
0
4866336012
0
1701391277
0
0
3590856402
0
0
2387736790
0
0
4020243989
0
1629535042
1607990109
2064386146
0
2344149868
0
0
2576991704
0
1523800038
1458479765
0
0
0
0
0
0
0
0
1369823071
0
0
2229096185
0
0
0
0
0
1378472239
0
0
0
128310253420
0
0
0
0
0
0
0
0
0
0
2091478946
51693612679
0
0
1382881974
0
0
1414676199
0
0
3348330851
0
0
0
0
0
0
0
0
0
0
0
0
0
0
0
0
0
0
126733043083
0
0
0
0
0
0
0
1638633137
0
0
0
0
0
0
0
0
0
0
0
0
0
0
1643262375
0
0
1423170422
1811057031
0
0
0
0
0
0
0
0
0
0
0
0
0
2602344569
0
0
0
0
3135972552
0
0
0
0
0
0
0
0
0
0
0
0
0
0
0
0
0
0
0
0
0
0
0
0
0
0
0
0
0
0
0
0
0
0
1427196894
0
0
0
0
0
0
1635641761
0
0
1769629903
0
0
0
0
0
0
0
0
0
0
0
0
0
0
0
0
0
0
0
0
0
0
0
0
0
0
0
0
0
0
0
0
0
0
0
0
0
0
0
0
0
0
0
0
0
0
0
1443608646
0
0
0
0
0
0
0
126733043083
0
0
0
