4.380850000000000222e+01
4.594550000000000267e+01
4.808250000000000313e+01
5.021949999999999648e+01
5.235649999999999693e+01
5.449349999999999739e+01
5.663049999999999784e+01
5.876749999999999829e+01
6.090449999999999875e+01
6.304149999999999920e+01
6.517849999999999966e+01
6.731550000000000011e+01
6.945250000000000057e+01
7.158950000000000102e+01
7.372650000000000148e+01
7.586350000000000193e+01
7.800050000000000239e+01
8.013750000000000284e+01
8.227450000000000330e+01
8.441150000000000375e+01
8.654850000000000421e+01
8.868550000000000466e+01
9.082250000000000512e+01
9.295950000000000557e+01
9.509650000000000603e+01
9.723350000000000648e+01
9.937049999999999272e+01
1.015074999999999932e+02
1.036444999999999936e+02
1.057814999999999941e+02
1.079184999999999945e+02
1.100554999999999950e+02
1.121924999999999955e+02
1.143294999999999959e+02
1.164664999999999964e+02
1.186034999999999968e+02
1.207404999999999973e+02
1.228774999999999977e+02
1.250144999999999982e+02
1.271514999999999986e+02
1.292884999999999991e+02
1.314254999999999995e+02
1.335625000000000000e+02
1.356995000000000005e+02
1.378365000000000009e+02
1.399735000000000014e+02
1.421105000000000018e+02
1.442475000000000023e+02
1.463845000000000027e+02
1.485215000000000032e+02
1.506585000000000036e+02
1.527955000000000041e+02
1.549325000000000045e+02
1.570695000000000050e+02
1.592065000000000055e+02
1.613435000000000059e+02
1.634805000000000064e+02
1.656175000000000068e+02
1.677545000000000073e+02
1.698915000000000077e+02
1.720285000000000082e+02
1.741655000000000086e+02
1.763025000000000091e+02
1.784395000000000095e+02
1.805765000000000100e+02
1.827135000000000105e+02
1.848505000000000109e+02
1.869875000000000114e+02
1.891245000000000118e+02
1.912615000000000123e+02
1.933985000000000127e+02
1.955355000000000132e+02
1.976725000000000136e+02
1.998095000000000141e+02
2.019464999999999861e+02
2.040834999999999866e+02
2.062204999999999870e+02
2.083574999999999875e+02
2.104944999999999879e+02
2.126314999999999884e+02
2.147684999999999889e+02
2.169054999999999893e+02
2.190424999999999898e+02
2.211794999999999902e+02
2.233164999999999907e+02
2.254534999999999911e+02
2.275904999999999916e+02
2.297274999999999920e+02
2.318644999999999925e+02
2.340014999999999930e+02
2.361384999999999934e+02
2.382754999999999939e+02
2.404124999999999943e+02
2.425494999999999948e+02
2.446864999999999952e+02
2.468234999999999957e+02
2.489604999999999961e+02
2.510974999999999966e+02
2.532344999999999970e+02
2.553714999999999975e+02
2.575085000000000264e+02
2.596454999999999700e+02
2.617825000000000273e+02
2.639194999999999709e+02
2.660565000000000282e+02
2.681934999999999718e+02
2.703305000000000291e+02
2.724674999999999727e+02
2.746045000000000300e+02
2.767414999999999736e+02
2.788785000000000309e+02
2.810154999999999745e+02
2.831525000000000318e+02
2.852894999999999754e+02
2.874265000000000327e+02
2.895634999999999764e+02
2.917005000000000337e+02
2.938374999999999773e+02
2.959745000000000346e+02
2.981114999999999782e+02
3.002485000000000355e+02
3.023854999999999791e+02
3.045225000000000364e+02
3.066594999999999800e+02
3.087965000000000373e+02
3.109334999999999809e+02
3.130705000000000382e+02
3.152074999999999818e+02
3.173445000000000391e+02
3.194814999999999827e+02
3.216185000000000400e+02
3.237554999999999836e+02
3.258925000000000409e+02
3.280294999999999845e+02
3.301665000000000418e+02
3.323034999999999854e+02
3.344405000000000427e+02
3.365774999999999864e+02
3.387145000000000437e+02
3.408514999999999873e+02
3.429885000000000446e+02
3.451254999999999882e+02
3.472625000000000455e+02
3.493994999999999891e+02
3.515365000000000464e+02
3.536734999999999900e+02
3.558105000000000473e+02
3.579474999999999909e+02
3.600845000000000482e+02
3.622214999999999918e+02
3.643585000000000491e+02
3.664954999999999927e+02
3.686325000000000500e+02
3.707694999999999936e+02
3.729065000000000509e+02
3.750434999999999945e+02
3.771805000000000518e+02
3.793174999999999955e+02
3.814545000000000528e+02
3.835914999999999964e+02
3.857285000000000537e+02
3.878654999999999973e+02
3.900025000000000546e+02
3.921394999999999982e+02
3.942765000000000555e+02
3.964134999999999991e+02
3.985505000000000564e+02
4.006875000000000000e+02
4.028244999999999436e+02
4.049615000000000009e+02
4.070984999999999445e+02
4.092355000000000018e+02
4.113724999999999454e+02
4.135095000000000027e+02
4.156464999999999463e+02
4.177835000000000036e+02
4.199204999999999472e+02
4.220575000000000045e+02
4.241944999999999482e+02
4.263315000000000055e+02
4.284684999999999491e+02
4.306055000000000064e+02
4.327424999999999500e+02
4.348795000000000073e+02
4.370164999999999509e+02
4.391535000000000082e+02
4.412904999999999518e+02
4.434275000000000091e+02
4.455644999999999527e+02
4.477015000000000100e+02
4.498384999999999536e+02
4.519755000000000109e+02
4.541124999999999545e+02
4.562495000000000118e+02
4.583864999999999554e+02
4.605235000000000127e+02
4.626604999999999563e+02
4.647975000000000136e+02
4.669344999999999573e+02
4.690715000000000146e+02
4.712084999999999582e+02
4.733455000000000155e+02
4.754824999999999591e+02
4.776195000000000164e+02
4.797564999999999600e+02
4.818935000000000173e+02
4.840304999999999609e+02
4.861675000000000182e+02
4.883044999999999618e+02
4.904415000000000191e+02
4.925784999999999627e+02
4.947155000000000200e+02
4.968524999999999636e+02
4.989895000000000209e+02
5.011264999999999645e+02
5.032635000000000218e+02
5.054004999999999654e+02
5.075375000000000227e+02
5.096744999999999663e+02
5.118115000000000236e+02
5.139484999999999673e+02
5.160855000000000246e+02
5.182225000000000819e+02
5.203595000000000255e+02
5.224964999999999691e+02
5.246335000000000264e+02
5.267705000000000837e+02
5.289075000000000273e+02
5.310444999999999709e+02
5.331815000000000282e+02
5.353184999999999718e+02
5.374555000000000291e+02
5.395924999999999727e+02
5.417294999999999163e+02
5.438664999999999736e+02
5.460035000000000309e+02
5.481404999999999745e+02
5.502774999999999181e+02
5.524144999999999754e+02
5.545515000000000327e+02
5.566884999999999764e+02
5.588254999999999200e+02
5.609624999999999773e+02
5.630995000000000346e+02
5.652364999999999782e+02
5.673734999999999218e+02
5.695104999999999791e+02
5.716475000000000364e+02
5.737844999999999800e+02
5.759214999999999236e+02
5.780584999999999809e+02
5.801955000000000382e+02
5.823324999999999818e+02
5.844694999999999254e+02
5.866064999999999827e+02
5.887435000000000400e+02
5.908804999999999836e+02
5.930174999999999272e+02
5.951544999999999845e+02
5.972915000000000418e+02
5.994284999999999854e+02
6.015654999999999291e+02
6.037024999999999864e+02
6.058395000000000437e+02
6.079764999999999873e+02
6.101134999999999309e+02
6.122504999999999882e+02
6.143875000000000455e+02
6.165244999999999891e+02
6.186614999999999327e+02
6.207984999999999900e+02
6.229355000000000473e+02
6.250724999999999909e+02
6.272094999999999345e+02
6.293464999999999918e+02
6.314835000000000491e+02
6.336204999999999927e+02
6.357574999999999363e+02
6.378944999999999936e+02
6.400315000000000509e+02
6.421684999999999945e+02
6.443054999999999382e+02
6.464424999999999955e+02
6.485795000000000528e+02
6.507164999999999964e+02
6.528534999999999400e+02
6.549904999999999973e+02
6.571275000000000546e+02
6.592644999999999982e+02
6.614014999999999418e+02
6.635384999999999991e+02
6.656755000000000564e+02
6.678125000000000000e+02
6.699494999999999436e+02
6.720865000000000009e+02
6.742235000000000582e+02
6.763605000000000018e+02
6.784974999999999454e+02
6.806345000000000027e+02
6.827715000000000600e+02
6.849085000000000036e+02
6.870454999999999472e+02
6.891825000000000045e+02
6.913195000000000618e+02
6.934565000000000055e+02
6.955934999999999491e+02
6.977305000000000064e+02
6.998675000000000637e+02
7.020045000000000073e+02
7.041414999999999509e+02
7.062785000000000082e+02
7.084155000000000655e+02
7.105525000000000091e+02
7.126894999999999527e+02
7.148265000000000100e+02
7.169635000000000673e+02
7.191005000000000109e+02
7.212374999999999545e+02
7.233745000000000118e+02
7.255115000000000691e+02
7.276485000000000127e+02
7.297854999999999563e+02
7.319225000000000136e+02
7.340595000000000709e+02
7.361965000000000146e+02
7.383334999999999582e+02
7.404705000000000155e+02
7.426075000000000728e+02
7.447445000000000164e+02
7.468814999999999600e+02
7.490185000000000173e+02
7.511555000000000746e+02
7.532925000000000182e+02
7.554294999999999618e+02
7.575665000000000191e+02
7.597035000000000764e+02
7.618405000000000200e+02
7.639774999999999636e+02
7.661145000000000209e+02
7.682515000000000782e+02
7.703885000000000218e+02
7.725254999999999654e+02
7.746625000000000227e+02
7.767995000000000800e+02
7.789365000000000236e+02
7.810734999999999673e+02
7.832105000000000246e+02
7.853475000000000819e+02
7.874845000000000255e+02
7.896214999999999691e+02
7.917585000000000264e+02
7.938955000000000837e+02
7.960325000000000273e+02
7.981694999999999709e+02
8.003065000000000282e+02
8.024434999999999718e+02
8.045805000000000291e+02
8.067174999999999727e+02
8.088544999999999163e+02
8.109914999999999736e+02
8.131285000000000309e+02
8.152654999999999745e+02
8.174024999999999181e+02
8.195394999999999754e+02
8.216765000000000327e+02
8.238134999999999764e+02
8.259504999999999200e+02
8.280874999999999773e+02
8.302245000000000346e+02
8.323614999999999782e+02
8.344984999999999218e+02
8.366354999999999791e+02
8.387725000000000364e+02
8.409094999999999800e+02
8.430464999999999236e+02
8.451834999999999809e+02
8.473205000000000382e+02
8.494574999999999818e+02
8.515944999999999254e+02
8.537314999999999827e+02
8.558685000000000400e+02
8.580054999999999836e+02
8.601424999999999272e+02
8.622794999999999845e+02
8.644165000000000418e+02
8.665534999999999854e+02
8.686904999999999291e+02
8.708274999999999864e+02
8.729645000000000437e+02
8.751014999999999873e+02
8.772384999999999309e+02
8.793754999999999882e+02
8.815125000000000455e+02
8.836494999999999891e+02
8.857864999999999327e+02
8.879234999999999900e+02
8.900605000000000473e+02
8.921974999999999909e+02
8.943344999999999345e+02
8.964714999999999918e+02
8.986085000000000491e+02
9.007454999999999927e+02
9.028824999999999363e+02
9.050194999999999936e+02
9.071565000000000509e+02
9.092934999999999945e+02
9.114304999999999382e+02
9.135674999999999955e+02
9.157045000000000528e+02
9.178414999999999964e+02
9.199784999999999400e+02
9.221154999999999973e+02
9.242525000000000546e+02
9.263894999999999982e+02
9.285264999999999418e+02
9.306634999999999991e+02
9.328005000000000564e+02
9.349375000000000000e+02
9.370744999999999436e+02
9.392115000000000009e+02
9.413485000000000582e+02
9.434855000000000018e+02
9.456224999999999454e+02
9.477595000000000027e+02
9.498965000000000600e+02
9.520335000000000036e+02
9.541704999999999472e+02
9.563075000000000045e+02
9.584445000000000618e+02
9.605815000000000055e+02
9.627184999999999491e+02
9.648555000000000064e+02
9.669925000000000637e+02
9.691295000000000073e+02
9.712664999999999509e+02
9.734035000000000082e+02
9.755405000000000655e+02
9.776775000000000091e+02
9.798144999999999527e+02
9.819515000000000100e+02
9.840885000000000673e+02
9.862255000000000109e+02
9.883624999999999545e+02
9.904995000000000118e+02
9.926365000000000691e+02
9.947735000000000127e+02
9.969104999999999563e+02
9.990475000000000136e+02
1.001184500000000071e+03
1.003321500000000015e+03
1.005458499999999958e+03
1.007595500000000015e+03
1.009732500000000073e+03
1.011869500000000016e+03
1.014006499999999960e+03
1.016143500000000017e+03
1.018280500000000075e+03
1.020417500000000018e+03
1.022554499999999962e+03
1.024691499999999905e+03
1.026828500000000076e+03
1.028965500000000020e+03
1.031102499999999964e+03
1.033239500000000135e+03
1.035376499999999851e+03
1.037513500000000022e+03
1.039650500000000193e+03
1.041787499999999909e+03
1.043924500000000080e+03
1.046061500000000024e+03
1.048198499999999967e+03
1.050335500000000138e+03
1.052472499999999854e+03
1.054609500000000025e+03
1.056746500000000196e+03
1.058883499999999913e+03
1.061020500000000084e+03
1.063157500000000027e+03
1.065294499999999971e+03
1.067431500000000142e+03
1.069568499999999858e+03
1.071705500000000029e+03
1.073842499999999973e+03
1.075979499999999916e+03
1.078116500000000087e+03
1.080253499999999804e+03
1.082390499999999975e+03
1.084527500000000146e+03
1.086664499999999862e+03
1.088801500000000033e+03
1.090938499999999976e+03
1.093075499999999920e+03
1.095212500000000091e+03
1.097349499999999807e+03
1.099486499999999978e+03
1.101623500000000149e+03
1.103760499999999865e+03
1.105897500000000036e+03
1.108034499999999980e+03
1.110171499999999924e+03
1.112308500000000095e+03
1.114445499999999811e+03
1.116582499999999982e+03
1.118719500000000153e+03
1.120856499999999869e+03
1.122993500000000040e+03
1.125130499999999984e+03
1.127267499999999927e+03
1.129404500000000098e+03
1.131541499999999814e+03
1.133678499999999985e+03
1.135815500000000156e+03
1.137952499999999873e+03
1.140089500000000044e+03
1.142226499999999987e+03
1.144363499999999931e+03
1.146500500000000102e+03
1.148637499999999818e+03
1.150774499999999989e+03
1.152911500000000160e+03
1.155048499999999876e+03
1.157185500000000047e+03
1.159322499999999991e+03
1.161459499999999935e+03
1.163596500000000106e+03
1.165733499999999822e+03
1.167870499999999993e+03
1.170007500000000164e+03
1.172144499999999880e+03
1.174281500000000051e+03
1.176418499999999995e+03
1.178555499999999938e+03
1.180692500000000109e+03
1.182829499999999825e+03
1.184966499999999996e+03
1.187103500000000167e+03
1.189240499999999884e+03
1.191377500000000055e+03
1.193514499999999998e+03
1.195651499999999942e+03
1.197788500000000113e+03
1.199925499999999829e+03
1.202062500000000000e+03
1.204199500000000171e+03
1.206336499999999887e+03
1.208473500000000058e+03
1.210610500000000002e+03
1.212747499999999945e+03
1.214884500000000116e+03
1.217021499999999833e+03
1.219158500000000004e+03
1.221295500000000175e+03
1.223432499999999891e+03
1.225569500000000062e+03
1.227706500000000005e+03
1.229843499999999949e+03
1.231980500000000120e+03
1.234117499999999836e+03
1.236254500000000007e+03
1.238391500000000178e+03
