1.165080112656750000e+14
1.069952139657040000e+14
9.171871868773400000e+13
8.286979426304400000e+13
7.281682992565300000e+13
6.417557756442600000e+13
6.004135415092800000e+13
5.341602002020500000e+13
4.815609816766000000e+13
4.561829842504200000e+13
4.140452684012200000e+13
3.964349548263100000e+13
3.926118989948600000e+13
3.374368876980500000e+13
3.386020203555100000e+13
3.203581086906300000e+13
3.101773138118600000e+13
2.774742658611900000e+13
2.690986317387600000e+13
2.673194224165900000e+13
2.468314530999800000e+13
2.111119024688700000e+13
2.248805162160800000e+13
2.131430021038900000e+13
2.226902759857800000e+13
1.888469912445900000e+13
2.099858669610700000e+13
1.860398393160200000e+13
2.006359085328600000e+13
1.652321312144300000e+13
1.854344903734100000e+13
1.522503543678200000e+13
1.433623984658100000e+13
1.586608505039600000e+13
1.350710471705000000e+13
1.246565897381200000e+13
1.385134899783800000e+13
1.298234751954400000e+13
1.330568670896700000e+13
1.216108831248800000e+13
1.244949069701900000e+13
1.271016666384400000e+13
1.214071707477600000e+13
1.214228384695800000e+13
1.133185986731600000e+13
1.181132691722200000e+13
9.949986626541000000e+12
1.051043431162400000e+13
1.126174842641200000e+13
9.624571859392000000e+12
9.798606618123000000e+12
1.078501971095800000e+13
1.052904820639600000e+13
9.076935641410000000e+12
9.263737560944000000e+12
7.967031949722000000e+12
9.737494899379000000e+12
8.874356664936000000e+12
8.543297902616000000e+12
8.473731730956000000e+12
9.808099028312000000e+12
7.594137451030000000e+12
9.525129248348000000e+12
7.201315652583000000e+12
8.682409120630000000e+12
7.808704238412000000e+12
7.224654445310000000e+12
6.675479355612000000e+12
7.560684380698000000e+12
6.583319587746000000e+12
6.810828147831000000e+12
7.184209887526000000e+12
7.260284897700000000e+12
5.634119764767000000e+12
5.685809645999000000e+12
6.269395641300000000e+12
6.020346555829000000e+12
7.654647712869000000e+12
6.072717958379000000e+12
6.785496754407000000e+12
6.929979997895000000e+12
7.745364549822000000e+12
4.669063511211000000e+12
6.110726903790000000e+12
5.311517332809000000e+12
5.676410000833000000e+12
5.026584205474000000e+12
6.168902732948000000e+12
5.557583473427000000e+12
6.828491840895000000e+12
5.327021574850000000e+12
6.736831194093000000e+12
4.923771771131000000e+12
5.608958260238000000e+12
4.873206518352000000e+12
5.251259564435000000e+12
4.627806287770000000e+12
4.557468938694000000e+12
5.168855499284000000e+12
4.176014345664000000e+12
5.911623510847000000e+12
4.505685960258000000e+12
5.220052517323000000e+12
4.097825409627000000e+12
5.607680600850000000e+12
4.114164860893000000e+12
4.898942132157000000e+12
4.750303898168000000e+12
6.279217113387000000e+12
4.928673057285000000e+12
4.420887282600000000e+12
4.128993255675000000e+12
4.853518027551000000e+12
4.220794494693000000e+12
4.058233198996000000e+12
4.242144577529000000e+12
3.678007435221000000e+12
3.097503693749000000e+12
3.855749522562000000e+12
5.039939719212000000e+12
4.710534159660000000e+12
3.630031688316000000e+12
4.165342090820000000e+12
3.941403521833000000e+12
4.458219768307000000e+12
2.807614601102000000e+12
3.243032421492000000e+12
4.981761647743000000e+12
3.433468926868000000e+12
3.565772593745000000e+12
4.008346116681000000e+12
3.759179469077000000e+12
3.775003949836000000e+12
4.129543594049000000e+12
3.780490207747000000e+12
4.107320831982000000e+12
3.700476911997000000e+12
3.960906151059000000e+12
3.034399397813000000e+12
2.907872253465000000e+12
3.308061322462000000e+12
5.188796042201000000e+12
2.759032820008000000e+12
3.950165711569000000e+12
2.988881342678000000e+12
3.776499083394000000e+12
4.460914875268000000e+12
3.683416374303000000e+12
2.355190238708000000e+12
2.644615032446000000e+12
3.629043707643000000e+12
3.837899813893000000e+12
2.545347849653000000e+12
2.857137897341000000e+12
3.668563510739000000e+12
2.205303347287000000e+12
3.658220933378000000e+12
3.090311605195000000e+12
2.246559955183000000e+12
3.204644443320000000e+12
2.990874577913000000e+12
2.976693232438000000e+12
2.447947941233000000e+12
3.748123707658000000e+12
2.760400959710000000e+12
2.032380467841000000e+12
2.717835741789000000e+12
3.222421704686000000e+12
3.118984570949000000e+12
3.216638313546000000e+12
3.143802842414000000e+12
1.994284582260000000e+12
2.230409529618000000e+12
2.386584578721000000e+12
2.370806235319000000e+12
2.663866480556000000e+12
2.430753767278000000e+12
2.123432998824000000e+12
1.650627564495000000e+12
3.659869177457000000e+12
2.449088630820000000e+12
1.752671782138000000e+12
2.213733130956000000e+12
2.078152673657000000e+12
3.194131967117000000e+12
3.271533912634000000e+12
2.692806961346000000e+12
2.085341256939000000e+12
2.435287709655000000e+12
3.066678660117000000e+12
3.385528391487000000e+12
2.579243910931000000e+12
2.004061780440000000e+12
1.946500576752000000e+12
2.842685725064000000e+12
2.742608914690000000e+12
2.574793235820000000e+12
2.938222220047000000e+12
2.179005101481000000e+12
2.182946338309000000e+12
2.859747205156000000e+12
2.304258047058000000e+12
3.410629983487000000e+12
1.823171982458000000e+12
1.926617245650000000e+12
1.839513915061000000e+12
1.704487186783000000e+12
2.083001028333000000e+12
1.898374468233000000e+12
2.167047216955000000e+12
2.476460051738000000e+12
1.559470982952000000e+12
1.695067277154000000e+12
1.363073028159000000e+12
2.586858994618000000e+12
1.692932137115000000e+12
2.125184656743000000e+12
1.553200964985000000e+12
1.796716025217000000e+12
1.737552424795000000e+12
8.732467756550000000e+11
2.386909036350000000e+12
2.028372552548000000e+12
1.866638419361000000e+12
2.058467380261000000e+12
1.746232105969000000e+12
1.290110613393000000e+12
1.914512686632000000e+12
2.242582822276000000e+12
2.649799408182000000e+12
2.696189438079000000e+12
2.400139604826000000e+12
2.444767600244000000e+12
1.934761997379000000e+12
2.434580028053000000e+12
1.232562419015000000e+12
1.984658905260000000e+12
1.122445773307000000e+12
1.358010906290000000e+12
2.290236258194000000e+12
1.615825905078000000e+12
1.818309184233000000e+12
1.659527334503000000e+12
1.021265209344000000e+12
1.677389337913000000e+12
1.646160693859000000e+12
8.770309971310000000e+11
1.672307327316000000e+12
1.914731064087000000e+12
2.124196749514000000e+12
1.359923827129000000e+12
1.399749127678000000e+12
2.065320186905000000e+12
1.311562535990000000e+12
1.771233912820000000e+12
1.682951697730000000e+12
2.019074577616000000e+12
1.612993881889000000e+12
1.807194048366000000e+12
1.697390544099000000e+12
1.373767598181000000e+12
2.467412187427000000e+12
1.544920540029000000e+12
1.423005776782000000e+12
1.453590739423000000e+12
1.327693648431000000e+12
1.348601877411000000e+12
2.749980876632000000e+12
1.739039109804000000e+12
1.712485507489000000e+12
1.377716190369000000e+12
1.251189479594000000e+12
1.161021643102000000e+12
1.160474429165000000e+12
1.541478010258000000e+12
6.761540764880000000e+11
1.430882622581000000e+12
1.748197032047000000e+12
9.508280148660000000e+11
1.590593702580000000e+12
1.104204131542000000e+12
1.525226497301000000e+12
1.071611439710000000e+12
1.711585374275000000e+12
1.799868094950000000e+12
1.751909331184000000e+12
1.450697490768000000e+12
1.323860393885000000e+12
8.835912737120000000e+11
1.599445271252000000e+12
8.343779297610000000e+11
1.685560304094000000e+12
6.285447939760000000e+11
1.219689231415000000e+12
9.699083908430000000e+11
1.231542048959000000e+12
5.591461544600000000e+11
8.774583558630000000e+11
1.363584987175000000e+12
1.173980612677000000e+12
2.014064507231000000e+12
5.711338512760000000e+11
1.449039807337000000e+12
1.079049648560000000e+12
1.707653011353000000e+12
1.284011099753000000e+12
1.256212898830000000e+12
1.125983856529000000e+12
1.073792590341000000e+12
9.451654333020000000e+11
8.817564536900000000e+11
1.296982241754000000e+12
9.304430206600000000e+11
9.923680057600000000e+11
9.738273112010000000e+11
1.000287872826000000e+12
1.552658028393000000e+12
9.353433748010000000e+11
8.217099359310000000e+11
1.047238162812000000e+12
1.347573500380000000e+12
9.227307708970000000e+11
7.374551901660000000e+11
1.431690418997000000e+12
8.303341300080000000e+11
1.556725992828000000e+12
1.359700094244000000e+12
1.227953404665000000e+12
1.339913305844000000e+12
1.483296506642000000e+12
6.117114909430000000e+11
1.509151049989000000e+12
1.155258986506000000e+12
7.297524801630000000e+11
7.075138124020000000e+11
6.326604901450000000e+11
8.330006813180000000e+11
8.005376278610000000e+11
1.059663381402000000e+12
8.938592732670000000e+11
8.080674726460000000e+11
7.425669347220000000e+11
9.519806804410000000e+11
1.527455585165000000e+12
1.396463868211000000e+12
1.726802010087000000e+12
1.009350302843000000e+12
6.151227916290000000e+11
7.785894096520000000e+11
1.663075552064000000e+12
1.331040098026000000e+12
1.197362974575000000e+12
1.209450458684000000e+12
8.104977992640000000e+11
4.059933040220000000e+11
1.254528632560000000e+12
1.458236809963000000e+12
7.104916300290000000e+11
8.364422107350000000e+11
9.187232525090000000e+11
7.681372014880000000e+11
7.553719880600000000e+11
2.101609513510000000e+11
1.175325234862000000e+12
3.249438529120000000e+11
7.160247251270000000e+11
7.849828935860000000e+11
1.328168317463000000e+12
6.186244486740000000e+11
4.673035303730000000e+11
4.511612901650000000e+11
8.433630785430000000e+11
1.164996666693000000e+12
7.394003554650000000e+11
7.952970954850000000e+11
7.926491251150000000e+11
7.484391728480000000e+11
1.081564019301000000e+12
6.700628757770000000e+11
8.104360617170000000e+11
5.781365642880000000e+11
9.534493861890000000e+11
1.382934970276000000e+12
9.330880366760000000e+11
7.634953333740000000e+11
5.929199074410000000e+11
9.802813957070000000e+11
5.839916120000000000e+11
1.521635808811000000e+12
3.300664137050000000e+11
1.462100344981000000e+12
4.588995116150000000e+11
4.133443490940000000e+11
9.166680124840000000e+11
9.961149881190000000e+11
1.104971103553000000e+12
4.056029651220000000e+11
1.682033203210000000e+11
6.499085519440000000e+11
1.047445188769000000e+12
7.023521486870000000e+11
1.021893720587000000e+12
1.023661274267000000e+12
3.427588170400000000e+11
5.714882147000000000e+11
3.272976245870000000e+11
4.990090234070000000e+11
4.763851195560000000e+11
6.092085044140000000e+11
7.635135477630000000e+11
4.263368486570000000e+11
6.822383686360000000e+11
9.292980591020000000e+11
1.316002086426000000e+12
9.311360877070000000e+11
7.080856760430000000e+11
5.040102146270000000e+11
6.196384981020000000e+11
4.943138884910000000e+11
6.057339739960000000e+11
2.530054884290000000e+11
6.547450662840000000e+11
4.594312052460000000e+11
3.758424309570000000e+11
1.068889190953000000e+12
5.586564424410000000e+11
7.632384060200000000e+11
1.881084299010000000e+11
4.714499895220000000e+11
5.472493233890000000e+11
4.583665809890000000e+11
7.637401280470000000e+11
3.679831193660000000e+11
3.033622462380000000e+11
4.199072462060000000e+11
5.811870898340000000e+11
7.439427927870000000e+11
2.157180200300000000e+11
3.335941352450000000e+11
5.750782166750000000e+11
3.427477967830000000e+11
1.204900951549000000e+12
3.147426563780000000e+11
5.376542109060000000e+11
6.631194885440000000e+11
4.280174698170000000e+11
1.090831302064000000e+12
2.166202218730000000e+11
4.900380644250000000e+11
7.087027380720000000e+11
6.310758431990000000e+11
3.976266361940000000e+11
8.288543055430000000e+11
4.673870651810000000e+11
5.843774436090000000e+11
4.298345134550000000e+11
5.069306347600000000e+11
4.129873574580000000e+11
3.694661336350000000e+11
1.280998760970000000e+11
5.590035227930000000e+11
3.976429911040000000e+11
8.198393874990000000e+11
3.762268556710000000e+11
9.418981819940000000e+11
4.571342570780000000e+11
7.985585500490000000e+11
3.099566764000000000e+09
1.363781783560000000e+11
4.220313172080000000e+11
3.028719891490000000e+11
3.035339387230000000e+11
3.687829000230000000e+11
2.141366867230000000e+11
3.585084566410000000e+11
4.475891309130000000e+11
3.999948208370000000e+11
3.358730661310000000e+11
5.920838177200000000e+11
2.276524082180000000e+11
2.096753538320000000e+11
6.175091565690000000e+11
1.920577681390000000e+11
5.547111528410000000e+11
5.180273230210000000e+11
2.529625893360000000e+11
2.560285270150000000e+11
2.762284294800000000e+11
2.939477039830000000e+11
5.344507948520000000e+11
2.648956739820000000e+11
5.747854508680000000e+11
2.808443724700000000e+11
2.845934368280000000e+11
3.049154846020000000e+11
2.728519968990000000e+11
5.014601039810000000e+11
5.913151027200000000e+10
2.328521630740000000e+11
3.392709027340000000e+11
2.352235752030000000e+11
8.528235501400000000e+10
1.130608694340000000e+11
5.818126397800000000e+10
1.664647454210000000e+11
9.004140532200000000e+10
1.782283115670000000e+11
1.267330430830000000e+11
3.241469758490000000e+11
6.871843939700000000e+10
9.951502266500000000e+10
3.085556458580000000e+11
5.029611022740000000e+11
5.196318633120000000e+11
7.795943573100000000e+10
1.652945669480000000e+11
1.697193873130000000e+11
3.025326778000000000e+11
2.453245983000000000e+11
3.318897011420000000e+11
2.911489205530000000e+11
1.644894510310000000e+11
1.947943754600000000e+11
1.655706573620000000e+11
2.851061315960000000e+11
8.922968852900000000e+10
2.233258818970000000e+11
2.987437107440000000e+11
2.883368588000000000e+09
2.840300698960000000e+11
2.562476843400000000e+11
6.372547555300000000e+10
3.847487074520000000e+11
3.900869175460000000e+11
1.143564696800000000e+11
3.464709523120000000e+11
6.604349956000000000e+09
2.516045117130000000e+11
2.653082237950000000e+11
1.160183506000000000e+11
4.021564045000000000e+09
3.572007453000000000e+09
2.817215617600000000e+11
2.624864055330000000e+11
1.517515329700000000e+11
3.055390408360000000e+11
8.432695131200000000e+10
1.297512139570000000e+11
7.925892682300000000e+10
1.299527660410000000e+11
2.183411102150000000e+11
2.040920188170000000e+11
1.827612611900000000e+11
2.563948252020000000e+11
2.671553714120000000e+11
1.624954073070000000e+11
1.291006990000000000e+09
4.404324626000000000e+09
7.380925808100000000e+10
7.766036177500000000e+10
1.449512584580000000e+11
1.194873603750000000e+11
2.582825329000000000e+09
9.725708732700000000e+10
1.806270150630000000e+11
9.695034851400000000e+10
2.064361493960000000e+11
9.349648171700000000e+10
5.955790174000000000e+09
1.163774159260000000e+11
8.377434643500000000e+10
8.273251883900000000e+10
5.538807761900000000e+10
6.269118460000000000e+10
6.481431515400000000e+10
3.113808764810000000e+11
7.317276262400000000e+10
2.228299669620000000e+11
