1.757037842476720000e+14
1.647192209709300000e+14
1.597881078817330000e+14
1.556743011153380000e+14
1.459106013446120000e+14
1.380735097386700000e+14
1.324810077389510000e+14
1.235668386840580000e+14
1.236567954619110000e+14
1.133256155190760000e+14
1.111222550409770000e+14
1.055180148361630000e+14
1.031907882058920000e+14
9.694632013811400000e+13
9.154923638551700000e+13
8.861318930704200000e+13
8.242318940566500000e+13
8.006972332397200000e+13
7.737050485813900000e+13
7.425079618913300000e+13
7.251168325663800000e+13
6.929959657613800000e+13
6.589361544610100000e+13
6.341474313312800000e+13
6.140535382043300000e+13
5.765918110787500000e+13
5.358846777928000000e+13
5.258509329692000000e+13
5.347595669806800000e+13
5.015796095992100000e+13
4.851023681913500000e+13
4.502739846691900000e+13
4.464285381083500000e+13
4.313202188617200000e+13
3.974904212885200000e+13
3.954335230519500000e+13
3.799947277588700000e+13
3.725540577073900000e+13
3.454480370577100000e+13
3.258326378699000000e+13
3.217497748791100000e+13
3.107494209731800000e+13
2.935014377699100000e+13
2.963847649666500000e+13
2.791741700596400000e+13
2.760406563533600000e+13
2.792246195241800000e+13
2.575551213887300000e+13
2.461102363165400000e+13
2.286523887484800000e+13
2.381897860048500000e+13
2.277528827430500000e+13
2.236243982244300000e+13
2.107278725290300000e+13
2.066315696965300000e+13
1.921830234677200000e+13
1.915473038405200000e+13
1.842713632499000000e+13
1.642529870298900000e+13
1.758805609299600000e+13
1.565957833576800000e+13
1.617022148502600000e+13
1.570991761933400000e+13
1.560197105533700000e+13
1.417448489938500000e+13
1.464192854546200000e+13
1.345025659189400000e+13
1.391540006341900000e+13
1.249559674863100000e+13
1.222517135749600000e+13
1.145327842259100000e+13
1.112547607464200000e+13
1.185653971906000000e+13
1.086911810327600000e+13
1.077994431787200000e+13
1.077304204383500000e+13
9.388118977492000000e+12
9.810501864546000000e+12
1.022144192337900000e+13
9.493978871995000000e+12
8.863531464942000000e+12
8.901385485560000000e+12
8.761186752356000000e+12
8.509676341728000000e+12
7.679119528158000000e+12
7.479798826003000000e+12
7.601799628901000000e+12
7.344639449270000000e+12
6.787120015198000000e+12
7.460046311401000000e+12
6.901589068582000000e+12
6.862149333116000000e+12
5.734190560227000000e+12
5.932449875268000000e+12
6.030421598796000000e+12
5.710216864152000000e+12
5.693178017776000000e+12
6.370658102721000000e+12
5.638809218059000000e+12
5.277138237419000000e+12
5.490197458849000000e+12
5.057238515046000000e+12
4.498742091360000000e+12
4.366099164604000000e+12
4.517145846571000000e+12
4.771442320973000000e+12
4.359376421383000000e+12
4.316960904516000000e+12
3.958343956945000000e+12
4.258418433432000000e+12
3.725241075028000000e+12
3.770707662581000000e+12
3.855204817105000000e+12
3.456228291319000000e+12
3.745723913055000000e+12
3.254653118617000000e+12
3.238613544066000000e+12
3.089037662915000000e+12
3.002597193917000000e+12
3.461416820069000000e+12
3.463971068738000000e+12
2.657484431383000000e+12
2.891839185075000000e+12
2.843507001178000000e+12
2.743689510051000000e+12
2.431328621160000000e+12
2.384710118238000000e+12
2.460878385681000000e+12
2.400818516826000000e+12
2.237941743771000000e+12
2.207048013100000000e+12
2.145593028169000000e+12
1.935490067456000000e+12
1.966124176539000000e+12
2.069129194722000000e+12
2.074595271715000000e+12
2.065953955848000000e+12
2.224732725222000000e+12
2.043415869134000000e+12
1.695097905328000000e+12
1.812220437592000000e+12
1.988557467296000000e+12
1.754728778643000000e+12
1.664199674226000000e+12
1.576614045213000000e+12
1.623732974200000000e+12
1.668754088511000000e+12
1.583231220374000000e+12
1.564320820925000000e+12
1.183227065846000000e+12
1.278275388968000000e+12
1.297298731938000000e+12
1.455333893713000000e+12
1.262120162378000000e+12
1.182093418186000000e+12
1.288636751729000000e+12
1.303617090892000000e+12
1.396557816296000000e+12
1.241083494511000000e+12
1.179099519283000000e+12
1.176221483515000000e+12
9.718859318020000000e+11
1.216120486505000000e+12
1.246207402521000000e+12
1.048350231161000000e+12
8.467156296560000000e+11
1.002372417933000000e+12
1.118218921635000000e+12
8.705653929340000000e+11
9.380624447860000000e+11
8.354520300370000000e+11
8.576548204010000000e+11
9.610658544630000000e+11
8.049964251890000000e+11
8.896496111890000000e+11
8.814786572200000000e+11
7.687046987510000000e+11
7.287294875230000000e+11
7.145189654620000000e+11
7.431972885790000000e+11
6.962156659280000000e+11
5.493886287150000000e+11
6.991218294150000000e+11
5.056793737710000000e+11
7.107046041000000000e+11
6.944055282160000000e+11
6.816275054660000000e+11
7.196725342840000000e+11
7.588792863930000000e+11
5.576170475210000000e+11
5.421704011440000000e+11
5.202747657180000000e+11
6.469468059210000000e+11
4.678185083330000000e+11
4.324462084910000000e+11
4.288704654580000000e+11
5.296138322810000000e+11
6.814029290180000000e+11
6.324736148940000000e+11
4.714448032770000000e+11
4.148993411130000000e+11
4.143031951410000000e+11
3.381274933540000000e+11
4.169037970050000000e+11
4.117518870370000000e+11
4.523925099240000000e+11
2.668626391080000000e+11
4.204222428270000000e+11
4.188351441630000000e+11
3.329753368400000000e+11
3.439486613940000000e+11
3.118439651970000000e+11
3.404817505650000000e+11
3.038578236290000000e+11
4.033073266210000000e+11
2.795266840530000000e+11
3.100114144860000000e+11
3.441914137770000000e+11
1.952235246360000000e+11
3.380430433340000000e+11
3.090385622760000000e+11
2.876889691600000000e+11
3.208399473130000000e+11
2.888294941720000000e+11
2.517478393560000000e+11
2.925198893670000000e+11
3.147188158700000000e+11
2.335200824360000000e+11
2.445335825010000000e+11
2.795946891510000000e+11
2.696220575730000000e+11
2.764660661590000000e+11
2.661175268610000000e+11
1.627891269590000000e+11
2.183739647120000000e+11
2.066597642390000000e+11
2.554335557470000000e+11
1.772973588680000000e+11
2.332919388600000000e+11
1.839425682600000000e+11
1.733140453040000000e+11
2.339261502590000000e+11
2.080006833940000000e+11
2.042882960530000000e+11
1.515518356160000000e+11
2.297018502070000000e+11
1.545024884780000000e+11
2.581231510370000000e+11
2.045553674160000000e+11
3.121406554790000000e+11
1.290326652810000000e+11
1.528711435220000000e+11
1.975677507640000000e+11
1.077228080940000000e+11
1.357008429060000000e+11
2.082034713300000000e+11
1.338675374470000000e+11
1.512608307180000000e+11
1.352693007040000000e+11
1.657845303340000000e+11
7.880391484400000000e+10
9.107436614500000000e+10
1.412104783760000000e+11
8.643860651000000000e+10
1.300357268860000000e+11
1.412625869690000000e+11
7.231294188400000000e+10
1.011110695850000000e+11
1.152074897870000000e+11
1.054285246390000000e+11
5.814046198200000000e+10
7.397086829600000000e+10
1.289327472040000000e+11
1.114434662860000000e+11
1.069302002670000000e+11
9.392342652800000000e+10
1.137074494660000000e+11
7.401855477200000000e+10
1.021129411750000000e+11
5.663891256500000000e+10
8.247831323400000000e+10
8.277439869900000000e+10
9.611771722900000000e+10
9.955635492400000000e+10
6.935882498600000000e+10
5.069317639000000000e+10
4.236822029900000000e+10
9.966573919800000000e+10
5.177418824500000000e+10
4.901672184600000000e+10
5.260748336400000000e+10
7.090887073600000000e+10
6.890298774500000000e+10
5.756152993200000000e+10
5.769717848600000000e+10
5.337743866100000000e+10
3.921334048300000000e+10
7.772115780600000000e+10
8.399397512800000000e+10
6.558742767300000000e+10
7.623545076900000000e+10
3.846558648800000000e+10
9.257819432700000000e+10
8.283718740500000000e+10
4.614111713400000000e+10
6.404318559900000000e+10
3.478270342100000000e+10
4.146518635300000000e+10
3.655239299800000000e+10
9.412971569000000000e+10
5.583509608000000000e+10
2.630555481200000000e+10
4.096865890400000000e+10
1.541315794500000000e+10
3.500006572000000000e+10
3.871126207700000000e+10
1.169266480600000000e+10
9.178686919000000000e+09
4.100106128600000000e+10
2.108054847300000000e+10
3.812919679800000000e+10
1.581806281000000000e+10
2.676173895100000000e+10
2.743415685300000000e+10
3.156287279000000000e+10
4.347219696700000000e+10
4.331460099000000000e+10
4.204488569000000000e+10
2.704471871400000000e+10
2.169950831900000000e+10
3.589125537800000000e+10
3.248177055900000000e+10
2.392398599100000000e+10
3.341190431400000000e+10
4.132998561400000000e+10
2.058137850600000000e+10
2.401092155700000000e+10
3.966671360700000000e+10
1.528052490700000000e+10
1.695953637200000000e+10
3.132832102000000000e+10
3.532865779100000000e+10
4.627352751600000000e+10
7.913216935000000000e+10
2.865854243500000000e+10
3.778028276200000000e+10
1.331520055700000000e+10
2.909906741400000000e+10
1.887349508800000000e+10
3.507985491700000000e+10
2.405257493100000000e+10
2.322219682200000000e+10
2.765229652100000000e+10
2.420609752100000000e+10
1.402873468000000000e+09
1.984657868900000000e+10
4.007229298000000000e+09
2.119294983600000000e+10
3.983538165200000000e+10
3.383363043000000000e+09
9.949042612000000000e+09
6.223196902000000000e+09
1.015905611700000000e+10
2.670457183900000000e+10
9.356856872000000000e+09
3.745167361200000000e+10
2.067843010600000000e+10
3.143329345000000000e+09
8.485637861000000000e+09
3.039945745800000000e+10
1.712827430300000000e+10
2.689089171800000000e+10
1.865017853300000000e+10
1.105487551800000000e+10
3.355751268300000000e+10
1.552394295200000000e+10
6.024452957000000000e+09
3.471171796800000000e+10
7.876012217000000000e+09
7.020361191000000000e+09
6.291429784000000000e+09
2.020817053600000000e+10
2.238382129000000000e+10
1.205973094000000000e+10
4.949182251000000000e+09
4.409523176000000000e+09
1.338531472000000000e+09
4.291593021000000000e+09
9.222254952000000000e+09
1.789375663000000000e+09
