4.178338509455980000e+14
3.613713322621840000e+14
3.297362277267940000e+14
2.797751242221260000e+14
2.522304618455560000e+14
2.199771973382920000e+14
1.937046719167400000e+14
1.817689543403940000e+14
1.548738962600110000e+14
1.539077618953780000e+14
1.378087370903250000e+14
1.325140050152350000e+14
1.247455237138150000e+14
1.079016075432390000e+14
1.088612335632190000e+14
9.309062299242900000e+13
9.150990365752800000e+13
7.722109631081200000e+13
8.101375966039900000e+13
7.737854367685900000e+13
6.625717432498200000e+13
6.668503667404100000e+13
6.104648878844700000e+13
5.726774353052100000e+13
5.641806448411300000e+13
5.403202781734500000e+13
5.595931635839500000e+13
4.552423491931700000e+13
4.338075406771000000e+13
4.743834029480000000e+13
4.493001038065100000e+13
4.400983904295700000e+13
4.582268109795500000e+13
3.976393622940600000e+13
3.743873337441100000e+13
3.461852909865300000e+13
3.439227972380100000e+13
3.157237408931600000e+13
3.148376424418600000e+13
2.962511363743300000e+13
2.728140699191700000e+13
2.974075339195400000e+13
2.721835966775600000e+13
2.850500177101000000e+13
2.684666841933500000e+13
2.483253077708900000e+13
2.277737861336200000e+13
2.564903356637400000e+13
2.174445693246800000e+13
2.307504516216400000e+13
2.047568803501700000e+13
1.660939110795000000e+13
2.224086877833100000e+13
1.845279919339400000e+13
1.698005634212200000e+13
1.734210773641800000e+13
1.653748249468000000e+13
1.461342979497300000e+13
1.480319996901800000e+13
1.418917612698000000e+13
1.623781082814200000e+13
1.474910890853700000e+13
1.444088411696400000e+13
1.271178554248100000e+13
1.369540784086900000e+13
1.321370120572000000e+13
1.407784179558600000e+13
1.020861782867400000e+13
1.066916758184600000e+13
9.353409488333000000e+12
1.165803781265300000e+13
1.051572909482200000e+13
1.130743267656300000e+13
1.015133710704400000e+13
9.231080355311000000e+12
1.135658105371400000e+13
9.118835956260000000e+12
6.773176516206000000e+12
1.032688403254600000e+13
9.960524007916000000e+12
9.842158915671000000e+12
9.738096593882000000e+12
7.674414503974000000e+12
8.764612705497000000e+12
7.484886857469000000e+12
5.477049223100000000e+12
8.091978319476000000e+12
6.318968082114000000e+12
7.601123954999000000e+12
6.806305561709000000e+12
6.727529505563000000e+12
6.759526753526000000e+12
6.589989236480000000e+12
8.342748135326000000e+12
5.262121792680000000e+12
6.302520306198000000e+12
5.674761062570000000e+12
5.824119821857000000e+12
6.916574435728000000e+12
5.396398350965000000e+12
5.449598317377000000e+12
5.725119201403000000e+12
4.587030498844000000e+12
5.490844441487000000e+12
4.551319052592000000e+12
4.502030483177000000e+12
4.236454894300000000e+12
3.184055838257000000e+12
4.227524024358000000e+12
3.009040241148000000e+12
4.691180763044000000e+12
3.997059483643000000e+12
4.108929803490000000e+12
4.556177361938000000e+12
4.256673351879000000e+12
5.284021783879000000e+12
5.495274467775000000e+12
4.906644316927000000e+12
2.962926250946000000e+12
3.920058722212000000e+12
4.628450995609000000e+12
2.920564706351000000e+12
4.213559500719000000e+12
3.477017191173000000e+12
3.624110368619000000e+12
3.407950735794000000e+12
3.383937903899000000e+12
2.315484440289000000e+12
2.478803060263000000e+12
2.585476390450000000e+12
1.802346244956000000e+12
2.826925091424000000e+12
2.394550139992000000e+12
2.964378631688000000e+12
2.531680084667000000e+12
2.653815896412000000e+12
2.678681986739000000e+12
2.386830840672000000e+12
2.469458038752000000e+12
1.707707525176000000e+12
2.177889526115000000e+12
4.083543631573000000e+12
1.940575267937000000e+12
2.661535296512000000e+12
2.090449447871000000e+12
2.108912422665000000e+12
2.511669004416000000e+12
2.657161511013000000e+12
2.493587049108000000e+12
2.437667757992000000e+12
2.038656802615000000e+12
3.907018746981000000e+12
2.881320130600000000e+12
1.511002395698000000e+12
1.682850947694000000e+12
1.937021285304000000e+12
2.153938386303000000e+12
1.775663759372000000e+12
1.330097728294000000e+12
1.859241926688000000e+12
1.815464289100000000e+12
1.435626429382000000e+12
2.093848412835000000e+12
1.221901471782000000e+12
1.233247672361000000e+12
1.799732967376000000e+12
1.186801559404000000e+12
1.497803218832000000e+12
1.550163920239000000e+12
1.496815853238000000e+12
1.567617723299000000e+12
2.205146488727000000e+12
1.301544467191000000e+12
2.122482851892000000e+12
1.743410241163000000e+12
2.043274748359000000e+12
6.652847605060000000e+11
1.750460275185000000e+12
1.771001619095000000e+12
6.461668268860000000e+11
1.263816219379000000e+12
5.451458606280000000e+11
7.266826864220000000e+11
1.587989938790000000e+12
6.176994830890000000e+11
1.760936033284000000e+12
1.260488778008000000e+12
6.231375849970000000e+11
1.407146903807000000e+12
1.406544210471000000e+12
9.409261224530000000e+11
5.484102283970000000e+11
1.096498932558000000e+12
7.104316507860000000e+11
1.958068295841000000e+12
4.805880312720000000e+11
9.478204561920000000e+11
6.967835809220000000e+11
4.988236977740000000e+11
1.420362020327000000e+12
6.208592012490000000e+11
6.393549982100000000e+11
1.144603509646000000e+12
9.066837379730000000e+11
7.092102169940000000e+11
1.070485083542000000e+12
1.397143776339000000e+12
5.438639003970000000e+11
4.671747118840000000e+11
1.247862112509000000e+12
3.436193137730000000e+11
6.629168682560000000e+11
1.215841047040000000e+12
1.007814565056000000e+12
4.540313065600000000e+11
5.056994547790000000e+11
7.619859787340000000e+11
4.529941854630000000e+11
9.347991700620000000e+11
7.678069409550000000e+11
9.150562628670000000e+11
6.183447076550000000e+11
3.031091983370000000e+11
2.004578419000000000e+10
4.414437237760000000e+11
6.131351725880000000e+11
2.282848286890000000e+11
1.755084016460000000e+11
6.247502305430000000e+11
4.755155811100000000e+11
9.073724711930000000e+11
8.552146974180000000e+11
9.222835903840000000e+11
5.387551729240000000e+11
9.002529778380000000e+11
6.142275507820000000e+11
6.089798554390000000e+11
7.560044679350000000e+11
4.586166613580000000e+11
6.029227788700000000e+11
9.147428555010000000e+11
3.070932125800000000e+11
1.538062727390000000e+11
1.615081632680000000e+11
6.124941113700000000e+11
4.636412143190000000e+11
2.838106978000000000e+09
9.224238279540000000e+11
1.791834449620000000e+11
6.112259404870000000e+11
1.629097782630000000e+11
7.506465267340000000e+11
9.096197360790000000e+11
6.418215304400000000e+11
1.783886708470000000e+11
6.001686518920000000e+11
1.541705995040000000e+11
3.031123844780000000e+11
4.912200915120000000e+11
