86.924000
92.532000
98.140000
103.748000
109.356000
114.964000
120.572000
126.180000
131.788000
137.396000
143.004000
148.612000
154.220000
159.828000
165.436000
171.044000
176.652000
182.260000
187.868000
193.476000
199.084000
204.692000
210.300000
215.908000
221.516000
227.124000
232.732000
238.340000
243.948000
249.556000
255.164000
260.772000
266.380000
271.988000
277.596000
283.204000
288.812000
294.420000
300.028000
305.636000
311.244000
316.852000
322.460000
328.068000
333.676000
339.284000
344.892000
350.500000
356.108000
361.716000
367.324000
372.932000
378.540000
384.148000
389.756000
395.364000
400.972000
406.580000
412.188000
417.796000
423.404000
429.012000
434.620000
440.228000
445.836000
451.444000
457.052000
462.660000
468.268000
473.876000
479.484000
485.092000
490.700000
496.308000
501.916000
507.524000
513.132000
518.740000
524.348000
529.956000
535.564000
541.172000
546.780000
552.388000
557.996000
563.604000
569.212000
574.820000
580.428000
586.036000
591.644000
597.252000
602.860000
608.468000
614.076000
619.684000
625.292000
630.900000
636.508000
642.116000
647.724000
653.332000
658.940000
664.548000
670.156000
675.764000
681.372000
686.980000
692.588000
698.196000
703.804000
709.412000
715.020000
720.628000
726.236000
731.844000
737.452000
743.060000
748.668000
754.276000
759.884000
765.492000
771.100000
776.708000
782.316000
787.924000
793.532000
799.140000
804.748000
810.356000
815.964000
821.572000
827.180000
832.788000
838.396000
844.004000
849.612000
855.220000
860.828000
866.436000
872.044000
877.652000
883.260000
888.868000
894.476000
900.084000
905.692000
911.300000
916.908000
922.516000
928.124000
933.732000
939.340000
944.948000
950.556000
956.164000
961.772000
967.380000
972.988000
978.596000
984.204000
989.812000
995.420000
1001.028000
1006.636000
1012.244000
1017.852000
1023.460000
1029.068000
1034.676000
1040.284000
1045.892000
1051.500000
1057.108000
1062.716000
1068.324000
1073.932000
1079.540000
1085.148000
1090.756000
1096.364000
1101.972000
1107.580000
1113.188000
1118.796000
1124.404000
1130.012000
1135.620000
1141.228000
1146.836000
1152.444000
1158.052000
1163.660000
1169.268000
1174.876000
1180.484000
1186.092000
1191.700000
1197.308000
1202.916000
1208.524000
1214.132000
1219.740000
1225.348000
1230.956000
1236.564000
1242.172000
1247.780000
1253.388000
1258.996000
1264.604000
1270.212000
1275.820000
1281.428000
1287.036000
1292.644000
1298.252000
1303.860000
1309.468000
1315.076000
1320.684000
1326.292000
1331.900000
1337.508000
1343.116000
1348.724000
1354.332000
1359.940000
1365.548000
1371.156000
1376.764000
1382.372000
1387.980000
1393.588000
1399.196000
1404.804000
1410.412000
1416.020000
1421.628000
1427.236000
1432.844000
1438.452000
1444.060000
1449.668000
1455.276000
1460.884000
1466.492000
1472.100000
1477.708000
1483.316000
1488.924000
1494.532000
1500.140000
1505.748000
1511.356000
1516.964000
1522.572000
1528.180000
1533.788000
1539.396000
1545.004000
1550.612000
1556.220000
1561.828000
1567.436000
1573.044000
1578.652000
1584.260000
1589.868000
1595.476000
1601.084000
1606.692000
1612.300000
1617.908000
1623.516000
1629.124000
1634.732000
1640.340000
1645.948000
1651.556000
1657.164000
1662.772000
1668.380000
1673.988000
1679.596000
1685.204000
1690.812000
1696.420000
1702.028000
1707.636000
1713.244000
1718.852000
1724.460000
1730.068000
1735.676000
1741.284000
1746.892000
1752.500000
1758.108000
1763.716000
1769.324000
1774.932000
1780.540000
1786.148000
1791.756000
1797.364000
1802.972000
1808.580000
1814.188000
1819.796000
1825.404000
1831.012000
1836.620000
1842.228000
1847.836000
1853.444000
1859.052000
1864.660000
1870.268000
1875.876000
1881.484000
1887.092000
1892.700000
1898.308000
1903.916000
1909.524000
1915.132000
1920.740000
1926.348000
1931.956000
1937.564000
1943.172000
1948.780000
1954.388000
1959.996000
1965.604000
1971.212000
1976.820000
1982.428000
1988.036000
1993.644000
1999.252000
2004.860000
2010.468000
2016.076000
2021.684000
2027.292000
2032.900000
2038.508000
2044.116000
2049.724000
2055.332000
2060.940000
2066.548000
2072.156000
2077.764000
2083.372000
2088.980000
2094.588000
2100.196000
2105.804000
2111.412000
2117.020000
2122.628000
2128.236000
2133.844000
2139.452000
2145.060000
2150.668000
2156.276000
2161.884000
2167.492000
2173.100000
2178.708000
2184.316000
2189.924000
2195.532000
2201.140000
2206.748000
2212.356000
2217.964000
2223.572000
2229.180000
2234.788000
2240.396000
2246.004000
2251.612000
2257.220000
2262.828000
2268.436000
2274.044000
2279.652000
2285.260000
2290.868000
2296.476000
2302.084000
2307.692000
2313.300000
2318.908000
2324.516000
2330.124000
2335.732000
2341.340000
2346.948000
2352.556000
2358.164000
2363.772000
2369.380000
2374.988000
2380.596000
2386.204000
2391.812000
2397.420000
2403.028000
2408.636000
2414.244000
2419.852000
2425.460000
2431.068000
2436.676000
2442.284000
2447.892000
2453.500000
2459.108000
2464.716000
2470.324000
2475.932000
2481.540000
2487.148000
2492.756000
2498.364000
2503.972000
2509.580000
2515.188000
2520.796000
2526.404000
2532.012000
2537.620000
2543.228000
2548.836000
2554.444000
2560.052000
2565.660000
2571.268000
2576.876000
2582.484000
2588.092000
2593.700000
2599.308000
2604.916000
2610.524000
2616.132000
2621.740000
2627.348000
2632.956000
2638.564000
2644.172000
2649.780000
2655.388000
2660.996000
2666.604000
2672.212000
2677.820000
2683.428000
2689.036000
2694.644000
2700.252000
2705.860000
2711.468000
2717.076000
2722.684000
2728.292000
2733.900000
2739.508000
2745.116000
2750.724000
2756.332000
2761.940000
2767.548000
2773.156000
2778.764000
2784.372000
2789.980000
2795.588000
2801.196000
2806.804000
2812.412000
2818.020000
2823.628000
2829.236000
2834.844000
2840.452000
2846.060000
2851.668000
2857.276000
2862.884000
2868.492000
2874.100000
2879.708000
2885.316000
2890.924000
2896.532000
2902.140000
2907.748000
2913.356000
2918.964000
2924.572000
2930.180000
2935.788000
2941.396000
2947.004000
2952.612000
2958.220000
2963.828000
2969.436000
2975.044000
2980.652000
2986.260000
2991.868000
2997.476000
3003.084000
3008.692000
3014.300000
3019.908000
3025.516000
3031.124000
3036.732000
3042.340000
3047.948000
3053.556000
3059.164000
3064.772000
3070.380000
3075.988000
3081.596000
3087.204000
3092.812000
3098.420000
3104.028000
3109.636000
3115.244000
3120.852000
3126.460000
3132.068000
3137.676000
3143.284000
3148.892000
3154.500000
3160.108000
3165.716000
3171.324000
3176.932000
3182.540000
3188.148000
3193.756000
3199.364000
3204.972000
3210.580000
3216.188000
3221.796000
3227.404000
3233.012000
3238.620000
3244.228000
3249.836000
3255.444000
3261.052000
3266.660000
3272.268000
3277.876000
3283.484000
3289.092000
3294.700000
3300.308000
3305.916000
3311.524000
3317.132000
3322.740000
3328.348000
3333.956000
3339.564000
3345.172000
3350.780000
3356.388000
3361.996000
3367.604000
3373.212000
3378.820000
3384.428000
3390.036000
3395.644000
3401.252000
3406.860000
3412.468000
3418.076000
3423.684000
3429.292000
3434.900000
3440.508000
3446.116000
3451.724000
3457.332000
3462.940000
3468.548000
3474.156000
3479.764000
3485.372000
3490.980000
3496.588000
3502.196000
3507.804000
3513.412000
3519.020000
3524.628000
3530.236000
3535.844000
3541.452000
3547.060000
3552.668000
3558.276000
3563.884000
3569.492000
3575.100000
3580.708000
3586.316000
3591.924000
3597.532000
3603.140000
3608.748000
3614.356000
3619.964000
3625.572000
3631.180000
3636.788000
3642.396000
3648.004000
3653.612000
3659.220000
3664.828000
3670.436000
3676.044000
3681.652000
3687.260000
3692.868000
3698.476000
3704.084000
3709.692000
3715.300000
3720.908000
3726.516000
3732.124000
3737.732000
3743.340000
3748.948000
3754.556000
3760.164000
3765.772000
3771.380000
3776.988000
3782.596000
3788.204000
3793.812000
3799.420000
3805.028000
3810.636000
3816.244000
3821.852000
3827.460000
3833.068000
3838.676000
3844.284000
3849.892000
3855.500000
3861.108000
3866.716000
3872.324000
3877.932000
3883.540000
3889.148000
3894.756000
3900.364000
3905.972000
3911.580000
3917.188000
3922.796000
3928.404000
3934.012000
3939.620000
3945.228000
3950.836000
3956.444000
3962.052000
3967.660000
3973.268000
3978.876000
3984.484000
3990.092000
3995.700000
4001.308000
4006.916000
4012.524000
4018.132000
4023.740000
4029.348000
4034.956000
4040.564000
4046.172000
4051.780000
4057.388000
4062.996000
4068.604000
4074.212000
4079.820000
4085.428000
4091.036000
4096.644000
4102.252000
4107.860000
4113.468000
4119.076000
4124.684000
4130.292000
4135.900000
4141.508000
4147.116000
4152.724000
4158.332000
4163.940000
4169.548000
4175.156000
4180.764000
4186.372000
4191.980000
4197.588000
4203.196000
4208.804000
4214.412000
4220.020000
4225.628000
4231.236000
4236.844000
4242.452000
4248.060000
4253.668000
4259.276000
4264.884000
4270.492000
4276.100000
4281.708000
4287.316000
4292.924000
4298.532000
4304.140000
4309.748000
4315.356000
4320.964000
4326.572000
4332.180000
4337.788000
4343.396000
4349.004000
4354.612000
4360.220000
4365.828000
4371.436000
4377.044000
4382.652000
4388.260000
4393.868000
4399.476000
4405.084000
4410.692000
4416.300000
4421.908000
4427.516000
4433.124000
4438.732000
4444.340000
4449.948000
4455.556000
4461.164000
4466.772000
4472.380000
4477.988000
4483.596000
4489.204000
4494.812000
4500.420000
4506.028000
4511.636000
4517.244000
4522.852000
4528.460000
4534.068000
4539.676000
4545.284000
4550.892000
4556.500000
4562.108000
4567.716000
4573.324000
4578.932000
4584.540000
4590.148000
4595.756000
4601.364000
4606.972000
4612.580000
4618.188000
4623.796000
4629.404000
4635.012000
4640.620000
4646.228000
4651.836000
4657.444000
4663.052000
4668.660000
4674.268000
4679.876000
4685.484000
4691.092000
4696.700000
4702.308000
4707.916000
4713.524000
4719.132000
4724.740000
4730.348000
4735.956000
4741.564000
4747.172000
4752.780000
4758.388000
4763.996000
4769.604000
4775.212000
4780.820000
4786.428000
4792.036000
4797.644000
4803.252000
4808.860000
4814.468000
4820.076000
4825.684000
4831.292000
4836.900000
4842.508000
4848.116000
4853.724000
4859.332000
4864.940000
4870.548000
4876.156000
4881.764000
4887.372000
4892.980000
4898.588000
4909.804000
4915.412000
4921.020000
4926.628000
4932.236000
4937.844000
4943.452000
4949.060000
4954.668000
4960.276000
4965.884000
4971.492000
4977.100000
4982.708000
4988.316000
4993.924000
4999.532000
5005.140000
5010.748000
5016.356000
5021.964000
5027.572000
5038.788000
5044.396000
5050.004000
5055.612000
5061.220000
5066.828000
5072.436000
5078.044000
5083.652000
5089.260000
5094.868000
5100.476000
5106.084000
5111.692000
5122.908000
5128.516000
5134.124000
5139.732000
5145.340000
5150.948000
5156.556000
5167.772000
5173.380000
5178.988000
5184.596000
5190.204000
5195.812000
5201.420000
5207.028000
5212.636000
