0.000000
6.578000
13.156000
19.734000
26.312000
32.890000
39.468000
46.046000
52.624000
59.202000
65.780000
72.358000
78.936000
85.514000
92.092000
98.670000
105.248000
111.826000
118.404000
124.982000
131.560000
138.138000
144.716000
151.294000
157.872000
164.450000
171.028000
177.606000
184.184000
190.762000
197.340000
203.918000
210.496000
217.074000
223.652000
230.230000
236.808000
243.386000
249.964000
256.542000
263.120000
269.698000
276.276000
282.854000
289.432000
296.010000
302.588000
309.166000
315.744000
322.322000
328.900000
335.478000
342.056000
348.634000
355.212000
361.790000
368.368000
374.946000
381.524000
388.102000
394.680000
401.258000
407.836000
414.414000
420.992000
427.570000
434.148000
440.726000
447.304000
453.882000
460.460000
467.038000
473.616000
480.194000
486.772000
493.350000
499.928000
506.506000
513.084000
519.662000
526.240000
532.818000
539.396000
545.974000
552.552000
559.130000
565.708000
572.286000
578.864000
585.442000
592.020000
598.598000
605.176000
611.754000
618.332000
624.910000
631.488000
638.066000
644.644000
651.222000
657.800000
664.378000
670.956000
677.534000
684.112000
690.690000
697.268000
703.846000
710.424000
717.002000
723.580000
730.158000
736.736000
743.314000
749.892000
756.470000
763.048000
769.626000
776.204000
782.782000
789.360000
795.938000
802.516000
809.094000
815.672000
822.250000
828.828000
835.406000
841.984000
848.562000
855.140000
861.718000
868.296000
874.874000
881.452000
888.030000
894.608000
901.186000
907.764000
914.342000
920.920000
927.498000
934.076000
940.654000
947.232000
953.810000
960.388000
966.966000
973.544000
980.122000
986.700000
993.278000
999.856000
1006.434000
1013.012000
1019.590000
1026.168000
1032.746000
1039.324000
1045.902000
1052.480000
1059.058000
1065.636000
1072.214000
1078.792000
1085.370000
1091.948000
1098.526000
1105.104000
1111.682000
1118.260000
1124.838000
1131.416000
1137.994000
1144.572000
1151.150000
1157.728000
1164.306000
1170.884000
1177.462000
1184.040000
1190.618000
1197.196000
1203.774000
1210.352000
1216.930000
1223.508000
1230.086000
1236.664000
1243.242000
1249.820000
1256.398000
1262.976000
1269.554000
1276.132000
1282.710000
1289.288000
1295.866000
1302.444000
1309.022000
1315.600000
1322.178000
1328.756000
1335.334000
1341.912000
1348.490000
1355.068000
1361.646000
1368.224000
1374.802000
1381.380000
1387.958000
1394.536000
1401.114000
1407.692000
1414.270000
1420.848000
1427.426000
1434.004000
1440.582000
1447.160000
1453.738000
1460.316000
1466.894000
1473.472000
1480.050000
1486.628000
1493.206000
1499.784000
1506.362000
1512.940000
1519.518000
1526.096000
1532.674000
1539.252000
1545.830000
1552.408000
1558.986000
1565.564000
1572.142000
1578.720000
1585.298000
1591.876000
1598.454000
1605.032000
1611.610000
1618.188000
1624.766000
1631.344000
1637.922000
1644.500000
1651.078000
1657.656000
1664.234000
1670.812000
1677.390000
1683.968000
1690.546000
1697.124000
1703.702000
1710.280000
1716.858000
1723.436000
1730.014000
1736.592000
1743.170000
1749.748000
1756.326000
1762.904000
1769.482000
1776.060000
1782.638000
1789.216000
1795.794000
1802.372000
1808.950000
1815.528000
1822.106000
1828.684000
1835.262000
1841.840000
1848.418000
1854.996000
1861.574000
1868.152000
1874.730000
1881.308000
1887.886000
1894.464000
1901.042000
1907.620000
1914.198000
1920.776000
1927.354000
1933.932000
1940.510000
1947.088000
1953.666000
1960.244000
1966.822000
1973.400000
1979.978000
1986.556000
1993.134000
1999.712000
2006.290000
2012.868000
2019.446000
2026.024000
2032.602000
2039.180000
2045.758000
2052.336000
2058.914000
2065.492000
2072.070000
2078.648000
2085.226000
2091.804000
2098.382000
2104.960000
2111.538000
2118.116000
2124.694000
2131.272000
2137.850000
2144.428000
2151.006000
2157.584000
2164.162000
2170.740000
2177.318000
2183.896000
2190.474000
2197.052000
2203.630000
2210.208000
2216.786000
2223.364000
2229.942000
2236.520000
2243.098000
2249.676000
2256.254000
2262.832000
2269.410000
2275.988000
2282.566000
2289.144000
2295.722000
2302.300000
2308.878000
2315.456000
2322.034000
2328.612000
2335.190000
2341.768000
2348.346000
2354.924000
2361.502000
2368.080000
2374.658000
2381.236000
2387.814000
2394.392000
2400.970000
2407.548000
2414.126000
2420.704000
2427.282000
2433.860000
2440.438000
2447.016000
2453.594000
2460.172000
2466.750000
2473.328000
2479.906000
2486.484000
2493.062000
2499.640000
2506.218000
2512.796000
2519.374000
2525.952000
2532.530000
2539.108000
2545.686000
2552.264000
2558.842000
2565.420000
2571.998000
2578.576000
2585.154000
2591.732000
2598.310000
2604.888000
2611.466000
2618.044000
2624.622000
2631.200000
2637.778000
2644.356000
2650.934000
2657.512000
2664.090000
2670.668000
2677.246000
2683.824000
2690.402000
2696.980000
2703.558000
2710.136000
2716.714000
2723.292000
2729.870000
2736.448000
2743.026000
2749.604000
2756.182000
2762.760000
2769.338000
2775.916000
2782.494000
2789.072000
2795.650000
2802.228000
2808.806000
2815.384000
2821.962000
2828.540000
2835.118000
2841.696000
2848.274000
2854.852000
2861.430000
2868.008000
2874.586000
2881.164000
2887.742000
2894.320000
2900.898000
2907.476000
2914.054000
2920.632000
2927.210000
2933.788000
2940.366000
2946.944000
2953.522000
2960.100000
2966.678000
2973.256000
2979.834000
2986.412000
2992.990000
2999.568000
3006.146000
3012.724000
3019.302000
3025.880000
3032.458000
3039.036000
3045.614000
3052.192000
3058.770000
3065.348000
3071.926000
3078.504000
3085.082000
3091.660000
3098.238000
3104.816000
3111.394000
3117.972000
3124.550000
3131.128000
3137.706000
3144.284000
3150.862000
3157.440000
3164.018000
3170.596000
3177.174000
3183.752000
3190.330000
3196.908000
3203.486000
3210.064000
3216.642000
3223.220000
3229.798000
3236.376000
3242.954000
3249.532000
3256.110000
3262.688000
3269.266000
3275.844000
3282.422000
3289.000000
3295.578000
3302.156000
3308.734000
3315.312000
3321.890000
3328.468000
3335.046000
3341.624000
3348.202000
3354.780000
3361.358000
3367.936000
3374.514000
3381.092000
3387.670000
3394.248000
3400.826000
3407.404000
3413.982000
3420.560000
3427.138000
3433.716000
3440.294000
3446.872000
3453.450000
3460.028000
3466.606000
3473.184000
3479.762000
3486.340000
3492.918000
3499.496000
3506.074000
3512.652000
3519.230000
3525.808000
3532.386000
3538.964000
3545.542000
3552.120000
3558.698000
3565.276000
3571.854000
3578.432000
3585.010000
3591.588000
3598.166000
3604.744000
3611.322000
3617.900000
3624.478000
3631.056000
3637.634000
3644.212000
3650.790000
3657.368000
3663.946000
3670.524000
3677.102000
3683.680000
3690.258000
3696.836000
3703.414000
3709.992000
3716.570000
3723.148000
3729.726000
3736.304000
3742.882000
3749.460000
3756.038000
3762.616000
3769.194000
3775.772000
3782.350000
3788.928000
3795.506000
3802.084000
3808.662000
3815.240000
3821.818000
3828.396000
3834.974000
3841.552000
3848.130000
3854.708000
3861.286000
3867.864000
3874.442000
3881.020000
3887.598000
3894.176000
3900.754000
3907.332000
3913.910000
3920.488000
3927.066000
3933.644000
3940.222000
3946.800000
3953.378000
3959.956000
3966.534000
3973.112000
3979.690000
3986.268000
3992.846000
3999.424000
4006.002000
4012.580000
4019.158000
4025.736000
4032.314000
4038.892000
4045.470000
4052.048000
4058.626000
4065.204000
4071.782000
4078.360000
4084.938000
4091.516000
4098.094000
4104.672000
4111.250000
4117.828000
4124.406000
4130.984000
4137.562000
4144.140000
4150.718000
4157.296000
4163.874000
4170.452000
4177.030000
4183.608000
4190.186000
4196.764000
4203.342000
4209.920000
4216.498000
4223.076000
4229.654000
4236.232000
4242.810000
4249.388000
4255.966000
4262.544000
4269.122000
4275.700000
4282.278000
4288.856000
4295.434000
4302.012000
4308.590000
4315.168000
4321.746000
4328.324000
4334.902000
4341.480000
4348.058000
4354.636000
4361.214000
4367.792000
4374.370000
4380.948000
4387.526000
4394.104000
4400.682000
4407.260000
4413.838000
4420.416000
4426.994000
4433.572000
4440.150000
4446.728000
4453.306000
4459.884000
4466.462000
4473.040000
4479.618000
4486.196000
4492.774000
4499.352000
4505.930000
4512.508000
4519.086000
4525.664000
4532.242000
4538.820000
4545.398000
4551.976000
4558.554000
4565.132000
4571.710000
4578.288000
4584.866000
4591.444000
4598.022000
4604.600000
4611.178000
4617.756000
4624.334000
4630.912000
4637.490000
4644.068000
4650.646000
4657.224000
4663.802000
4670.380000
4676.958000
4683.536000
4690.114000
4696.692000
4703.270000
4709.848000
4716.426000
4723.004000
4729.582000
4736.160000
4742.738000
4749.316000
4755.894000
4762.472000
4769.050000
4775.628000
4782.206000
4788.784000
4795.362000
4801.940000
4808.518000
4815.096000
4821.674000
4828.252000
4834.830000
4841.408000
4847.986000
4854.564000
4861.142000
4867.720000
4874.298000
4880.876000
4887.454000
4894.032000
4900.610000
4907.188000
4913.766000
4920.344000
4926.922000
4933.500000
4940.078000
4946.656000
4953.234000
4959.812000
4966.390000
4972.968000
4979.546000
4986.124000
4992.702000
4999.280000
5005.858000
5012.436000
5019.014000
5025.592000
5032.170000
5038.748000
5045.326000
5051.904000
5058.482000
5065.060000
5071.638000
5078.216000
5084.794000
5091.372000
5097.950000
5104.528000
5111.106000
5117.684000
5124.262000
5130.840000
5137.418000
5143.996000
5150.574000
5157.152000
5163.730000
5170.308000
5176.886000
5183.464000
5190.042000
5196.620000
5203.198000
5209.776000
5216.354000
5222.932000
5229.510000
5236.088000
5242.666000
5249.244000
5255.822000
5262.400000
5268.978000
5275.556000
5282.134000
5288.712000
5295.290000
5301.868000
5308.446000
5315.024000
5321.602000
5328.180000
5334.758000
5341.336000
5347.914000
5354.492000
5361.070000
5367.648000
5374.226000
5380.804000
5387.382000
5393.960000
5400.538000
5407.116000
5413.694000
5420.272000
5426.850000
5433.428000
5440.006000
5446.584000
5453.162000
5459.740000
5466.318000
5472.896000
5479.474000
5486.052000
5492.630000
5499.208000
5505.786000
5512.364000
5518.942000
5525.520000
5532.098000
5538.676000
5545.254000
5551.832000
5558.410000
5564.988000
5571.566000
5578.144000
5584.722000
5591.300000
5597.878000
5604.456000
5611.034000
5617.612000
5624.190000
5630.768000
5637.346000
5643.924000
5650.502000
5657.080000
5663.658000
5670.236000
5676.814000
5683.392000
5689.970000
5696.548000
5703.126000
5709.704000
5716.282000
5722.860000
5729.438000
5736.016000
5742.594000
5749.172000
5755.750000
5762.328000
5768.906000
5775.484000
5782.062000
5788.640000
5795.218000
5801.796000
5808.374000
5814.952000
5821.530000
5828.108000
5834.686000
5841.264000
5847.842000
5854.420000
5860.998000
5867.576000
5874.154000
5880.732000
5887.310000
5893.888000
5900.466000
5907.044000
5913.622000
5920.200000
5926.778000
5933.356000
5939.934000
5946.512000
5953.090000
5959.668000
5966.246000
5972.824000
5979.402000
5985.980000
5992.558000
5999.136000
6005.714000
6012.292000
6018.870000
6025.448000
6032.026000
6038.604000
6045.182000
6051.760000
6058.338000
6064.916000
6071.494000
6078.072000
6084.650000
6091.228000
6097.806000
6104.384000
6110.962000
6117.540000
6124.118000
6130.696000
6137.274000
6143.852000
6150.430000
6157.008000
6163.586000
6170.164000
6176.742000
6183.320000
6189.898000
6196.476000
6203.054000
6209.632000
6216.210000
6222.788000
6229.366000
6235.944000
6242.522000
6249.100000
6255.678000
6262.256000
6268.834000
6275.412000
6281.990000
6288.568000
6295.146000
6301.724000
6308.302000
6314.880000
6321.458000
6328.036000
6334.614000
6341.192000
6347.770000
6354.348000
6360.926000
6367.504000
6374.082000
6380.660000
6387.238000
6393.816000
6400.394000
6406.972000
6413.550000
6420.128000
6426.706000
6433.284000
6439.862000
6446.440000
6453.018000
6459.596000
6466.174000
6472.752000
6479.330000
6485.908000
6492.486000
6499.064000
6505.642000
6512.220000
6518.798000
6525.376000
6531.954000
6538.532000
6545.110000
6551.688000
6558.266000
6564.844000
6571.422000
6578.000000
