1.895773325141878000e+15
1.776893950571657000e+15
1.630870659331884000e+15
1.527418503347555000e+15
1.427784327288480000e+15
1.358134993129088000e+15
1.269073160910260000e+15
1.182035962119520000e+15
1.137746648926820000e+15
1.078962134314232000e+15
1.032484909211177000e+15
9.932289854008950000e+14
9.310591325072250000e+14
8.958392506069280000e+14
8.528013032630540000e+14
8.143347330801420000e+14
7.955072015605260000e+14
7.649505910070120000e+14
7.191235312968630000e+14
6.945079974464730000e+14
6.724620869710960000e+14
6.552509264639280000e+14
6.442062084874540000e+14
6.094762640110940000e+14
5.959280118612850000e+14
5.713058477710000000e+14
5.576091086638340000e+14
5.249479713883920000e+14
5.219099726195100000e+14
5.148944462315040000e+14
4.841362561991290000e+14
4.788411489018730000e+14
4.625962548105020000e+14
4.498723887007970000e+14
4.480668537196670000e+14
4.299693545420910000e+14
4.066064316307660000e+14
4.085466660045750000e+14
4.051274789880160000e+14
3.774009023243900000e+14
3.771593271861080000e+14
3.597315943954120000e+14
3.594700460223500000e+14
3.409296813329070000e+14
3.482265879796390000e+14
3.257826254026380000e+14
3.261987701649110000e+14
3.077739615837030000e+14
3.121819905123730000e+14
3.049304343854990000e+14
3.030058433651490000e+14
2.854159813589190000e+14
2.782112682127030000e+14
2.670198889961940000e+14
2.634711490558200000e+14
2.630892766356770000e+14
2.582478218303610000e+14
2.532345653678440000e+14
2.470984266284990000e+14
2.508316480879180000e+14
2.369141424595570000e+14
2.310684234338040000e+14
2.253607897307160000e+14
2.220517373994500000e+14
2.196764500418070000e+14
1.978040412245370000e+14
2.140194783760350000e+14
1.957049984376630000e+14
1.985601358559540000e+14
1.962859025624590000e+14
1.938025138935210000e+14
1.870547925300560000e+14
1.776087957867100000e+14
1.822749018418480000e+14
1.748430791308260000e+14
1.677662972676400000e+14
1.749128700090330000e+14
1.661652317814940000e+14
1.650597869937440000e+14
1.584249844125440000e+14
1.668507254514510000e+14
1.525082980062080000e+14
1.519084756907240000e+14
1.504468141903250000e+14
1.425167270101430000e+14
1.492585242414270000e+14
1.396635513104780000e+14
1.422654309443370000e+14
1.324802694653240000e+14
1.360615077478840000e+14
1.304705771981130000e+14
1.227929721850330000e+14
1.211386808042600000e+14
1.266112095074560000e+14
1.188047404950400000e+14
1.224956775228810000e+14
1.160818869830500000e+14
1.147611444305020000e+14
1.113862661900070000e+14
1.110262920707200000e+14
1.129001338181380000e+14
1.078561376779110000e+14
1.044658363065350000e+14
1.027219024875750000e+14
1.025203354133860000e+14
1.014543722352420000e+14
9.957877474314000000e+13
9.830873290649800000e+13
9.408801278056800000e+13
9.269127234912200000e+13
9.420417633201500000e+13
8.697056658865600000e+13
8.992105886154500000e+13
8.626973485024900000e+13
8.253327030837800000e+13
8.690874699072400000e+13
8.433229036391500000e+13
7.681687161949200000e+13
7.218592141777700000e+13
7.597465509265100000e+13
7.113500567062500000e+13
7.680932067179700000e+13
7.222698366372200000e+13
7.084147920322500000e+13
7.746315524335000000e+13
6.990711844338500000e+13
6.866753984716800000e+13
6.881526943450200000e+13
6.293255166705300000e+13
6.620553515794900000e+13
6.263352412773000000e+13
5.821210938116900000e+13
6.125751734021900000e+13
5.581494030093600000e+13
5.984402861798800000e+13
5.758536405185000000e+13
6.071523714566400000e+13
5.497912123318300000e+13
5.851523173363900000e+13
5.889941181376000000e+13
5.545225980287500000e+13
5.490408406964800000e+13
5.748700058968100000e+13
5.416018707299900000e+13
5.410928806400700000e+13
5.114401752088100000e+13
4.396420909612200000e+13
5.237081680748300000e+13
4.949596106741500000e+13
4.735277371230900000e+13
4.593856824325600000e+13
4.470464376067000000e+13
4.267977262618400000e+13
4.470431000780500000e+13
4.546733689926400000e+13
4.549153446842400000e+13
4.433064199232800000e+13
4.337508641835500000e+13
4.027807566139200000e+13
4.023792567175900000e+13
4.157484599120600000e+13
3.867818981183100000e+13
3.772548568775500000e+13
4.125258227005700000e+13
3.725007202487500000e+13
3.801745248489800000e+13
3.962254171197400000e+13
3.940964295029900000e+13
3.844098270433900000e+13
3.538875391245600000e+13
3.384392574585900000e+13
3.611951694208700000e+13
3.770568033236600000e+13
3.292378871031600000e+13
3.278308177514300000e+13
3.169132574014600000e+13
3.324556446544800000e+13
3.219018344359800000e+13
3.274678037154500000e+13
3.015528891552400000e+13
3.420220906489200000e+13
3.490423060179700000e+13
2.903150077702800000e+13
3.022364753033800000e+13
3.049621587456300000e+13
2.834617420910300000e+13
2.904586977567800000e+13
2.974009434528500000e+13
2.901223736235300000e+13
2.852151161786400000e+13
2.871603147462500000e+13
2.668958978364200000e+13
2.746617392204700000e+13
2.923960539904300000e+13
3.048081231615300000e+13
2.673016337763300000e+13
2.781661572390500000e+13
2.345355861626900000e+13
2.664376456362500000e+13
2.518012893593300000e+13
2.354811749165900000e+13
2.467583268007400000e+13
2.434985748013700000e+13
2.344357148483700000e+13
1.923618717589000000e+13
2.180347678789000000e+13
2.378664711290700000e+13
2.228750144673600000e+13
2.276710669155200000e+13
2.319242870851700000e+13
2.105613984053900000e+13
2.073315665103500000e+13
2.307196592647600000e+13
2.295495626268800000e+13
2.023246799741200000e+13
2.335583602629000000e+13
2.141257239923300000e+13
2.177189328655500000e+13
1.970239490180100000e+13
2.009744783074600000e+13
1.736766754972300000e+13
2.095665886902100000e+13
1.679501998489600000e+13
2.197874205557200000e+13
1.871524152976900000e+13
1.903819550832600000e+13
1.751028817958700000e+13
1.711571586572500000e+13
1.858357311383800000e+13
1.877043805733500000e+13
1.723380950986000000e+13
1.671099728842600000e+13
1.642017529821400000e+13
1.654124657948000000e+13
1.813479922010100000e+13
1.520308301701700000e+13
1.475979258968500000e+13
1.622391456256200000e+13
1.607513143222600000e+13
1.749358126708700000e+13
1.568132602525700000e+13
1.311864888883000000e+13
1.505764066724800000e+13
1.784548111343500000e+13
1.580380090610500000e+13
1.490192014199100000e+13
1.465202558110700000e+13
1.462070109954700000e+13
1.359419339513400000e+13
1.511440445598800000e+13
1.435958188359800000e+13
1.435249412448900000e+13
1.396081397105000000e+13
1.421516571940200000e+13
1.491700529162300000e+13
1.231941912369500000e+13
1.209654594386700000e+13
1.376472550719200000e+13
1.258105311992000000e+13
1.371037902436700000e+13
1.151755671195700000e+13
1.196391352500500000e+13
1.222810174813100000e+13
1.203688522909600000e+13
1.118952400124100000e+13
1.359705825228800000e+13
1.180511050432800000e+13
1.159140890777500000e+13
9.577762154096000000e+12
9.816745732193000000e+12
1.204006902817400000e+13
1.076950362369900000e+13
1.293849826896300000e+13
1.116564773568500000e+13
1.026838227683000000e+13
1.267089932110400000e+13
1.042932772005600000e+13
9.175824321344000000e+12
1.122904459403600000e+13
1.230154329285200000e+13
1.153401377431700000e+13
1.055676068028800000e+13
1.104459393981100000e+13
1.115580808405900000e+13
9.861160444957000000e+12
1.061479687083200000e+13
9.168427681056000000e+12
8.647017492009000000e+12
9.436342708464000000e+12
8.496730377128000000e+12
9.972617156908000000e+12
9.943612119951000000e+12
7.410924589908000000e+12
1.085075938223800000e+13
8.488075847089000000e+12
9.481862733708000000e+12
1.063201921657500000e+13
8.711668510736000000e+12
8.951652946358000000e+12
8.779517248079000000e+12
9.320902862221000000e+12
9.784480028855000000e+12
8.978309307484000000e+12
7.458318392528000000e+12
8.743530178368000000e+12
7.427648366700000000e+12
8.012093521412000000e+12
7.676450014281000000e+12
8.527508520207000000e+12
8.096668368042000000e+12
8.319164227395000000e+12
8.921350554564000000e+12
7.946200788025000000e+12
8.655080581075000000e+12
7.742331046827000000e+12
8.146270977838000000e+12
7.168644814969000000e+12
7.206273498256000000e+12
6.298321135985000000e+12
7.436022845624000000e+12
8.015241781595000000e+12
6.539956818811000000e+12
7.234116471534000000e+12
7.383442650346000000e+12
8.140633710438000000e+12
6.750858269273000000e+12
7.084466314866000000e+12
7.464969144662000000e+12
5.361954487286000000e+12
7.686156632316000000e+12
4.451846695244000000e+12
7.077132472132000000e+12
6.268382447799000000e+12
6.282079044908000000e+12
6.868218567510000000e+12
6.798102901037000000e+12
6.680812690472000000e+12
7.091462690088000000e+12
6.901754604865000000e+12
6.680023204161000000e+12
5.622762778258000000e+12
6.106439908780000000e+12
6.945338574300000000e+12
6.372698146723000000e+12
5.819327108447000000e+12
6.145717865849000000e+12
5.612795297305000000e+12
6.672923230038000000e+12
5.359602548549000000e+12
5.533797746165000000e+12
5.128685804422000000e+12
5.992466060862000000e+12
5.807473294001000000e+12
5.165000091311000000e+12
6.125485106683000000e+12
5.674567178855000000e+12
5.074532845389000000e+12
4.295538063155000000e+12
6.592563014993000000e+12
4.177808980789000000e+12
4.978076787965000000e+12
5.274064927820000000e+12
5.969392217781000000e+12
6.204002852691000000e+12
4.577044127654000000e+12
5.178959785587000000e+12
4.726933920865000000e+12
6.265470573484000000e+12
4.571411132915000000e+12
4.790766257883000000e+12
4.612020297915000000e+12
5.006611792933000000e+12
4.743982291739000000e+12
3.711698799491000000e+12
3.923511063269000000e+12
4.341780792205000000e+12
3.997642288225000000e+12
4.907816233977000000e+12
3.697240719131000000e+12
4.220092209670000000e+12
3.976189267043000000e+12
4.795257154747000000e+12
4.304019986814000000e+12
4.323068702352000000e+12
4.683061715601000000e+12
3.856030616423000000e+12
3.799977789161000000e+12
3.230551966302000000e+12
4.004667306270000000e+12
4.395631507998000000e+12
3.493355127843000000e+12
4.046764241240000000e+12
4.521141085104000000e+12
3.108323009992000000e+12
3.483153129532000000e+12
3.611813596899000000e+12
3.274183537841000000e+12
3.279578921133000000e+12
3.802325675774000000e+12
2.709084908197000000e+12
3.377084931550000000e+12
3.598783419645000000e+12
3.895625809514000000e+12
4.471524444847000000e+12
2.744359740700000000e+12
3.413527443098000000e+12
3.835945130468000000e+12
3.359866340551000000e+12
3.858383643349000000e+12
2.854467579340000000e+12
3.442218648678000000e+12
3.471955318714000000e+12
2.833751646952000000e+12
2.970645195251000000e+12
3.259999493237000000e+12
3.488206190626000000e+12
3.455888734655000000e+12
2.813073569679000000e+12
2.582045089252000000e+12
2.844380619687000000e+12
2.510200624287000000e+12
3.150695308294000000e+12
2.622764714158000000e+12
2.488014266633000000e+12
2.986747132648000000e+12
2.548535255357000000e+12
2.358596027597000000e+12
3.706835139477000000e+12
2.504861511412000000e+12
1.783964002916000000e+12
2.840671843883000000e+12
2.455403407982000000e+12
3.209265638367000000e+12
2.713208817482000000e+12
3.275686425571000000e+12
2.218008939712000000e+12
2.337896987428000000e+12
2.117582712120000000e+12
2.582385143570000000e+12
3.431771156937000000e+12
3.073205711197000000e+12
2.299027254410000000e+12
1.852515591400000000e+12
2.084569175260000000e+12
1.716521487034000000e+12
1.996462853950000000e+12
2.678292658931000000e+12
2.946943829512000000e+12
1.805763582275000000e+12
2.482109737861000000e+12
1.780528800540000000e+12
2.056301575931000000e+12
1.802177081712000000e+12
2.214199398887000000e+12
3.603237385508000000e+12
1.818739692517000000e+12
2.651770939182000000e+12
1.932709943573000000e+12
2.000974355491000000e+12
1.891126781655000000e+12
2.003004787981000000e+12
3.057163102428000000e+12
1.623770823231000000e+12
1.254387592681000000e+12
2.673504783171000000e+12
1.398826946278000000e+12
2.303846381862000000e+12
1.106966084307000000e+12
1.852078122600000000e+12
2.271429832851000000e+12
1.764400412118000000e+12
2.258223139566000000e+12
1.890182265715000000e+12
2.084971411478000000e+12
1.565337564991000000e+12
1.671420414136000000e+12
2.130147333769000000e+12
1.328113837298000000e+12
2.099846236512000000e+12
2.197360424568000000e+12
1.816299872404000000e+12
1.346057192990000000e+12
1.238330965391000000e+12
1.782086086688000000e+12
1.175273074307000000e+12
1.097962460882000000e+12
1.435001598016000000e+12
1.989050637579000000e+12
1.639911688681000000e+12
1.321665200857000000e+12
1.827023366383000000e+12
2.222327134648000000e+12
1.373668950800000000e+12
1.454270698454000000e+12
1.737601156458000000e+12
1.385921798902000000e+12
1.597175806522000000e+12
1.266030371306000000e+12
1.796458265485000000e+12
1.015563924616000000e+12
1.382363334733000000e+12
1.443113863514000000e+12
1.368861552192000000e+12
1.739506648091000000e+12
1.789206177811000000e+12
1.414963674079000000e+12
1.416006446667000000e+12
1.151011974541000000e+12
1.162547641398000000e+12
1.299649673954000000e+12
1.154083199430000000e+12
6.956648589050000000e+11
2.250331480860000000e+12
8.730838653090000000e+11
1.243543055694000000e+12
1.210519448067000000e+12
9.663282880290000000e+11
1.593407969696000000e+12
8.797382232400000000e+11
1.411455740200000000e+12
7.186331337910000000e+11
1.525483477186000000e+12
1.276499810782000000e+12
1.139845336032000000e+12
1.304401292232000000e+12
6.948733371160000000e+11
1.176138261416000000e+12
8.886055960180000000e+11
1.108560453518000000e+12
8.856806331820000000e+11
1.454913457276000000e+12
1.774942192832000000e+12
1.044535681076000000e+12
9.201656555570000000e+11
1.530977997598000000e+12
1.324819671469000000e+12
1.295736283660000000e+12
9.362746099430000000e+11
1.429344889665000000e+12
1.103013837725000000e+12
9.699246051780000000e+11
1.337863827085000000e+12
1.062422238096000000e+12
5.788209461550000000e+11
1.408429417257000000e+12
1.249060108639000000e+12
1.125036468734000000e+12
1.042614294264000000e+12
1.132404130787000000e+12
8.310344147760000000e+11
1.020449837332000000e+12
7.326900295940000000e+11
1.223693096531000000e+12
1.253192087340000000e+12
7.773689634090000000e+11
1.170679260672000000e+12
5.399463048440000000e+11
7.763790336240000000e+11
7.559382445290000000e+11
8.764345222580000000e+11
1.042370802066000000e+12
1.250509291636000000e+12
9.569695801470000000e+11
7.634039426690000000e+11
1.091606738895000000e+12
9.722609550560000000e+11
1.233727155369000000e+12
6.343914161970000000e+11
8.299280400170000000e+11
1.344160112411000000e+12
1.097386537913000000e+12
9.538950151210000000e+11
5.988111680010000000e+11
2.245013446210000000e+11
8.930165882280000000e+11
6.990602859620000000e+11
8.671360730450000000e+11
6.635217764640000000e+11
5.823294717720000000e+11
7.264021714870000000e+11
9.305029801150000000e+11
1.060659410143000000e+12
8.548530945340000000e+11
1.045986598335000000e+12
4.557180860350000000e+11
7.119355468640000000e+11
4.295311303470000000e+11
6.295779938050000000e+11
8.774123058160000000e+11
5.988842251930000000e+11
5.637701786810000000e+11
4.642961079400000000e+11
8.793175277830000000e+11
5.876742347670000000e+11
7.313531980630000000e+11
6.267451199380000000e+11
8.971673781130000000e+11
9.287242419170000000e+11
1.044235197334000000e+12
9.704344635800000000e+11
8.016327819870000000e+11
1.115457936799000000e+12
4.644687099200000000e+11
7.067284048980000000e+11
5.019679389890000000e+11
5.319115460010000000e+11
1.493925408110000000e+11
5.699743096750000000e+11
7.689016678290000000e+11
8.834929850840000000e+11
2.472678399180000000e+11
6.311626899150000000e+11
1.160320527755000000e+12
1.352824027520000000e+11
9.250222744860000000e+11
3.528407754420000000e+11
7.151051823650000000e+11
9.335806975480000000e+11
7.167616644010000000e+11
7.914805180170000000e+11
6.302176707310000000e+11
4.127456840640000000e+11
3.743591213750000000e+11
7.348743807780000000e+11
3.492813802350000000e+11
3.989226325420000000e+11
4.896740504130000000e+11
9.401758429180000000e+11
4.842982970350000000e+11
8.362239464960000000e+11
1.435028179037000000e+12
3.664494000350000000e+11
3.914522000260000000e+11
6.374044941750000000e+11
1.017842748747000000e+12
5.851187753070000000e+11
3.472982932050000000e+11
4.663985953640000000e+11
2.882269031010000000e+11
2.714944978690000000e+11
3.603206580880000000e+11
7.939797127070000000e+11
5.631405620700000000e+11
2.114347275850000000e+11
5.860877608820000000e+11
7.606275767710000000e+11
8.353634517480000000e+11
2.508681132500000000e+11
3.286033426830000000e+11
9.290271681280000000e+11
3.332276597710000000e+11
2.668912002770000000e+11
7.965710926050000000e+11
6.303444918910000000e+11
6.287703184190000000e+11
3.230758252650000000e+11
6.057679886790000000e+11
3.252194669310000000e+11
3.440418505260000000e+11
4.828412954970000000e+11
6.517822531110000000e+11
5.680994748880000000e+11
5.746943085290000000e+11
4.938670145440000000e+11
7.497183770830000000e+11
1.286653444380000000e+11
2.676748066770000000e+11
5.960212239360000000e+11
2.948573927330000000e+11
1.817883150100000000e+11
3.588794541850000000e+11
1.779359093880000000e+11
3.272804298990000000e+11
6.010162479270000000e+11
3.156970252040000000e+11
3.521516754460000000e+11
3.087426763530000000e+11
2.636296069760000000e+11
4.919023387860000000e+11
6.577411629490000000e+11
6.265245485100000000e+11
3.032286399590000000e+11
5.530582245480000000e+11
2.718726636340000000e+11
7.218329908970000000e+11
8.510723663810000000e+11
3.350888990740000000e+11
4.446199535030000000e+11
6.160169151200000000e+10
5.190034039380000000e+11
4.304088578000000000e+11
3.119542894510000000e+11
3.711434377170000000e+11
2.782789778680000000e+11
4.827626388150000000e+11
5.450293819020000000e+11
2.211872246630000000e+11
5.786982372640000000e+11
3.183321892480000000e+11
3.132284110750000000e+11
1.637156769770000000e+11
1.792455343170000000e+11
1.485927527460000000e+11
8.626146690800000000e+10
4.201024550010000000e+11
3.941486920970000000e+11
2.819257854690000000e+11
1.536386601040000000e+11
7.189774606800000000e+10
1.185648440030000000e+11
4.145824572010000000e+11
2.375475318550000000e+11
2.272854327460000000e+11
5.786374296700000000e+10
3.216316010340000000e+11
1.443842292670000000e+11
4.516625873970000000e+11
2.810417403380000000e+11
1.617112742520000000e+11
3.072049342740000000e+11
2.366932465280000000e+11
2.916981866320000000e+11
1.331153883500000000e+11
2.718105168350000000e+11
7.166952799300000000e+10
2.139447900600000000e+11
6.061138152170000000e+11
3.180002985150000000e+11
2.038488847430000000e+11
3.534960728960000000e+11
3.472798664430000000e+11
1.307099855920000000e+11
2.375903020100000000e+10
1.056033126090000000e+11
2.319473737150000000e+11
1.175656836690000000e+11
1.875441978200000000e+11
1.703516933740000000e+11
1.900666534520000000e+11
1.161579830700000000e+11
9.412436531500000000e+10
4.523727876690000000e+11
1.865649323070000000e+11
3.740112121910000000e+11
1.568055804260000000e+11
3.062402977000000000e+11
2.659148335000000000e+10
6.876391606200000000e+10
2.794089745370000000e+11
1.179868594330000000e+11
7.070585339600000000e+10
7.256290298200000000e+10
1.678084696620000000e+11
1.002091267150000000e+11
4.487863463600000000e+10
2.245857600660000000e+11
2.699119566380000000e+11
1.882012454300000000e+10
1.027596189800000000e+10
1.566522541630000000e+11
1.752990209350000000e+11
1.101744820780000000e+11
4.943260774030000000e+11
4.024001875900000000e+10
2.414092418440000000e+11
2.945856132000000000e+10
1.996796544890000000e+11
1.038748255700000000e+10
1.470973652300000000e+10
1.465239155480000000e+11
8.135900098100000000e+10
1.274665610100000000e+11
1.133544067590000000e+11
3.808756692900000000e+10
4.286515137700000000e+11
1.094983029530000000e+11
