0.000000
3.407000
6.814000
10.221000
13.628000
17.035000
20.442000
23.849000
27.256000
30.663000
34.070000
37.477000
40.884000
44.291000
47.698000
51.105000
54.512000
57.919000
61.326000
64.733000
68.140000
71.547000
74.954000
78.361000
81.768000
85.175000
88.582000
91.989000
95.396000
98.803000
102.210000
105.617000
109.024000
112.431000
115.838000
119.245000
122.652000
126.059000
129.466000
132.873000
136.280000
139.687000
143.094000
146.501000
149.908000
153.315000
156.722000
160.129000
163.536000
166.943000
170.350000
173.757000
177.164000
180.571000
183.978000
187.385000
190.792000
194.199000
197.606000
201.013000
204.420000
207.827000
211.234000
214.641000
218.048000
221.455000
224.862000
228.269000
231.676000
235.083000
238.490000
241.897000
245.304000
248.711000
252.118000
255.525000
258.932000
262.339000
265.746000
269.153000
272.560000
275.967000
279.374000
282.781000
286.188000
289.595000
293.002000
296.409000
299.816000
303.223000
306.630000
310.037000
313.444000
316.851000
320.258000
323.665000
327.072000
330.479000
333.886000
337.293000
340.700000
344.107000
347.514000
350.921000
354.328000
357.735000
361.142000
364.549000
367.956000
371.363000
374.770000
378.177000
381.584000
384.991000
388.398000
391.805000
395.212000
398.619000
402.026000
405.433000
408.840000
412.247000
415.654000
419.061000
422.468000
425.875000
429.282000
432.689000
436.096000
439.503000
442.910000
446.317000
449.724000
453.131000
456.538000
459.945000
463.352000
466.759000
470.166000
473.573000
476.980000
480.387000
483.794000
487.201000
490.608000
494.015000
497.422000
500.829000
504.236000
507.643000
511.050000
514.457000
517.864000
521.271000
524.678000
528.085000
531.492000
534.899000
538.306000
541.713000
545.120000
548.527000
551.934000
555.341000
558.748000
562.155000
565.562000
568.969000
572.376000
575.783000
579.190000
582.597000
586.004000
589.411000
592.818000
596.225000
599.632000
603.039000
606.446000
609.853000
613.260000
616.667000
620.074000
623.481000
626.888000
630.295000
633.702000
637.109000
640.516000
643.923000
647.330000
650.737000
654.144000
657.551000
660.958000
664.365000
667.772000
671.179000
674.586000
677.993000
681.400000
684.807000
688.214000
691.621000
695.028000
698.435000
701.842000
705.249000
708.656000
712.063000
715.470000
718.877000
722.284000
725.691000
729.098000
732.505000
735.912000
739.319000
742.726000
746.133000
749.540000
752.947000
756.354000
759.761000
763.168000
766.575000
769.982000
773.389000
776.796000
780.203000
783.610000
787.017000
790.424000
793.831000
797.238000
800.645000
804.052000
807.459000
810.866000
814.273000
817.680000
821.087000
824.494000
827.901000
831.308000
834.715000
838.122000
841.529000
844.936000
848.343000
851.750000
855.157000
858.564000
861.971000
865.378000
868.785000
872.192000
875.599000
879.006000
882.413000
885.820000
889.227000
892.634000
896.041000
899.448000
902.855000
906.262000
909.669000
913.076000
916.483000
919.890000
923.297000
926.704000
930.111000
933.518000
936.925000
940.332000
943.739000
947.146000
950.553000
953.960000
957.367000
960.774000
964.181000
967.588000
970.995000
974.402000
977.809000
981.216000
984.623000
988.030000
991.437000
994.844000
998.251000
1001.658000
1005.065000
1008.472000
1011.879000
1015.286000
1018.693000
1022.100000
1025.507000
1028.914000
1032.321000
1035.728000
1039.135000
1042.542000
1045.949000
1049.356000
1052.763000
1056.170000
1059.577000
1062.984000
1066.391000
1069.798000
1073.205000
1076.612000
1080.019000
1083.426000
1086.833000
1090.240000
1093.647000
1097.054000
1100.461000
1103.868000
1107.275000
1110.682000
1114.089000
1117.496000
1120.903000
1124.310000
1127.717000
1131.124000
1134.531000
1137.938000
1141.345000
1144.752000
1148.159000
1151.566000
1154.973000
1158.380000
1161.787000
1165.194000
1168.601000
1172.008000
1175.415000
1178.822000
1182.229000
1185.636000
1189.043000
1192.450000
1195.857000
1199.264000
1202.671000
1206.078000
1209.485000
1212.892000
1216.299000
1219.706000
1223.113000
1226.520000
1229.927000
1233.334000
1236.741000
1240.148000
1243.555000
1246.962000
1250.369000
1253.776000
1257.183000
1260.590000
1263.997000
1267.404000
1270.811000
1274.218000
1277.625000
1281.032000
1284.439000
1287.846000
1291.253000
1294.660000
1298.067000
1301.474000
1304.881000
1308.288000
1311.695000
1315.102000
1318.509000
1321.916000
1325.323000
1328.730000
1332.137000
1335.544000
1338.951000
1342.358000
1345.765000
1349.172000
1352.579000
1355.986000
1359.393000
1362.800000
1366.207000
1369.614000
1373.021000
1376.428000
1379.835000
1383.242000
1386.649000
1390.056000
1393.463000
1396.870000
1400.277000
1403.684000
1407.091000
1410.498000
1413.905000
1417.312000
1420.719000
1424.126000
1427.533000
1430.940000
1434.347000
1437.754000
1441.161000
1444.568000
1447.975000
1451.382000
1454.789000
1458.196000
1461.603000
1465.010000
1468.417000
1471.824000
1475.231000
1478.638000
1482.045000
1485.452000
1488.859000
1492.266000
1495.673000
1499.080000
1502.487000
1505.894000
1509.301000
1512.708000
1516.115000
1519.522000
1522.929000
1526.336000
1529.743000
1533.150000
1536.557000
1539.964000
1543.371000
1546.778000
1550.185000
1553.592000
1556.999000
1560.406000
1563.813000
1567.220000
1570.627000
1574.034000
1577.441000
1580.848000
1584.255000
1587.662000
1591.069000
1594.476000
1597.883000
1601.290000
1604.697000
1608.104000
1611.511000
1614.918000
1618.325000
1621.732000
1625.139000
1628.546000
1631.953000
1635.360000
1638.767000
1642.174000
1645.581000
1648.988000
1652.395000
1655.802000
1659.209000
1662.616000
1666.023000
1669.430000
1672.837000
1676.244000
1679.651000
1683.058000
1686.465000
1689.872000
1693.279000
1696.686000
1700.093000
1703.500000
1706.907000
1710.314000
1713.721000
1717.128000
1720.535000
1723.942000
1727.349000
1730.756000
1734.163000
1737.570000
1740.977000
1744.384000
1747.791000
1751.198000
1754.605000
1758.012000
1761.419000
1764.826000
1768.233000
1771.640000
1775.047000
1778.454000
1781.861000
1785.268000
1788.675000
1792.082000
1795.489000
1798.896000
1802.303000
1805.710000
1809.117000
1812.524000
1815.931000
1819.338000
1822.745000
1826.152000
1829.559000
1832.966000
1836.373000
1839.780000
1843.187000
1846.594000
1850.001000
1853.408000
1856.815000
1860.222000
1863.629000
1867.036000
1870.443000
1873.850000
1877.257000
1880.664000
1884.071000
1887.478000
1890.885000
1894.292000
1897.699000
1901.106000
1904.513000
1907.920000
1911.327000
1914.734000
1918.141000
1921.548000
1924.955000
1928.362000
1931.769000
1935.176000
1938.583000
1941.990000
1945.397000
1948.804000
1952.211000
1955.618000
1959.025000
1962.432000
1965.839000
1969.246000
1972.653000
1976.060000
1979.467000
1982.874000
1986.281000
1989.688000
1993.095000
1996.502000
1999.909000
2003.316000
2006.723000
2010.130000
2013.537000
2016.944000
2020.351000
2023.758000
2027.165000
2030.572000
2033.979000
2037.386000
2040.793000
2044.200000
2047.607000
2051.014000
2054.421000
2057.828000
2061.235000
2064.642000
2068.049000
2071.456000
2074.863000
2078.270000
2081.677000
2085.084000
2088.491000
2091.898000
2095.305000
2098.712000
2102.119000
2105.526000
2108.933000
2112.340000
2115.747000
2119.154000
2122.561000
2125.968000
2129.375000
2132.782000
2136.189000
2139.596000
2143.003000
2146.410000
2149.817000
2153.224000
2156.631000
2160.038000
2163.445000
2166.852000
2170.259000
2173.666000
2177.073000
2180.480000
2183.887000
2187.294000
2190.701000
2194.108000
2197.515000
2200.922000
2204.329000
2207.736000
2211.143000
2214.550000
2217.957000
2221.364000
2224.771000
2228.178000
2231.585000
2234.992000
2238.399000
2241.806000
2245.213000
2248.620000
2252.027000
2255.434000
2258.841000
2262.248000
2265.655000
2269.062000
2272.469000
2275.876000
2279.283000
2282.690000
2286.097000
2289.504000
2292.911000
2296.318000
2299.725000
2303.132000
2306.539000
2309.946000
2313.353000
2316.760000
2320.167000
2323.574000
2326.981000
2330.388000
2333.795000
2337.202000
2340.609000
2344.016000
2347.423000
2350.830000
2354.237000
2357.644000
2361.051000
2364.458000
2367.865000
2371.272000
2374.679000
2378.086000
2381.493000
2384.900000
2388.307000
2391.714000
2395.121000
2398.528000
2401.935000
2405.342000
2408.749000
2412.156000
2415.563000
2418.970000
2422.377000
2425.784000
2429.191000
2432.598000
2436.005000
2439.412000
2442.819000
2446.226000
2449.633000
2453.040000
2456.447000
2459.854000
2463.261000
2466.668000
2470.075000
2473.482000
2476.889000
2480.296000
2483.703000
2487.110000
2490.517000
2493.924000
2497.331000
2500.738000
2504.145000
2507.552000
2510.959000
2514.366000
2517.773000
2521.180000
2524.587000
2527.994000
2531.401000
2534.808000
2538.215000
2541.622000
2545.029000
2548.436000
2551.843000
2555.250000
2558.657000
2562.064000
2565.471000
2568.878000
2572.285000
2575.692000
2579.099000
2582.506000
2585.913000
2589.320000
2592.727000
2596.134000
2599.541000
2602.948000
2606.355000
2609.762000
2613.169000
2616.576000
2619.983000
2623.390000
2626.797000
2630.204000
2633.611000
2637.018000
2640.425000
2643.832000
2647.239000
2650.646000
2654.053000
2657.460000
2660.867000
2664.274000
2667.681000
2671.088000
2674.495000
2677.902000
2681.309000
2684.716000
2688.123000
2691.530000
2694.937000
2698.344000
2701.751000
2705.158000
2708.565000
2711.972000
2715.379000
2718.786000
2722.193000
2725.600000
2729.007000
2732.414000
2735.821000
2739.228000
2742.635000
2746.042000
2749.449000
2752.856000
2756.263000
2759.670000
2763.077000
2766.484000
2769.891000
2773.298000
2776.705000
2780.112000
2783.519000
2786.926000
2790.333000
2793.740000
2797.147000
2800.554000
2803.961000
2807.368000
2810.775000
2814.182000
2817.589000
2820.996000
2824.403000
2827.810000
2831.217000
2834.624000
2838.031000
2841.438000
2844.845000
2848.252000
2851.659000
2855.066000
2858.473000
2861.880000
2865.287000
2868.694000
2872.101000
2875.508000
2878.915000
2882.322000
2885.729000
2889.136000
2892.543000
2895.950000
2899.357000
2902.764000
2906.171000
2909.578000
2912.985000
2916.392000
2919.799000
2923.206000
2926.613000
2930.020000
2933.427000
2936.834000
2940.241000
2943.648000
2947.055000
2950.462000
2953.869000
2957.276000
2960.683000
2964.090000
2967.497000
2970.904000
2974.311000
2977.718000
2981.125000
2984.532000
2987.939000
2991.346000
2994.753000
2998.160000
3001.567000
3004.974000
3008.381000
3011.788000
3015.195000
3018.602000
3022.009000
3025.416000
3028.823000
3032.230000
3035.637000
3039.044000
3042.451000
3045.858000
3049.265000
3052.672000
3056.079000
3059.486000
3062.893000
3066.300000
3069.707000
3073.114000
3076.521000
3079.928000
3083.335000
3086.742000
3090.149000
3093.556000
3096.963000
3100.370000
3103.777000
3107.184000
3110.591000
3113.998000
3117.405000
3120.812000
3124.219000
3127.626000
3131.033000
3134.440000
3137.847000
3141.254000
3144.661000
3148.068000
3151.475000
3154.882000
3158.289000
3161.696000
3165.103000
3168.510000
3171.917000
3175.324000
3178.731000
3182.138000
3185.545000
3188.952000
3192.359000
3195.766000
3199.173000
3202.580000
3205.987000
3209.394000
3212.801000
3216.208000
3219.615000
3223.022000
3226.429000
3229.836000
3233.243000
3236.650000
3240.057000
3243.464000
3246.871000
3250.278000
3253.685000
3257.092000
3260.499000
3263.906000
3267.313000
3270.720000
3274.127000
3277.534000
3280.941000
3284.348000
3287.755000
3291.162000
3294.569000
3297.976000
3301.383000
3304.790000
3308.197000
3311.604000
3315.011000
3318.418000
3321.825000
3325.232000
3328.639000
3332.046000
3335.453000
3338.860000
3342.267000
3345.674000
3349.081000
3352.488000
3355.895000
3359.302000
3362.709000
3366.116000
3369.523000
3372.930000
3376.337000
3379.744000
3383.151000
3386.558000
3389.965000
3393.372000
3396.779000
3400.186000
3403.593000
3407.000000
