1.736311379976690000e+14
1.572690454140870000e+14
1.406172337904530000e+14
1.277465008755520000e+14
1.169572381311450000e+14
1.057129198341030000e+14
9.736076341885100000e+13
9.061716633592000000e+13
8.347232744242700000e+13
7.513421701704000000e+13
7.225096779064400000e+13
6.531260914800600000e+13
6.192060175063400000e+13
5.579229832615900000e+13
5.264961109984100000e+13
4.950250613081300000e+13
4.711002858775500000e+13
4.456289989229600000e+13
4.106403815222400000e+13
3.766585897931200000e+13
3.582031036893400000e+13
3.280814994753800000e+13
3.212927695511000000e+13
3.032612904458200000e+13
2.873979315605300000e+13
2.620182479402700000e+13
2.597287105036400000e+13
2.371939548000400000e+13
2.308161927910700000e+13
2.115795244336000000e+13
2.035119081756000000e+13
1.943861346545200000e+13
1.845347002176200000e+13
1.728655739573900000e+13
1.646160382429200000e+13
1.637282513541700000e+13
1.444811000171200000e+13
1.468985324432000000e+13
1.390345625881900000e+13
1.328187162394000000e+13
1.262802991069300000e+13
1.210935908632600000e+13
1.177092072366600000e+13
1.003062818036600000e+13
1.113930395484900000e+13
1.047968890776700000e+13
9.814224175081000000e+12
9.752428010547000000e+12
8.614853663245000000e+12
9.338092880956000000e+12
8.660489962499000000e+12
8.968068991345000000e+12
7.842740036932000000e+12
7.451886875223000000e+12
6.836491011286000000e+12
7.411106027952000000e+12
6.583146690662000000e+12
6.484031271266000000e+12
6.190514711265000000e+12
6.395850203614000000e+12
6.149264478888000000e+12
5.220886286668000000e+12
5.456971656024000000e+12
5.301576592067000000e+12
4.662899142510000000e+12
5.065443106741000000e+12
4.840319368098000000e+12
5.013064465840000000e+12
3.573889238304000000e+12
4.471735334615000000e+12
4.319144011945000000e+12
4.190475089787000000e+12
4.113328710832000000e+12
3.681031728091000000e+12
3.533409910009000000e+12
2.968051237142000000e+12
3.365267544955000000e+12
3.615628946449000000e+12
3.788421340603000000e+12
2.655181395111000000e+12
2.544929597142000000e+12
2.790801885747000000e+12
2.875757828060000000e+12
2.711591644036000000e+12
2.745006638641000000e+12
2.857372320414000000e+12
2.866235144331000000e+12
2.665427101274000000e+12
2.438897736766000000e+12
2.519852615737000000e+12
2.133633103149000000e+12
2.161571089116000000e+12
2.211587058831000000e+12
2.267408669737000000e+12
2.241499507865000000e+12
1.788253357793000000e+12
1.854166746034000000e+12
1.837250728277000000e+12
1.681927375460000000e+12
1.508642686052000000e+12
1.741273024900000000e+12
1.164448528542000000e+12
1.403310208290000000e+12
1.615135218684000000e+12
1.437019739058000000e+12
1.538107911795000000e+12
1.335374656926000000e+12
1.445270386393000000e+12
1.313380936947000000e+12
1.166448293323000000e+12
1.582154719518000000e+12
1.278541534967000000e+12
1.273223027139000000e+12
1.187286712549000000e+12
1.129079847244000000e+12
1.130472567670000000e+12
1.336428462120000000e+12
1.248432564210000000e+12
1.042660465378000000e+12
1.094592463776000000e+12
7.456438485100000000e+11
9.966244737880000000e+11
8.314327866150000000e+11
1.089120746751000000e+12
8.053361392230000000e+11
7.905009913410000000e+11
8.283018680880000000e+11
7.581720969080000000e+11
6.866416259550000000e+11
8.689746313230000000e+11
8.758669444430000000e+11
7.288271520310000000e+11
6.221713454060000000e+11
5.968147558210000000e+11
1.005483289485000000e+12
8.074461346060000000e+11
8.604611860700000000e+11
6.951149921250000000e+11
7.770855978670000000e+11
5.347114685700000000e+11
6.433082986100000000e+11
6.766488769280000000e+11
6.141633863020000000e+11
7.601681264970000000e+11
5.545300336750000000e+11
5.164614208650000000e+11
4.900775083860000000e+11
4.401718966100000000e+11
5.005493385550000000e+11
4.490794921360000000e+11
4.182032125980000000e+11
3.894707576950000000e+11
5.713125900900000000e+11
3.089325946580000000e+11
5.410296052520000000e+11
5.946333920710000000e+11
5.345238622350000000e+11
5.659345229000000000e+11
3.637139429770000000e+11
3.754497780370000000e+11
4.184460535560000000e+11
3.119501607340000000e+11
5.065526295730000000e+11
4.869547392320000000e+11
3.368831865660000000e+11
5.130898853140000000e+11
3.763373784290000000e+11
2.475110261230000000e+11
3.739436597320000000e+11
2.469735348700000000e+11
5.012311772690000000e+11
4.191827219440000000e+11
5.313162890560000000e+11
6.677298070370000000e+11
3.098108280810000000e+11
7.564850600530000000e+11
3.822540176130000000e+11
3.682232236260000000e+11
4.175556057120000000e+11
4.082294965740000000e+11
3.072499616490000000e+11
2.319184599230000000e+11
2.726834432160000000e+11
2.267280844780000000e+11
3.996082911730000000e+11
3.029328724240000000e+11
2.577008256030000000e+11
2.404805674900000000e+11
3.769893328200000000e+11
2.281327894530000000e+11
2.824787986100000000e+11
2.432638702880000000e+11
4.300606328310000000e+11
2.051619295610000000e+11
2.486207564670000000e+11
2.636998078870000000e+11
2.670959052640000000e+11
1.987903587430000000e+11
2.795223107030000000e+11
4.716248776160000000e+11
1.894985225300000000e+11
1.498462356240000000e+11
2.743830739410000000e+11
3.140657911950000000e+11
1.892901089420000000e+11
1.855843313630000000e+11
3.379940775830000000e+11
1.748778573260000000e+11
6.242439716320000000e+11
1.952782517730000000e+11
1.705864403060000000e+11
2.179163001910000000e+11
2.728453590540000000e+11
2.756634446320000000e+11
1.561266304950000000e+11
2.199563803810000000e+11
3.119659737380000000e+11
1.389849055290000000e+11
2.619403322560000000e+11
3.128309092260000000e+11
2.267768529620000000e+11
1.880728404250000000e+11
8.649201824900000000e+10
1.092578753810000000e+11
1.173964693650000000e+11
3.309574901630000000e+11
1.615167232310000000e+11
3.703925828120000000e+11
1.044612150390000000e+11
6.685391716500000000e+10
1.305256516190000000e+11
2.417857652720000000e+11
1.485813180980000000e+11
7.947182662600000000e+10
8.635564608000000000e+10
8.802083317200000000e+10
8.986356019700000000e+10
3.032769125110000000e+11
1.874324237310000000e+11
1.646498568140000000e+11
6.905706686000000000e+10
9.565684896100000000e+10
6.544682105900000000e+10
1.980681931000000000e+11
1.065136691300000000e+11
1.718363013960000000e+11
2.208908355540000000e+11
2.530347322100000000e+11
1.668486044840000000e+11
5.283466828800000000e+10
1.325697376100000000e+11
4.336868734100000000e+10
3.509641279800000000e+10
9.055557045000000000e+10
4.244062813500000000e+10
9.064918390500000000e+10
1.814535350710000000e+11
1.779766397320000000e+11
2.848170370310000000e+11
1.288640606450000000e+11
1.960239395310000000e+11
9.382093080500000000e+10
1.775580658410000000e+11
9.250510499900000000e+10
2.120251474720000000e+11
5.975104967100000000e+10
9.244032327500000000e+10
2.039195040800000000e+11
4.586258383200000000e+10
1.020403333470000000e+11
2.426410117100000000e+10
5.466232798900000000e+10
1.866317541360000000e+11
9.357102902300000000e+10
6.622251604900000000e+10
1.261324440960000000e+11
1.519787107630000000e+11
4.793427705700000000e+10
1.309548392200000000e+10
5.434036294700000000e+10
8.796125741400000000e+10
1.413194514740000000e+11
3.040551466200000000e+10
6.216169815000000000e+10
3.085422456200000000e+10
2.476755529100000000e+10
5.338270550500000000e+10
7.068191622300000000e+10
5.959887576700000000e+10
1.127483412480000000e+11
2.606851561500000000e+10
1.098021441400000000e+11
9.182224738000000000e+09
1.376069466250000000e+11
1.817732457700000000e+10
5.608273623200000000e+10
3.160423183500000000e+10
1.351314389930000000e+11
1.057230608480000000e+11
9.291054894300000000e+10
1.415188835300000000e+10
3.439888803900000000e+10
3.346602243000000000e+10
3.626943991400000000e+10
3.127821487900000000e+10
4.196361529800000000e+10
8.528265875900000000e+10
2.076989837200000000e+10
2.274864516200000000e+10
1.230796054930000000e+11
1.133881885850000000e+11
1.457709696320000000e+11
5.575261391700000000e+10
4.830124280800000000e+10
2.762564750000000000e+09
1.985865112300000000e+10
1.870740029400000000e+10
5.261383402000000000e+09
2.207304021000000000e+10
2.172451415700000000e+10
2.303286514900000000e+10
1.080462464300000000e+10
3.193891441000000000e+09
2.424823596010000000e+11
1.099392736700000000e+10
1.131309638340000000e+11
1.178537697910000000e+11
4.983019692900000000e+10
1.571367581000000000e+11
3.102435129400000000e+10
4.499162628900000000e+10
4.210013102700000000e+10
9.448607586000000000e+09
1.532081237920000000e+11
1.078230505200000000e+10
2.671057705200000000e+10
3.025858543500000000e+10
1.730815924600000000e+10
3.468218018000000000e+09
1.201269599320000000e+11
1.008772637930000000e+11
2.777152705100000000e+10
2.010203942400000000e+10
5.431937767000000000e+09
2.201111758400000000e+10
3.088417231710000000e+11
1.949431330800000000e+10
9.760361802000000000e+09
1.648966377520000000e+11
2.336825299300000000e+10
9.744895616800000000e+10
1.215891029980000000e+11
4.029034120100000000e+10
1.083470861300000000e+10
1.624123252980000000e+11
3.702763058600000000e+10
5.636089453000000000e+09
4.524657360000000000e+09
1.419075746400000000e+10
8.442352666000000000e+09
1.598037160300000000e+10
8.744036000000000000e+09
2.575821295400000000e+10
8.246709807000000000e+09
1.104671607630000000e+11
1.929069887800000000e+10
3.944336488800000000e+10
4.598914762000000000e+10
1.407615497700000000e+10
6.699898996000000000e+09
3.520320108000000000e+09
3.513737651900000000e+10
3.065998744000000000e+09
1.606442073100000000e+10
