16.972500
18.067500
19.162500
20.257500
21.352500
22.447500
23.542500
24.637500
25.732500
26.827500
27.922500
29.017500
30.112500
31.207500
32.302500
33.397500
34.492500
35.587500
36.682500
37.777500
38.872500
39.967500
41.062500
42.157500
43.252500
44.347500
45.442500
46.537500
47.632500
48.727500
49.822500
50.917500
52.012500
53.107500
54.202500
55.297500
56.392500
57.487500
58.582500
59.677500
60.772500
61.867500
62.962500
64.057500
65.152500
66.247500
67.342500
68.437500
69.532500
70.627500
71.722500
72.817500
73.912500
75.007500
76.102500
77.197500
78.292500
79.387500
80.482500
81.577500
82.672500
83.767500
84.862500
85.957500
87.052500
88.147500
89.242500
90.337500
91.432500
92.527500
93.622500
94.717500
95.812500
96.907500
98.002500
99.097500
100.192500
101.287500
102.382500
103.477500
104.572500
105.667500
106.762500
107.857500
108.952500
110.047500
111.142500
112.237500
113.332500
114.427500
115.522500
116.617500
117.712500
118.807500
119.902500
120.997500
122.092500
123.187500
124.282500
125.377500
126.472500
127.567500
128.662500
129.757500
130.852500
131.947500
133.042500
134.137500
135.232500
136.327500
137.422500
138.517500
139.612500
140.707500
141.802500
142.897500
143.992500
145.087500
146.182500
147.277500
148.372500
149.467500
150.562500
151.657500
152.752500
153.847500
154.942500
156.037500
157.132500
158.227500
159.322500
160.417500
161.512500
162.607500
163.702500
164.797500
165.892500
166.987500
168.082500
169.177500
170.272500
171.367500
172.462500
173.557500
174.652500
175.747500
176.842500
177.937500
179.032500
180.127500
181.222500
182.317500
183.412500
184.507500
185.602500
186.697500
187.792500
188.887500
189.982500
191.077500
192.172500
193.267500
194.362500
195.457500
196.552500
197.647500
198.742500
199.837500
200.932500
202.027500
203.122500
204.217500
205.312500
206.407500
207.502500
208.597500
209.692500
210.787500
211.882500
212.977500
214.072500
215.167500
216.262500
217.357500
218.452500
219.547500
220.642500
221.737500
222.832500
223.927500
225.022500
226.117500
227.212500
228.307500
229.402500
230.497500
231.592500
232.687500
233.782500
234.877500
235.972500
237.067500
238.162500
239.257500
240.352500
241.447500
242.542500
243.637500
244.732500
245.827500
246.922500
248.017500
249.112500
250.207500
251.302500
252.397500
253.492500
254.587500
255.682500
256.777500
257.872500
258.967500
260.062500
261.157500
262.252500
263.347500
264.442500
265.537500
266.632500
267.727500
268.822500
269.917500
271.012500
272.107500
273.202500
274.297500
275.392500
276.487500
277.582500
278.677500
279.772500
280.867500
281.962500
283.057500
284.152500
285.247500
286.342500
287.437500
288.532500
289.627500
290.722500
291.817500
292.912500
294.007500
295.102500
296.197500
297.292500
298.387500
299.482500
300.577500
301.672500
302.767500
303.862500
304.957500
306.052500
307.147500
308.242500
309.337500
310.432500
311.527500
312.622500
313.717500
314.812500
315.907500
317.002500
318.097500
319.192500
320.287500
321.382500
322.477500
323.572500
324.667500
325.762500
326.857500
327.952500
329.047500
330.142500
331.237500
332.332500
333.427500
334.522500
335.617500
336.712500
337.807500
338.902500
339.997500
341.092500
342.187500
343.282500
344.377500
345.472500
346.567500
347.662500
348.757500
349.852500
350.947500
352.042500
353.137500
354.232500
355.327500
356.422500
357.517500
358.612500
359.707500
360.802500
361.897500
362.992500
364.087500
365.182500
366.277500
367.372500
368.467500
369.562500
370.657500
371.752500
372.847500
373.942500
375.037500
376.132500
377.227500
378.322500
379.417500
380.512500
381.607500
382.702500
383.797500
384.892500
385.987500
387.082500
388.177500
389.272500
390.367500
391.462500
392.557500
393.652500
394.747500
395.842500
396.937500
398.032500
399.127500
400.222500
401.317500
402.412500
403.507500
404.602500
405.697500
406.792500
407.887500
408.982500
410.077500
411.172500
412.267500
413.362500
414.457500
415.552500
416.647500
417.742500
418.837500
419.932500
421.027500
422.122500
423.217500
424.312500
425.407500
426.502500
427.597500
428.692500
429.787500
430.882500
431.977500
433.072500
434.167500
435.262500
436.357500
437.452500
438.547500
439.642500
440.737500
441.832500
442.927500
444.022500
445.117500
446.212500
447.307500
448.402500
449.497500
450.592500
451.687500
452.782500
453.877500
454.972500
456.067500
457.162500
458.257500
459.352500
460.447500
461.542500
462.637500
463.732500
464.827500
465.922500
467.017500
468.112500
469.207500
470.302500
471.397500
472.492500
473.587500
474.682500
475.777500
476.872500
477.967500
479.062500
480.157500
481.252500
482.347500
483.442500
484.537500
485.632500
486.727500
487.822500
488.917500
490.012500
491.107500
492.202500
493.297500
494.392500
495.487500
496.582500
497.677500
498.772500
499.867500
500.962500
502.057500
503.152500
504.247500
505.342500
506.437500
507.532500
508.627500
509.722500
510.817500
511.912500
513.007500
514.102500
515.197500
516.292500
517.387500
518.482500
519.577500
520.672500
521.767500
522.862500
523.957500
525.052500
526.147500
527.242500
528.337500
529.432500
530.527500
531.622500
532.717500
533.812500
534.907500
536.002500
537.097500
538.192500
539.287500
540.382500
541.477500
542.572500
543.667500
544.762500
545.857500
546.952500
548.047500
549.142500
550.237500
551.332500
552.427500
553.522500
554.617500
555.712500
556.807500
557.902500
558.997500
560.092500
561.187500
562.282500
563.377500
564.472500
565.567500
566.662500
567.757500
568.852500
569.947500
571.042500
572.137500
573.232500
574.327500
575.422500
576.517500
577.612500
578.707500
579.802500
580.897500
581.992500
583.087500
584.182500
585.277500
586.372500
587.467500
588.562500
589.657500
590.752500
591.847500
592.942500
594.037500
595.132500
596.227500
597.322500
598.417500
599.512500
600.607500
601.702500
602.797500
603.892500
604.987500
606.082500
607.177500
608.272500
609.367500
610.462500
611.557500
612.652500
613.747500
614.842500
615.937500
617.032500
618.127500
619.222500
620.317500
621.412500
622.507500
623.602500
624.697500
625.792500
626.887500
627.982500
629.077500
630.172500
631.267500
632.362500
633.457500
634.552500
635.647500
636.742500
637.837500
638.932500
640.027500
641.122500
642.217500
643.312500
644.407500
645.502500
646.597500
647.692500
648.787500
649.882500
650.977500
652.072500
653.167500
654.262500
655.357500
656.452500
657.547500
658.642500
659.737500
660.832500
661.927500
663.022500
664.117500
665.212500
666.307500
667.402500
668.497500
669.592500
670.687500
671.782500
672.877500
673.972500
675.067500
676.162500
677.257500
678.352500
679.447500
680.542500
681.637500
682.732500
683.827500
684.922500
686.017500
687.112500
688.207500
689.302500
690.397500
691.492500
692.587500
693.682500
694.777500
695.872500
696.967500
698.062500
699.157500
700.252500
701.347500
702.442500
703.537500
704.632500
705.727500
706.822500
707.917500
709.012500
710.107500
711.202500
712.297500
713.392500
714.487500
715.582500
716.677500
717.772500
718.867500
719.962500
721.057500
722.152500
723.247500
724.342500
725.437500
726.532500
727.627500
728.722500
729.817500
730.912500
732.007500
733.102500
734.197500
735.292500
736.387500
737.482500
738.577500
739.672500
740.767500
741.862500
742.957500
744.052500
745.147500
746.242500
747.337500
748.432500
749.527500
750.622500
751.717500
752.812500
753.907500
755.002500
756.097500
757.192500
758.287500
759.382500
760.477500
761.572500
762.667500
763.762500
764.857500
765.952500
767.047500
768.142500
769.237500
770.332500
771.427500
772.522500
773.617500
774.712500
775.807500
776.902500
777.997500
779.092500
780.187500
781.282500
782.377500
783.472500
784.567500
785.662500
786.757500
787.852500
788.947500
790.042500
791.137500
792.232500
793.327500
794.422500
795.517500
796.612500
797.707500
798.802500
799.897500
800.992500
802.087500
803.182500
805.372500
806.467500
807.562500
808.657500
809.752500
810.847500
811.942500
813.037500
814.132500
815.227500
816.322500
817.417500
818.512500
819.607500
820.702500
821.797500
822.892500
823.987500
825.082500
826.177500
827.272500
828.367500
829.462500
830.557500
831.652500
832.747500
833.842500
834.937500
836.032500
837.127500
838.222500
839.317500
840.412500
841.507500
842.602500
843.697500
844.792500
845.887500
846.982500
848.077500
849.172500
850.267500
851.362500
852.457500
854.647500
855.742500
856.837500
857.932500
859.027500
860.122500
861.217500
862.312500
863.407500
864.502500
865.597500
866.692500
867.787500
868.882500
869.977500
871.072500
872.167500
873.262500
874.357500
876.547500
877.642500
878.737500
879.832500
880.927500
883.117500
884.212500
885.307500
886.402500
888.592500
889.687500
890.782500
891.877500
892.972500
895.162500
896.257500
897.352500
898.447500
899.542500
900.637500
902.827500
905.017500
907.207500
910.492500
911.587500
912.682500
914.872500
915.967500
917.062500
918.157500
921.442500
923.632500
924.727500
925.822500
926.917500
928.012500
930.202500
931.297500
