45.229000
48.147000
51.065000
53.983000
56.901000
59.819000
62.737000
65.655000
68.573000
71.491000
74.409000
77.327000
80.245000
83.163000
86.081000
88.999000
91.917000
94.835000
97.753000
100.671000
103.589000
106.507000
109.425000
112.343000
115.261000
118.179000
121.097000
124.015000
126.933000
129.851000
132.769000
135.687000
138.605000
141.523000
144.441000
147.359000
150.277000
153.195000
156.113000
159.031000
161.949000
164.867000
167.785000
170.703000
173.621000
176.539000
179.457000
182.375000
185.293000
188.211000
191.129000
194.047000
196.965000
199.883000
202.801000
205.719000
208.637000
211.555000
214.473000
217.391000
220.309000
223.227000
226.145000
229.063000
231.981000
234.899000
237.817000
240.735000
243.653000
246.571000
249.489000
252.407000
255.325000
258.243000
261.161000
264.079000
266.997000
269.915000
272.833000
275.751000
278.669000
281.587000
284.505000
287.423000
290.341000
293.259000
296.177000
299.095000
302.013000
304.931000
307.849000
310.767000
313.685000
316.603000
319.521000
322.439000
325.357000
328.275000
331.193000
334.111000
337.029000
339.947000
342.865000
345.783000
348.701000
351.619000
354.537000
357.455000
360.373000
363.291000
366.209000
369.127000
372.045000
374.963000
377.881000
380.799000
383.717000
386.635000
389.553000
392.471000
395.389000
398.307000
401.225000
404.143000
407.061000
409.979000
412.897000
415.815000
418.733000
421.651000
424.569000
427.487000
430.405000
433.323000
436.241000
439.159000
442.077000
444.995000
447.913000
450.831000
453.749000
456.667000
459.585000
462.503000
465.421000
468.339000
471.257000
474.175000
477.093000
480.011000
482.929000
485.847000
488.765000
491.683000
494.601000
497.519000
500.437000
503.355000
506.273000
509.191000
512.109000
515.027000
517.945000
520.863000
523.781000
526.699000
529.617000
532.535000
535.453000
538.371000
541.289000
544.207000
547.125000
550.043000
552.961000
555.879000
558.797000
561.715000
564.633000
567.551000
570.469000
573.387000
576.305000
579.223000
582.141000
585.059000
587.977000
590.895000
593.813000
596.731000
599.649000
602.567000
605.485000
608.403000
611.321000
614.239000
617.157000
620.075000
622.993000
625.911000
628.829000
631.747000
634.665000
637.583000
640.501000
643.419000
646.337000
649.255000
652.173000
655.091000
658.009000
660.927000
663.845000
666.763000
669.681000
672.599000
675.517000
678.435000
681.353000
684.271000
687.189000
690.107000
693.025000
695.943000
698.861000
701.779000
704.697000
707.615000
710.533000
713.451000
716.369000
719.287000
722.205000
725.123000
728.041000
730.959000
733.877000
736.795000
739.713000
742.631000
745.549000
748.467000
751.385000
754.303000
757.221000
760.139000
763.057000
765.975000
768.893000
771.811000
774.729000
777.647000
780.565000
783.483000
786.401000
789.319000
792.237000
795.155000
798.073000
800.991000
803.909000
806.827000
809.745000
812.663000
815.581000
818.499000
821.417000
824.335000
827.253000
830.171000
833.089000
836.007000
838.925000
841.843000
844.761000
847.679000
850.597000
853.515000
856.433000
859.351000
862.269000
865.187000
868.105000
871.023000
873.941000
876.859000
879.777000
882.695000
885.613000
888.531000
891.449000
894.367000
897.285000
900.203000
903.121000
906.039000
908.957000
911.875000
914.793000
917.711000
920.629000
923.547000
926.465000
929.383000
932.301000
935.219000
938.137000
941.055000
943.973000
946.891000
949.809000
952.727000
955.645000
958.563000
961.481000
964.399000
967.317000
970.235000
973.153000
976.071000
978.989000
981.907000
984.825000
987.743000
990.661000
993.579000
996.497000
999.415000
1002.333000
1005.251000
1008.169000
1011.087000
1014.005000
1016.923000
1019.841000
1022.759000
1025.677000
1028.595000
1031.513000
1034.431000
1037.349000
1040.267000
1043.185000
1046.103000
1049.021000
1051.939000
1054.857000
1057.775000
1060.693000
1063.611000
1066.529000
1069.447000
1072.365000
1075.283000
1078.201000
1081.119000
1084.037000
1086.955000
1089.873000
1092.791000
1095.709000
1098.627000
1101.545000
1104.463000
1107.381000
1110.299000
1113.217000
1116.135000
1119.053000
1121.971000
1124.889000
1127.807000
1130.725000
1133.643000
1136.561000
1139.479000
1142.397000
1145.315000
1148.233000
1151.151000
1154.069000
1156.987000
1159.905000
1162.823000
1165.741000
1168.659000
1171.577000
1174.495000
1177.413000
1180.331000
1183.249000
1186.167000
1189.085000
1192.003000
1194.921000
1197.839000
1200.757000
1203.675000
1206.593000
1209.511000
1212.429000
1215.347000
1218.265000
1221.183000
1224.101000
1227.019000
1229.937000
1232.855000
1235.773000
1238.691000
1241.609000
1244.527000
1247.445000
1250.363000
1253.281000
1256.199000
1259.117000
1262.035000
1264.953000
1267.871000
1270.789000
1273.707000
1276.625000
1279.543000
1282.461000
1285.379000
1288.297000
1291.215000
1294.133000
1297.051000
1299.969000
1302.887000
1305.805000
1308.723000
1311.641000
1314.559000
1317.477000
1320.395000
1323.313000
1326.231000
1329.149000
1332.067000
1334.985000
1337.903000
1340.821000
1343.739000
1346.657000
1349.575000
1352.493000
1355.411000
1358.329000
1361.247000
1364.165000
1367.083000
1370.001000
1372.919000
1375.837000
1378.755000
1381.673000
1384.591000
1387.509000
1390.427000
1393.345000
1396.263000
1399.181000
1402.099000
1405.017000
1407.935000
1410.853000
1413.771000
1416.689000
1419.607000
1422.525000
1425.443000
1428.361000
1431.279000
1434.197000
1437.115000
1440.033000
1442.951000
1445.869000
1448.787000
1451.705000
1454.623000
1457.541000
1460.459000
1463.377000
1466.295000
1469.213000
1472.131000
1475.049000
1477.967000
1480.885000
1483.803000
1486.721000
1489.639000
1492.557000
1495.475000
1498.393000
1501.311000
1504.229000
1507.147000
1510.065000
1512.983000
1515.901000
1518.819000
1521.737000
1524.655000
1527.573000
1530.491000
1533.409000
1536.327000
1539.245000
1542.163000
1545.081000
1547.999000
1550.917000
1553.835000
1556.753000
1559.671000
1562.589000
1565.507000
1568.425000
1571.343000
1574.261000
1577.179000
1580.097000
1583.015000
1585.933000
1588.851000
1591.769000
1594.687000
1597.605000
1600.523000
1603.441000
1606.359000
1609.277000
1612.195000
1615.113000
1618.031000
1620.949000
1623.867000
1626.785000
1629.703000
1632.621000
1635.539000
1638.457000
1641.375000
1644.293000
1647.211000
1650.129000
1653.047000
1655.965000
1658.883000
1661.801000
1664.719000
1667.637000
1670.555000
1673.473000
1676.391000
1679.309000
1685.145000
1688.063000
1690.981000
1693.899000
1696.817000
1699.735000
1702.653000
1705.571000
1708.489000
1711.407000
1714.325000
1717.243000
1723.079000
1725.997000
1728.915000
1731.833000
1737.669000
1740.587000
1743.505000
1746.423000
1749.341000
1752.259000
1755.177000
1758.095000
1761.013000
1763.931000
1766.849000
1769.767000
1772.685000
1775.603000
1778.521000
1781.439000
1784.357000
1787.275000
1790.193000
1793.111000
1798.947000
1801.865000
1804.783000
1807.701000
1810.619000
1813.537000
1816.455000
1822.291000
1828.127000
1831.045000
1839.799000
1842.717000
1845.635000
1848.553000
1851.471000
1854.389000
1857.307000
1860.225000
1863.143000
1866.061000
1871.897000
1874.815000
