0.000000
0.104000
0.208000
0.312000
0.416000
0.520000
0.624000
0.728000
0.832000
0.936000
1.040000
1.144000
1.248000
1.352000
1.456000
1.560000
1.664000
1.768000
1.872000
1.976000
2.080000
2.184000
2.288000
2.392000
2.496000
2.600000
2.704000
2.808000
2.912000
3.016000
3.120000
3.224000
3.328000
3.432000
3.536000
3.640000
3.744000
3.848000
3.952000
4.056000
4.160000
4.264000
4.368000
4.472000
4.576000
4.680000
4.784000
4.888000
4.992000
5.096000
5.200000
5.304000
5.408000
5.512000
5.616000
5.720000
5.824000
5.928000
6.032000
6.136000
6.240000
6.344000
6.448000
6.552000
6.656000
6.760000
6.864000
6.968000
7.072000
7.176000
7.280000
7.384000
7.488000
7.592000
7.696000
7.800000
7.904000
8.008000
8.112000
8.216000
8.320000
8.424000
8.528000
8.632000
8.736000
8.840000
8.944000
9.048000
9.152000
9.256000
9.360000
9.464000
9.568000
9.672000
9.776000
9.880000
9.984000
10.088000
10.192000
10.296000
10.400000
10.504000
10.608000
10.712000
10.816000
10.920000
11.024000
11.128000
11.232000
11.336000
11.440000
11.544000
11.648000
11.752000
11.856000
11.960000
12.064000
12.168000
12.272000
12.376000
12.480000
12.584000
12.688000
12.792000
12.896000
13.000000
13.104000
13.208000
13.312000
13.416000
13.520000
13.624000
13.728000
13.832000
13.936000
14.040000
14.144000
14.248000
14.352000
14.456000
14.560000
14.664000
14.768000
14.872000
14.976000
15.080000
15.184000
15.288000
15.392000
15.496000
15.600000
15.704000
15.808000
15.912000
16.016000
16.120000
16.224000
16.328000
16.432000
16.536000
16.640000
16.744000
16.848000
16.952000
17.056000
17.160000
17.264000
17.368000
17.472000
17.576000
17.680000
17.784000
17.888000
17.992000
18.096000
18.200000
18.304000
18.408000
18.512000
18.616000
18.720000
18.824000
18.928000
19.032000
19.136000
19.240000
19.344000
19.448000
19.552000
19.656000
19.760000
19.864000
19.968000
20.072000
20.176000
20.280000
20.384000
20.488000
20.592000
20.696000
20.800000
20.904000
21.008000
21.112000
21.216000
21.320000
21.424000
21.528000
21.632000
21.736000
21.840000
21.944000
22.048000
22.152000
22.256000
22.360000
22.464000
22.568000
22.672000
22.776000
22.880000
22.984000
23.088000
23.192000
23.296000
23.400000
23.504000
23.608000
23.712000
23.816000
23.920000
24.024000
24.128000
24.232000
24.336000
24.440000
24.544000
24.648000
24.752000
24.856000
24.960000
25.064000
25.168000
25.272000
25.376000
25.480000
25.584000
25.688000
25.792000
25.896000
26.000000
26.104000
26.208000
26.312000
26.416000
26.520000
26.624000
26.728000
26.832000
26.936000
27.040000
27.144000
27.248000
27.352000
27.456000
27.560000
27.664000
27.768000
27.872000
27.976000
28.080000
28.184000
28.288000
28.392000
28.496000
28.600000
28.704000
28.808000
28.912000
29.016000
29.120000
29.224000
29.328000
29.432000
29.536000
29.640000
29.744000
29.848000
29.952000
30.056000
30.160000
30.264000
30.368000
30.472000
30.576000
30.680000
30.784000
30.888000
30.992000
31.096000
31.200000
31.304000
31.408000
31.512000
31.616000
31.720000
31.824000
31.928000
32.032000
32.136000
32.240000
32.344000
32.448000
32.552000
32.656000
32.760000
32.864000
32.968000
33.072000
33.176000
33.280000
33.384000
33.488000
33.592000
33.696000
33.800000
33.904000
34.008000
34.112000
34.216000
34.320000
34.424000
34.528000
34.632000
34.736000
34.840000
34.944000
35.048000
35.152000
35.256000
35.360000
35.464000
35.568000
35.672000
35.776000
35.880000
35.984000
36.088000
36.192000
36.296000
36.400000
36.504000
36.608000
36.712000
36.816000
36.920000
37.024000
37.128000
37.232000
37.336000
37.440000
37.544000
37.648000
37.752000
37.856000
37.960000
38.064000
38.168000
38.272000
38.376000
38.480000
38.584000
38.688000
38.792000
38.896000
39.000000
39.104000
39.208000
39.312000
39.416000
39.520000
39.624000
39.728000
39.832000
39.936000
40.040000
40.144000
40.248000
40.352000
40.456000
40.560000
40.664000
40.768000
40.872000
40.976000
41.080000
41.184000
41.288000
41.392000
41.496000
41.600000
41.704000
41.808000
41.912000
42.016000
42.120000
42.224000
42.328000
42.432000
42.536000
42.640000
42.744000
42.848000
42.952000
43.056000
43.160000
43.264000
43.368000
43.472000
43.576000
43.680000
43.784000
43.888000
43.992000
44.096000
44.200000
44.304000
44.408000
44.512000
44.616000
44.720000
44.824000
44.928000
45.032000
45.136000
45.240000
45.344000
45.448000
45.552000
45.656000
45.760000
45.864000
45.968000
46.072000
46.176000
46.280000
46.384000
46.488000
46.592000
46.696000
46.800000
46.904000
47.008000
47.112000
47.216000
47.320000
47.424000
47.528000
47.632000
47.736000
47.840000
47.944000
48.048000
48.152000
48.256000
48.360000
48.464000
48.568000
48.672000
48.776000
48.880000
48.984000
49.088000
49.192000
49.296000
49.400000
49.504000
49.608000
49.712000
49.816000
49.920000
50.024000
50.128000
50.232000
50.336000
50.440000
50.544000
50.648000
50.752000
50.856000
50.960000
51.064000
51.168000
51.272000
51.376000
51.480000
51.584000
51.688000
51.792000
51.896000
52.000000
52.104000
52.208000
52.312000
52.416000
52.520000
52.624000
52.728000
52.832000
52.936000
53.040000
53.144000
53.248000
53.352000
53.456000
53.560000
53.664000
53.768000
53.872000
53.976000
54.080000
54.184000
54.288000
54.392000
54.496000
54.600000
54.704000
54.808000
54.912000
55.016000
55.120000
55.224000
55.328000
55.432000
55.536000
55.640000
55.744000
55.848000
55.952000
56.056000
56.160000
56.264000
56.368000
56.472000
56.576000
56.680000
56.784000
56.888000
56.992000
57.096000
57.200000
57.304000
57.408000
57.512000
57.616000
57.720000
57.824000
57.928000
58.032000
58.136000
58.240000
58.344000
58.448000
58.552000
58.656000
58.760000
58.864000
58.968000
59.072000
59.176000
59.280000
59.384000
59.488000
59.592000
59.696000
59.800000
59.904000
60.008000
60.112000
60.216000
60.320000
60.424000
60.528000
60.632000
60.736000
60.840000
60.944000
61.048000
61.152000
61.256000
61.360000
61.464000
61.568000
61.672000
61.776000
61.880000
61.984000
62.088000
62.192000
62.296000
62.400000
62.504000
62.608000
62.712000
62.816000
62.920000
63.024000
63.128000
63.232000
63.336000
63.440000
63.544000
63.648000
63.752000
63.856000
63.960000
64.064000
64.168000
64.272000
64.376000
64.480000
64.584000
64.688000
64.792000
64.896000
65.000000
65.104000
65.208000
65.312000
65.416000
65.520000
65.624000
65.728000
65.832000
65.936000
66.040000
66.144000
66.248000
66.352000
66.456000
66.560000
66.664000
66.768000
66.872000
66.976000
67.080000
67.184000
67.288000
67.392000
67.496000
67.600000
67.704000
67.808000
67.912000
68.016000
68.120000
68.224000
68.328000
68.432000
68.536000
68.640000
68.744000
68.848000
68.952000
69.056000
69.160000
69.264000
69.368000
69.472000
69.576000
69.680000
69.784000
69.888000
69.992000
70.096000
70.200000
70.304000
70.408000
70.512000
70.616000
70.720000
70.824000
70.928000
71.032000
71.136000
71.240000
71.344000
71.448000
71.552000
71.656000
71.760000
71.864000
71.968000
72.072000
72.176000
72.280000
72.384000
72.488000
72.592000
72.696000
72.800000
72.904000
73.008000
73.112000
73.216000
73.320000
73.424000
73.528000
73.632000
73.736000
73.840000
73.944000
74.048000
74.152000
74.256000
74.360000
74.464000
74.568000
74.672000
74.776000
74.880000
74.984000
75.088000
75.192000
75.296000
75.400000
75.504000
75.608000
75.712000
75.816000
75.920000
76.024000
76.128000
76.232000
76.336000
76.440000
76.544000
76.648000
76.752000
76.856000
76.960000
77.064000
77.168000
77.272000
77.376000
77.480000
77.584000
77.688000
77.792000
77.896000
78.000000
78.104000
78.208000
78.312000
78.416000
78.520000
78.624000
78.728000
78.832000
78.936000
79.040000
79.144000
79.248000
79.352000
79.456000
79.560000
79.664000
79.768000
79.872000
79.976000
80.080000
80.184000
80.288000
80.392000
80.496000
80.600000
80.704000
80.808000
80.912000
81.016000
81.120000
81.224000
81.328000
81.432000
81.536000
81.640000
81.744000
81.848000
81.952000
82.056000
82.160000
82.264000
82.368000
82.472000
82.576000
82.680000
82.784000
82.888000
82.992000
83.096000
83.200000
83.304000
83.408000
83.512000
83.616000
83.720000
83.824000
83.928000
84.032000
84.136000
84.240000
84.344000
84.448000
84.552000
84.656000
84.760000
84.864000
84.968000
85.072000
85.176000
85.280000
85.384000
85.488000
85.592000
85.696000
85.800000
85.904000
86.008000
86.112000
86.216000
86.320000
86.424000
86.528000
86.632000
86.736000
86.840000
86.944000
87.048000
87.152000
87.256000
87.360000
87.464000
87.568000
87.672000
87.776000
87.880000
87.984000
88.088000
88.192000
88.296000
88.400000
88.504000
88.608000
88.712000
88.816000
88.920000
89.024000
89.128000
89.232000
89.336000
89.440000
89.544000
89.648000
89.752000
89.856000
89.960000
90.064000
90.168000
90.272000
90.376000
90.480000
90.584000
90.688000
90.792000
90.896000
91.000000
91.104000
91.208000
91.312000
91.416000
91.520000
91.624000
91.728000
91.832000
91.936000
92.040000
92.144000
92.248000
92.352000
92.456000
92.560000
92.664000
92.768000
92.872000
92.976000
93.080000
93.184000
93.288000
93.392000
93.496000
93.600000
93.704000
93.808000
93.912000
94.016000
94.120000
94.224000
94.328000
94.432000
94.536000
94.640000
94.744000
94.848000
94.952000
95.056000
95.160000
95.264000
95.368000
95.472000
95.576000
95.680000
95.784000
95.888000
95.992000
96.096000
96.200000
96.304000
96.408000
96.512000
96.616000
96.720000
96.824000
96.928000
97.032000
97.136000
97.240000
97.344000
97.448000
97.552000
97.656000
97.760000
97.864000
97.968000
98.072000
98.176000
98.280000
98.384000
98.488000
98.592000
98.696000
98.800000
98.904000
99.008000
99.112000
99.216000
99.320000
99.424000
99.528000
99.632000
99.736000
99.840000
99.944000
100.048000
100.152000
100.256000
100.360000
100.464000
100.568000
100.672000
100.776000
100.880000
100.984000
101.088000
101.192000
101.296000
101.400000
101.504000
101.608000
101.712000
101.816000
101.920000
102.024000
102.128000
102.232000
102.336000
102.440000
102.544000
102.648000
102.752000
102.856000
102.960000
103.064000
103.168000
103.272000
103.376000
103.480000
103.584000
103.688000
103.792000
103.896000
104.000000
