0.000000
6.292000
12.584000
18.876000
25.168000
31.460000
37.752000
44.044000
50.336000
56.628000
62.920000
69.212000
75.504000
81.796000
88.088000
94.380000
100.672000
106.964000
113.256000
119.548000
125.840000
132.132000
138.424000
144.716000
151.008000
157.300000
163.592000
169.884000
176.176000
182.468000
188.760000
195.052000
201.344000
207.636000
213.928000
220.220000
226.512000
232.804000
239.096000
245.388000
251.680000
257.972000
264.264000
270.556000
276.848000
283.140000
289.432000
295.724000
302.016000
308.308000
314.600000
320.892000
327.184000
333.476000
339.768000
346.060000
352.352000
358.644000
364.936000
371.228000
377.520000
383.812000
390.104000
396.396000
402.688000
408.980000
415.272000
421.564000
427.856000
434.148000
440.440000
446.732000
453.024000
459.316000
465.608000
471.900000
478.192000
484.484000
490.776000
497.068000
503.360000
509.652000
515.944000
522.236000
528.528000
534.820000
541.112000
547.404000
553.696000
559.988000
566.280000
572.572000
578.864000
585.156000
591.448000
597.740000
604.032000
610.324000
616.616000
622.908000
629.200000
635.492000
641.784000
648.076000
654.368000
660.660000
666.952000
673.244000
679.536000
685.828000
692.120000
698.412000
704.704000
710.996000
717.288000
723.580000
729.872000
736.164000
742.456000
748.748000
755.040000
761.332000
767.624000
773.916000
780.208000
786.500000
792.792000
799.084000
805.376000
811.668000
817.960000
824.252000
830.544000
836.836000
843.128000
849.420000
855.712000
862.004000
868.296000
874.588000
880.880000
887.172000
893.464000
899.756000
906.048000
912.340000
918.632000
924.924000
931.216000
937.508000
943.800000
950.092000
956.384000
962.676000
968.968000
975.260000
981.552000
987.844000
994.136000
1000.428000
1006.720000
1013.012000
1019.304000
1025.596000
1031.888000
1038.180000
1044.472000
1050.764000
1057.056000
1063.348000
1069.640000
1075.932000
1082.224000
1088.516000
1094.808000
1101.100000
1107.392000
1113.684000
1119.976000
1126.268000
1132.560000
1138.852000
1145.144000
1151.436000
1157.728000
1164.020000
1170.312000
1176.604000
1182.896000
1189.188000
1195.480000
1201.772000
1208.064000
1214.356000
1220.648000
1226.940000
1233.232000
1239.524000
1245.816000
1252.108000
1258.400000
1264.692000
1270.984000
1277.276000
1283.568000
1289.860000
1296.152000
1302.444000
1308.736000
1315.028000
1321.320000
1327.612000
1333.904000
1340.196000
1346.488000
1352.780000
1359.072000
1365.364000
1371.656000
1377.948000
1384.240000
1390.532000
1396.824000
1403.116000
1409.408000
1415.700000
1421.992000
1428.284000
1434.576000
1440.868000
1447.160000
1453.452000
1459.744000
1466.036000
1472.328000
1478.620000
1484.912000
1491.204000
1497.496000
1503.788000
1510.080000
1516.372000
1522.664000
1528.956000
1535.248000
1541.540000
1547.832000
1554.124000
1560.416000
1566.708000
1573.000000
1579.292000
1585.584000
1591.876000
1598.168000
1604.460000
1610.752000
1617.044000
1623.336000
1629.628000
1635.920000
1642.212000
1648.504000
1654.796000
1661.088000
1667.380000
1673.672000
1679.964000
1686.256000
1692.548000
1698.840000
1705.132000
1711.424000
1717.716000
1724.008000
1730.300000
1736.592000
1742.884000
1749.176000
1755.468000
1761.760000
1768.052000
1774.344000
1780.636000
1786.928000
1793.220000
1799.512000
1805.804000
1812.096000
1818.388000
1824.680000
1830.972000
1837.264000
1843.556000
1849.848000
1856.140000
1862.432000
1868.724000
1875.016000
1881.308000
1887.600000
1893.892000
1900.184000
1906.476000
1912.768000
1919.060000
1925.352000
1931.644000
1937.936000
1944.228000
1950.520000
1956.812000
1963.104000
1969.396000
1975.688000
1981.980000
1988.272000
1994.564000
2000.856000
2007.148000
2013.440000
2019.732000
2026.024000
2032.316000
2038.608000
2044.900000
2051.192000
2057.484000
2063.776000
2070.068000
2076.360000
2082.652000
2088.944000
2095.236000
2101.528000
2107.820000
2114.112000
2120.404000
2126.696000
2132.988000
2139.280000
2145.572000
2151.864000
2158.156000
2164.448000
2170.740000
2177.032000
2183.324000
2189.616000
2195.908000
2202.200000
2208.492000
2214.784000
2221.076000
2227.368000
2233.660000
2239.952000
2246.244000
2252.536000
2258.828000
2265.120000
2271.412000
2277.704000
2283.996000
2290.288000
2296.580000
2302.872000
2309.164000
2315.456000
2321.748000
2328.040000
2334.332000
2340.624000
2346.916000
2353.208000
2359.500000
2365.792000
2372.084000
2378.376000
2384.668000
2390.960000
2397.252000
2403.544000
2409.836000
2416.128000
2422.420000
2428.712000
2435.004000
2441.296000
2447.588000
2453.880000
2460.172000
2466.464000
2472.756000
2479.048000
2485.340000
2491.632000
2497.924000
2504.216000
2510.508000
2516.800000
2523.092000
2529.384000
2535.676000
2541.968000
2548.260000
2554.552000
2560.844000
2567.136000
2573.428000
2579.720000
2586.012000
2592.304000
2598.596000
2604.888000
2611.180000
2617.472000
2623.764000
2630.056000
2636.348000
2642.640000
2648.932000
2655.224000
2661.516000
2667.808000
2674.100000
2680.392000
2686.684000
2692.976000
2699.268000
2705.560000
2711.852000
2718.144000
2724.436000
2730.728000
2737.020000
2743.312000
2749.604000
2755.896000
2762.188000
2768.480000
2774.772000
2781.064000
2787.356000
2793.648000
2799.940000
2806.232000
2812.524000
2818.816000
2825.108000
2831.400000
2837.692000
2843.984000
2850.276000
2856.568000
2862.860000
2869.152000
2875.444000
2881.736000
2888.028000
2894.320000
2900.612000
2906.904000
2913.196000
2919.488000
2925.780000
2932.072000
2938.364000
2944.656000
2950.948000
2957.240000
2963.532000
2969.824000
2976.116000
2982.408000
2988.700000
2994.992000
3001.284000
3007.576000
3013.868000
3020.160000
3026.452000
3032.744000
3039.036000
3045.328000
3051.620000
3057.912000
3064.204000
3070.496000
3076.788000
3083.080000
3089.372000
3095.664000
3101.956000
3108.248000
3114.540000
3120.832000
3127.124000
3133.416000
3139.708000
3146.000000
3152.292000
3158.584000
3164.876000
3171.168000
3177.460000
3183.752000
3190.044000
3196.336000
3202.628000
3208.920000
3215.212000
3221.504000
3227.796000
3234.088000
3240.380000
3246.672000
3252.964000
3259.256000
3265.548000
3271.840000
3278.132000
3284.424000
3290.716000
3297.008000
3303.300000
3309.592000
3315.884000
3322.176000
3328.468000
3334.760000
3341.052000
3347.344000
3353.636000
3359.928000
3366.220000
3372.512000
3378.804000
3385.096000
3391.388000
3397.680000
3403.972000
3410.264000
3416.556000
3422.848000
3429.140000
3435.432000
3441.724000
3448.016000
3454.308000
3460.600000
3466.892000
3473.184000
3479.476000
3485.768000
3492.060000
3498.352000
3504.644000
3510.936000
3517.228000
3523.520000
3529.812000
3536.104000
3542.396000
3548.688000
3554.980000
3561.272000
3567.564000
3573.856000
3580.148000
3586.440000
3592.732000
3599.024000
3605.316000
3611.608000
3617.900000
3624.192000
3630.484000
3636.776000
3643.068000
3649.360000
3655.652000
3661.944000
3668.236000
3674.528000
3680.820000
3687.112000
3693.404000
3699.696000
3705.988000
3712.280000
3718.572000
3724.864000
3731.156000
3737.448000
3743.740000
3750.032000
3756.324000
3762.616000
3768.908000
3775.200000
3781.492000
3787.784000
3794.076000
3800.368000
3806.660000
3812.952000
3819.244000
3825.536000
3831.828000
3838.120000
3844.412000
3850.704000
3856.996000
3863.288000
3869.580000
3875.872000
3882.164000
3888.456000
3894.748000
3901.040000
3907.332000
3913.624000
3919.916000
3926.208000
3932.500000
3938.792000
3945.084000
3951.376000
3957.668000
3963.960000
3970.252000
3976.544000
3982.836000
3989.128000
3995.420000
4001.712000
4008.004000
4014.296000
4020.588000
4026.880000
4033.172000
4039.464000
4045.756000
4052.048000
4058.340000
4064.632000
4070.924000
4077.216000
4083.508000
4089.800000
4096.092000
4102.384000
4108.676000
4114.968000
4121.260000
4127.552000
4133.844000
4140.136000
4146.428000
4152.720000
4159.012000
4165.304000
4171.596000
4177.888000
4184.180000
4190.472000
4196.764000
4203.056000
4209.348000
4215.640000
4221.932000
4228.224000
4234.516000
4240.808000
4247.100000
4253.392000
4259.684000
4265.976000
4272.268000
4278.560000
4284.852000
4291.144000
4297.436000
4303.728000
4310.020000
4316.312000
4322.604000
4328.896000
4335.188000
4341.480000
4347.772000
4354.064000
4360.356000
4366.648000
4372.940000
4379.232000
4385.524000
4391.816000
4398.108000
4404.400000
4410.692000
4416.984000
4423.276000
4429.568000
4435.860000
4442.152000
4448.444000
4454.736000
4461.028000
4467.320000
4473.612000
4479.904000
4486.196000
4492.488000
4498.780000
4505.072000
4511.364000
4517.656000
4523.948000
4530.240000
4536.532000
4542.824000
4549.116000
4555.408000
4561.700000
4567.992000
4574.284000
4580.576000
4586.868000
4593.160000
4599.452000
4605.744000
4612.036000
4618.328000
4624.620000
4630.912000
4637.204000
4643.496000
4649.788000
4656.080000
4662.372000
4668.664000
4674.956000
4681.248000
4687.540000
4693.832000
4700.124000
4706.416000
4712.708000
4719.000000
4725.292000
4731.584000
4737.876000
4744.168000
4750.460000
4756.752000
4763.044000
4769.336000
4775.628000
4781.920000
4788.212000
4794.504000
4800.796000
4807.088000
4813.380000
4819.672000
4825.964000
4832.256000
4838.548000
4844.840000
4851.132000
4857.424000
4863.716000
4870.008000
4876.300000
4882.592000
4888.884000
4895.176000
4901.468000
4907.760000
4914.052000
4920.344000
4926.636000
4932.928000
4939.220000
4945.512000
4951.804000
4958.096000
4964.388000
4970.680000
4976.972000
4983.264000
4989.556000
4995.848000
5002.140000
5008.432000
5014.724000
5021.016000
5027.308000
5033.600000
5039.892000
5046.184000
5052.476000
5058.768000
5065.060000
5071.352000
5077.644000
5083.936000
5090.228000
5096.520000
5102.812000
5109.104000
5115.396000
5121.688000
5127.980000
5134.272000
5140.564000
5146.856000
5153.148000
5159.440000
5165.732000
5172.024000
5178.316000
5184.608000
5190.900000
5197.192000
5203.484000
5209.776000
5216.068000
5222.360000
5228.652000
5234.944000
5241.236000
5247.528000
5253.820000
5260.112000
5266.404000
5272.696000
5278.988000
5285.280000
5291.572000
5297.864000
5304.156000
5310.448000
5316.740000
5323.032000
5329.324000
5335.616000
5341.908000
5348.200000
5354.492000
5360.784000
5367.076000
5373.368000
5379.660000
5385.952000
5392.244000
5398.536000
5404.828000
5411.120000
5417.412000
5423.704000
5429.996000
5436.288000
5442.580000
5448.872000
5455.164000
5461.456000
5467.748000
5474.040000
5480.332000
5486.624000
5492.916000
5499.208000
5505.500000
5511.792000
5518.084000
5524.376000
5530.668000
5536.960000
5543.252000
5549.544000
5555.836000
5562.128000
5568.420000
5574.712000
5581.004000
5587.296000
5593.588000
5599.880000
5606.172000
5612.464000
5618.756000
5625.048000
5631.340000
5637.632000
5643.924000
5650.216000
5656.508000
5662.800000
5669.092000
5675.384000
5681.676000
5687.968000
5694.260000
5700.552000
5706.844000
5713.136000
5719.428000
5725.720000
5732.012000
5738.304000
5744.596000
5750.888000
5757.180000
5763.472000
5769.764000
5776.056000
5782.348000
5788.640000
5794.932000
5801.224000
5807.516000
5813.808000
5820.100000
5826.392000
5832.684000
5838.976000
5845.268000
5851.560000
5857.852000
5864.144000
5870.436000
5876.728000
5883.020000
5889.312000
5895.604000
5901.896000
5908.188000
5914.480000
5920.772000
5927.064000
5933.356000
5939.648000
5945.940000
5952.232000
5958.524000
5964.816000
5971.108000
5977.400000
5983.692000
5989.984000
5996.276000
6002.568000
6008.860000
6015.152000
6021.444000
6027.736000
6034.028000
6040.320000
6046.612000
6052.904000
6059.196000
6065.488000
6071.780000
6078.072000
6084.364000
6090.656000
6096.948000
6103.240000
6109.532000
6115.824000
6122.116000
6128.408000
6134.700000
6140.992000
6147.284000
6153.576000
6159.868000
6166.160000
6172.452000
6178.744000
6185.036000
6191.328000
6197.620000
6203.912000
6210.204000
6216.496000
6222.788000
6229.080000
6235.372000
6241.664000
6247.956000
6254.248000
6260.540000
6266.832000
6273.124000
6279.416000
6285.708000
6292.000000
