0.000000
0.019000
0.038000
0.057000
0.076000
0.095000
0.114000
0.133000
0.152000
0.171000
0.190000
0.209000
0.228000
0.247000
0.266000
0.285000
0.304000
0.323000
0.342000
0.361000
0.380000
0.399000
0.418000
0.437000
0.456000
0.475000
0.494000
0.513000
0.532000
0.551000
0.570000
0.589000
0.608000
0.627000
0.646000
0.665000
0.684000
0.703000
0.722000
0.741000
0.760000
0.779000
0.798000
0.817000
0.836000
0.855000
0.874000
0.893000
0.912000
0.931000
0.950000
0.969000
0.988000
1.007000
1.026000
1.045000
1.064000
1.083000
1.102000
1.121000
1.140000
1.159000
1.178000
1.197000
1.216000
1.235000
1.254000
1.273000
1.292000
1.311000
1.330000
1.349000
1.368000
1.387000
1.406000
1.425000
1.444000
1.463000
1.482000
1.501000
1.520000
1.539000
1.558000
1.577000
1.596000
1.615000
1.634000
1.653000
1.672000
1.691000
1.710000
1.729000
1.748000
1.767000
1.786000
1.805000
1.824000
1.843000
1.862000
1.881000
1.900000
1.919000
1.938000
1.957000
1.976000
1.995000
2.014000
2.033000
2.052000
2.071000
2.090000
2.109000
2.128000
2.147000
2.166000
2.185000
2.204000
2.223000
2.242000
2.261000
2.280000
2.299000
2.318000
2.337000
2.356000
2.375000
2.394000
2.413000
2.432000
2.451000
2.470000
2.489000
2.508000
2.527000
2.546000
2.565000
2.584000
2.603000
2.622000
2.641000
2.660000
2.679000
2.698000
2.717000
2.736000
2.755000
2.774000
2.793000
2.812000
2.831000
2.850000
2.869000
2.888000
2.907000
2.926000
2.945000
2.964000
2.983000
3.002000
3.021000
3.040000
3.059000
3.078000
3.097000
3.116000
3.135000
3.154000
3.173000
3.192000
3.211000
3.230000
3.249000
3.268000
3.287000
3.306000
3.325000
3.344000
3.363000
3.382000
3.401000
3.420000
3.439000
3.458000
3.477000
3.496000
3.515000
3.534000
3.553000
3.572000
3.591000
3.610000
3.629000
3.648000
3.667000
3.686000
3.705000
3.724000
3.743000
3.762000
3.781000
3.800000
3.819000
3.838000
3.857000
3.876000
3.895000
3.914000
3.933000
3.952000
3.971000
3.990000
4.009000
4.028000
4.047000
4.066000
4.085000
4.104000
4.123000
4.142000
4.161000
4.180000
4.199000
4.218000
4.237000
4.256000
4.275000
4.294000
4.313000
4.332000
4.351000
4.370000
4.389000
4.408000
4.427000
4.446000
4.465000
4.484000
4.503000
4.522000
4.541000
4.560000
4.579000
4.598000
4.617000
4.636000
4.655000
4.674000
4.693000
4.712000
4.731000
4.750000
4.769000
4.788000
4.807000
4.826000
4.845000
4.864000
4.883000
4.902000
4.921000
4.940000
4.959000
4.978000
4.997000
5.016000
5.035000
5.054000
5.073000
5.092000
5.111000
5.130000
5.149000
5.168000
5.187000
5.206000
5.225000
5.244000
5.263000
5.282000
5.301000
5.320000
5.339000
5.358000
5.377000
5.396000
5.415000
5.434000
5.453000
5.472000
5.491000
5.510000
5.529000
5.548000
5.567000
5.586000
5.605000
5.624000
5.643000
5.662000
5.681000
5.700000
5.719000
5.738000
5.757000
5.776000
5.795000
5.814000
5.833000
5.852000
5.871000
5.890000
5.909000
5.928000
5.947000
5.966000
5.985000
6.004000
6.023000
6.042000
6.061000
6.080000
6.099000
6.118000
6.137000
6.156000
6.175000
6.194000
6.213000
6.232000
6.251000
6.270000
6.289000
6.308000
6.327000
6.346000
6.365000
6.384000
6.403000
6.422000
6.441000
6.460000
6.479000
6.498000
6.517000
6.536000
6.555000
6.574000
6.593000
6.612000
6.631000
6.650000
6.669000
6.688000
6.707000
6.726000
6.745000
6.764000
6.783000
6.802000
6.821000
6.840000
6.859000
6.878000
6.897000
6.916000
6.935000
6.954000
6.973000
6.992000
7.011000
7.030000
7.049000
7.068000
7.087000
7.106000
7.125000
7.144000
7.163000
7.182000
7.201000
7.220000
7.239000
7.258000
7.277000
7.296000
7.315000
7.334000
7.353000
7.372000
7.391000
7.410000
7.429000
7.448000
7.467000
7.486000
7.505000
7.524000
7.543000
7.562000
7.581000
7.600000
7.619000
7.638000
7.657000
7.676000
7.695000
7.714000
7.733000
7.752000
7.771000
7.790000
7.809000
7.828000
7.847000
7.866000
7.885000
7.904000
7.923000
7.942000
7.961000
7.980000
7.999000
8.018000
8.037000
8.056000
8.075000
8.094000
8.113000
8.132000
8.151000
8.170000
8.189000
8.208000
8.227000
8.246000
8.265000
8.284000
8.303000
8.322000
8.341000
8.360000
8.379000
8.398000
8.417000
8.436000
8.455000
8.474000
8.493000
8.512000
8.531000
8.550000
8.569000
8.588000
8.607000
8.626000
8.645000
8.664000
8.683000
8.702000
8.721000
8.740000
8.759000
8.778000
8.797000
8.816000
8.835000
8.854000
8.873000
8.892000
8.911000
8.930000
8.949000
8.968000
8.987000
9.006000
9.025000
9.044000
9.063000
9.082000
9.101000
9.120000
9.139000
9.158000
9.177000
9.196000
9.215000
9.234000
9.253000
9.272000
9.291000
9.310000
9.329000
9.348000
9.367000
9.386000
9.405000
9.424000
9.443000
9.462000
9.481000
9.500000
9.519000
9.538000
9.557000
9.576000
9.595000
9.614000
9.633000
9.652000
9.671000
9.690000
9.709000
9.728000
9.747000
9.766000
9.785000
9.804000
9.823000
9.842000
9.861000
9.880000
9.899000
9.918000
9.937000
9.956000
9.975000
9.994000
10.013000
10.032000
10.051000
10.070000
10.089000
10.108000
10.127000
10.146000
10.165000
10.184000
10.203000
10.222000
10.241000
10.260000
10.279000
10.298000
10.317000
10.336000
10.355000
10.374000
10.393000
10.412000
10.431000
10.450000
10.469000
10.488000
10.507000
10.526000
10.545000
10.564000
10.583000
10.602000
10.621000
10.640000
10.659000
10.678000
10.697000
10.716000
10.735000
10.754000
10.773000
10.792000
10.811000
10.830000
10.849000
10.868000
10.887000
10.906000
10.925000
10.944000
10.963000
10.982000
11.001000
11.020000
11.039000
11.058000
11.077000
11.096000
11.115000
11.134000
11.153000
11.172000
11.191000
11.210000
11.229000
11.248000
11.267000
11.286000
11.305000
11.324000
11.343000
11.362000
11.381000
11.400000
11.419000
11.438000
11.457000
11.476000
11.495000
11.514000
11.533000
11.552000
11.571000
11.590000
11.609000
11.628000
11.647000
11.666000
11.685000
11.704000
11.723000
11.742000
11.761000
11.780000
11.799000
11.818000
11.837000
11.856000
11.875000
11.894000
11.913000
11.932000
11.951000
11.970000
11.989000
12.008000
12.027000
12.046000
12.065000
12.084000
12.103000
12.122000
12.141000
12.160000
12.179000
12.198000
12.217000
12.236000
12.255000
12.274000
12.293000
12.312000
12.331000
12.350000
12.369000
12.388000
12.407000
12.426000
12.445000
12.464000
12.483000
12.502000
12.521000
12.540000
12.559000
12.578000
12.597000
12.616000
12.635000
12.654000
12.673000
12.692000
12.711000
12.730000
12.749000
12.768000
12.787000
12.806000
12.825000
12.844000
12.863000
12.882000
12.901000
12.920000
12.939000
12.958000
12.977000
12.996000
13.015000
13.034000
13.053000
13.072000
13.091000
13.110000
13.129000
13.148000
13.167000
13.186000
13.205000
13.224000
13.243000
13.262000
13.281000
13.300000
13.319000
13.338000
13.357000
13.376000
13.395000
13.414000
13.433000
13.452000
13.471000
13.490000
13.509000
13.528000
13.547000
13.566000
13.585000
13.604000
13.623000
13.642000
13.661000
13.680000
13.699000
13.718000
13.737000
13.756000
13.775000
13.794000
13.813000
13.832000
13.851000
13.870000
13.889000
13.908000
13.927000
13.946000
13.965000
13.984000
14.003000
14.022000
14.041000
14.060000
14.079000
14.098000
14.117000
14.136000
14.155000
14.174000
14.193000
14.212000
14.231000
14.250000
14.269000
14.288000
14.307000
14.326000
14.345000
14.364000
14.383000
14.402000
14.421000
14.440000
14.459000
14.478000
14.497000
14.516000
14.535000
14.554000
14.573000
14.592000
14.611000
14.630000
14.649000
14.668000
14.687000
14.706000
14.725000
14.744000
14.763000
14.782000
14.801000
14.820000
14.839000
14.858000
14.877000
14.896000
14.915000
14.934000
14.953000
14.972000
14.991000
15.010000
15.029000
15.048000
15.067000
15.086000
15.105000
15.124000
15.143000
15.162000
15.181000
15.200000
15.219000
15.238000
15.257000
15.276000
15.295000
15.314000
15.333000
15.352000
15.371000
15.390000
15.409000
15.428000
15.447000
15.466000
15.485000
15.504000
15.523000
15.542000
15.561000
15.580000
15.599000
15.618000
15.637000
15.656000
15.675000
15.694000
15.713000
15.732000
15.751000
15.770000
15.789000
15.808000
15.827000
15.846000
15.865000
15.884000
15.903000
15.922000
15.941000
15.960000
15.979000
15.998000
16.017000
16.036000
16.055000
16.074000
16.093000
16.112000
16.131000
16.150000
16.169000
16.188000
16.207000
16.226000
16.245000
16.264000
16.283000
16.302000
16.321000
16.340000
16.359000
16.378000
16.397000
16.416000
16.435000
16.454000
16.473000
16.492000
16.511000
16.530000
16.549000
16.568000
16.587000
16.606000
16.625000
16.644000
16.663000
16.682000
16.701000
16.720000
16.739000
16.758000
16.777000
16.796000
16.815000
16.834000
16.853000
16.872000
16.891000
16.910000
16.929000
16.948000
16.967000
16.986000
17.005000
17.024000
17.043000
17.062000
17.081000
17.100000
17.119000
17.138000
17.157000
17.176000
17.195000
17.214000
17.233000
17.252000
17.271000
17.290000
17.309000
17.328000
17.347000
17.366000
17.385000
17.404000
17.423000
17.442000
17.461000
17.480000
17.499000
17.518000
17.537000
17.556000
17.575000
17.594000
17.613000
17.632000
17.651000
17.670000
17.689000
17.708000
17.727000
17.746000
17.765000
17.784000
17.803000
17.822000
17.841000
17.860000
17.879000
17.898000
17.917000
17.936000
17.955000
17.974000
17.993000
18.012000
18.031000
18.050000
18.069000
18.088000
18.107000
18.126000
18.145000
18.164000
18.183000
18.202000
18.221000
18.240000
18.259000
18.278000
18.297000
18.316000
18.335000
18.354000
18.373000
18.392000
18.411000
18.430000
18.449000
18.468000
18.487000
18.506000
18.525000
18.544000
18.563000
18.582000
18.601000
18.620000
18.639000
18.658000
18.677000
18.696000
18.715000
18.734000
18.753000
18.772000
18.791000
18.810000
18.829000
18.848000
18.867000
18.886000
18.905000
18.924000
18.943000
18.962000
18.981000
19.000000
