275507935971683
250986111027728
227783351018180
211085775659648
192078021237621
172210262884100
166610267582991
153288616469202
142105777385961
137970768989152
125144380219086
116145996109873
107100702788973
104437664448800
98897792559025
90608005852914
85846423980183
82583124368761
78147674876916
77101073431062
69326100195377
65469997167376
66962356645652
61109846122359
57972495051653
56731212929228
55726439043622
51140364092473
50449615415565
48756676338133
46915804383002
44276250679077
39446180984001
41922945662164
38513266849273
40236756434179
38604303147528
34905041166806
35331690705725
34354389385336
32728379050047
33038741404312
31708675372288
31631934700001
29878298532718
28501990841652
28995518786465
27207557761623
29068135938058
24417874890409
26902227380734
26982827617565
27761445656743
24528316115946
25510099419485
24896594155936
23792928491034
22800035287974
23456104143681
21970551318005
22495195453190
18937290093816
20335591861490
22091614555163
20563808003591
19026062824030
19998314931825
19537962089410
18756099414161
18922873654408
18001289007117
16260055616755
16920161096651
17018750128911
16553676575561
16933399843490
19240570284780
15337998522777
17222985783328
16020590929802
17016396736536
13617701757704
15467697026070
16340747151317
12991362476431
15455662788822
15124728115633
15733491751847
13185034022348
12587724496751
12494532331995
13007254842053
14525393680385
13556738832913
12440506539986
12259016998335
14400709705273
14328655888628
15241389523153
12530082483654
13005023498421
11821017888908
11802773248810
11360516220751
10682404301617
10568222139999
10562087570046
12281773014230
11003078542212
12146082941770
11751750025487
12283373990591
9546062813744
9864693194918
8875782898570
11814929837632
9077611570524
9095837730263
11017973243066
10764253767448
11641690078118
9903673864858
10837334521018
9131661905323
10260708159202
8779434694615
8605644112157
8109440121417
10540915032574
8070730047691
8693743984917
8338244111945
7945387618611
8976741564997
9124549030864
7532569156111
7896044487954
8148605506083
7062066873504
8240637297615
8412793721114
8955842987482
8781198075167
7270604943317
8714065327086
9229079850645
7030731976195
8655639722689
6820285227793
6960975410073
8123416407652
7841215548351
8026643807039
6822231614380
7748623047838
6865525333267
7774555864990
8938743680196
8029131777451
8480267265080
7411554535147
6284907825719
5991271559642
6856457062261
5546079858494
6709804133414
5942131644895
6072045142529
6625899338117
6000676236215
5092630166564
6164114137124
6212083502584
5782618490164
6591649784406
5284695031805
6737097178155
5932114201764
7150262463444
5360128643564
6667595061705
6239618793655
7198007715606
5717986863879
4053142171170
5532558462090
4158189717692
5717062759317
6407361919647
5357759357109
6000208736430
4837349958260
5083190371154
4941160333874
5241021064794
5381603433387
6130496524453
5082387148187
5224629723101
4124875488272
5699067937662
2588868812674
5023196580733
3768906900052
5508747231408
4375248786177
4962226955735
6040877088244
3503749735947
3348101457425
5226086274069
6362170267365
3860794501197
4559861065308
4481438423537
5357228644103
3758936689970
4319615929613
3758747116872
4872020553122
3693559926381
2960608058408
3901653874625
3620776950680
4362161649454
4051466678275
4283959954077
3693057090205
3567812663590
4511951656954
3852341869261
3681984665764
2513999639492
3712555677392
3400944162917
4694810366961
2261414162548
3012779631200
2686319319882
2953790815264
3254820307649
3346095738778
3499087115128
3203440104555
2679626483057
3529419479799
3116062706990
2691649735525
2743547871832
3943169028418
3586788846523
2929234876008
3764369101836
3018866126412
2031354651197
2791202465726
3108514198107
2208066672165
3060071002130
2659338575437
3357880017607
3207403908817
3448191616561
2194387664663
2890247758377
3298085653180
2861633190201
2714402538813
3740854770533
2836623250815
2537889965671
3225868805088
2110823109113
1757981370139
1718031483482
2856157738853
2836632553540
2105175555471
2457730410290
2624691847498
2545403003531
2841126871872
2181888756885
2033923459986
2451185931798
2328950717166
1861264830620
2351724514287
2830832005359
1255123868343
1668995715369
2414097879528
2217838364197
2228814005680
2273813204646
2127821176853
2457843295373
2690901448021
2272858893130
1754237233930
2357304269177
2122807341591
1542515079180
1450710056155
2037902196595
1883250103949
1979531957831
1801013374890
1453912676519
2106376066512
1884016133726
2174682622618
2795755804540
1655969008886
2610735208176
1517552530678
2750000205456
1779745996057
1415083416832
1283931182926
1459106255602
1660403172471
2554369075749
2108002129365
1835286417374
1625334808113
1547609017985
2270942480442
1767561497998
1511201920768
1561655740204
1320691935150
1628728879559
1263147269921
1689117542508
1869935912486
1044683497196
886151382953
1835158930956
1242886955819
1528082489244
2176883664480
1173321860325
2278910383514
1779979441266
1739791294900
1255749974003
1102926823459
1552275336629
1580520170996
2193828531660
1121665849737
1384982634350
1723219113957
1813245417615
1570442674851
399098101627
1760667094507
894671806067
739730872071
723033651280
2323993324644
1479372286532
823891245129
1426248196831
2020605594478
1250504047239
1113477804649
1434300831468
1295861783025
1989166526219
938076565910
1097359162357
1420032003419
1106824516336
701474642004
642967796509
854144069654
1573433539081
1300915584366
869563217401
1246853092581
1255554646253
763451359132
401868207402
899999719576
701730025776
913718087565
1094404511606
1997969188365
1105101846384
481432300219
648237682326
394814667548
843130466329
802905930338
779087720249
643174791910
1038308978180
773750287122
1064091799427
651876825966
515248670936
856208925049
1020413843615
728297107215
1207391458395
820183267846
470611202397
749513792905
750426274914
163505728709
738821961504
967754722254
466408614329
393415131687
958437662732
1021675541574
383580924451
838493879754
526685221305
200679690003
137536105004
853176260813
380641939153
1026567420484
518999077599
532308185106
395382084602
399199125811
512013652943
704348425811
942585668936
818686795344
765569381275
382001242475
643805820682
841259124176
609471145388
880726045365
144434885531
483051413968
264789247131
334724414255
305959250577
387036187777
593931008534
846716110037
232696648248
818480302160
6063613788
1020942538388
514689011613
142623197986
764643993738
390687483478
723930518580
302029359612
588398661033
10131213264
753683846343
260516918514
261735392485
584644503333
248902205337
389894787292
668198770779
481988409007
478596155856
486098026790
312157996542
514112517639
393670929876
2868997670
311883128835
153197741495
210730794859
742527436643
736330867576
143906082718
258537641463
314379135223
509556039164
490215066819
366443581743
13126980587
470709530228
844358533974
344135242731
389941968276
132404156371
233355841030
170944888007
389192207064
133652677274
129505777973
310725630873
389568474905
5529101272
295768668709
136387075906
386560453783
88073463593
217224606060
521292082735
259350781139
9585381264
302654386142
137042870681
133690382621
6575683402
226169670178
130888370633
253597361051
130828872127
5681307145
103599713058
97859163934
6868850072
165606388679
132658481469
5552214880
79506180917
133933823962
129559358107
2915762647
11051676074
2896078833
129464174671
104030579743
386282655807
8055347501
4245314488
382990418873
162846628889
132248474912
256202096502
179817971369
259982398296
254830441658
1363079283
591550471560
131099902979
130857747769
130572986421
131798116528
1362176436
131227451055
6173409578
221788950110
4311978116
134524241321
4224982572
4781344019
4224287730
114221413422
1363537765
1362575726
260952756725
