3.268000
3.420000
3.572000
3.724000
3.876000
4.028000
4.180000
4.332000
4.484000
4.636000
4.788000
4.940000
5.092000
5.244000
5.396000
5.548000
5.700000
5.852000
6.004000
6.156000
6.308000
6.460000
6.612000
6.764000
6.916000
7.068000
7.220000
7.372000
7.524000
7.676000
7.828000
7.980000
8.132000
8.284000
8.436000
8.588000
8.740000
8.892000
9.044000
9.196000
9.348000
9.500000
9.652000
9.804000
9.956000
10.108000
10.260000
10.412000
10.564000
10.716000
10.868000
11.020000
11.172000
11.324000
11.476000
11.628000
11.780000
11.932000
12.084000
12.236000
12.388000
12.540000
12.692000
12.844000
12.996000
13.148000
13.300000
13.452000
13.604000
13.756000
13.908000
14.060000
14.212000
14.364000
14.516000
14.668000
14.820000
14.972000
15.124000
15.276000
15.428000
15.580000
15.732000
15.884000
16.036000
16.188000
16.340000
16.492000
16.644000
16.796000
16.948000
17.100000
17.252000
17.404000
17.556000
17.708000
17.860000
18.012000
18.164000
18.316000
18.468000
18.620000
18.772000
18.924000
19.076000
19.228000
19.380000
19.532000
19.684000
19.836000
19.988000
20.140000
20.292000
20.444000
20.596000
20.748000
20.900000
21.052000
21.204000
21.356000
21.508000
21.660000
21.812000
21.964000
22.116000
22.268000
22.420000
22.572000
22.724000
22.876000
23.028000
23.180000
23.332000
23.484000
23.636000
23.788000
23.940000
24.092000
24.244000
24.396000
24.548000
24.700000
24.852000
25.004000
25.156000
25.308000
25.460000
25.612000
25.764000
25.916000
26.068000
26.220000
26.372000
26.524000
26.676000
26.828000
26.980000
27.132000
27.284000
27.436000
27.588000
27.740000
27.892000
28.044000
28.196000
28.348000
28.500000
28.652000
28.804000
28.956000
29.108000
29.260000
29.412000
29.564000
29.716000
29.868000
30.020000
30.172000
30.324000
30.476000
30.628000
30.780000
30.932000
31.084000
31.236000
31.388000
31.540000
31.692000
31.844000
31.996000
32.148000
32.300000
32.452000
32.604000
32.756000
32.908000
33.060000
33.212000
33.364000
33.516000
33.668000
33.820000
33.972000
34.124000
34.276000
34.428000
34.580000
34.732000
34.884000
35.036000
35.188000
35.340000
35.492000
35.644000
35.796000
35.948000
36.100000
36.252000
36.404000
36.556000
36.708000
36.860000
37.012000
37.164000
37.316000
37.468000
37.620000
37.772000
37.924000
38.076000
38.228000
38.380000
38.532000
38.684000
38.836000
38.988000
39.140000
39.292000
39.444000
39.596000
39.748000
39.900000
40.052000
40.204000
40.356000
40.508000
40.660000
40.812000
40.964000
41.116000
41.268000
41.420000
41.572000
41.724000
41.876000
42.028000
42.180000
42.332000
42.484000
42.636000
42.788000
42.940000
43.092000
43.244000
43.396000
43.548000
43.852000
44.004000
44.156000
44.308000
44.460000
44.612000
44.764000
44.916000
45.068000
45.220000
45.372000
45.524000
45.676000
45.828000
45.980000
46.132000
46.284000
46.436000
46.588000
46.740000
46.892000
47.196000
47.348000
47.500000
47.652000
47.804000
47.956000
48.108000
48.260000
48.564000
48.716000
48.868000
49.172000
49.324000
49.628000
49.780000
49.932000
50.084000
50.236000
50.540000
50.692000
50.844000
50.996000
51.148000
51.452000
51.604000
51.756000
51.908000
52.212000
52.364000
52.516000
52.668000
52.820000
52.972000
53.124000
53.276000
53.428000
53.580000
53.732000
53.884000
54.036000
54.188000
54.340000
54.796000
54.948000
55.100000
55.404000
55.556000
55.708000
56.012000
56.164000
56.468000
56.620000
56.772000
57.076000
57.228000
57.532000
57.988000
58.140000
58.292000
58.444000
58.596000
58.748000
58.900000
59.052000
59.508000
59.660000
59.812000
59.964000
60.116000
