61257507975852
52068484967904
48839283171796
47840540796054
42636833651028
39626777291421
35872198572470
33697133277941
33802161218572
27488036657787
27931332068092
29386771560537
25724104045685
23369281134020
20567507052789
21402954257093
18810056951386
19721335655223
15991273389972
17528231006591
15454041947407
15644094633094
14695862717394
13328499706612
13218822074030
11313092208054
13238742838758
10832829875933
12109339661580
10644207744094
9170860470381
9586274508824
9927167701455
9827901492090
8940866246726
7249915379812
8651441729012
8325548845020
7824467928794
9125428447311
7910043821011
7721455447359
7519963575989
6245155860490
7757878798568
6617759613706
5348108668141
5877536899045
6153990731998
5701883295999
5662139063162
4923440395752
6210695907027
3869270394924
4825697559334
4946258423082
5143773128800
4672959347926
5209086749974
4318141634744
4389771283272
4362289973131
4745248673030
5077973032800
4301149805217
4498359389923
4151182432977
4512417291276
3644354149828
4278769615084
3781075424754
3919765912650
4067132537879
3659917064868
3685528067431
3996951262426
3037127315770
3825390622391
3732453644573
2834834850680
2837601071875
2891991793939
2695737990113
3032969989834
3343864035375
3093911469711
2402231292467
2661959128939
2535767790145
2629566805087
2827993707815
3189954155080
2275348216643
2451861213211
2516213727856
2635836973515
2255779432149
2144818629788
2510426878505
2526901325616
1916070255031
2499591252012
2210168917810
2006634636003
2451888569666
2106026757981
2476512307688
2548938770691
1670376949459
2363839616934
2277878912706
1906055314692
2174809034488
2228624912580
2122503923367
1873912578251
1969057801362
1594392460002
2044004324243
1655388650540
1723159217101
1806160151524
1807338102595
1789310938007
1737628762764
1515965383907
1568879904524
1454721808881
1093789458309
1784908874624
1934801122230
1589395558412
1629574092291
1566115499050
1630355711035
1569263662935
1401446602531
1607508563980
1431699407180
1350064623078
1300638076425
1454122515894
1513670845476
1734258148127
1239685377228
1523880869684
1763099866724
1315039508576
1247240027490
1194726849822
1044720319003
930708865401
1215178288782
1147439679022
1354519647770
1092428950766
1026355212046
1095060934980
779968458525
911949874866
779450748419
800100648958
995274701900
723179699976
959617308054
893877056514
898765524333
961570747881
967434947330
1120182264588
776266323471
754514667083
916077387088
794972521414
834791150895
951667366396
722885562945
706892759143
928914328654
707080543596
648348056407
1050658350496
935102593731
773870939833
764580383246
752054856734
482690541162
808828868446
765619185380
732113547962
624581050221
428560480645
804481854599
540662976841
967177682844
505637300109
655909675589
659104366923
627331681719
515238017635
515789941463
650275753202
505333966276
479871878361
490242540929
692918577223
496683259927
692843043420
704913885427
514915582455
401656037744
584936914128
578021494244
472487460988
382518546332
588853912758
491623822968
475359656550
613666580985
470565797756
438006338218
534282020690
431949900692
384974611813
576047970045
331335618191
406953764162
321682374489
365072106568
409039003529
252204130320
479476429892
545401282333
346593979720
508359031429
303970696065
336016657626
425053901406
263099205762
335614443813
331816313959
328593182191
326422203809
451438015923
250455440740
225149525905
331476919379
240832238157
303414842608
354291581203
224066337137
259173442977
298087301624
351043420180
180369936635
240308015729
304990459857
269220393929
181908704986
333866687707
345401705233
248588421628
174627060862
261369526715
177688885548
208957766671
191998338896
182909558008
243874671069
146040038932
263803852651
175379953528
149490427551
183138043178
218444446930
130861955152
168721568972
253863789693
146568258810
135442569420
170594765546
239624714832
261263587431
140789510094
360819800219
125518483945
91064846384
150690312631
123232306552
135249134515
160224462487
113160845870
116585261119
141528170889
161715040324
168157357993
143275389830
128669242819
75910116895
119872142243
190334944726
122893045168
97292469049
82459992964
87765685869
233211118691
97102730960
273679569273
89961744050
142312897883
134259692046
97410349138
104342947538
83019240872
63498960313
98269440879
99838099247
79380910864
98865995611
70483897825
86282452641
90312841494
92803665235
78672672752
77291546411
71706524467
60530297009
85046860160
75389373069
53691248844
78739132238
51366089384
82870900461
56414908617
111502376015
66154112910
96802590416
45896236318
34585081713
97849482012
38298233079
59788595647
82123778315
32780236075
55611691885
32545345442
57817288465
73781959274
111774008995
83481204260
58125243826
47737133480
40840890839
75069949140
45028563515
59512900087
26555274549
50130122428
56811473110
62357237179
60563530449
38354157007
57148006102
55748843239
40373103447
39952520401
42440115803
17697143989
45785206692
35226737132
20546641571
39107634885
28468055084
36510076432
20886918658
30386135432
34270972536
46516370077
50660068466
27248534155
50655668605
20112592262
14652464663
32413456168
44231264902
20514235675
26344318997
18921572889
41058299370
21350439757
41071757911
47728036958
13405006664
53361179699
13573131714
20556219661
10444390765
28953336332
51152215300
15162709376
13939118674
4718243518
18591672409
28890944717
32393676405
149711100557
31159363513
49328596939
10989111233
16654623173
5055173596
19212825541
31601216426
34847948086
2340686809
17159335537
15461253614
3221170846
5539614579
20060525846
17853110988
43185799353
4914931982
14565925095
7863645988
16958215516
33479552008
18878981703
8336316718
22755273611
17343591418
7324726260
7883396250
14618215598
21444015577
12535064366
12850784073
17721243291
6111090340
9872079454
17285087780
