0.000000
1.294000
2.588000
3.882000
5.176000
6.470000
7.764000
9.058000
10.352000
11.646000
12.940000
14.234000
15.528000
16.822000
18.116000
19.410000
20.704000
21.998000
23.292000
24.586000
25.880000
27.174000
28.468000
29.762000
31.056000
32.350000
33.644000
34.938000
36.232000
37.526000
38.820000
40.114000
41.408000
42.702000
43.996000
45.290000
46.584000
47.878000
49.172000
50.466000
51.760000
53.054000
54.348000
55.642000
56.936000
58.230000
59.524000
60.818000
62.112000
63.406000
64.700000
65.994000
67.288000
68.582000
69.876000
71.170000
72.464000
73.758000
75.052000
76.346000
77.640000
78.934000
80.228000
81.522000
82.816000
84.110000
85.404000
86.698000
87.992000
89.286000
90.580000
91.874000
93.168000
94.462000
95.756000
97.050000
98.344000
99.638000
100.932000
102.226000
103.520000
104.814000
106.108000
107.402000
108.696000
109.990000
111.284000
112.578000
113.872000
115.166000
116.460000
117.754000
119.048000
120.342000
121.636000
122.930000
124.224000
125.518000
126.812000
128.106000
129.400000
130.694000
131.988000
133.282000
134.576000
135.870000
137.164000
138.458000
139.752000
141.046000
142.340000
143.634000
144.928000
146.222000
147.516000
148.810000
150.104000
151.398000
152.692000
153.986000
155.280000
156.574000
157.868000
159.162000
160.456000
161.750000
163.044000
164.338000
165.632000
166.926000
168.220000
169.514000
170.808000
172.102000
173.396000
174.690000
175.984000
177.278000
178.572000
179.866000
181.160000
182.454000
183.748000
185.042000
186.336000
187.630000
188.924000
190.218000
191.512000
192.806000
194.100000
195.394000
196.688000
197.982000
199.276000
200.570000
201.864000
203.158000
204.452000
205.746000
207.040000
208.334000
209.628000
210.922000
212.216000
213.510000
214.804000
216.098000
217.392000
218.686000
219.980000
221.274000
222.568000
223.862000
225.156000
226.450000
227.744000
229.038000
230.332000
231.626000
232.920000
234.214000
235.508000
236.802000
238.096000
239.390000
240.684000
241.978000
243.272000
244.566000
245.860000
247.154000
248.448000
249.742000
251.036000
252.330000
253.624000
254.918000
256.212000
257.506000
258.800000
260.094000
261.388000
262.682000
263.976000
265.270000
266.564000
267.858000
269.152000
270.446000
271.740000
273.034000
274.328000
275.622000
276.916000
278.210000
279.504000
280.798000
282.092000
283.386000
284.680000
285.974000
287.268000
288.562000
289.856000
291.150000
292.444000
293.738000
295.032000
296.326000
297.620000
298.914000
300.208000
301.502000
302.796000
304.090000
305.384000
306.678000
307.972000
309.266000
310.560000
311.854000
313.148000
314.442000
315.736000
317.030000
318.324000
319.618000
320.912000
322.206000
323.500000
324.794000
326.088000
327.382000
328.676000
329.970000
331.264000
332.558000
333.852000
335.146000
336.440000
337.734000
339.028000
340.322000
341.616000
342.910000
344.204000
345.498000
346.792000
348.086000
349.380000
350.674000
351.968000
353.262000
354.556000
355.850000
357.144000
358.438000
359.732000
361.026000
362.320000
363.614000
364.908000
366.202000
367.496000
368.790000
370.084000
371.378000
372.672000
373.966000
375.260000
376.554000
377.848000
379.142000
380.436000
381.730000
383.024000
384.318000
385.612000
386.906000
388.200000
389.494000
390.788000
392.082000
393.376000
394.670000
395.964000
397.258000
398.552000
399.846000
401.140000
402.434000
403.728000
405.022000
406.316000
407.610000
408.904000
410.198000
411.492000
412.786000
414.080000
415.374000
416.668000
417.962000
419.256000
420.550000
421.844000
423.138000
424.432000
425.726000
427.020000
428.314000
429.608000
430.902000
432.196000
433.490000
434.784000
436.078000
437.372000
438.666000
439.960000
441.254000
442.548000
443.842000
445.136000
446.430000
447.724000
449.018000
450.312000
451.606000
452.900000
454.194000
455.488000
456.782000
458.076000
459.370000
460.664000
461.958000
463.252000
464.546000
465.840000
467.134000
468.428000
469.722000
471.016000
472.310000
473.604000
474.898000
476.192000
477.486000
478.780000
480.074000
481.368000
482.662000
483.956000
485.250000
486.544000
487.838000
489.132000
490.426000
491.720000
493.014000
494.308000
495.602000
496.896000
498.190000
499.484000
500.778000
502.072000
503.366000
504.660000
505.954000
507.248000
508.542000
509.836000
511.130000
512.424000
513.718000
515.012000
516.306000
517.600000
518.894000
520.188000
521.482000
522.776000
524.070000
525.364000
526.658000
527.952000
529.246000
530.540000
531.834000
533.128000
534.422000
535.716000
537.010000
538.304000
539.598000
540.892000
542.186000
543.480000
544.774000
546.068000
547.362000
548.656000
549.950000
551.244000
552.538000
553.832000
555.126000
556.420000
557.714000
559.008000
560.302000
561.596000
562.890000
564.184000
565.478000
566.772000
568.066000
569.360000
570.654000
571.948000
573.242000
574.536000
575.830000
577.124000
578.418000
579.712000
581.006000
582.300000
583.594000
584.888000
586.182000
587.476000
588.770000
590.064000
591.358000
592.652000
593.946000
595.240000
596.534000
597.828000
599.122000
600.416000
601.710000
603.004000
604.298000
605.592000
606.886000
608.180000
609.474000
610.768000
612.062000
613.356000
614.650000
615.944000
617.238000
618.532000
619.826000
621.120000
622.414000
623.708000
625.002000
626.296000
627.590000
628.884000
630.178000
631.472000
632.766000
634.060000
635.354000
636.648000
637.942000
639.236000
640.530000
641.824000
643.118000
644.412000
645.706000
647.000000
648.294000
649.588000
650.882000
652.176000
653.470000
654.764000
656.058000
657.352000
658.646000
659.940000
661.234000
662.528000
663.822000
665.116000
666.410000
667.704000
668.998000
670.292000
671.586000
672.880000
674.174000
675.468000
676.762000
678.056000
679.350000
680.644000
681.938000
683.232000
684.526000
685.820000
687.114000
688.408000
689.702000
690.996000
692.290000
693.584000
694.878000
696.172000
697.466000
698.760000
700.054000
701.348000
702.642000
703.936000
705.230000
706.524000
707.818000
709.112000
710.406000
711.700000
712.994000
714.288000
715.582000
716.876000
718.170000
719.464000
720.758000
722.052000
723.346000
724.640000
725.934000
727.228000
728.522000
729.816000
731.110000
732.404000
733.698000
734.992000
736.286000
737.580000
738.874000
740.168000
741.462000
742.756000
744.050000
745.344000
746.638000
747.932000
749.226000
750.520000
751.814000
753.108000
754.402000
755.696000
756.990000
758.284000
759.578000
760.872000
762.166000
763.460000
764.754000
766.048000
767.342000
768.636000
769.930000
771.224000
772.518000
773.812000
775.106000
776.400000
777.694000
778.988000
780.282000
781.576000
782.870000
784.164000
785.458000
786.752000
788.046000
789.340000
790.634000
791.928000
793.222000
794.516000
795.810000
797.104000
798.398000
799.692000
800.986000
802.280000
803.574000
804.868000
806.162000
807.456000
808.750000
810.044000
811.338000
812.632000
813.926000
815.220000
816.514000
817.808000
819.102000
820.396000
821.690000
822.984000
824.278000
825.572000
826.866000
828.160000
829.454000
830.748000
832.042000
833.336000
834.630000
835.924000
837.218000
838.512000
839.806000
841.100000
842.394000
843.688000
844.982000
846.276000
847.570000
848.864000
850.158000
851.452000
852.746000
854.040000
855.334000
856.628000
857.922000
859.216000
860.510000
861.804000
863.098000
864.392000
865.686000
866.980000
868.274000
869.568000
870.862000
872.156000
873.450000
874.744000
876.038000
877.332000
878.626000
879.920000
881.214000
882.508000
883.802000
885.096000
886.390000
887.684000
888.978000
890.272000
891.566000
892.860000
894.154000
895.448000
896.742000
898.036000
899.330000
900.624000
901.918000
903.212000
904.506000
905.800000
907.094000
908.388000
909.682000
910.976000
912.270000
913.564000
914.858000
916.152000
917.446000
918.740000
920.034000
921.328000
922.622000
923.916000
925.210000
926.504000
927.798000
929.092000
930.386000
931.680000
932.974000
934.268000
935.562000
936.856000
938.150000
939.444000
940.738000
942.032000
943.326000
944.620000
945.914000
947.208000
948.502000
949.796000
951.090000
952.384000
953.678000
954.972000
956.266000
957.560000
958.854000
960.148000
961.442000
962.736000
964.030000
965.324000
966.618000
967.912000
969.206000
970.500000
971.794000
973.088000
974.382000
975.676000
976.970000
978.264000
979.558000
980.852000
982.146000
983.440000
984.734000
986.028000
987.322000
988.616000
989.910000
991.204000
992.498000
993.792000
995.086000
996.380000
997.674000
998.968000
1000.262000
1001.556000
1002.850000
1004.144000
1005.438000
1006.732000
1008.026000
1009.320000
1010.614000
1011.908000
1013.202000
1014.496000
1015.790000
1017.084000
1018.378000
1019.672000
1020.966000
1022.260000
1023.554000
1024.848000
1026.142000
1027.436000
1028.730000
1030.024000
1031.318000
1032.612000
1033.906000
1035.200000
1036.494000
1037.788000
1039.082000
1040.376000
1041.670000
1042.964000
1044.258000
1045.552000
1046.846000
1048.140000
1049.434000
1050.728000
1052.022000
1053.316000
1054.610000
1055.904000
1057.198000
1058.492000
1059.786000
1061.080000
1062.374000
1063.668000
1064.962000
1066.256000
1067.550000
1068.844000
1070.138000
1071.432000
1072.726000
1074.020000
1075.314000
1076.608000
1077.902000
1079.196000
1080.490000
1081.784000
1083.078000
1084.372000
1085.666000
1086.960000
1088.254000
1089.548000
1090.842000
1092.136000
1093.430000
1094.724000
1096.018000
1097.312000
1098.606000
1099.900000
1101.194000
1102.488000
1103.782000
1105.076000
1106.370000
1107.664000
1108.958000
1110.252000
1111.546000
1112.840000
1114.134000
1115.428000
1116.722000
1118.016000
1119.310000
1120.604000
1121.898000
1123.192000
1124.486000
1125.780000
1127.074000
1128.368000
1129.662000
1130.956000
1132.250000
1133.544000
1134.838000
1136.132000
1137.426000
1138.720000
1140.014000
1141.308000
1142.602000
1143.896000
1145.190000
1146.484000
1147.778000
1149.072000
1150.366000
1151.660000
1152.954000
1154.248000
1155.542000
1156.836000
1158.130000
1159.424000
1160.718000
1162.012000
1163.306000
1164.600000
1165.894000
1167.188000
1168.482000
1169.776000
1171.070000
1172.364000
1173.658000
1174.952000
1176.246000
1177.540000
1178.834000
1180.128000
1181.422000
1182.716000
1184.010000
1185.304000
1186.598000
1187.892000
1189.186000
1190.480000
1191.774000
1193.068000
1194.362000
1195.656000
1196.950000
1198.244000
1199.538000
1200.832000
1202.126000
1203.420000
1204.714000
1206.008000
1207.302000
1208.596000
1209.890000
1211.184000
1212.478000
1213.772000
1215.066000
1216.360000
1217.654000
1218.948000
1220.242000
1221.536000
1222.830000
1224.124000
1225.418000
1226.712000
1228.006000
1229.300000
1230.594000
1231.888000
1233.182000
1234.476000
1235.770000
1237.064000
1238.358000
1239.652000
1240.946000
1242.240000
1243.534000
1244.828000
1246.122000
1247.416000
1248.710000
1250.004000
1251.298000
1252.592000
1253.886000
1255.180000
1256.474000
1257.768000
1259.062000
1260.356000
1261.650000
1262.944000
1264.238000
1265.532000
1266.826000
1268.120000
1269.414000
1270.708000
1272.002000
1273.296000
1274.590000
1275.884000
1277.178000
1278.472000
1279.766000
1281.060000
1282.354000
1283.648000
1284.942000
1286.236000
1287.530000
1288.824000
1290.118000
1291.412000
1292.706000
1294.000000
