0
0
0
0
0
0
1741790657809960
1206827328137488
844003187697385
1082291829140432
756507612097803
565626293762304
431684007862254
343472211871019
264050104599392
226431992922753
187533716284562
158556414891868
131416026715043
108954587964534
98890686598376
85871507106597
76967944431022
66724774322363
60235658420878
50813224035381
48248988479774
40252713879924
36311138159440
34460831519944
31131339355701
28070340362567
24773569406045
21462603971034
21121517878539
18414355908252
16833521360320
16788147776996
13478470642601
12914431149347
10784589570028
11674360341858
10339306423121
9303910125516
8620525573660
7367613350941
6946914117503
7677257462865
5683535870431
5655431529393
5072984370330
4245922022061
4393947081259
4297145682452
3627347180354
3628402997909
3212440440688
3748440463521
3289914191806
2788922304470
3186348549270
2638090235896
2201809360305
2128063496230
2335119241730
1827790834373
2221908865171
1902328883197
1542592378505
2107457428619
1680481087997
1537364500188
1914787075254
1525836193967
1448731152710
1481359403888
1505113843734
1053933463562
1284709055451
1131706160010
1109205554642
1041299181609
1118756529751
1383590319048
1137092983964
1083102850264
810868443443
986905684326
1152086950523
849884857481
813307628834
726130824445
1072601294756
1076892067151
738523034928
1003310923911
887970898618
667780945937
673367847006
770510375883
780919061438
810639335156
662028672805
748246883631
453358859834
502883526816
785300261949
772955859176
696145445803
703805372789
448264154700
835878067111
577722262760
605598362582
404031102238
754147665091
511917654326
450614208986
481897691113
626262950055
765123762361
448880983461
355532184320
391592710082
611476061733
474981939981
696916884367
661916955894
300227115635
605007323438
608700201748
389921026561
508151957266
295631772628
315225261756
366669442648
355717475587
431577344994
576447400230
388164285094
432071835268
404823434850
270623978795
314669029324
448103832639
424861463331
455205040058
178622401285
509731846864
356995372428
346427518543
314179651895
326810620708
528601467088
379356090366
206873240106
496621063278
416952283291
209648923480
410391560179
282142643182
317483428348
344651450836
552056692664
254587400305
499415297643
367511005739
185424071141
453776672968
429422253171
361691320375
389865836849
139307339441
378185791046
309101370642
331267040965
147419588234
256891041453
488829414212
361737072197
312754486229
283789358739
331050529833
335493329390
274115178706
250948014088
320939169725
466678289860
357989276101
177102687378
307031609871
291429759050
182250427080
284010906628
242264437219
375822693631
254912638689
406659307874
225331821686
176055015462
212247954941
251437647274
223991930363
325194129859
375288902857
325553490664
322445088394
403281345590
291080509961
422388559682
273453039295
329524376716
264169653047
160750271456
233580933569
235069886056
266689538224
481604240963
259096997639
238672215575
173216476479
205510178118
200173813687
424377933776
295784607079
373259494092
150837473284
193309222261
235029101888
215313619810
140902422771
219884285169
136731506759
112194367403
132017635124
129041073683
236893379522
263770562943
221957720987
197074596488
299140519729
161874936842
188812385195
305677063052
71659774516
446383397654
297052825905
213952750693
177021636638
362286059942
168938161270
152077174327
147674700443
165965841716
330177809132
163436595299
179831659818
315213673696
246901776928
164381399766
137924854111
318897994738
211172466730
398156915481
200709697801
86338640563
320762948433
148453852141
171280885737
238542510727
275917128505
326792309999
42185034181
162627117294
72108088853
212300156002
212854140726
260160052614
120647455592
184432847914
335627809733
369187366141
197929826450
104046918553
36005163841
300130783921
178062406306
57876311020
133654651748
103294215505
117839918602
180802016558
115358749238
224303308558
208467394443
53868837526
209130495723
218004382484
121365669812
149593895668
50217729816
154902676751
367729138112
213870763256
312710003718
104396146807
160741500786
193128388064
34773614843
167215191828
179936948753
114229465764
212664487424
164589781871
257665008440
177279302361
277117919292
270003416479
128944234222
158394050575
138649214624
105339698277
111612516285
205674504558
63568954750
137050294307
162515437915
92611964596
94183508350
106591556494
188216324477
143768040715
316177301500
27166247948
47119101603
128666377841
228351611882
86684735314
208710628762
74384257367
77610996057
97232014706
90011068148
176219707587
197035666145
233422187445
82015998421
164494464342
147487147536
72517563674
114698364215
139381556696
136814874973
146074982290
47638258817
64951181408
118282976740
56307097397
141199043666
24219765220
85758802729
179784879489
85375132259
209237300392
97268646087
70974604864
78989922013
124845540202
68586971951
146165489811
231172031565
70980146415
169601407973
72007058023
133759402687
270366755850
136212011503
43726024653
14664577036
92721246305
112555426581
232064316512
116975568791
116489754617
54094116299
55083376361
145171679333
64637436376
19649430035
70297519920
102812061031
22849629605
46194850477
23969292676
129083364882
184756528783
130020328641
3997275115
59955774437
70607577467
32758287798
61873745333
109850854535
69503413182
134836553945
32692687772
71763770560
14760251348
59287361102
89780342825
28842370858
127982530730
65647176502
39109007563
140413113744
26960340000
76277447570
30195434121
0
18610336207
121443845365
72179160676
34676780905
161338539982
108396549848
63917322800
144822706840
58651276084
60846719736
111864850358
81695715041
70668582309
99028556828
5927642822
93541115045
130604610274
6408018045
67209072288
29464124221
3242234424
3457701210
54908996169
14012466336
121732486374
62347741024
64248735185
18280954883
77359949289
104472252373
76591933766
53233580162
75704974299
77496662914
77225134393
23873011514
49504422065
59613555604
18121718311
55283137216
164681532074
17944240102
117080529726
50371507133
58926440589
77208316894
0
37270412354
0
21110052098
57555985174
159148805813
42006490481
75269734821
84083785888
84768833091
34786641190
11490796659
0
45542392621
44334333595
26142390034
106141514434
90173848158
58314016311
40019137424
62548540551
98646457200
60553665644
69095753589
26948704931
52654962596
10183755059
37150478922
2434984534
82560455696
48648010136
77696473046
102209593095
0
1279128889
0
5036128365
29084652701
19445684757
19308910505
2545226045
77301207880
21417603633
77843930360
26273477128
3370399841
127073020087
69919514927
0
18797490524
95952247435
1270928475
26522405089
14551962391
29607051389
67673712949
51593844165
51354051230
9604237147
127544196656
55418843642
4984683182
28681298589
143752445426
27401646185
81570040397
7462718529
44826009415
32004374095
44009962427
1270508732
1350857504
46318543372
23187522690
39072893390
71042828490
0
1270642198
27252086888
1270508905
50572676682
27459228114
48725006882
4581629041
0
16870762460
9274628366
0
47350657314
4710440070
0
16715674676
79212395390
0
1272390674
0
12014628036
13390465736
0
0
13750422105
7022069458
14520568685
0
2402346614
1271002007
0
11960689351
14592464844
16811870117
1282816332
0
0
7161956713
7447793107
1270621304
2921544810
18283551959
0
0
49954944692
0
16517061505
5379969423
41988847435
0
0
1271219157
0
0
0
57639293404
51184972177
1273213297
0
2710302835
0
0
11191834235
0
25812727989
8051512751
52369546781
0
18097764462
1275666902
11939610702
0
4419469611
25891819842
0
0
2541343530
31824590071
0
1290010167
0
0
0
0
0
14447883621
0
0
0
1272234120
0
0
25889218998
4148880320
2550580426
50920065102
6527426030
0
0
0
0
0
0
0
0
0
0
0
0
10231457951
0
44639546783
0
0
18702063842
64202784490
0
0
0
0
0
42871024223
52171626291
1270727389
0
0
0
0
0
0
0
0
0
4302954246
0
0
0
0
0
0
0
0
0
0
9978900449
0
0
2569774732
0
0
0
0
0
0
0
0
1299160076
0
0
0
0
0
0
1272552540
0
0
1275109005
0
1271572366
0
49274518301
0
0
1270507722
0
0
1271272215
0
0
4253097101
0
0
0
1270834010
17687152690
0
47564000304
0
61812620437
0
0
47424627263
1270671380
21908242944
0
1272878795
2659680664
0
0
0
0
0
0
0
0
2368892726
0
0
0
0
0
0
0
0
51003447786
0
0
0
0
0
0
0
0
0
0
0
0
0
0
0
0
0
0
0
0
0
0
0
0
0
0
0
0
0
0
1270827876
0
0
0
0
0
0
0
0
0
0
0
0
0
0
0
1281004550
0
0
0
1280449168
0
0
0
0
0
0
0
0
0
0
0
0
0
0
0
0
0
0
0
0
0
0
0
0
0
1275142446
0
0
0
0
0
0
0
0
0
1272188371
0
0
0
0
0
0
0
0
0
0
0
0
0
51296554387
0
0
0
0
0
0
0
0
0
0
0
0
0
0
1270845810
0
0
0
0
0
0
0
0
0
0
1276360586
1273023114
0
0
0
0
0
0
0
0
0
0
0
0
1313198521
0
0
0
0
0
0
0
0
0
0
0
0
0
0
0
0
0
0
0
0
0
0
0
0
0
0
0
0
0
0
0
0
0
0
0
0
0
0
0
0
0
0
0
0
0
0
0
1280960967
0
0
0
0
0
0
0
0
0
0
0
0
0
0
0
0
0
0
0
0
0
0
0
0
0
0
0
0
0
0
0
0
0
0
0
0
0
0
0
0
0
0
0
0
0
0
0
0
0
0
1282593048
44327355035
0
0
0
