6.533249999999999602e+01
6.954749999999999943e+01
7.376250000000000284e+01
7.797749999999999204e+01
8.219249999999999545e+01
8.640749999999999886e+01
9.062250000000000227e+01
9.483750000000000568e+01
9.905249999999999488e+01
1.032674999999999983e+02
1.074825000000000017e+02
1.116975000000000051e+02
1.159124999999999943e+02
1.201274999999999977e+02
1.243425000000000011e+02
1.285575000000000045e+02
1.327724999999999795e+02
1.369875000000000114e+02
1.412024999999999864e+02
1.454175000000000182e+02
1.496324999999999932e+02
1.538475000000000250e+02
1.580625000000000000e+02
1.622774999999999750e+02
1.664925000000000068e+02
1.707074999999999818e+02
1.749225000000000136e+02
1.791374999999999886e+02
1.833525000000000205e+02
1.875674999999999955e+02
1.917824999999999989e+02
1.959975000000000023e+02
2.002124999999999773e+02
2.044275000000000091e+02
2.086424999999999841e+02
2.128575000000000159e+02
2.170724999999999909e+02
2.212875000000000227e+02
2.255024999999999977e+02
2.297175000000000011e+02
2.339325000000000045e+02
2.381474999999999795e+02
2.423625000000000114e+02
2.465774999999999864e+02
2.507925000000000182e+02
2.550074999999999932e+02
2.592224999999999682e+02
2.634375000000000000e+02
2.676525000000000318e+02
2.718675000000000068e+02
2.760824999999999818e+02
2.802975000000000136e+02
2.845124999999999886e+02
2.887274999999999636e+02
2.929424999999999955e+02
2.971575000000000273e+02
3.013725000000000023e+02
3.055874999999999773e+02
3.098025000000000091e+02
3.140175000000000409e+02
3.182324999999999591e+02
3.224474999999999909e+02
3.266625000000000227e+02
3.308774999999999977e+02
3.350924999999999727e+02
3.393075000000000045e+02
3.435225000000000364e+02
3.477375000000000114e+02
3.519524999999999864e+02
3.561675000000000182e+02
3.603824999999999932e+02
3.645974999999999682e+02
3.688125000000000000e+02
3.730275000000000318e+02
3.772425000000000068e+02
3.814574999999999818e+02
3.856725000000000136e+02
3.898874999999999886e+02
3.941024999999999636e+02
3.983174999999999955e+02
4.025325000000000273e+02
4.067475000000000023e+02
4.109624999999999773e+02
4.151775000000000091e+02
4.193925000000000409e+02
4.236074999999999591e+02
4.278224999999999909e+02
4.320375000000000227e+02
4.362524999999999977e+02
4.404674999999999727e+02
4.446825000000000045e+02
4.488975000000000364e+02
4.531125000000000114e+02
4.573274999999999864e+02
4.615425000000000182e+02
4.657574999999999932e+02
4.699724999999999682e+02
4.741875000000000000e+02
4.784025000000000318e+02
4.826175000000000068e+02
4.868324999999999818e+02
4.910475000000000136e+02
4.952624999999999886e+02
4.994774999999999636e+02
5.036924999999999955e+02
5.079075000000000273e+02
5.121224999999999454e+02
5.163375000000000909e+02
5.205525000000000091e+02
5.247674999999999272e+02
5.289825000000000728e+02
5.331974999999999909e+02
5.374124999999999091e+02
5.416275000000000546e+02
5.458424999999999727e+02
5.500575000000000045e+02
5.542725000000000364e+02
5.584874999999999545e+02
5.627024999999999864e+02
5.669175000000000182e+02
5.711324999999999363e+02
5.753475000000000819e+02
5.795625000000000000e+02
5.837774999999999181e+02
5.879925000000000637e+02
5.922074999999999818e+02
5.964225000000000136e+02
6.006375000000000455e+02
6.048524999999999636e+02
6.090674999999999955e+02
6.132825000000000273e+02
6.174974999999999454e+02
6.217125000000000909e+02
6.259275000000000091e+02
6.301424999999999272e+02
6.343575000000000728e+02
6.385724999999999909e+02
6.427874999999999091e+02
6.470025000000000546e+02
6.512174999999999727e+02
6.554325000000000045e+02
6.596475000000000364e+02
6.638624999999999545e+02
6.680774999999999864e+02
6.722925000000000182e+02
6.765074999999999363e+02
6.807225000000000819e+02
6.849375000000000000e+02
6.891524999999999181e+02
6.933675000000000637e+02
6.975824999999999818e+02
7.017975000000000136e+02
7.060125000000000455e+02
7.102274999999999636e+02
7.144424999999999955e+02
7.186575000000000273e+02
7.228724999999999454e+02
7.270875000000000909e+02
7.313025000000000091e+02
7.355174999999999272e+02
7.397325000000000728e+02
7.439474999999999909e+02
7.481624999999999091e+02
7.523775000000000546e+02
7.565924999999999727e+02
7.608075000000000045e+02
7.650225000000000364e+02
7.692374999999999545e+02
7.734524999999999864e+02
7.776675000000000182e+02
7.818824999999999363e+02
7.860975000000000819e+02
7.903125000000000000e+02
7.945274999999999181e+02
7.987425000000000637e+02
8.029574999999999818e+02
8.071725000000000136e+02
8.113875000000000455e+02
8.156024999999999636e+02
8.198174999999999955e+02
8.240325000000000273e+02
8.282474999999999454e+02
8.324625000000000909e+02
8.366775000000000091e+02
8.408924999999999272e+02
8.451075000000000728e+02
8.493224999999999909e+02
8.535374999999999091e+02
8.577525000000000546e+02
8.619674999999999727e+02
8.661825000000000045e+02
8.703975000000000364e+02
8.746124999999999545e+02
8.788274999999999864e+02
8.830425000000000182e+02
8.872574999999999363e+02
8.914725000000000819e+02
8.956875000000000000e+02
8.999024999999999181e+02
9.041175000000000637e+02
9.083324999999999818e+02
9.125475000000000136e+02
9.167625000000000455e+02
9.209774999999999636e+02
9.251924999999999955e+02
9.294075000000000273e+02
9.336224999999999454e+02
9.378375000000000909e+02
9.420525000000000091e+02
9.462674999999999272e+02
9.504825000000000728e+02
9.546974999999999909e+02
9.589124999999999091e+02
9.631275000000000546e+02
9.673424999999999727e+02
9.715575000000000045e+02
9.757725000000000364e+02
9.799874999999999545e+02
9.842024999999999864e+02
9.884175000000000182e+02
9.926324999999999363e+02
9.968475000000000819e+02
1.001062500000000000e+03
1.005277499999999918e+03
1.009492500000000064e+03
1.013707499999999982e+03
1.017922500000000014e+03
1.022137499999999932e+03
1.026352499999999964e+03
1.030567500000000109e+03
1.034782500000000027e+03
1.038997499999999945e+03
1.043212500000000091e+03
1.047427500000000009e+03
1.051642499999999927e+03
1.055857500000000073e+03
1.060072499999999991e+03
1.064287499999999909e+03
1.068502500000000055e+03
1.072717499999999973e+03
1.076932499999999891e+03
1.081147500000000036e+03
1.085362500000000182e+03
1.089577499999999873e+03
1.093792500000000018e+03
1.098007500000000164e+03
1.102222499999999854e+03
1.106437500000000000e+03
1.110652500000000146e+03
1.114867499999999836e+03
1.119082499999999982e+03
1.123297500000000127e+03
1.127512499999999818e+03
1.131727499999999964e+03
1.135942500000000109e+03
1.140157500000000027e+03
1.144372499999999945e+03
1.148587500000000091e+03
1.152802500000000009e+03
1.157017499999999927e+03
1.161232500000000073e+03
1.165447499999999991e+03
1.169662499999999909e+03
1.173877500000000055e+03
1.178092499999999973e+03
1.182307499999999891e+03
1.186522500000000036e+03
1.190737500000000182e+03
1.194952499999999873e+03
1.199167500000000018e+03
1.203382500000000164e+03
1.207597499999999854e+03
1.211812500000000000e+03
1.216027500000000146e+03
1.220242499999999836e+03
1.224457499999999982e+03
1.228672500000000127e+03
1.232887499999999818e+03
1.237102499999999964e+03
1.241317500000000109e+03
1.245532500000000027e+03
1.249747499999999945e+03
1.253962500000000091e+03
1.258177500000000009e+03
1.262392499999999927e+03
1.266607500000000073e+03
1.270822499999999991e+03
1.275037499999999909e+03
1.279252500000000055e+03
1.283467499999999973e+03
1.287682499999999891e+03
1.291897500000000036e+03
1.296112500000000182e+03
1.300327499999999873e+03
1.304542500000000018e+03
1.308757500000000164e+03
1.312972499999999854e+03
1.317187500000000000e+03
1.321402500000000146e+03
1.325617499999999836e+03
1.329832499999999982e+03
1.334047500000000127e+03
1.338262499999999818e+03
1.342477499999999964e+03
1.346692500000000109e+03
1.350907500000000027e+03
1.355122499999999945e+03
1.359337500000000091e+03
1.363552500000000009e+03
1.367767499999999927e+03
1.371982500000000073e+03
1.376197499999999991e+03
1.380412499999999909e+03
1.384627500000000055e+03
1.388842499999999973e+03
1.393057499999999891e+03
1.397272500000000036e+03
1.401487500000000182e+03
1.405702499999999873e+03
1.409917500000000018e+03
1.414132500000000164e+03
1.418347499999999854e+03
1.422562500000000000e+03
1.426777500000000146e+03
1.430992499999999836e+03
1.435207499999999982e+03
1.439422500000000127e+03
1.443637499999999818e+03
1.447852499999999964e+03
1.452067500000000109e+03
1.456282500000000027e+03
1.460497499999999945e+03
1.464712500000000091e+03
1.468927500000000009e+03
1.473142499999999927e+03
1.477357500000000073e+03
1.481572499999999991e+03
1.485787499999999909e+03
1.490002500000000055e+03
1.494217499999999973e+03
1.498432499999999891e+03
1.502647500000000036e+03
1.506862500000000182e+03
1.511077499999999873e+03
1.515292500000000018e+03
1.519507500000000164e+03
1.523722499999999854e+03
1.527937500000000000e+03
1.532152500000000146e+03
1.536367499999999836e+03
1.540582499999999982e+03
1.544797500000000127e+03
1.549012499999999818e+03
1.553227499999999964e+03
1.557442500000000109e+03
1.561657500000000027e+03
1.565872499999999945e+03
1.570087500000000091e+03
1.574302500000000009e+03
1.578517499999999927e+03
1.582732500000000073e+03
1.586947499999999991e+03
1.591162499999999909e+03
1.595377500000000055e+03
1.599592499999999973e+03
1.603807499999999891e+03
1.608022500000000036e+03
1.612237500000000182e+03
1.616452499999999873e+03
1.620667500000000018e+03
1.624882500000000164e+03
1.629097499999999854e+03
1.633312500000000000e+03
1.637527500000000146e+03
1.641742499999999836e+03
1.645957499999999982e+03
1.650172500000000127e+03
1.654387499999999818e+03
1.658602499999999964e+03
1.662817500000000109e+03
1.667032500000000027e+03
1.671247499999999945e+03
1.675462500000000091e+03
1.679677500000000009e+03
1.683892499999999927e+03
1.688107500000000073e+03
1.692322499999999991e+03
1.696537499999999909e+03
1.700752500000000055e+03
1.704967499999999973e+03
1.709182499999999891e+03
1.713397500000000036e+03
1.717612500000000182e+03
1.721827499999999873e+03
1.726042500000000018e+03
1.730257500000000164e+03
1.734472499999999854e+03
1.738687500000000000e+03
1.742902500000000146e+03
1.747117499999999836e+03
1.751332499999999982e+03
1.755547500000000127e+03
1.759762499999999818e+03
1.763977499999999964e+03
1.768192500000000109e+03
1.772407500000000027e+03
1.776622499999999945e+03
1.780837500000000091e+03
1.785052500000000009e+03
1.789267499999999927e+03
1.793482500000000073e+03
1.797697499999999991e+03
1.801912499999999909e+03
1.806127500000000055e+03
1.810342499999999973e+03
1.814557499999999891e+03
1.818772500000000036e+03
1.822987500000000182e+03
1.827202499999999873e+03
1.831417500000000018e+03
1.835632500000000164e+03
1.839847499999999854e+03
1.844062500000000000e+03
1.848277500000000146e+03
1.852492499999999836e+03
1.856707499999999982e+03
1.860922500000000127e+03
1.865137499999999818e+03
1.869352499999999964e+03
1.873567500000000109e+03
1.877782500000000027e+03
1.881997499999999945e+03
1.886212500000000091e+03
1.890427500000000009e+03
1.894642499999999927e+03
1.898857500000000073e+03
1.903072499999999991e+03
1.907287499999999909e+03
1.911502500000000055e+03
1.915717499999999973e+03
1.919932499999999891e+03
1.924147500000000036e+03
1.928362500000000182e+03
1.932577499999999873e+03
1.936792500000000018e+03
1.941007500000000164e+03
1.945222499999999854e+03
1.949437500000000000e+03
1.953652500000000146e+03
1.957867499999999836e+03
1.962082499999999982e+03
1.966297500000000127e+03
1.970512499999999818e+03
1.974727499999999964e+03
1.978942500000000109e+03
1.983157500000000027e+03
1.987372499999999945e+03
1.991587500000000091e+03
1.995802500000000009e+03
2.000017499999999927e+03
2.004232500000000073e+03
2.008447499999999991e+03
2.012662499999999909e+03
2.016877500000000055e+03
2.021092499999999973e+03
2.025307499999999891e+03
2.029522500000000036e+03
2.033737500000000182e+03
2.037952499999999873e+03
2.042167500000000018e+03
2.046382499999999936e+03
2.050597499999999854e+03
2.054812500000000000e+03
2.059027500000000146e+03
2.063242500000000291e+03
2.067457499999999982e+03
2.071672500000000127e+03
