3.335761474704615000e+15
3.053700733578270000e+15
2.811975179912060000e+15
2.603247977928276000e+15
2.474694381649790000e+15
2.273642655574856000e+15
2.154050938322760000e+15
2.024871316851352000e+15
1.900135763758925000e+15
1.771777937801180000e+15
1.659993038118100000e+15
1.616337089030026000e+15
1.512879241083022000e+15
1.514196274990914000e+15
1.375809693470383000e+15
1.314698236384312000e+15
1.246437849962250000e+15
1.200274938339239000e+15
1.148303056943919000e+15
1.117300396928303000e+15
1.042659656219669000e+15
9.951731697276840000e+14
9.641590571131720000e+14
9.169801504021660000e+14
8.900854966284450000e+14
8.753775250606270000e+14
8.238205347397300000e+14
7.982800227923060000e+14
7.657033395718580000e+14
7.363273430673690000e+14
7.244443410851510000e+14
6.838527046710250000e+14
6.678910566285430000e+14
6.402507374972950000e+14
6.124503579151830000e+14
6.148195601883180000e+14
5.889510949274120000e+14
5.471363326724250000e+14
5.617674954603290000e+14
5.179854109705200000e+14
5.103022123567650000e+14
4.946601418517930000e+14
4.927459022068110000e+14
4.705832443138410000e+14
4.589659397908110000e+14
4.429016027964020000e+14
4.246846437012010000e+14
4.055523173188540000e+14
3.969664173010240000e+14
3.471192032353690000e+14
3.673189011194070000e+14
3.649421075226760000e+14
3.668941977003760000e+14
3.429423031747400000e+14
3.301844142843910000e+14
3.261720260686110000e+14
3.004371518480970000e+14
3.153206076816140000e+14
2.981942376367320000e+14
2.992483209035850000e+14
2.836581620929010000e+14
2.622148798775070000e+14
2.670096510692880000e+14
2.734780266544040000e+14
2.513683731669630000e+14
2.484061217910490000e+14
2.370137223342490000e+14
2.444393755399290000e+14
2.256708456704580000e+14
2.353945453092640000e+14
2.278193095133640000e+14
1.985605056564700000e+14
2.113006153599600000e+14
2.049833558664570000e+14
1.925430941596410000e+14
1.918697355030430000e+14
1.926474812926610000e+14
1.803896157152550000e+14
1.811714505045680000e+14
1.674425456743450000e+14
1.727558521160840000e+14
1.578192082016600000e+14
1.649806119226550000e+14
1.661090171977790000e+14
1.589840698305590000e+14
1.432286553638820000e+14
1.519049730081020000e+14
1.478032499261620000e+14
1.387137272296450000e+14
1.301799906536050000e+14
1.341728002186990000e+14
1.324214367893440000e+14
1.302509650751000000e+14
1.268030577753420000e+14
1.141251409630560000e+14
1.132530401556970000e+14
1.199136340097010000e+14
1.157225339722520000e+14
1.121943986881250000e+14
1.026010171687480000e+14
1.064655558682810000e+14
1.073978574941980000e+14
9.502790976129300000e+13
9.341769895739300000e+13
9.745469012400400000e+13
9.839807452728900000e+13
9.395810093642400000e+13
8.760870012366600000e+13
9.042747652560900000e+13
9.718518451752600000e+13
7.995430191881400000e+13
7.675195464837900000e+13
7.826147271515700000e+13
8.120490388660000000e+13
7.306257869284800000e+13
7.307267609550500000e+13
7.550554555543100000e+13
7.258271577464900000e+13
7.331205144202900000e+13
7.612386692912100000e+13
7.372794000577800000e+13
7.252803824667700000e+13
6.564561345687300000e+13
6.491267455196900000e+13
6.188772425762500000e+13
6.037814603108700000e+13
5.400789217561400000e+13
6.377965881074700000e+13
5.617539639977100000e+13
5.528291141666300000e+13
5.515055871399700000e+13
5.387909616892600000e+13
5.468302974402200000e+13
5.326935189896000000e+13
5.647495426296400000e+13
5.194618002273300000e+13
5.352839500706200000e+13
4.302095895792000000e+13
4.498965963497700000e+13
5.647922022011800000e+13
5.143210576017800000e+13
4.536231283140100000e+13
4.540361380447600000e+13
4.193210536421500000e+13
4.109900234381000000e+13
4.339943229564300000e+13
3.864259172982600000e+13
4.292633414087300000e+13
4.274411262218400000e+13
4.127213775805400000e+13
3.693661697111700000e+13
4.052327010506000000e+13
3.912382164516800000e+13
3.891719514016300000e+13
3.787089578445200000e+13
3.322693914637200000e+13
3.729429018727900000e+13
3.510461699868300000e+13
3.665541835604800000e+13
3.382038149972900000e+13
3.434771979101900000e+13
3.170129761610900000e+13
3.062235096301200000e+13
3.006946155534600000e+13
3.022055681752500000e+13
3.320742204031600000e+13
3.111373516494900000e+13
3.312082636805800000e+13
3.150957149100900000e+13
2.827833226336000000e+13
2.982088329767500000e+13
2.697541396866400000e+13
3.039573191816000000e+13
2.472098505723900000e+13
2.663754193562500000e+13
2.495338581714000000e+13
2.765610135519300000e+13
2.411806746088000000e+13
2.264993017597500000e+13
2.502997533414600000e+13
2.455375501535700000e+13
1.895251495021100000e+13
2.260951023389500000e+13
2.472829776010500000e+13
2.174598554578500000e+13
2.623382161045200000e+13
2.463933151746300000e+13
2.424193501099500000e+13
2.590619254715400000e+13
2.053574393427000000e+13
2.033726008972800000e+13
2.292276413740600000e+13
1.579989450297500000e+13
2.083076532401900000e+13
1.726082402789400000e+13
2.009149920239500000e+13
1.813694962805100000e+13
1.952215294005300000e+13
1.717283180677600000e+13
1.674948471145000000e+13
1.483910173050700000e+13
1.628210557545800000e+13
2.381885508507900000e+13
1.923347077454700000e+13
1.423602197181600000e+13
1.781905886519700000e+13
1.603572392683500000e+13
1.658568765767300000e+13
1.860134771438600000e+13
1.301207158486200000e+13
1.669609805209600000e+13
1.156963542222600000e+13
1.382452648769700000e+13
1.660301923573400000e+13
1.308209213858300000e+13
1.095330389087900000e+13
1.647347111250400000e+13
1.526124826859500000e+13
1.040356480788500000e+13
1.401042655867200000e+13
1.261964653930100000e+13
1.474087805892800000e+13
1.134526233641700000e+13
1.606845591298000000e+13
1.089645884294400000e+13
1.532112146400300000e+13
1.088161452993800000e+13
1.241169054955400000e+13
1.027450342193600000e+13
1.229717248644400000e+13
1.250929353925700000e+13
9.848328654456000000e+12
1.348294131571400000e+13
1.073763311086600000e+13
1.060765713372000000e+13
1.096832691956600000e+13
8.430333065744000000e+12
1.104642097319900000e+13
1.167993226825600000e+13
1.053331449805800000e+13
9.776980895786000000e+12
8.213669092362000000e+12
8.461893192410000000e+12
1.038088431264800000e+13
9.170220633273000000e+12
8.503924868268000000e+12
9.357118878145000000e+12
8.243841367554000000e+12
8.481799919855000000e+12
8.301886859524000000e+12
1.066220000139800000e+13
1.011055727645700000e+13
9.435380113723000000e+12
1.099540022646400000e+13
1.113530312447300000e+13
6.078028471985000000e+12
8.860646265932000000e+12
9.835269199496000000e+12
9.394676724689000000e+12
7.946462963293000000e+12
8.005439756500000000e+12
6.925082946486000000e+12
9.105067848076000000e+12
7.105486295204000000e+12
9.083701686963000000e+12
7.870832037415000000e+12
6.803970331707000000e+12
6.652422524038000000e+12
6.356704945229000000e+12
7.112589364922000000e+12
6.425132280167000000e+12
5.916012273892000000e+12
6.004127729410000000e+12
6.273323479161000000e+12
7.864290770202000000e+12
8.266733739896000000e+12
6.276955613775000000e+12
5.227044706236000000e+12
5.010134205467000000e+12
6.020287632766000000e+12
7.273525707002000000e+12
7.488436461162000000e+12
7.494801496625000000e+12
5.918470999410000000e+12
7.152023076431000000e+12
5.574377706289000000e+12
8.337859904100000000e+12
7.976106820995000000e+12
8.633270329831000000e+12
7.659771528118000000e+12
5.858505740028000000e+12
6.142877919224000000e+12
5.155929628905000000e+12
9.378281935454000000e+12
7.792174100584000000e+12
6.873880660351000000e+12
6.816498018839000000e+12
5.097498259687000000e+12
5.928063611688000000e+12
3.319194719792000000e+12
8.376548312469000000e+12
5.521675163995000000e+12
4.270354672532000000e+12
4.145512918616000000e+12
4.451138144568000000e+12
3.775480861163000000e+12
3.224147264803000000e+12
6.180093649386000000e+12
5.182334866624000000e+12
5.341659762458000000e+12
4.999221947414000000e+12
3.457212580699000000e+12
4.480692901296000000e+12
5.349095010881000000e+12
3.358373627116000000e+12
3.857453470486000000e+12
4.914106440757000000e+12
6.129044895565000000e+12
5.343534979293000000e+12
5.690333533184000000e+12
5.532530019577000000e+12
4.524353542544000000e+12
4.686950398706000000e+12
3.477409355546000000e+12
3.270451251458000000e+12
5.257290696312000000e+12
5.048154099572000000e+12
4.848683993141000000e+12
6.022358003045000000e+12
3.353571799260000000e+12
4.161872549913000000e+12
3.304759794692000000e+12
3.404785180329000000e+12
4.396729278121000000e+12
3.667114585341000000e+12
2.718256500384000000e+12
4.381748880061000000e+12
3.393905370320000000e+12
3.845605948271000000e+12
3.713037458882000000e+12
2.742655972821000000e+12
2.013590063810000000e+12
1.982836585529000000e+12
3.749555848594000000e+12
4.010233081398000000e+12
2.785825410524000000e+12
2.852791248708000000e+12
3.545246602202000000e+12
3.111939316677000000e+12
5.034400698652000000e+12
3.751350459639000000e+12
2.906208951091000000e+12
2.808082718452000000e+12
4.124660836090000000e+12
2.203059760758000000e+12
2.517706061666000000e+12
3.874780948363000000e+12
3.358454929626000000e+12
3.013059367604000000e+12
2.336356028703000000e+12
3.815009632176000000e+12
1.422713102066000000e+12
2.504849286428000000e+12
2.488330176714000000e+12
3.182521884187000000e+12
2.134090725635000000e+12
2.967616015425000000e+12
2.845940585521000000e+12
4.120326856381000000e+12
1.687981460600000000e+12
1.415400346914000000e+12
1.327189921476000000e+12
1.234878075217000000e+12
3.477856584574000000e+12
2.340580324035000000e+12
1.667635673225000000e+12
2.071070908959000000e+12
1.699006519573000000e+12
1.405116440190000000e+12
2.449739542108000000e+12
2.738774554980000000e+12
2.866953461231000000e+12
3.448892927124000000e+12
3.138322501282000000e+12
2.139436087417000000e+12
2.329819219386000000e+12
1.071241570805000000e+12
1.829676839528000000e+12
1.264924307853000000e+12
1.570796249286000000e+12
2.085367421236000000e+12
1.445903807998000000e+12
2.432668330012000000e+12
1.280496738232000000e+12
2.804213776657000000e+12
1.943861231706000000e+12
2.026124309215000000e+12
1.931240495136000000e+12
3.435183779960000000e+11
2.132428672948000000e+12
1.205976427924000000e+12
2.228388648219000000e+12
2.113275780751000000e+12
2.946656712815000000e+12
5.754898781750000000e+11
9.589032626010000000e+11
1.683732444487000000e+12
1.719926834255000000e+12
6.676392226120000000e+11
1.026540374303000000e+12
1.204103440190000000e+12
1.699287589611000000e+12
1.542379938352000000e+12
1.832946415515000000e+12
7.379767321580000000e+11
1.565998867046000000e+12
8.408513034100000000e+11
9.497886323130000000e+11
1.201572840983000000e+12
1.212169032276000000e+12
1.291018902754000000e+12
1.956211361871000000e+12
4.140403839530000000e+11
1.636683754456000000e+12
1.466461600856000000e+12
2.122508613971000000e+12
7.597599186880000000e+11
1.103769992196000000e+12
2.196090042073000000e+12
6.111729514340000000e+11
1.212363034415000000e+12
5.949282798220000000e+11
4.499091400730000000e+11
6.283707389350000000e+11
9.987480608940000000e+11
1.824440947437000000e+12
2.073211991654000000e+12
9.745237305820000000e+11
9.429585303720000000e+11
1.967915350346000000e+12
1.277847541875000000e+12
1.337598067134000000e+12
5.241815338140000000e+11
3.321091891580000000e+11
5.367828547590000000e+11
9.445305757160000000e+11
1.196936265539000000e+12
1.514077105300000000e+10
1.055473872718000000e+12
1.495430662087000000e+12
8.850077047550000000e+11
8.456178355430000000e+11
6.509451220720000000e+11
1.264609171466000000e+12
1.256576125826000000e+12
1.469592059747000000e+12
9.364196729870000000e+11
9.126541868390000000e+11
8.850077047550000000e+11
7.645449282430000000e+11
1.200453785221000000e+12
1.991598336887000000e+12
1.113232988453000000e+12
6.994275391630000000e+11
1.196110559699000000e+12
6.723648443140000000e+11
9.519236195340000000e+11
6.281648081620000000e+11
6.288583795370000000e+11
9.593481794590000000e+11
1.190829633515000000e+12
1.230642957103000000e+12
9.088873899730000000e+11
3.067590928990000000e+11
2.950025682510000000e+11
5.204030074580000000e+11
2.120434470513000000e+12
