2.179149999999999920e+01
2.285450000000000159e+01
2.391750000000000043e+01
2.498049999999999926e+01
2.604350000000000165e+01
2.710650000000000048e+01
2.816949999999999932e+01
2.923250000000000171e+01
3.029550000000000054e+01
3.135849999999999937e+01
3.242150000000000176e+01
3.348449999999999704e+01
3.454749999999999943e+01
3.561050000000000182e+01
3.667350000000000421e+01
3.773649999999999949e+01
3.879950000000000188e+01
3.986249999999999716e+01
4.092549999999999955e+01
4.198850000000000193e+01
4.305150000000000432e+01
4.411449999999999960e+01
4.517750000000000199e+01
4.624049999999999727e+01
4.730349999999999966e+01
4.836650000000000205e+01
4.942950000000000443e+01
5.049249999999999972e+01
5.155550000000000210e+01
5.261849999999999739e+01
5.368149999999999977e+01
5.474450000000000216e+01
5.580750000000000455e+01
5.687049999999999983e+01
5.793350000000000222e+01
5.899649999999999750e+01
6.005949999999999989e+01
6.112250000000000227e+01
6.218550000000000466e+01
6.324849999999999994e+01
6.431149999999999523e+01
6.537450000000001182e+01
6.643750000000000000e+01
6.750049999999998818e+01
6.856350000000000477e+01
6.962649999999999295e+01
7.068950000000000955e+01
7.175249999999999773e+01
7.281550000000000011e+01
7.387850000000000250e+01
7.494149999999999068e+01
7.600450000000000728e+01
7.706749999999999545e+01
7.813050000000001205e+01
7.919350000000000023e+01
8.025649999999998840e+01
8.131950000000000500e+01
8.238249999999999318e+01
8.344550000000000978e+01
8.450849999999999795e+01
8.557150000000000034e+01
8.663450000000000273e+01
8.769749999999999091e+01
8.876050000000000750e+01
8.982349999999999568e+01
9.088650000000001228e+01
9.194950000000000045e+01
9.301249999999998863e+01
9.407550000000000523e+01
9.513849999999999341e+01
9.620150000000001000e+01
9.726449999999999818e+01
9.832750000000000057e+01
9.939050000000000296e+01
1.004534999999999911e+02
1.015165000000000077e+02
1.025794999999999959e+02
1.036425000000000125e+02
1.047055000000000007e+02
1.057684999999999889e+02
1.068315000000000055e+02
1.078944999999999936e+02
1.089575000000000102e+02
1.100204999999999984e+02
1.110835000000000008e+02
1.121465000000000032e+02
1.132094999999999914e+02
1.142725000000000080e+02
1.153354999999999961e+02
1.163985000000000127e+02
1.174615000000000009e+02
1.185244999999999891e+02
1.195875000000000057e+02
1.206504999999999939e+02
1.217135000000000105e+02
1.227764999999999986e+02
1.238395000000000010e+02
1.249025000000000034e+02
1.259654999999999916e+02
1.270285000000000082e+02
1.280914999999999964e+02
1.291544999999999845e+02
1.302175000000000011e+02
1.312805000000000177e+02
1.323435000000000059e+02
1.334064999999999941e+02
1.344694999999999823e+02
1.355324999999999989e+02
1.365955000000000155e+02
1.376585000000000036e+02
1.387214999999999918e+02
1.397844999999999800e+02
1.408474999999999966e+02
1.419105000000000132e+02
1.429735000000000014e+02
1.440364999999999895e+02
1.450995000000000061e+02
1.461624999999999943e+02
1.472255000000000109e+02
1.482884999999999991e+02
1.493514999999999873e+02
1.504145000000000039e+02
1.514774999999999920e+02
1.525405000000000086e+02
1.536034999999999968e+02
1.546664999999999850e+02
1.557295000000000016e+02
1.567925000000000182e+02
1.578555000000000064e+02
1.589184999999999945e+02
1.599814999999999827e+02
1.610444999999999993e+02
1.621075000000000159e+02
1.631705000000000041e+02
1.642334999999999923e+02
1.652964999999999804e+02
1.663594999999999970e+02
1.674225000000000136e+02
1.684855000000000018e+02
1.695484999999999900e+02
1.706115000000000066e+02
1.716744999999999948e+02
1.727375000000000114e+02
1.738004999999999995e+02
1.748634999999999877e+02
1.759265000000000043e+02
1.769894999999999925e+02
1.780525000000000091e+02
1.791154999999999973e+02
1.801784999999999854e+02
1.812415000000000020e+02
1.823045000000000186e+02
1.833675000000000068e+02
1.844304999999999950e+02
1.854934999999999832e+02
1.865564999999999998e+02
1.876195000000000164e+02
1.886825000000000045e+02
1.897454999999999927e+02
1.908084999999999809e+02
1.918714999999999975e+02
1.929345000000000141e+02
1.939975000000000023e+02
1.950604999999999905e+02
1.961235000000000070e+02
1.971864999999999952e+02
1.982495000000000118e+02
1.993125000000000000e+02
2.003754999999999882e+02
2.014385000000000048e+02
2.025014999999999930e+02
2.035645000000000095e+02
2.046274999999999977e+02
2.056904999999999859e+02
2.067535000000000025e+02
2.078165000000000191e+02
2.088795000000000073e+02
2.099424999999999955e+02
2.110054999999999836e+02
2.120685000000000002e+02
2.131315000000000168e+02
2.141945000000000050e+02
2.152574999999999932e+02
2.163204999999999814e+02
2.173834999999999980e+02
2.184465000000000146e+02
2.195095000000000027e+02
2.205724999999999909e+02
2.216355000000000075e+02
2.226984999999999957e+02
2.237615000000000123e+02
2.248245000000000005e+02
2.258874999999999886e+02
2.269505000000000052e+02
2.280134999999999934e+02
2.290765000000000100e+02
2.301394999999999982e+02
2.312024999999999864e+02
2.322655000000000030e+02
2.333285000000000196e+02
2.343915000000000077e+02
2.354544999999999959e+02
2.365174999999999841e+02
2.375805000000000007e+02
2.386435000000000173e+02
2.397065000000000055e+02
2.407694999999999936e+02
2.418324999999999818e+02
2.428954999999999984e+02
2.439585000000000150e+02
2.450215000000000032e+02
2.460844999999999914e+02
2.471475000000000080e+02
2.482104999999999961e+02
2.492735000000000127e+02
2.503365000000000009e+02
2.513994999999999891e+02
2.524625000000000057e+02
2.535254999999999939e+02
2.545885000000000105e+02
2.556514999999999986e+02
2.567144999999999868e+02
2.577775000000000318e+02
2.588405000000000200e+02
2.599035000000000082e+02
2.609664999999999964e+02
2.620294999999999845e+02
2.630924999999999727e+02
2.641555000000000177e+02
2.652185000000000059e+02
2.662814999999999941e+02
2.673444999999999823e+02
2.684075000000000273e+02
2.694705000000000155e+02
2.705335000000000036e+02
2.715964999999999918e+02
2.726594999999999800e+02
2.737224999999999682e+02
2.747855000000000132e+02
2.758485000000000014e+02
2.769114999999999895e+02
2.779744999999999777e+02
2.790375000000000227e+02
2.801005000000000109e+02
2.811634999999999991e+02
2.822264999999999873e+02
2.832894999999999754e+02
2.843525000000000205e+02
2.854155000000000086e+02
2.864784999999999968e+02
2.875414999999999850e+02
2.886045000000000300e+02
2.896675000000000182e+02
2.907305000000000064e+02
2.917934999999999945e+02
2.928564999999999827e+02
2.939194999999999709e+02
2.949825000000000159e+02
2.960455000000000041e+02
2.971084999999999923e+02
2.981714999999999804e+02
2.992345000000000255e+02
3.002975000000000136e+02
3.013605000000000018e+02
3.024234999999999900e+02
3.034864999999999782e+02
3.045494999999999663e+02
3.056125000000000114e+02
3.066754999999999995e+02
3.077384999999999877e+02
3.088015000000000327e+02
3.098645000000000209e+02
3.109275000000000091e+02
3.119904999999999973e+02
3.130534999999999854e+02
3.141164999999999736e+02
3.151795000000000186e+02
3.162425000000000068e+02
3.173054999999999950e+02
3.183684999999999832e+02
3.194315000000000282e+02
3.204945000000000164e+02
3.215575000000000045e+02
3.226204999999999927e+02
3.236834999999999809e+02
3.247464999999999691e+02
3.258095000000000141e+02
3.268725000000000023e+02
3.279354999999999905e+02
3.289984999999999786e+02
3.300615000000000236e+02
3.311245000000000118e+02
3.321875000000000000e+02
3.332504999999999882e+02
3.343134999999999764e+02
3.353765000000000214e+02
3.364395000000000095e+02
3.375024999999999977e+02
3.385654999999999859e+02
3.396285000000000309e+02
3.406915000000000191e+02
3.417545000000000073e+02
3.428174999999999955e+02
3.438804999999999836e+02
3.449434999999999718e+02
3.460065000000000168e+02
3.470695000000000050e+02
3.481324999999999932e+02
3.491954999999999814e+02
3.502585000000000264e+02
3.513215000000000146e+02
3.523845000000000027e+02
3.534474999999999909e+02
3.545104999999999791e+02
3.555734999999999673e+02
3.566365000000000123e+02
3.576995000000000005e+02
3.587624999999999886e+02
3.598255000000000337e+02
3.608885000000000218e+02
3.619515000000000100e+02
3.630144999999999982e+02
3.640774999999999864e+02
3.651404999999999745e+02
3.662035000000000196e+02
3.672665000000000077e+02
3.683294999999999959e+02
3.693924999999999841e+02
3.704555000000000291e+02
3.715185000000000173e+02
3.725815000000000055e+02
3.736444999999999936e+02
3.747074999999999818e+02
3.757704999999999700e+02
3.768335000000000150e+02
3.778965000000000032e+02
3.789594999999999914e+02
3.800224999999999795e+02
3.810855000000000246e+02
3.821485000000000127e+02
3.832115000000000009e+02
3.842744999999999891e+02
3.853374999999999773e+02
3.864005000000000223e+02
3.874635000000000105e+02
3.885264999999999986e+02
3.895894999999999868e+02
3.906525000000000318e+02
3.917155000000000200e+02
3.927785000000000082e+02
3.938414999999999964e+02
3.949044999999999845e+02
3.959674999999999727e+02
3.970305000000000177e+02
3.980935000000000059e+02
3.991564999999999941e+02
4.002194999999999823e+02
4.012825000000000273e+02
4.023455000000000155e+02
4.034085000000000036e+02
4.044714999999999918e+02
4.055344999999999800e+02
4.065974999999999682e+02
4.076605000000000132e+02
4.087235000000000014e+02
4.097864999999999895e+02
4.108494999999999777e+02
4.119125000000000227e+02
4.129755000000000109e+02
4.140384999999999991e+02
4.151014999999999873e+02
4.161644999999999754e+02
4.172275000000000205e+02
4.182905000000000086e+02
4.193534999999999968e+02
4.204164999999999850e+02
4.214795000000000300e+02
4.225425000000000182e+02
4.236055000000000064e+02
4.246684999999999945e+02
4.257314999999999827e+02
4.267944999999999709e+02
4.278575000000000159e+02
4.289205000000000041e+02
4.299834999999999923e+02
4.310464999999999804e+02
4.321095000000000255e+02
4.331725000000000136e+02
4.342355000000000018e+02
4.352984999999999900e+02
4.363614999999999782e+02
4.374244999999999663e+02
4.384875000000000114e+02
4.395504999999999995e+02
4.406134999999999877e+02
4.416765000000000327e+02
4.427395000000000209e+02
4.438025000000000091e+02
4.448654999999999973e+02
4.459284999999999854e+02
4.469914999999999736e+02
4.480545000000000186e+02
4.491175000000000068e+02
4.501804999999999950e+02
4.512434999999999832e+02
4.523065000000000282e+02
4.533695000000000164e+02
4.544325000000000045e+02
4.554954999999999927e+02
4.565584999999999809e+02
4.576214999999999691e+02
4.586845000000000141e+02
4.597475000000000023e+02
4.608104999999999905e+02
4.618734999999999786e+02
4.629365000000000236e+02
4.639995000000000118e+02
4.650625000000000000e+02
4.661254999999999882e+02
4.671884999999999764e+02
4.682515000000000214e+02
4.693145000000000095e+02
4.703774999999999977e+02
4.714404999999999859e+02
4.725035000000000309e+02
4.735665000000000191e+02
4.746295000000000073e+02
4.756924999999999955e+02
4.767554999999999836e+02
4.778184999999999718e+02
4.788815000000000168e+02
4.799445000000000050e+02
4.810074999999999932e+02
4.820704999999999814e+02
4.831335000000000264e+02
4.841965000000000146e+02
4.852595000000000027e+02
4.863224999999999909e+02
4.873854999999999791e+02
4.884484999999999673e+02
4.895115000000000123e+02
4.905745000000000005e+02
4.916374999999999886e+02
4.927005000000000337e+02
4.937635000000000218e+02
4.948265000000000100e+02
4.958894999999999982e+02
4.969524999999999864e+02
4.980154999999999745e+02
4.990785000000000196e+02
5.001415000000000077e+02
5.012044999999999959e+02
5.022674999999999841e+02
5.033305000000000291e+02
5.043935000000000173e+02
5.054565000000000055e+02
5.065194999999999936e+02
5.075824999999999818e+02
5.086454999999999700e+02
5.097085000000000150e+02
5.107715000000000032e+02
5.118344999999999914e+02
5.128975000000000364e+02
5.139604999999999109e+02
5.150235000000000127e+02
5.160865000000000009e+02
5.171494999999999891e+02
5.182125000000000909e+02
5.192754999999999654e+02
5.203385000000000673e+02
5.214014999999999418e+02
5.224645000000000437e+02
5.235274999999999181e+02
5.245905000000000200e+02
5.256534999999998945e+02
5.267164999999999964e+02
5.277795000000000982e+02
5.288424999999999727e+02
5.299055000000000746e+02
5.309684999999999491e+02
5.320315000000000509e+02
5.330944999999999254e+02
5.341575000000000273e+02
5.352204999999999018e+02
5.362835000000000036e+02
5.373465000000001055e+02
5.384094999999999800e+02
5.394725000000000819e+02
5.405354999999999563e+02
5.415985000000000582e+02
5.426614999999999327e+02
5.437245000000000346e+02
5.447874999999999091e+02
5.458505000000000109e+02
5.469134999999999991e+02
5.479764999999999873e+02
5.490395000000000891e+02
5.501024999999999636e+02
5.511655000000000655e+02
5.522284999999999400e+02
5.532915000000000418e+02
5.543544999999999163e+02
5.554175000000000182e+02
5.564804999999998927e+02
5.575434999999999945e+02
5.586065000000000964e+02
5.596694999999999709e+02
5.607325000000000728e+02
5.617954999999999472e+02
5.628585000000000491e+02
5.639214999999999236e+02
5.649845000000000255e+02
5.660474999999999000e+02
5.671105000000000018e+02
5.681735000000001037e+02
5.692364999999999782e+02
5.702995000000000800e+02
5.713624999999999545e+02
5.724255000000000564e+02
5.734884999999999309e+02
5.745515000000000327e+02
5.756144999999999072e+02
5.766775000000000091e+02
