0.000000
4.339000
8.678000
13.017000
17.356000
21.695000
26.034000
30.373000
34.712000
39.051000
43.390000
47.729000
52.068000
56.407000
60.746000
65.085000
69.424000
73.763000
78.102000
82.441000
86.780000
91.119000
95.458000
99.797000
104.136000
108.475000
112.814000
117.153000
121.492000
125.831000
130.170000
134.509000
138.848000
143.187000
147.526000
151.865000
156.204000
160.543000
164.882000
169.221000
173.560000
177.899000
182.238000
186.577000
190.916000
195.255000
199.594000
203.933000
208.272000
212.611000
216.950000
221.289000
225.628000
229.967000
234.306000
238.645000
242.984000
247.323000
251.662000
256.001000
260.340000
264.679000
269.018000
273.357000
277.696000
282.035000
286.374000
290.713000
295.052000
299.391000
303.730000
308.069000
312.408000
316.747000
321.086000
325.425000
329.764000
334.103000
338.442000
342.781000
347.120000
351.459000
355.798000
360.137000
364.476000
368.815000
373.154000
377.493000
381.832000
386.171000
390.510000
394.849000
399.188000
403.527000
407.866000
412.205000
416.544000
420.883000
425.222000
429.561000
433.900000
438.239000
442.578000
446.917000
451.256000
455.595000
459.934000
464.273000
468.612000
472.951000
477.290000
481.629000
485.968000
490.307000
494.646000
498.985000
503.324000
507.663000
512.002000
516.341000
520.680000
525.019000
529.358000
533.697000
538.036000
542.375000
546.714000
551.053000
555.392000
559.731000
564.070000
568.409000
572.748000
577.087000
581.426000
585.765000
590.104000
594.443000
598.782000
603.121000
607.460000
611.799000
616.138000
620.477000
624.816000
629.155000
633.494000
637.833000
642.172000
646.511000
650.850000
655.189000
659.528000
663.867000
668.206000
672.545000
676.884000
681.223000
685.562000
689.901000
694.240000
698.579000
702.918000
707.257000
711.596000
715.935000
720.274000
724.613000
728.952000
733.291000
737.630000
741.969000
746.308000
750.647000
754.986000
759.325000
763.664000
768.003000
772.342000
776.681000
781.020000
785.359000
789.698000
794.037000
798.376000
802.715000
807.054000
811.393000
815.732000
820.071000
824.410000
828.749000
833.088000
837.427000
841.766000
846.105000
850.444000
854.783000
859.122000
863.461000
867.800000
872.139000
876.478000
880.817000
885.156000
889.495000
893.834000
898.173000
902.512000
906.851000
911.190000
915.529000
919.868000
924.207000
928.546000
932.885000
937.224000
941.563000
945.902000
950.241000
954.580000
958.919000
963.258000
967.597000
971.936000
976.275000
980.614000
984.953000
989.292000
993.631000
997.970000
1002.309000
1006.648000
1010.987000
1015.326000
1019.665000
1024.004000
1028.343000
1032.682000
1037.021000
1041.360000
1045.699000
1050.038000
1054.377000
1058.716000
1063.055000
1067.394000
1071.733000
1076.072000
1080.411000
1084.750000
1089.089000
1093.428000
1097.767000
1102.106000
1106.445000
1110.784000
1115.123000
1119.462000
1123.801000
1128.140000
1132.479000
1136.818000
1141.157000
1145.496000
1149.835000
1154.174000
1158.513000
1162.852000
1167.191000
1171.530000
1175.869000
1180.208000
1184.547000
1188.886000
1193.225000
1197.564000
1201.903000
1206.242000
1210.581000
1214.920000
1219.259000
1223.598000
1227.937000
1232.276000
1236.615000
1240.954000
1245.293000
1249.632000
1253.971000
1258.310000
1262.649000
1266.988000
1271.327000
1275.666000
1280.005000
1284.344000
1288.683000
1293.022000
1297.361000
1301.700000
1306.039000
1310.378000
1314.717000
1319.056000
1323.395000
1327.734000
1332.073000
1336.412000
1340.751000
1345.090000
1349.429000
1353.768000
1358.107000
1362.446000
1366.785000
1371.124000
1375.463000
1379.802000
1384.141000
1388.480000
1392.819000
1397.158000
1401.497000
1405.836000
1410.175000
1414.514000
1418.853000
1423.192000
1427.531000
1431.870000
1436.209000
1440.548000
1444.887000
1449.226000
1453.565000
1457.904000
1462.243000
1466.582000
1470.921000
1475.260000
1479.599000
1483.938000
1488.277000
1492.616000
1496.955000
1501.294000
1505.633000
1509.972000
1514.311000
1518.650000
1522.989000
1527.328000
1531.667000
1536.006000
1540.345000
1544.684000
1549.023000
1553.362000
1557.701000
1562.040000
1566.379000
1570.718000
1575.057000
1579.396000
1583.735000
1588.074000
1592.413000
1596.752000
1601.091000
1605.430000
1609.769000
1614.108000
1618.447000
1622.786000
1627.125000
1631.464000
1635.803000
1640.142000
1644.481000
1648.820000
1653.159000
1657.498000
1661.837000
1666.176000
1670.515000
1674.854000
1679.193000
1683.532000
1687.871000
1692.210000
1696.549000
1700.888000
1705.227000
1709.566000
1713.905000
1718.244000
1722.583000
1726.922000
1731.261000
1735.600000
1739.939000
1744.278000
1748.617000
1752.956000
1757.295000
1761.634000
1765.973000
1770.312000
1774.651000
1778.990000
1783.329000
1787.668000
1792.007000
1796.346000
1800.685000
1805.024000
1809.363000
1813.702000
1818.041000
1822.380000
1826.719000
1831.058000
1835.397000
1839.736000
1844.075000
1848.414000
1852.753000
1857.092000
1861.431000
1865.770000
1870.109000
1874.448000
1878.787000
1883.126000
1887.465000
1891.804000
1896.143000
1900.482000
1904.821000
1909.160000
1913.499000
1917.838000
1922.177000
1926.516000
1930.855000
1935.194000
1939.533000
1943.872000
1948.211000
1952.550000
1956.889000
1961.228000
1965.567000
1969.906000
1974.245000
1978.584000
1982.923000
1987.262000
1991.601000
1995.940000
2000.279000
2004.618000
2008.957000
2013.296000
2017.635000
2021.974000
2026.313000
2030.652000
2034.991000
2039.330000
2043.669000
2048.008000
2052.347000
2056.686000
2061.025000
2065.364000
2069.703000
2074.042000
2078.381000
2082.720000
2087.059000
2091.398000
2095.737000
2100.076000
2104.415000
2108.754000
2113.093000
2117.432000
2121.771000
2126.110000
2130.449000
2134.788000
2139.127000
2143.466000
2147.805000
2152.144000
2156.483000
2160.822000
2165.161000
2169.500000
2173.839000
2178.178000
2182.517000
2186.856000
2191.195000
2195.534000
2199.873000
2204.212000
2208.551000
2212.890000
2217.229000
2221.568000
2225.907000
2230.246000
2234.585000
2238.924000
2243.263000
2247.602000
2251.941000
2256.280000
2260.619000
2264.958000
2269.297000
2273.636000
2277.975000
2282.314000
2286.653000
2290.992000
2295.331000
2299.670000
2304.009000
2308.348000
2312.687000
2317.026000
2321.365000
2325.704000
2330.043000
2334.382000
2338.721000
2343.060000
2347.399000
2351.738000
2356.077000
2360.416000
2364.755000
2369.094000
2373.433000
2377.772000
2382.111000
2386.450000
2390.789000
2395.128000
2399.467000
2403.806000
2408.145000
2412.484000
2416.823000
2421.162000
2425.501000
2429.840000
2434.179000
2438.518000
2442.857000
2447.196000
2451.535000
2455.874000
2460.213000
2464.552000
2468.891000
2473.230000
2477.569000
2481.908000
2486.247000
2490.586000
2494.925000
2499.264000
2503.603000
2507.942000
2512.281000
2516.620000
2520.959000
2525.298000
2529.637000
2533.976000
2538.315000
2542.654000
2546.993000
2551.332000
2555.671000
2560.010000
2564.349000
2568.688000
2573.027000
2577.366000
2581.705000
2586.044000
2590.383000
2594.722000
2599.061000
2603.400000
2607.739000
2612.078000
2616.417000
2620.756000
2625.095000
2629.434000
2633.773000
2638.112000
2642.451000
2646.790000
2651.129000
2655.468000
2659.807000
2664.146000
2668.485000
2672.824000
2677.163000
2681.502000
2685.841000
2690.180000
2694.519000
2698.858000
2703.197000
2707.536000
2711.875000
2716.214000
2720.553000
2724.892000
2729.231000
2733.570000
2737.909000
2742.248000
2746.587000
2750.926000
2755.265000
2759.604000
2763.943000
2768.282000
2772.621000
2776.960000
2781.299000
2785.638000
2789.977000
2794.316000
2798.655000
2802.994000
2807.333000
2811.672000
2816.011000
2820.350000
2824.689000
2829.028000
2833.367000
2837.706000
2842.045000
2846.384000
2850.723000
2855.062000
2859.401000
2863.740000
2868.079000
2872.418000
2876.757000
2881.096000
2885.435000
2889.774000
2894.113000
2898.452000
2902.791000
2907.130000
2911.469000
2915.808000
2920.147000
2924.486000
2928.825000
2933.164000
2937.503000
2941.842000
2946.181000
2950.520000
2954.859000
2959.198000
2963.537000
2967.876000
2972.215000
2976.554000
2980.893000
2985.232000
2989.571000
2993.910000
2998.249000
3002.588000
3006.927000
3011.266000
3015.605000
3019.944000
3024.283000
3028.622000
3032.961000
3037.300000
3041.639000
3045.978000
3050.317000
3054.656000
3058.995000
3063.334000
3067.673000
3072.012000
3076.351000
3080.690000
3085.029000
3089.368000
3093.707000
3098.046000
3102.385000
3106.724000
3111.063000
3115.402000
3119.741000
3124.080000
3128.419000
3132.758000
3137.097000
3141.436000
3145.775000
3150.114000
3154.453000
3158.792000
3163.131000
3167.470000
3171.809000
3176.148000
3180.487000
3184.826000
3189.165000
3193.504000
3197.843000
3202.182000
3206.521000
3210.860000
3215.199000
3219.538000
3223.877000
3228.216000
3232.555000
3236.894000
3241.233000
3245.572000
3249.911000
3254.250000
3258.589000
3262.928000
3267.267000
3271.606000
3275.945000
3280.284000
3284.623000
3288.962000
3293.301000
3297.640000
3301.979000
3306.318000
3310.657000
3314.996000
3319.335000
3323.674000
3328.013000
3332.352000
3336.691000
3341.030000
3345.369000
3349.708000
3354.047000
3358.386000
3362.725000
3367.064000
3371.403000
3375.742000
3380.081000
3384.420000
3388.759000
3393.098000
3397.437000
3401.776000
3406.115000
3410.454000
3414.793000
3419.132000
3423.471000
3427.810000
3432.149000
3436.488000
3440.827000
3445.166000
3449.505000
3453.844000
3458.183000
3462.522000
3466.861000
3471.200000
3475.539000
3479.878000
3484.217000
3488.556000
3492.895000
3497.234000
3501.573000
3505.912000
3510.251000
3514.590000
3518.929000
3523.268000
3527.607000
3531.946000
3536.285000
3540.624000
3544.963000
3549.302000
3553.641000
3557.980000
3562.319000
3566.658000
3570.997000
3575.336000
3579.675000
3584.014000
3588.353000
3592.692000
3597.031000
3601.370000
3605.709000
3610.048000
3614.387000
3618.726000
3623.065000
3627.404000
3631.743000
3636.082000
3640.421000
3644.760000
3649.099000
3653.438000
3657.777000
3662.116000
3666.455000
3670.794000
3675.133000
3679.472000
3683.811000
3688.150000
3692.489000
3696.828000
3701.167000
3705.506000
3709.845000
3714.184000
3718.523000
3722.862000
3727.201000
3731.540000
3735.879000
3740.218000
3744.557000
3748.896000
3753.235000
3757.574000
3761.913000
3766.252000
3770.591000
3774.930000
3779.269000
3783.608000
3787.947000
3792.286000
3796.625000
3800.964000
3805.303000
3809.642000
3813.981000
3818.320000
3822.659000
3826.998000
3831.337000
3835.676000
3840.015000
3844.354000
3848.693000
3853.032000
3857.371000
3861.710000
3866.049000
3870.388000
3874.727000
3879.066000
3883.405000
3887.744000
3892.083000
3896.422000
3900.761000
3905.100000
3909.439000
3913.778000
3918.117000
3922.456000
3926.795000
3931.134000
3935.473000
3939.812000
3944.151000
3948.490000
3952.829000
3957.168000
3961.507000
3965.846000
3970.185000
3974.524000
3978.863000
3983.202000
3987.541000
3991.880000
3996.219000
4000.558000
4004.897000
4009.236000
4013.575000
4017.914000
4022.253000
4026.592000
4030.931000
4035.270000
4039.609000
4043.948000
4048.287000
4052.626000
4056.965000
4061.304000
4065.643000
4069.982000
4074.321000
4078.660000
4082.999000
4087.338000
4091.677000
4096.016000
4100.355000
4104.694000
4109.033000
4113.372000
4117.711000
4122.050000
4126.389000
4130.728000
4135.067000
4139.406000
4143.745000
4148.084000
4152.423000
4156.762000
4161.101000
4165.440000
4169.779000
4174.118000
4178.457000
4182.796000
4187.135000
4191.474000
4195.813000
4200.152000
4204.491000
4208.830000
4213.169000
4217.508000
4221.847000
4226.186000
4230.525000
4234.864000
4239.203000
4243.542000
4247.881000
4252.220000
4256.559000
4260.898000
4265.237000
4269.576000
4273.915000
4278.254000
4282.593000
4286.932000
4291.271000
4295.610000
4299.949000
4304.288000
4308.627000
4312.966000
4317.305000
4321.644000
4325.983000
4330.322000
4334.661000
4339.000000
