357314785671874
317080136985972
283682746701088
252116147760413
224854549529000
207879919280324
183589219251927
166084725144290
152230005196202
139038432704724
128375083343412
116076816813216
105672685700548
96717436819767
89717350131654
83119263499364
76940143826577
69890964947513
67000491064255
59225944473352
56031054849595
52454696082556
46990202360484
46119471949907
42696334979597
38885480520928
37171192589051
33685521436751
30817052439096
29254480000244
27022179330478
26617281858563
24042999665613
23842752151909
22119472018100
22106410790009
19813224892358
18654591279697
17285849434560
15976741184629
15912711814451
15744197640373
13554079272571
14072010654129
13485452932203
12291067958824
12245789369287
10503652274588
10368313496533
10224203408284
8661688387120
8558634348630
7726271194563
8028935973521
7832042495839
7514630249465
6622016992491
6781302517123
6406800194709
6445366067584
6435323725639
5571088796124
5132048343217
4928856347901
4143616772994
4681859456799
4140252112633
4448166216916
4004099211348
3729306649932
3857332405353
3798110870524
3436158905180
3932008165283
2710554204164
3426171788725
2663132490591
3006653949072
2767874250436
2940386912446
2739358759751
2240363400954
1991933453738
2707419322757
2548424849002
2138921729658
2461878553990
1901161501923
1930550930350
1988609835649
1838050926363
1697686227030
1627195450640
1763959450914
1840329568002
1885985164688
1292804667723
1715292251755
1413695313028
1446606645815
1278898976575
1250993122661
1153493732939
1376071997540
1258941753896
1133076934517
1065200764051
1098768046421
906984441616
1158585780164
1060292303823
1251069164385
1121515247425
1002867139362
1139634369916
997896155627
925350744505
1013106789423
1007234705111
861678243058
640163704135
986573587094
737852362608
809404186239
659886570087
620183100377
660307917280
840867295979
812068012281
554700786068
605335349771
638897617577
606686384352
616269971255
723887231984
582769582165
699076979359
638499581087
647749146261
485620365715
515210996319
584581136905
359760326310
670067655883
556888699287
645944306069
524283033034
456354019523
562092291335
478632451180
518670916557
333579964579
505415007280
596834113974
354948656877
587313660478
390680176515
350146041170
547062529694
631576988436
705892817430
525633560505
423586526375
499144619162
385465277759
353967398414
566250099816
362205049440
389894712621
289237978153
323478187504
483654100849
439164854571
280859605461
375759556640
363218746848
286733635016
210813432406
238336708021
259520713008
363417248247
354121545780
348584844208
500380788830
394469945008
110468291814
408921704506
143670057738
353239577792
312915709924
300506425448
279088236579
327041757913
260978496252
352111193055
329855622415
381903021683
296287882589
191538294037
375425942318
352921496852
158955313722
207192468557
367272243566
283507837737
121047820446
111797781137
247294542083
189430421926
236989946550
90610088716
273743374441
428619131990
184191956860
328251096736
254496461745
145229974262
84229494985
79041467158
53986500577
149014654326
143188703600
216636463925
206876167700
377349494725
105883431864
304544648940
228982465461
164832649103
59616795473
194591848420
210186272047
130437890177
287584281817
208505817533
264473566776
165528644037
262756521542
54004777682
215007852788
237443834411
118486851128
470946805000
109719288256
131145033033
127054951992
112401737703
236666510198
132828466656
76532655239
214953960368
376316856481
140619516884
94584701237
301987938163
214553039578
148189606565
49962065974
108360290225
140324387190
160869160290
254856788993
115671851146
84218240405
415343160812
97468622364
75262054871
206976033119
35197111731
153567811806
19347290931
254049335944
12440927724
125199777553
43762414400
34406899380
52662197854
56569614270
143111805706
31636230651
40235724953
89138945421
84951238576
72574504320
104323158723
115007642451
117474494767
87663002469
103522565123
13503696064
75937307359
227111662894
246631899290
62248151244
133100281695
157755358357
50244838402
137875446160
81029516195
29016890466
188242637319
164883343358
56746395198
13479860348
12090952247
15950228085
55087792605
68671084718
92570198176
91598916949
47324671187
256139402985
40064641285
57678284120
12096370420
18821441018
47465030518
3062025700
3595221333
122373687897
5300210413
109976713793
105635735079
69722866672
163773735849
124127331654
56737781630
115502609024
79237931484
1293994103
86713672007
14033475693
109082670333
79074095391
2852441193
36188208216
22544334270
1872374148
17075619937
78302128207
148389804521
101181753991
75039432356
9088245608
138086604523
177944468453
156865428520
60002335341
45244948777
54167408298
2766527948
57152340428
15374886777
30589966192
11409483131
238234946616
19419560253
16061887303
88706603818
151095288471
3247733188
60922477320
81879472264
3306612593
96207958705
1820863030
51591501784
129803480359
69864004441
8336634590
1774549958
92385017510
1295258521
78594689142
12143224584
29396920395
84406962530
5864931279
5576076646
22809656155
1291641072
125144360505
48255981212
26103860642
1510429067
1293542609
18203684520
2120197288
114710424857
1929485028
18068633939
13384451784
30096700201
94910935432
6523737769
33626952834
8292627947
1828368928
1326944612
1935046228
7951263329
1914087913
1711186076
1802477685
99469986124
33358719582
3572125270
3300630017
16462198426
54357264121
43019416448
1793768751
81157509233
24468423498
20253673277
98510820575
57248079516
20048533968
4272324200
105595351313
3233150654
