0
14513663517995452
6982487716041585
3389922127170142
2174787337836487
1560009063818188
1190007275814394
945800956374721
776571639490450
643808196653061
537532091020324
459061205236782
396659066698294
353161366480978
313426053721772
274833994762429
248441060138074
226610911086992
201472985539349
186291689081387
174060775731376
162711937046236
148992103081666
139432448544474
129216565575364
117998388712455
117140703040386
108290241191039
106660016811116
105543059829707
93610097077631
93070102155265
88583882117749
82921690040365
82673997494540
77886764220735
72553292486520
73495441432261
67635458306155
70686559734477
64142774485301
66152624682877
63505496323527
60049921335768
59365168479282
56488002091283
56551871853166
56843598031065
52452744736627
52302587506628
51594168140321
50263674828795
47628253684566
48324229651988
46181341267603
46810209119727
45784994767733
42420386744049
41771036518611
43147259609943
39024349615070
39740901853683
37712882437281
38111406120512
36783530198885
38375341709294
36260698079637
34357815275024
36507635562710
35380183537256
33178816251835
32726539866660
34597033348628
30572665496908
31618846545335
32320676158246
30649786837830
29666153993693
31838084083656
31922022726598
28281099952443
28828947263293
26824083949655
28086032985497
26662621797034
28447510371384
26981299203792
25847288077479
27689166057412
26121554528198
26425194148379
25714765360085
23701764335086
26320757477427
22902671725227
25815390945579
22286596537480
23216454888226
24395724482443
24647641099838
21665945537379
22112021570703
22194288014639
19375186167271
21769424248473
22890082081707
21696804188442
21340537147283
18658785471974
20421299775321
17669137758470
17482463612744
18353601906086
18214200436888
14964645558746
19203946516361
20864635289621
20576934173502
17137020771261
18415127594594
19092511196869
16768889847124
18596713638603
17470722841662
16220307433708
16792412591055
16820193703191
16832241570729
16961360854504
15560613343591
18382874179441
14752827048794
13765247128926
18744979187358
17460012046797
13809089632507
15836075304515
14868783007825
14828068149378
14265932505847
15349560351094
16336735649868
13215862230786
15320365103992
13514919950338
12858757405588
13512400997589
15410742950529
12798376115678
13388091993536
12627774531829
13530868979976
13116500746474
12999321465337
11687942336395
11805756268297
12175911952927
12591868082105
11922737917705
13657079266296
15262398384106
12703451387992
13774484757227
12708629169159
11454069802554
12315776890577
10054119019689
11964945081862
12108373462224
14667763874411
10310762070816
11683408726889
11591046576377
10154337383703
12003280873111
10777596474516
12585805626066
10544115283503
11059978556908
11425588817867
8800772334748
13177519652776
10798531352502
10608389456537
10099949487212
9689600904555
10042100995484
9707121274346
8612604421974
10017297274135
8934841387019
8760966632080
7291263210053
8919522960798
9238206872958
7821782075683
8861815573177
9860810186421
11246804938527
9494163223427
7061367382611
8839174364722
9842982592090
9660105636962
8847948038618
8768386618709
7641176648047
8203218255231
8189166468639
9733178216723
6738630541424
8060175240185
7596263177330
8096754692932
9235394170470
8223697202741
8319330481380
7132366835447
8703020080102
8084625957080
6737365214566
6477292485803
6150368309410
7464469192196
7917148057521
8146385562019
8617755002575
6973300055382
6199797116022
7282113064624
8195648947665
6873400562212
7698258637038
7417694763682
5086315755970
5701308115030
6512528034843
6891125489833
6496274602911
5038324728042
7889571778158
4684344462305
6490627015412
5643926408888
5867394845793
6354975679794
5262006077633
5057030530729
5021567172448
5466000098460
7129481502529
7051558595077
6328977699858
6274311143029
6001996350881
6468941656527
4180898549468
6398416144264
5697535048195
4720392309303
4358746885612
5507645055581
4632958178028
5581692418786
7583923294270
6140184168083
5405174008936
5156011271717
4013308817630
5583283272910
5267284159666
4743706781034
4789456879077
3667568878906
3785579424076
5213824182396
5077318356974
4723853464452
4543485177788
5222210725423
4115498842775
4392328570060
3935188053243
3471860075974
4450290510222
3197722361196
4003975795563
3729974900606
5144355047251
3334720885822
3404118662591
4211702750466
2822881884860
4309198957667
4070832428156
4056148455674
2746927493872
3069008063847
4110078569571
4399364979560
4909799765944
3986568251783
3219879231740
4251229450858
2790047601471
2951879313632
2090774549512
2265034243963
2887456274113
4435194246383
3140918336226
3425173130629
3845440439730
2967330422960
3607390349450
3728407266295
2808258210648
2720132754755
3081979143685
2148492378199
4046370551384
3164785754367
1592630886500
3798864110027
3404628442532
2951254237496
3258300848187
2643153998500
3203431802134
1822559350554
2368360022112
2612259891852
3654421833957
3173218616375
2889285097442
2018512914033
3128917288426
3095236753148
2765438526437
1986877164264
1798747150083
2330774431631
2657014419257
3566755944420
3015951047673
2554487366720
2363874386869
1438352254482
2376115959829
2459327580056
1787219165934
2216812112572
2161094050471
1746704410018
1295661051822
2368038957683
1869581174447
1980057473592
2427050529374
2282261932524
2101031446507
1724842505716
2157839309356
2005144381183
1483873791337
1464862727033
1861737220695
1769651957660
1213045667681
2373011398479
1633639739296
1795714608494
1895518206230
1693021451363
1211690442845
1370112230683
2032560376703
2660419431414
1869569387842
1367534872853
2674319430480
1636410485999
2430156342876
1798038121683
1948694131801
1663258189948
1380300193909
1714722199561
1651665757011
1144911555259
1299593315283
1872804006950
1431545450468
987691675164
1645679380002
1491844225096
891887966447
1878282638098
1272427606125
1385968161370
1447161243273
1378355639497
1167362304842
2476121742862
1362935730703
864758522328
1073979426039
947502025875
1203014384301
1501845494006
1430421844891
1139805546408
884725873532
1206748274927
850333637587
1876656526757
1679079066053
1459103294627
1311321493087
1458608674010
829164601720
1141413056346
1032499921928
1199367401664
968237380888
958901435428
836343570081
1140866819737
1729715319548
1134642153284
1144556261170
1211223689527
553781272390
1215771672383
1031884031230
1111515121395
930564933867
1131753425622
757597270361
854672377728
985476103088
1220709775987
913528847748
789085625499
368301205257
787377305389
1425128293146
595409613073
806924182998
854275082616
654224576896
428845574848
981040886924
1246441535925
615910900651
599315555180
862738783556
547953529399
849833258654
329272359888
1143031806922
476147559774
439652764162
768386100557
743159998029
659635084218
1390298091063
349560793718
725556365149
342647831567
353850878621
744903197417
669875677619
623603367454
379527915065
336357978327
751686734792
324770216830
196063060192
204845250526
351380646666
702093745943
600070661925
423917321058
687174370870
247436045782
1133960648353
544204520349
335764188343
466739275003
496454004662
706192826430
515444010913
264162989219
309528949188
521449998309
600073141684
301505651622
243509564137
547988828773
349566641748
485128657661
515940381139
321384772717
566926052359
12485199208
422973653674
284718083821
625391248475
330293941328
218656058200
418729378164
454015604749
357311672492
778846848541
539198114256
260733035760
561305355110
181879776160
291963426678
418989693940
140155017022
241782084593
370229973659
230860132647
284822718315
58833506391
492767448036
235965698570
148926907785
77968267094
256088116810
133699690107
14004731155
197811029374
169944219851
232006762669
229549687236
263248980438
88125899633
450886240677
384170958413
411862657578
10050760605
241436253635
221601472011
163600263784
72264381405
146134496719
373576675911
244237767223
294418385583
72417824738
200837907572
74520833195
59952316846
74115265004
76842058879
222284440081
373808511566
257453416461
60506602801
1540917446
60855995599
0
150711546722
1535803749
3066383580
183046744502
9221713855
69650739859
72321593409
131331490408
73997096440
142516697265
6190063534
1533666741
134104207042
150094760991
121552753187
3074845620
4590756838
1528499788
68081647126
60800563804
123000288564
4599229527
146542787511
74618237252
0
193865272866
4664849376
66408188470
3132941312
71341949777
1559242845
59988053940
1616366015
55877875043
1534492500
56237271623
0
71604555258
0
3146468008
0
5515584375
161785102389
0
134004625968
1546084109
3086435962
1538189122
7031739874
0
1529069183
0
0
137310423796
241503942055
0
86850036505
0
1528616384
0
3061158360
1554862275
7616001902
0
62167267564
0
156987653273
77541788747
0
0
85379705419
66838133463
67499296442
1528502542
34060469689
0
0
64625658498
1537252028
1535829630
2375161880
2258691693
3310865427
0
0
0
0
0
0
0
1578725614
2582124681
0
0
1531865073
0
0
99860293301
0
84774420561
0
0
0
94096629507
0
1934164018
0
46495692576
94135592382
0
2813226324
3080390563
0
0
74119757881
0
0
0
0
7739778298
0
0
1935589539
0
0
1528462893
0
116131000302
2029350902
0
0
0
52734622756
0
1724101849
0
64256547675
0
69167402800
3040427133
0
0
0
0
0
90434064934
0
0
0
0
0
0
0
0
0
0
0
0
0
4050542411
0
0
0
0
43922423624
1938208293
0
0
0
150042162973
80678520202
0
0
0
0
0
0
0
0
0
0
0
0
0
0
0
0
0
0
0
0
0
0
0
0
113838912311
0
0
0
0
0
0
0
0
71859088614
0
83476529287
0
0
0
0
0
0
0
0
0
0
0
0
0
0
0
0
0
0
0
0
0
0
0
0
0
3551086942
0
0
0
0
0
0
0
0
0
0
0
0
0
6684538092
0
0
0
0
0
0
0
0
0
0
0
0
0
0
0
0
4810556692
0
0
0
0
0
88333322673
0
0
0
0
0
0
0
0
0
0
0
0
0
0
0
0
0
0
0
0
0
0
0
0
0
0
0
0
0
0
0
0
0
0
0
90155344628
0
0
0
0
0
0
0
0
0
0
0
0
0
0
0
0
0
0
0
0
0
0
0
0
0
0
0
0
0
0
0
1586312986
0
0
0
0
0
0
0
0
0
0
0
0
0
0
0
0
0
0
0
0
0
0
0
0
0
0
0
0
0
0
0
0
0
0
0
0
0
0
0
0
0
0
0
0
0
0
0
0
0
0
0
0
0
0
0
0
0
0
0
0
0
0
0
0
0
0
0
0
0
0
0
0
0
0
0
0
0
0
0
0
0
0
0
0
0
0
0
0
0
0
0
0
0
0
0
0
5196940005
