2647287055284710
2376344935858184
2149288682764512
1974657406002143
1795474281314084
1637034918035480
1519228177075198
1418527766688484
1318237268462683
1216739789941045
1164174198586630
1046187381018831
1006355677806191
963887154545635
886374687860357
845252501445821
802549128411162
761882474672740
707595527354488
686033126980389
659035379536583
637392638011633
601635860725644
571670067597076
525407648249677
529584147998127
509030608984755
486642395845797
441378921449548
442647983097407
427662407144218
406120344467002
391887030727292
383711009965107
359072990321265
351464000302004
349459218682406
333782775109120
316401997177699
307813913895386
300299059482882
289576777936724
278700255370884
265758462359679
253612039959187
258145984871395
237678544489519
242341064083139
230273630844342
219586137993009
222830588606430
199781266816115
210643269035522
200232517004707
193757802289151
187919005410927
186920059729190
178046339176041
173141767649567
170507610924151
170003901981630
163496314198547
165420397632730
157220772636625
144602817970746
147878402408640
142668537060412
136452795646588
141069424412511
137611838092695
136200902995686
134620105974692
126490853181870
114707258234415
117563827861848
115890166001576
114934728640310
113485559846557
111341988238755
106114788028916
99510363397022
98956813724756
100683705840967
102189211038849
92288021969781
94614814083847
97559770983766
84213340357374
86648461309545
87704383786306
82109891687712
84955091478990
75372533229842
79636101620890
72972032151984
70525326570465
72659464609003
74262053335435
71258018779153
66315793681036
65993255781162
63390455224957
67038928502653
64961977516170
59304971305950
62740375938986
63717632527317
61601874322588
61537119063024
60230368594626
55809909212663
56845802778319
56300611972687
55340019612945
49713579128604
50340071954035
53054397316532
52775443318013
48738400092651
51704415493075
48589582882471
50777873242432
46502394215570
46853399528985
45541200840351
40463676114299
38234010811417
41059142784303
40303783589704
38641181479391
38009421087876
41916964185258
42644954366681
36802623793092
37436844886927
35162188774480
36612873336704
34983380783755
30374205405708
33392463203878
34398127125601
33274493554551
30600124077689
28544730474775
30843786917611
27840870151956
28345334997286
26898699759279
26999773445691
27785610015360
29776252595957
25273264680950
28022974940521
29290387428141
25878110384981
25430031062602
21946655998760
22569350649438
27586127295612
23844214239615
23776736729551
21612862518776
20485708593941
25214749540633
22230454029746
17534314039797
18848910374268
23146578904259
16306797764230
17748547215213
20847984315597
17709590263015
16224110616801
19328414550847
16904847786635
18860319881440
16021540051973
14531165672222
15466721959983
15975941920581
18103602443295
13422764830856
15153763732598
13279186040767
13610492861329
14354087789453
16533177864917
12950132044621
14058478287901
12881386266733
13395849237329
12515228184115
13658375404214
11361744513249
11656350951874
11641099810791
11447159955054
13010140143337
11940094344700
8486590731514
9284454595966
8720602958630
9690974861121
9246452558782
9357564877970
8062820081594
7769463052325
8366364179059
7414032737156
11524167573299
8007942330961
8250876365535
8681122339810
6802025070075
6699957916646
7278132369972
6064687837678
7244171577972
6280664054998
6362855162737
7292668270624
5390651325518
6501653246852
6770890835563
6327292843700
6815932003793
7537704282236
4909413492601
4464187071751
6285216273474
6235022034815
5154771725423
4629267398858
4809115304497
4788195398365
4834198137029
3608400127293
4151402818378
4855964676561
5118763964648
3258369309310
3412993082561
6044936294474
4582297597804
4277035390260
4122388405781
2422922523968
4194897009646
4278364297335
3957296364579
3148147864909
3515248608231
2962842934660
3248197928756
3673933259767
1927237503331
3831143483649
3651425216167
2694042082855
1835616809178
2689949475232
2834596509746
1734291026330
2295940592700
2136308164814
2808147052357
1882653097783
3648116793182
2286019804362
2575973303612
1392839047975
2083004963599
1243514763122
2723078112947
1460040415400
2123687219056
1583308886140
2290397323330
2358231260596
1149531031204
1759251719098
2169005806580
1678804040795
1644850389022
2385655783686
663080711668
1886329758067
1446338031436
1492236562135
1449812925063
1455465305516
1247767168036
1473019179982
1415108726440
1214883509525
1909757915564
987120114066
857696213389
1380074442280
1248017638293
1210128759391
712654326963
1533774393680
1029104546413
1358814463475
423529512454
359131756602
529122584500
867153741180
1285683158334
913624039268
788828219073
564535171371
1249722728682
975983186281
590287877128
706687189760
335925204038
792657587653
382488755978
744788668436
651485008569
671366980787
665105207929
1228360577435
823843030289
466741448506
578770161539
435504491943
675163553388
565804142727
224535862287
709818510293
319078966986
739497201819
531368533753
210474395668
53124291071
442012613507
493477066105
103811792990
540578823596
382892440633
383905002931
352069220183
337442277872
85324006889
653838836225
551940900561
444791863212
426113508750
172376204305
236393358747
19442694506
257931041927
235042926630
192877397487
161361660637
192789449988
32056527400
335758760495
71827387420
160685846036
141965638037
535335620166
356029667787
194022690784
159343738822
554257504550
275909778408
344663480066
188809308805
188998930089
15903718161
10817517217
29895047978
191332838922
498246329413
376964315656
8333617363
335209797676
42323587807
81674021887
2992221101
108361840738
249047420431
163074507703
200642422268
45284452740
49770735153
7087270984
65645813087
40124377797
27787499324
16771313928
17322117293
328958735127
