3.525302632713540000e+14
2.881330034012190000e+14
2.422049654179030000e+14
2.065356195044640000e+14
1.762354080535700000e+14
1.485637154526040000e+14
1.286296907585630000e+14
1.124708128076680000e+14
9.732123502657400000e+13
8.497350464672100000e+13
7.287240446400800000e+13
6.550418155409200000e+13
5.621343894602100000e+13
5.023382533919900000e+13
4.344336104989500000e+13
3.956676451499900000e+13
3.532319634903500000e+13
3.283973477362600000e+13
2.877433500742500000e+13
2.594344889218900000e+13
2.245072196629600000e+13
2.152951341349500000e+13
1.890000421961500000e+13
1.835339989445100000e+13
1.582063905122000000e+13
1.454110273412500000e+13
1.385029339681700000e+13
1.228610405586500000e+13
1.128159686464000000e+13
1.033629491283500000e+13
1.009456601426200000e+13
8.895484048703000000e+12
7.902958091937000000e+12
8.501389557557000000e+12
8.140288351368000000e+12
7.012585455542000000e+12
6.056608850504000000e+12
6.093226148841000000e+12
6.065504270769000000e+12
5.790033821352000000e+12
5.457571109826000000e+12
5.077257815061000000e+12
4.488161741284000000e+12
5.229730594318000000e+12
4.459232607846000000e+12
4.332119911324000000e+12
4.015008955278000000e+12
3.940041680284000000e+12
3.706397727443000000e+12
4.110715877244000000e+12
3.659088647093000000e+12
3.177333218398000000e+12
3.629067111357000000e+12
3.304101573505000000e+12
2.972566029608000000e+12
3.312292850056000000e+12
3.311448546649000000e+12
2.815144471781000000e+12
2.811711564002000000e+12
2.965682171564000000e+12
2.836549061657000000e+12
2.953393850012000000e+12
2.451607104264000000e+12
2.316495135716000000e+12
2.477953133217000000e+12
2.228479614284000000e+12
2.212589891583000000e+12
2.179669383019000000e+12
2.380733378737000000e+12
2.450095527025000000e+12
2.450081181005000000e+12
2.020042744768000000e+12
2.160978359064000000e+12
2.037444769506000000e+12
1.885567168568000000e+12
1.921622206100000000e+12
1.921575272901000000e+12
1.716030769078000000e+12
2.101497636881000000e+12
1.513191505336000000e+12
1.811901772929000000e+12
1.762809065536000000e+12
1.607579422481000000e+12
1.532544833282000000e+12
1.420044841612000000e+12
1.632506853134000000e+12
1.574098346312000000e+12
1.538216917542000000e+12
1.382404751148000000e+12
1.484193746432000000e+12
1.415501799595000000e+12
1.069602073359000000e+12
1.457618502632000000e+12
1.312643836190000000e+12
1.606222098328000000e+12
1.216755942834000000e+12
1.285258524108000000e+12
1.382334798230000000e+12
1.258950406284000000e+12
1.148766034585000000e+12
1.018574102971000000e+12
1.369316904143000000e+12
1.094039453250000000e+12
9.498246660110000000e+11
1.033397963265000000e+12
1.071608022819000000e+12
1.061530286603000000e+12
9.906068811490000000e+11
1.027320003493000000e+12
9.772565281490000000e+11
1.045243394977000000e+12
9.995173015300000000e+11
7.902393168820000000e+11
1.049934917118000000e+12
8.333317102400000000e+11
9.549952150240000000e+11
5.908106164090000000e+11
7.964554508580000000e+11
7.381377729540000000e+11
9.999424092770000000e+11
8.617778425480000000e+11
6.977772835020000000e+11
8.078350093590000000e+11
5.412715676860000000e+11
6.626098976310000000e+11
7.704045831600000000e+11
6.116445763540000000e+11
6.774798284650000000e+11
8.099666817090000000e+11
7.090559620650000000e+11
8.639988408440000000e+11
4.990550362620000000e+11
7.721978607230000000e+11
6.056897235060000000e+11
5.777850508190000000e+11
7.375404407650000000e+11
6.374728724050000000e+11
5.484374527510000000e+11
3.339283817970000000e+11
3.906045349750000000e+11
6.544782576090000000e+11
4.627822080420000000e+11
5.280600310280000000e+11
6.352703177800000000e+11
4.846112850190000000e+11
7.051493051090000000e+11
4.996000920920000000e+11
4.582797700840000000e+11
3.606151040840000000e+11
5.773780429210000000e+11
4.501185453270000000e+11
4.764440117470000000e+11
4.642971861140000000e+11
4.968150832920000000e+11
3.856402249330000000e+11
2.284502265820000000e+11
2.806430259240000000e+11
5.003106875790000000e+11
5.155163925700000000e+11
4.350097220680000000e+11
5.547025075760000000e+11
4.143895255570000000e+11
3.405090205130000000e+11
4.150837001950000000e+11
4.309896001880000000e+11
2.278690607690000000e+11
4.145108225250000000e+11
2.751290181570000000e+11
3.057672028590000000e+11
4.450521874160000000e+11
3.464519742150000000e+11
3.114940140910000000e+11
4.552474679110000000e+11
2.003899229890000000e+11
1.853988458130000000e+11
2.867846117550000000e+11
3.189206134550000000e+11
4.378836426460000000e+11
6.975309697890000000e+11
1.676502632940000000e+11
2.858856380970000000e+11
8.921874400300000000e+10
2.974265044010000000e+11
3.131985478530000000e+11
1.415371216090000000e+11
2.765622350780000000e+11
1.457136856530000000e+11
6.423617020000000000e+10
3.158316864860000000e+11
3.092118259310000000e+11
3.101863057050000000e+11
1.595761703180000000e+11
1.203780231320000000e+11
1.463170986630000000e+11
3.210906983580000000e+11
2.239695764340000000e+11
2.977016727440000000e+11
2.345606885930000000e+11
2.475450861670000000e+11
1.950098075250000000e+11
1.150714437470000000e+11
1.433988124200000000e+11
2.708071181670000000e+11
1.604847376690000000e+11
3.006894787290000000e+11
1.939672673120000000e+11
2.817210185890000000e+11
3.200108916120000000e+11
8.152368647800000000e+10
2.704190668200000000e+11
2.511697905730000000e+11
1.958204981070000000e+11
1.612202893200000000e+11
2.016694312820000000e+11
3.929738379010000000e+11
1.579906344320000000e+11
1.836548439940000000e+11
3.223680446160000000e+11
2.405349941000000000e+11
1.087467085110000000e+11
2.040667145210000000e+11
3.189299299000000000e+11
1.007293669120000000e+11
2.999854610950000000e+11
1.702843557580000000e+11
1.105033537780000000e+11
6.189748722100000000e+10
2.262055203400000000e+11
2.756552695150000000e+11
2.784510286610000000e+11
1.764681432040000000e+11
2.930346246820000000e+11
8.519957770400000000e+10
2.428780854430000000e+11
1.587207051590000000e+11
1.169411204620000000e+11
1.622766378300000000e+11
1.058164724040000000e+11
8.843572514600000000e+10
2.271677955780000000e+11
2.239712164720000000e+11
2.455653720690000000e+11
2.196199730350000000e+11
8.987605061100000000e+10
4.502859273900000000e+10
1.422337132360000000e+11
1.419357949400000000e+10
3.863958875800000000e+10
1.399047287130000000e+11
8.391475797200000000e+10
9.404596750100000000e+10
9.650258555400000000e+10
1.731585163700000000e+11
1.457369102190000000e+11
1.356692843000000000e+10
1.327530423670000000e+11
7.082670243400000000e+10
1.298395775550000000e+11
1.225310838480000000e+11
6.202255201000000000e+10
2.108774100270000000e+11
1.036370860860000000e+11
1.411315242450000000e+11
3.265709705100000000e+10
8.682562753200000000e+10
2.287910351580000000e+11
1.418256701500000000e+10
1.030815413300000000e+10
8.458145308300000000e+10
1.602832199200000000e+11
6.099047142600000000e+10
2.044005778600000000e+10
7.643556549200000000e+10
1.232799149440000000e+11
8.979134956000000000e+09
1.389112335120000000e+11
4.887280503000000000e+09
1.344243073300000000e+11
1.547085131100000000e+10
1.049016390400000000e+10
1.302064205360000000e+11
1.439256859650000000e+11
1.462356912030000000e+11
2.136326682000000000e+09
3.789282528140000000e+11
7.231985012900000000e+10
1.442381798490000000e+11
2.030258121040000000e+11
9.783453157000000000e+09
1.207341725710000000e+11
1.740155237390000000e+11
6.507979757200000000e+10
1.419160298720000000e+11
4.008449009800000000e+10
1.100530785160000000e+11
1.000102590100000000e+10
6.355645830300000000e+10
3.211952254130000000e+11
1.944363562060000000e+11
1.040503908900000000e+10
5.769032449100000000e+10
1.373130952720000000e+11
6.979034054000000000e+09
1.003547445200000000e+11
6.876945214400000000e+10
1.517960581340000000e+11
7.023158036500000000e+10
1.280118024610000000e+11
1.424403058860000000e+11
1.634400145800000000e+11
1.544409140690000000e+11
5.890894976800000000e+10
1.355678821460000000e+11
6.673780880600000000e+10
1.675774001390000000e+11
1.274527825230000000e+11
2.955184393020000000e+11
1.797928282650000000e+11
1.172461054300000000e+11
5.047212811000000000e+09
1.213909071400000000e+11
1.178416758080000000e+11
1.137741743850000000e+11
