2.300883442748739000e+15
2.130162277160328000e+15
2.003964529107950000e+15
1.842585262280900000e+15
1.762615481737761000e+15
1.618114350723088000e+15
1.545430093910749000e+15
1.448047098120542000e+15
1.361637461808080000e+15
1.290057432239842000e+15
1.231468314673392000e+15
1.178815251382781000e+15
1.118849561436399000e+15
1.061018001989770000e+15
1.010704051699238000e+15
9.600701427760040000e+14
9.320246315518280000e+14
9.064342821293220000e+14
8.579384135265410000e+14
8.212541403135170000e+14
8.012042641488880000e+14
7.669065848755760000e+14
7.305517901786040000e+14
6.976623652923280000e+14
6.960022938323240000e+14
6.683904211467550000e+14
6.559787393709170000e+14
6.209250336825770000e+14
5.973707706101270000e+14
5.920471598448330000e+14
5.658180937503930000e+14
5.593231446049210000e+14
5.354318612531270000e+14
5.183884426012090000e+14
5.053584431624720000e+14
4.858749274240560000e+14
4.776082867201430000e+14
4.774001859098820000e+14
4.688294359789850000e+14
4.522041006922030000e+14
4.347139214686680000e+14
4.269721881337530000e+14
4.203611615438100000e+14
4.023475458507380000e+14
3.982266774168420000e+14
3.959545957033500000e+14
3.808459730770500000e+14
3.786584887307380000e+14
3.645932396327900000e+14
3.634129628488000000e+14
3.416987482001770000e+14
3.379971852746730000e+14
3.411961007990810000e+14
3.118057031438170000e+14
3.095459367649250000e+14
3.161003796867070000e+14
3.008997108876020000e+14
3.009028762892670000e+14
3.020299124968730000e+14
2.879619771190680000e+14
2.945575427957660000e+14
2.845427713420560000e+14
2.712093458294900000e+14
2.713025356606250000e+14
2.609099740042140000e+14
2.698624117010420000e+14
2.618841910656980000e+14
2.535472694793250000e+14
2.566593509419460000e+14
2.459859194120460000e+14
2.492872997363050000e+14
2.386508772863810000e+14
2.349184414895110000e+14
2.285801142342440000e+14
2.225196917961210000e+14
2.301586933310660000e+14
2.087253647442350000e+14
2.234761891065390000e+14
2.146369825590840000e+14
1.984523688270130000e+14
1.954588322859870000e+14
2.060504838176870000e+14
1.957083289937000000e+14
1.899432153239150000e+14
1.943369881336470000e+14
1.857391606343400000e+14
1.853937440005590000e+14
1.913092420557290000e+14
1.787433209573190000e+14
1.774222454955570000e+14
1.775653071700300000e+14
1.696950211370540000e+14
1.636150710875470000e+14
1.738489426459370000e+14
1.604235522341990000e+14
1.611045691849490000e+14
1.644285863369960000e+14
1.555117031943660000e+14
1.543983683774410000e+14
1.479782165481100000e+14
1.515636305167320000e+14
1.418823909825200000e+14
1.492259174810410000e+14
1.475268575717240000e+14
1.419895077787240000e+14
1.398199797247630000e+14
1.360066538279440000e+14
1.332617446522190000e+14
1.358299360087490000e+14
1.369135174189420000e+14
1.273805530331100000e+14
1.279916198964350000e+14
1.227421803038770000e+14
1.286608260542220000e+14
1.190271500098030000e+14
1.229439804034460000e+14
1.206257192984380000e+14
1.230484256832830000e+14
1.162049812085170000e+14
1.136202431820230000e+14
1.145929894022580000e+14
1.128149321905770000e+14
1.147927658816890000e+14
1.068684491549230000e+14
1.066035341106320000e+14
1.082633859763510000e+14
1.050037145988820000e+14
1.059547237927220000e+14
1.052528335370500000e+14
1.026940891603110000e+14
9.507223663960800000e+13
1.042841937163030000e+14
9.525312890456900000e+13
9.638778141090700000e+13
9.450004952115300000e+13
9.628342193914400000e+13
1.004459003310150000e+14
9.531128411512900000e+13
9.743324881713100000e+13
8.350593000812500000e+13
8.529892280320500000e+13
8.944989591084800000e+13
8.734876313042100000e+13
8.349043720063400000e+13
8.870433129329800000e+13
8.447943617428600000e+13
7.982661009624700000e+13
8.395781803130500000e+13
7.918490906585400000e+13
7.966897367995400000e+13
8.033677166905100000e+13
7.866398887325100000e+13
7.918760891532900000e+13
7.316573863922000000e+13
7.028283572740400000e+13
7.496791426079100000e+13
7.579643950604900000e+13
7.392957690446000000e+13
7.247220393224800000e+13
7.341381342521200000e+13
6.551400644480800000e+13
7.321991177399500000e+13
6.777653114783300000e+13
7.177345131582900000e+13
6.589875204119300000e+13
6.491504320337900000e+13
6.778033994155700000e+13
6.195050986564200000e+13
6.447908260808900000e+13
6.235631228036700000e+13
6.112513592170100000e+13
6.355102106973600000e+13
5.946094644912500000e+13
5.979781806233700000e+13
5.848602715614800000e+13
5.633205617484100000e+13
5.758713768704100000e+13
5.420978140322200000e+13
5.959769776428400000e+13
5.972515841118300000e+13
5.735780985969200000e+13
5.455837785555000000e+13
5.611932855240500000e+13
5.370042064857100000e+13
5.195712494380200000e+13
4.926505253932700000e+13
5.154780481751200000e+13
4.794726341253800000e+13
5.081449675111100000e+13
4.785647830986400000e+13
5.106711027704000000e+13
5.156614382904700000e+13
5.043479833766000000e+13
4.885407151508900000e+13
4.272116972291100000e+13
4.903005537065400000e+13
4.923561286623400000e+13
4.803793891459100000e+13
4.819584185360200000e+13
4.575322716508200000e+13
4.702237825961200000e+13
4.781612282609500000e+13
4.557130188091600000e+13
4.181176598016900000e+13
4.367631295687400000e+13
4.602280279963900000e+13
4.374857651863700000e+13
4.030842475222500000e+13
4.084486578393500000e+13
4.375325932295400000e+13
4.173119285986000000e+13
4.252429051021100000e+13
4.014183478166500000e+13
3.939986488860800000e+13
4.303076354182100000e+13
4.014272852679600000e+13
3.843643466970300000e+13
3.911577638590700000e+13
3.785688792890900000e+13
3.760890742198100000e+13
4.061465379647000000e+13
3.592198603823600000e+13
3.768550885986600000e+13
3.579620979138300000e+13
3.390508483293700000e+13
3.289116119840100000e+13
3.555129447902700000e+13
3.760669669001800000e+13
3.735169018516200000e+13
3.696491778800100000e+13
3.163351409096300000e+13
3.256285676866900000e+13
3.588649782460600000e+13
3.480457703062400000e+13
3.400406496598200000e+13
3.218199181095900000e+13
3.185838797612700000e+13
3.416521905264700000e+13
3.215940127898300000e+13
3.178673849675900000e+13
3.180148717040500000e+13
3.103332372426200000e+13
2.938058148817000000e+13
3.247260515032400000e+13
3.162240924477500000e+13
2.941277897664100000e+13
2.915114367082200000e+13
2.878335055036200000e+13
3.101951242490100000e+13
2.905882220485800000e+13
2.773504158268400000e+13
2.629724932002300000e+13
2.800884470092600000e+13
2.874818712622800000e+13
3.078687060470500000e+13
2.803825182867000000e+13
2.808349016480800000e+13
2.681861851698100000e+13
2.434247695120500000e+13
2.811828488015500000e+13
2.811353854284400000e+13
2.729852984072000000e+13
2.610007268633100000e+13
2.150197953086000000e+13
2.830280585533700000e+13
2.307732829596400000e+13
2.422294918506800000e+13
2.577315077724100000e+13
2.444273674165700000e+13
2.265765851907200000e+13
2.252874422917300000e+13
2.311701226880000000e+13
2.271145934532800000e+13
2.414067881133900000e+13
2.194586716681700000e+13
2.483351911907300000e+13
2.022806967626400000e+13
2.141250267904500000e+13
2.040190259100700000e+13
2.165123568940000000e+13
2.214189093685400000e+13
2.153474120406500000e+13
2.286723627173600000e+13
2.297118141214300000e+13
2.131822623344100000e+13
2.077785466242100000e+13
1.926574449660100000e+13
2.098277180715300000e+13
1.869788859835500000e+13
1.970885496584600000e+13
1.781000165235600000e+13
1.678650323789600000e+13
1.746138026023100000e+13
1.954789032012000000e+13
1.947687635316800000e+13
1.735391349613400000e+13
2.053475229288600000e+13
1.903608678271600000e+13
2.338296938376200000e+13
1.778191421127100000e+13
1.690296829037900000e+13
1.829725407877000000e+13
1.738089714859400000e+13
1.786787098463300000e+13
1.783456519046100000e+13
1.509256435130100000e+13
1.584345804083800000e+13
1.503002144085400000e+13
1.599928006265500000e+13
1.779819957314100000e+13
1.491137300002700000e+13
1.593475684208800000e+13
1.585405380961400000e+13
1.623935467723200000e+13
1.537475053104000000e+13
1.422050869685600000e+13
1.635151655535100000e+13
1.579892865198600000e+13
1.432003969059900000e+13
1.325532513090500000e+13
1.447044115729000000e+13
1.455051731707300000e+13
1.238765786421800000e+13
1.410467987631200000e+13
1.394743530309700000e+13
1.275067777234800000e+13
1.428170081113100000e+13
1.519604414420700000e+13
1.342184920523400000e+13
1.351918553555500000e+13
1.430697971463400000e+13
1.201413563769500000e+13
1.507104438216700000e+13
1.158833636124300000e+13
1.186628248491000000e+13
1.112651166814600000e+13
1.237200512706700000e+13
1.282832702592800000e+13
1.155977626544300000e+13
1.276577885966300000e+13
1.356703686932300000e+13
1.273772902977800000e+13
1.183807747077000000e+13
1.292483096060500000e+13
1.041675283088000000e+13
1.307465345704400000e+13
1.267557341023700000e+13
1.022720415642000000e+13
1.048608430225500000e+13
1.112431623155100000e+13
1.110152730497200000e+13
9.937546212665000000e+12
9.260903287071000000e+12
1.172559813784800000e+13
1.186450517331500000e+13
1.044415707059500000e+13
1.117331137843100000e+13
1.144915568578000000e+13
9.991362649635000000e+12
9.738374592450000000e+12
1.056170593276800000e+13
1.207866881159800000e+13
9.646908455505000000e+12
9.860782252249000000e+12
9.209730873131000000e+12
9.172689296453000000e+12
9.912401741084000000e+12
1.051783610950900000e+13
7.694546767223000000e+12
9.969372778371000000e+12
8.143101729239000000e+12
1.167395029298100000e+13
7.984308445285000000e+12
8.381836506121000000e+12
7.361555825494000000e+12
8.970617620292000000e+12
6.836592042642000000e+12
8.177287449637000000e+12
7.120701732424000000e+12
9.707247611451000000e+12
7.974189329673000000e+12
8.200481401250000000e+12
9.930403150567000000e+12
6.666102972242000000e+12
8.560305091036000000e+12
8.020306753244000000e+12
9.379943132859000000e+12
9.154171721614000000e+12
8.583117948387000000e+12
7.788246563772000000e+12
8.563635820381000000e+12
8.869424827725000000e+12
7.386234829423000000e+12
7.245375852051000000e+12
8.013131162835000000e+12
7.388996276691000000e+12
8.340187987221000000e+12
7.196995586139000000e+12
7.142581718133000000e+12
6.249953643314000000e+12
6.824918447934000000e+12
6.364349933413000000e+12
7.272169065357000000e+12
5.796305587466000000e+12
6.352305341959000000e+12
6.834505515768000000e+12
7.662814010197000000e+12
6.885289641585000000e+12
7.733313827663000000e+12
6.917368467375000000e+12
5.945466336213000000e+12
4.869692074704000000e+12
5.601454259496000000e+12
5.989608222075000000e+12
5.193239638709000000e+12
5.435577545402000000e+12
6.295569681309000000e+12
5.371523093640000000e+12
6.738084067900000000e+12
5.983210822882000000e+12
5.573236963356000000e+12
6.890798993928000000e+12
4.846794234134000000e+12
6.025419045569000000e+12
6.094279892912000000e+12
5.565535175002000000e+12
5.799618297107000000e+12
5.186854045606000000e+12
5.847530011125000000e+12
4.943332280151000000e+12
5.691639969029000000e+12
4.196983181385000000e+12
3.300385995191000000e+12
5.594219865487000000e+12
4.703772219244000000e+12
3.114259704683000000e+12
4.261666461004000000e+12
5.226883176772000000e+12
5.478302607284000000e+12
4.669432630766000000e+12
5.242432784741000000e+12
4.969001398369000000e+12
3.997686819374000000e+12
5.505929985405000000e+12
5.748834958527000000e+12
4.442488612518000000e+12
4.752706665780000000e+12
4.292670965653000000e+12
4.640932841866000000e+12
3.816540318892000000e+12
3.601880338416000000e+12
5.600739258667000000e+12
4.300902965177000000e+12
4.328655735665000000e+12
5.209442277162000000e+12
3.990247653298000000e+12
4.608940306398000000e+12
3.254045948236000000e+12
4.196296145241000000e+12
3.098198291944000000e+12
4.586931362737000000e+12
4.304778717985000000e+12
2.772905179101000000e+12
3.811443344297000000e+12
3.769741297803000000e+12
3.937909599886000000e+12
3.323677763109000000e+12
3.682259719463000000e+12
2.823380926228000000e+12
3.311648259663000000e+12
2.664869525887000000e+12
2.806917670009000000e+12
3.753902064987000000e+12
3.800242300911000000e+12
2.569542710734000000e+12
3.238748893311000000e+12
3.345778332462000000e+12
2.761113743779000000e+12
3.621591720144000000e+12
3.732057811484000000e+12
3.355747087840000000e+12
3.194602660561000000e+12
3.131577207050000000e+12
3.313555590122000000e+12
3.327687822379000000e+12
2.885909183023000000e+12
2.648249832749000000e+12
2.512962325885000000e+12
3.092739075654000000e+12
3.199521299139000000e+12
2.454418832644000000e+12
2.541947081961000000e+12
2.811804313692000000e+12
1.974103233827000000e+12
2.652708489940000000e+12
3.397364282449000000e+12
2.216383584173000000e+12
3.153205475584000000e+12
2.945909157734000000e+12
2.316311046794000000e+12
3.098216630866000000e+12
2.500279468436000000e+12
2.418353444527000000e+12
2.789499450855000000e+12
3.170946746734000000e+12
1.636548268253000000e+12
2.472880181274000000e+12
2.201206667966000000e+12
2.057251756549000000e+12
2.569342283031000000e+12
2.261766193944000000e+12
1.659408447464000000e+12
2.650889180659000000e+12
2.769874077613000000e+12
2.690396758280000000e+12
2.364405241802000000e+12
2.791070982899000000e+12
1.955776066783000000e+12
2.326419385218000000e+12
2.503078884512000000e+12
1.214534958916000000e+12
2.523664195253000000e+12
2.977803948318000000e+12
1.834720363683000000e+12
1.923489758347000000e+12
2.081871448587000000e+12
2.085832381726000000e+12
1.732421363951000000e+12
1.739696657915000000e+12
2.086100611290000000e+12
2.263922552248000000e+12
1.471150751690000000e+12
1.650068688485000000e+12
1.728393495680000000e+12
1.902557403499000000e+12
2.010367229161000000e+12
2.295031112913000000e+12
1.775847787642000000e+12
1.588534728077000000e+12
1.923346051895000000e+12
1.473575879125000000e+12
1.379474254241000000e+12
1.218680075573000000e+12
1.363221130818000000e+12
2.432812273480000000e+12
1.734979130704000000e+12
1.318498290645000000e+12
1.283424732712000000e+12
1.127570372406000000e+12
1.262773491517000000e+12
2.016797648015000000e+12
1.293304653153000000e+12
1.388002966994000000e+12
1.761013051627000000e+12
1.426506369527000000e+12
2.183361643329000000e+12
9.109541466390000000e+11
1.250456204892000000e+12
2.143665128650000000e+12
2.166820728141000000e+12
1.285770363233000000e+12
1.029646807756000000e+12
2.205651763442000000e+12
8.690981179030000000e+11
1.201534077540000000e+12
1.190889006325000000e+12
1.998561398993000000e+12
1.338525195137000000e+12
9.883876919380000000e+11
2.043267119973000000e+12
1.371790021254000000e+12
8.962164073630000000e+11
8.915585602710000000e+11
6.790987716230000000e+11
1.718900283600000000e+12
1.739217440000000000e+12
1.320411498853000000e+12
1.200961386278000000e+12
1.467287522697000000e+12
1.184075360942000000e+12
1.417861084503000000e+12
1.019132079918000000e+12
1.466643763343000000e+12
7.016532850630000000e+11
1.221413949215000000e+12
1.101889430074000000e+12
1.346859794108000000e+12
1.361795752652000000e+12
1.157637085140000000e+12
6.942759230660000000e+11
1.070348348373000000e+12
7.863315209400000000e+11
8.256387803480000000e+11
9.280158114930000000e+11
7.568346005700000000e+11
1.190908477733000000e+12
1.228790530338000000e+12
1.101078692240000000e+12
1.410837120937000000e+12
1.045278093576000000e+12
7.758420387130000000e+11
1.238001786312000000e+12
1.363190799238000000e+12
6.294245864430000000e+11
4.954784701220000000e+11
9.270861842070000000e+11
1.629868958954000000e+12
6.258620288040000000e+11
7.539555076680000000e+11
6.902649961310000000e+11
8.625516095520000000e+11
9.659420660930000000e+11
8.105219205070000000e+11
1.199609957122000000e+12
1.519921739137000000e+12
1.445665443175000000e+12
1.120258962783000000e+12
1.046736736136000000e+12
1.017911757921000000e+12
8.382425817170000000e+11
9.382325530360000000e+11
6.663366775160000000e+11
8.020421133950000000e+11
1.617805326601000000e+12
7.697907479030000000e+11
7.239174638810000000e+11
6.701150965810000000e+11
1.108471034123000000e+12
7.753300205380000000e+11
6.132974394470000000e+11
1.379842117174000000e+12
6.517479529570000000e+11
7.025979998240000000e+11
5.675903543850000000e+11
1.007729098453000000e+12
5.290540159970000000e+11
7.765542661740000000e+11
7.987396434020000000e+11
8.519875576360000000e+11
5.651732171250000000e+11
6.682403029110000000e+11
8.007810857950000000e+11
8.048848289690000000e+11
1.100016922972000000e+12
7.329127175830000000e+11
2.890391013860000000e+11
1.384591399237000000e+12
1.009445045867000000e+12
7.708115765250000000e+11
8.502903630080000000e+11
6.471831053940000000e+11
7.623185765530000000e+11
1.030667461912000000e+12
4.194864231060000000e+11
9.159377375310000000e+11
6.987128473130000000e+11
1.059145991578000000e+12
2.088336670150000000e+11
1.059195531011000000e+12
4.921086308970000000e+11
7.010010621780000000e+11
1.023285168259000000e+12
6.778874585290000000e+11
6.696057366600000000e+10
5.287336043000000000e+11
5.339534144630000000e+11
8.528590913860000000e+11
3.381733939610000000e+11
7.852264035570000000e+11
7.089599121500000000e+11
7.451045171030000000e+11
2.257713012630000000e+11
4.318441756410000000e+11
4.910776816420000000e+11
2.460925671280000000e+11
4.910906090550000000e+11
6.147400774110000000e+11
6.044060850960000000e+11
6.860735484780000000e+11
7.403786119670000000e+11
1.066536779991000000e+12
3.097323356750000000e+11
1.135379663130000000e+11
3.960116536530000000e+11
4.586143362350000000e+11
3.877263272610000000e+11
2.351675330890000000e+11
7.373514835720000000e+11
5.924196145140000000e+11
6.494012830640000000e+11
6.438329112370000000e+11
7.889093960640000000e+11
1.962309974180000000e+11
2.547312185070000000e+11
7.749719504830000000e+11
2.855406262790000000e+11
1.437516839570000000e+11
5.494946179960000000e+11
4.162224903680000000e+11
1.992308021660000000e+11
4.802840065490000000e+11
3.903359792370000000e+11
2.896530588030000000e+11
7.375093524430000000e+11
3.468974959050000000e+11
5.126673712120000000e+11
2.174482435730000000e+11
7.224829887090000000e+11
6.262592850150000000e+11
5.710170544780000000e+11
3.328455863680000000e+11
6.294905441580000000e+11
2.418623327440000000e+11
3.749570088770000000e+11
5.984085630630000000e+11
3.689063911660000000e+11
8.109097860180000000e+11
2.828275522490000000e+11
2.738616956610000000e+11
3.053489325750000000e+11
2.593933487870000000e+11
2.985712037200000000e+11
2.696250388000000000e+11
1.822522164850000000e+11
3.008989442820000000e+11
7.450346226850000000e+11
3.027136724680000000e+11
8.066870254160000000e+11
7.578555637900000000e+10
3.041198438220000000e+11
1.681006368600000000e+11
1.514343223210000000e+11
7.694158297300000000e+10
5.433211161100000000e+10
3.819546208890000000e+11
2.545010474720000000e+11
2.369109832780000000e+11
2.302008897330000000e+11
1.647203308510000000e+11
3.600414931730000000e+11
3.753858413220000000e+11
4.056823387680000000e+11
1.122503607800000000e+11
1.887494758270000000e+11
