1.001561561836480000e+14
9.257746552760500000e+13
7.914662870105200000e+13
6.828843647426900000e+13
5.994321965960700000e+13
5.549352439167400000e+13
4.905069386308600000e+13
4.442319231587400000e+13
4.191358088537300000e+13
4.009885552309800000e+13
3.562816331938200000e+13
3.385311985652700000e+13
3.293314885015700000e+13
3.067723801878800000e+13
2.698718132761800000e+13
2.535904773125800000e+13
2.431362859564700000e+13
2.508810732629200000e+13
2.187491155152900000e+13
2.051795431187300000e+13
2.161712342620600000e+13
1.962304691260700000e+13
1.960010296727400000e+13
1.728556981437200000e+13
1.729764963286900000e+13
1.816021985516300000e+13
1.625978581426100000e+13
1.577871597391900000e+13
1.475956632553100000e+13
1.405124339551700000e+13
1.399800873688200000e+13
1.453414989627200000e+13
1.315491301624900000e+13
1.296833794845100000e+13
1.306998568366300000e+13
1.218332712485000000e+13
1.422706350803600000e+13
1.278704634018900000e+13
1.184400501737400000e+13
1.062753178722200000e+13
1.204242680029600000e+13
1.099054640780400000e+13
8.802411953851000000e+12
8.922430473942000000e+12
9.343069523495000000e+12
1.067138789569700000e+13
1.001293031352300000e+13
8.685947186901000000e+12
1.127486977744500000e+13
7.773146704508000000e+12
8.805165811579000000e+12
8.932147335840000000e+12
9.826352313106000000e+12
7.811825756948000000e+12
9.379506182932000000e+12
9.017039094527000000e+12
6.528245612766000000e+12
7.563554633809000000e+12
7.552327281492000000e+12
8.513933455053000000e+12
6.821744315870000000e+12
8.064137436859000000e+12
5.873915422653000000e+12
7.320646665295000000e+12
6.497092869005000000e+12
8.488353358983000000e+12
6.337128655216000000e+12
7.552251022559000000e+12
7.239516365358000000e+12
6.430077534833000000e+12
6.789070716148000000e+12
6.293960929969000000e+12
7.641671719379000000e+12
6.561120107772000000e+12
6.930946623248000000e+12
7.157564592446000000e+12
6.445101017909000000e+12
5.718851279749000000e+12
5.578065015502000000e+12
5.381209757659000000e+12
7.799195384795000000e+12
6.809966901012000000e+12
4.859797184658000000e+12
5.818509991810000000e+12
5.564226886431000000e+12
5.017242551476000000e+12
5.861895438355000000e+12
6.042231384440000000e+12
5.311459698947000000e+12
6.176835456384000000e+12
4.888529658608000000e+12
5.839700250098000000e+12
4.791779246637000000e+12
5.812966895189000000e+12
5.672681856914000000e+12
6.515582831937000000e+12
4.710915512408000000e+12
5.162193102040000000e+12
5.228810469580000000e+12
4.393315648242000000e+12
3.745937915706000000e+12
4.521533526584000000e+12
4.649550298286000000e+12
5.009224127342000000e+12
4.043784812228000000e+12
4.841171998720000000e+12
4.940856804236000000e+12
3.747517384205000000e+12
3.727516401379000000e+12
3.617954726169000000e+12
4.122715999158000000e+12
5.161132870097000000e+12
2.725972226488000000e+12
4.168150266469000000e+12
3.556944102531000000e+12
3.506255325954000000e+12
3.940943906352000000e+12
3.623042588478000000e+12
4.048292654162000000e+12
2.960180660370000000e+12
3.903724102303000000e+12
4.869981894316000000e+12
2.457682650742000000e+12
3.447053774340000000e+12
3.819385226591000000e+12
4.588415246752000000e+12
3.848912739909000000e+12
2.926170950490000000e+12
2.610426160042000000e+12
3.915021456297000000e+12
3.043398125275000000e+12
3.748379834762000000e+12
4.070445879680000000e+12
4.363745895180000000e+12
3.472795003903000000e+12
2.753963865380000000e+12
2.312809060180000000e+12
3.014960827013000000e+12
4.150455796234000000e+12
3.642192599490000000e+12
2.670308704663000000e+12
3.372739907268000000e+12
4.262321845145000000e+12
4.096532276359000000e+12
2.951919495639000000e+12
3.065102402110000000e+12
2.312956757341000000e+12
2.444873090602000000e+12
2.377214966627000000e+12
3.155981384956000000e+12
3.062740402285000000e+12
2.622943220189000000e+12
3.260656866080000000e+12
3.214933107551000000e+12
3.916167268553000000e+12
3.331187860703000000e+12
2.085705074300000000e+12
2.161251143441000000e+12
3.619130411662000000e+12
3.668043899515000000e+12
2.115996633401000000e+12
2.966784483953000000e+12
2.527572002441000000e+12
3.061184796874000000e+12
3.070763790323000000e+12
2.135412267795000000e+12
2.698260822681000000e+12
2.234456675482000000e+12
3.332592344622000000e+12
2.451921082611000000e+12
2.977312315049000000e+12
2.572490770996000000e+12
3.130484286607000000e+12
2.567985773133000000e+12
3.467745064772000000e+12
1.963965278799000000e+12
3.015454824665000000e+12
2.385755916744000000e+12
2.858327979181000000e+12
1.933768029295000000e+12
2.457468360823000000e+12
2.939921407565000000e+12
1.866199781267000000e+12
1.844754928221000000e+12
2.335065568191000000e+12
2.590768159638000000e+12
2.651702004678000000e+12
2.915551024705000000e+12
2.160616700895000000e+12
2.578095518372000000e+12
2.492897659004000000e+12
2.628427851346000000e+12
1.509248575655000000e+12
2.055107863125000000e+12
1.252990208208000000e+12
2.231197543745000000e+12
1.934754021972000000e+12
1.821614443588000000e+12
2.666045472309000000e+12
2.239221508141000000e+12
2.506893344588000000e+12
2.683138002326000000e+12
1.678418010283000000e+12
1.731793919228000000e+12
2.525596220085000000e+12
2.427417273696000000e+12
1.906288620305000000e+12
1.432309923252000000e+12
2.408577373701000000e+12
1.820806476051000000e+12
1.712974732893000000e+12
1.972201721833000000e+12
1.768127370235000000e+12
1.844192151423000000e+12
1.984069179918000000e+12
2.176888696528000000e+12
2.939177142625000000e+12
1.091200651681000000e+12
2.028379642143000000e+12
1.884492923907000000e+12
1.748888179880000000e+12
1.620284487153000000e+12
1.624749096441000000e+12
1.752855485259000000e+12
1.822184164031000000e+12
1.903364950681000000e+12
1.168203186232000000e+12
1.926197143854000000e+12
2.162915909432000000e+12
1.501967154743000000e+12
2.115710240355000000e+12
2.413369293533000000e+12
1.858861074824000000e+12
1.014955096178000000e+12
1.501756413253000000e+12
1.273806601681000000e+12
1.303547143054000000e+12
1.745117509098000000e+12
2.220380699928000000e+12
1.377229721659000000e+12
1.814625494174000000e+12
1.506639624247000000e+12
1.386986079992000000e+12
1.231363260501000000e+12
1.378345319784000000e+12
8.106100230910000000e+11
1.606529639069000000e+12
1.508940248393000000e+12
1.108332364804000000e+12
1.847226801793000000e+12
8.434395967260000000e+11
1.112302493185000000e+12
9.201232179400000000e+11
1.745517927520000000e+12
2.303368801759000000e+12
2.054523917200000000e+12
1.888630765252000000e+12
1.306115855674000000e+12
1.919234575212000000e+12
1.755746960319000000e+12
1.834712496961000000e+12
1.776051408175000000e+12
1.774022852940000000e+12
1.241974633912000000e+12
1.358954004451000000e+12
1.400328042826000000e+12
1.331824695312000000e+12
2.035485578122000000e+12
1.737930831023000000e+12
1.240204041084000000e+12
1.498480878566000000e+12
1.156419535094000000e+12
1.175007723685000000e+12
1.406115840477000000e+12
1.892863575787000000e+12
9.664621368270000000e+11
1.398981134884000000e+12
1.398507461567000000e+12
1.227741743297000000e+12
1.074646580607000000e+12
1.020106454179000000e+12
1.203075816282000000e+12
7.303063008880000000e+11
1.250718923833000000e+12
1.200292114502000000e+12
1.530833672591000000e+12
1.390756504795000000e+12
1.287621592957000000e+12
1.255427940113000000e+12
1.232597241079000000e+12
1.186733425117000000e+12
1.393287819077000000e+12
1.711356729811000000e+12
1.165715868380000000e+12
1.427585069489000000e+12
1.562398899121000000e+12
1.417485551761000000e+12
1.742173692990000000e+12
1.503859452049000000e+12
2.100271476222000000e+12
8.322474320840000000e+11
1.244827372193000000e+12
9.990344976970000000e+11
9.207220591960000000e+11
1.052743253848000000e+12
1.085536766247000000e+12
1.175877195009000000e+12
9.689315923180000000e+11
1.149041401392000000e+12
1.019702053702000000e+12
1.247590291880000000e+12
6.926894273350000000e+11
1.264085249896000000e+12
6.016625914240000000e+11
1.251068037578000000e+12
9.730309072030000000e+11
1.399438790381000000e+12
6.561485806610000000e+11
1.366522399844000000e+12
5.433892727700000000e+11
1.015153043885000000e+12
8.323362512110000000e+11
1.040773435799000000e+12
7.521906009870000000e+11
1.074828233702000000e+12
9.304273525990000000e+11
1.283764931293000000e+12
8.105216034770000000e+11
1.228105020841000000e+12
8.228454410110000000e+11
6.210354788330000000e+11
9.992669641060000000e+11
9.029391502560000000e+11
6.397833121630000000e+11
8.209514655310000000e+11
1.875574323148000000e+12
6.718555227210000000e+11
6.064200295780000000e+11
1.217832929907000000e+12
9.913075601470000000e+11
5.462961747110000000e+11
5.115759918810000000e+11
1.172149511626000000e+12
6.655169755760000000e+11
8.369019580270000000e+11
8.416635221290000000e+11
9.795434691860000000e+11
5.182757811060000000e+11
5.385873776330000000e+11
9.014326391630000000e+11
8.095775860840000000e+11
8.220922310180000000e+11
5.033784965950000000e+11
9.951975400700000000e+11
7.131487221820000000e+11
1.178366424150000000e+12
6.358824326110000000e+11
5.457372839620000000e+11
1.136068510005000000e+12
1.032883993203000000e+12
4.027799982190000000e+11
8.942007551420000000e+11
7.815324802720000000e+11
9.785700139040000000e+11
1.100811687389000000e+12
7.077578075410000000e+11
1.134483560209000000e+12
1.068786192994000000e+12
1.208002200738000000e+12
7.513807959030000000e+11
7.129239679750000000e+11
8.425518616650000000e+11
7.878206399280000000e+11
4.445434389560000000e+11
7.558787609100000000e+11
7.827625358010000000e+11
3.998776517020000000e+11
9.219908576310000000e+11
1.008920212515000000e+12
5.100410886930000000e+11
3.849988282330000000e+11
2.731234045870000000e+11
4.259565459600000000e+11
8.615535732100000000e+11
7.842390533100000000e+11
7.829351022250000000e+11
1.181831817431000000e+12
1.119645943419000000e+12
6.432000673940000000e+11
3.251764770030000000e+11
8.767730441510000000e+11
3.605015693630000000e+11
8.888795827400000000e+11
4.034191052630000000e+11
6.998121522980000000e+11
4.539317270770000000e+11
7.764315477990000000e+11
6.791419430480000000e+11
4.718034619100000000e+11
7.286450572780000000e+11
7.808987339030000000e+11
5.218189876050000000e+11
8.757987066530000000e+11
8.739405502390000000e+11
8.026957997570000000e+11
1.043988453119000000e+12
7.701556601090000000e+11
8.566353702830000000e+11
8.469117474940000000e+11
7.386141991380000000e+11
2.559516368560000000e+11
7.873409699480000000e+11
1.350879653105000000e+12
8.121165100580000000e+11
4.161333072110000000e+11
8.792160451870000000e+11
6.493397308250000000e+11
4.645443967700000000e+11
6.791619265850000000e+11
6.885775842760000000e+11
4.855310113070000000e+11
2.339048024460000000e+11
8.245776552530000000e+11
7.852671811130000000e+11
6.148388140250000000e+11
1.443970887534000000e+12
1.044869611310000000e+12
4.075151921070000000e+11
9.854626693710000000e+11
5.858051272190000000e+11
5.680469157010000000e+11
8.056655446500000000e+11
5.943617306740000000e+11
5.062564438490000000e+11
6.088931498490000000e+11
6.628184574940000000e+11
6.812129707900000000e+11
8.189261267640000000e+11
9.567509604900000000e+10
5.959752282960000000e+11
2.576161046720000000e+11
5.292074436060000000e+11
6.921609441680000000e+11
5.013362362300000000e+11
6.030209742030000000e+11
5.033517448710000000e+11
8.690039787390000000e+11
2.210058230140000000e+11
3.917114642810000000e+11
8.670671258940000000e+11
9.477713291000000000e+11
7.131607034200000000e+10
5.147415263740000000e+11
1.794214800530000000e+11
4.858361033510000000e+11
7.278771687190000000e+11
5.893779154790000000e+11
5.666584137870000000e+11
4.174348263490000000e+11
5.252555533840000000e+11
5.575188828240000000e+11
3.553706420150000000e+11
8.816184981500000000e+10
3.416283745800000000e+11
2.418793937220000000e+11
4.679356996350000000e+11
6.174310914850000000e+11
5.141467952990000000e+11
7.632424968660000000e+11
3.307111109130000000e+11
1.298525095450000000e+11
9.142814768800000000e+11
5.782867717950000000e+11
4.617836025900000000e+11
1.311197750020000000e+11
4.468146187930000000e+11
5.163617268240000000e+11
1.444043980000000000e+09
8.669315113900000000e+10
6.231840215560000000e+11
2.473158886410000000e+11
6.815118497020000000e+11
6.216677151040000000e+11
3.815457621540000000e+11
3.921139486910000000e+11
5.952675771140000000e+11
3.432367296360000000e+11
2.985577699230000000e+11
3.107952608000000000e+09
4.386817891960000000e+11
4.006463415790000000e+11
1.280800980630000000e+11
6.718663615800000000e+11
2.960771360340000000e+11
2.550546488510000000e+11
1.283847173210000000e+11
4.251157848600000000e+11
1.084971616030000000e+11
3.161367918600000000e+11
4.676154131480000000e+11
5.176824936870000000e+11
5.637535026200000000e+11
3.351413467080000000e+11
7.386214618460000000e+11
2.113878973240000000e+11
6.736731779490000000e+11
2.179911610010000000e+11
2.421666638450000000e+11
5.028205858380000000e+11
1.989909285110000000e+11
3.087671764650000000e+11
5.264904553700000000e+11
5.613618463270000000e+11
1.823885942720000000e+11
4.056953254330000000e+11
4.264205329310000000e+11
1.942698331300000000e+11
3.132554959030000000e+11
4.705619315920000000e+11
2.031385070450000000e+11
4.502985611720000000e+11
1.245237299230000000e+11
1.703038874920000000e+11
3.335153952030000000e+11
4.141485577670000000e+11
4.524537378850000000e+11
4.211385189250000000e+11
3.959022864570000000e+11
2.340430662950000000e+11
8.194264868100000000e+10
1.810285943360000000e+11
1.229220838500000000e+11
2.770166801000000000e+09
1.845395985540000000e+11
4.566251147640000000e+11
2.043685894760000000e+11
1.267330430830000000e+11
7.090520365200000000e+10
2.215881055690000000e+11
9.970089251800000000e+10
4.225982693510000000e+11
5.055461957090000000e+11
3.000382812320000000e+11
2.540265967790000000e+11
1.592273268250000000e+11
2.681330835320000000e+11
1.558971001840000000e+11
2.700970090580000000e+11
2.642426301360000000e+11
