0
13280543569836436
7839669713396318
3503958477334644
2061984249710199
1383776561789352
1021782847518284
781266008702411
625720110803608
499113568299448
407521667545492
353160917590117
303580725039920
260670493745253
227865744012971
201076253179004
181670910946713
163170147322796
146513256889944
138804164202055
127080650655138
117586843759768
109140259301112
105260808742498
97944895455493
92842271677307
88308115649562
85265522736859
80048204879278
75174212227184
72985804868347
72184355551497
68427531994187
64625385669932
63367650254903
62424049083688
58382412716386
57050544660401
55818192307449
53016167294761
51913847567039
51655415785002
49931584822170
46303335128802
46070211168497
45010776048480
44520926971846
42543865003842
43524817172463
39733062952546
38382494462363
39037362432014
36810840428719
38846689873860
36616675337181
34159933809050
32567664134609
33572479804818
33813328602216
31778800911262
31828504896904
31071205637415
30098328409795
30379070718467
29341363493491
27801730779340
27310313209680
28682064072781
25581975149344
24904045794084
26659921608113
26162705977001
24586974617158
24851088585721
25536053557971
24934936066034
24088220418650
21531242457426
22021383690342
22465928921267
23338735621697
21575379379412
20694274977562
20659159976028
21337681570638
20449461881450
19289998249566
20283448145994
19229680815896
19539329574801
19611729546751
17863095772087
18927230851893
18681279362741
18414053739987
19407208397946
17965001470078
19780205628359
17202977241520
17083416714587
16025114439352
17160566584227
16795324369911
15946379098376
16040634835692
14621065588329
15221964316255
16401224677691
15193262683965
14593649129281
14899421723576
16247897411859
13850708433622
12692746035169
15304918115382
13946270467559
14417365706929
13831839149424
13856872999205
14226074854253
14232951667701
11789529636124
13218076490862
13284041993947
11903938638303
13223552822538
12527505849647
12029030666467
11484668345616
12331236457576
12504804284980
12172187643669
11225543892543
11694903808540
12453126630366
11831251005429
10302635227415
11278897718138
11353435377778
11057169818250
11367118352384
11786320223259
10656714457132
9786202025265
10188314403481
9289870726331
9811506581919
9053003252487
10444694928696
9692393240175
10120022409072
10071952384991
9871809631550
9673507975812
10367199831382
10388948729903
9295520644153
8966385837687
9499691053476
8233801278421
8771419215247
8323367869352
8551275875780
7851410882507
8473576102784
8233256094907
8826094638693
8883917636933
8064970476742
8474632200128
7655019513491
7820655375019
8582281193158
9057980656866
7672123911626
8604773905629
8013992818968
7138436376708
7519571983986
7307812524952
7338151674647
7987518182912
6649061522619
6921099309083
7612540036288
6991341258605
7232583972271
7763003526012
6810784557561
7203944775119
6596023360499
6891445879672
6691317856587
6308344259945
6176868449259
6893097366784
7118372230277
7004105038248
6774242221880
7473952867797
6529532890514
5114796266311
5902874726823
5783845976030
7055102128574
5139902202886
5654565149363
7575189294259
6144633709665
6163065624169
6747473015544
6736784216399
5928228760092
5733925668636
5738263301909
5303697583403
5311472501792
5557480266489
5268687764297
5143897991883
4928590407726
4990149387838
5636113707201
5436879615738
4740459465395
5939360141844
4933333592398
5466538488064
4666790323455
4765629071339
4620274609221
4818760306186
5402854430513
4863250424786
4324040212056
5072117563431
5144040121691
5098090806366
4908729448158
4926718324789
3449050771872
4891261753427
4733615794061
4500953653521
4179973697075
3601628988404
4670013185269
4823161491076
4620732933957
4524625696499
3824233952601
4234368831148
3788036153416
4316346747383
3790977313537
3231662773448
4135192805645
5057910644339
4348904397040
3942165496061
3884054234686
4705239286773
3438954029781
4293791769447
3304673130960
3449241603495
3275353818673
4226995466448
3885156170249
3927092487646
3664730400160
3645340522061
4014799137536
3749417192758
3304902494977
2988491447392
3902635886449
3944191910501
3751810411471
2497457532764
3359118252096
3315981642804
3653538405207
3310292642969
3532973352561
2940856325904
3566400322490
3600815852334
2999521712643
3386361153695
3671636422715
3032784864207
2657980635883
3884684519576
3383857280121
2796461704159
2555667725470
3637194707867
3317964475608
3330749840106
2485109228632
2798402845969
3044954049755
2748988677226
2567062899907
2053020453083
2614570843640
3645095351429
2314924820103
2408925101804
3419507902170
2630337585070
2170824202279
2730877477729
2589949628036
2443983996546
2778059865841
2628133469946
2686181145076
2717584661454
2683845219166
2467587561690
2810909731886
3003324462258
2786118745405
2274241747802
2589321751301
3500081502382
2710797250752
2143985926781
2840533347389
2493909328393
2776351030475
2635063807815
1890175754041
2543185571329
2209002485065
2226290929704
2455115785096
1858173241384
2750899691507
2062106908337
2136248520984
2040114610159
2267343970110
1972104019977
2137838086935
2725951871329
2124712730021
2499642640588
2153052209753
2394591118084
2174240262434
1503929407611
1980021833062
2278076119124
2834869611975
1421462510268
1845923214552
1745650363523
1762110662994
1945777896084
2351500536570
2097071394245
1957669674319
2087196590414
1881980902317
1974675788182
1554466370487
2156657795754
1878999155484
1455057583822
2016575589849
1156343559347
1390495714454
2037939281377
2080044910798
2239640137480
1922097311350
1905077439099
1911427520186
1489626252853
1655640990443
2138027019381
2123573467053
1596172293121
1732683360090
1604489490333
1564918132872
1779089293792
2160805274063
1699528668201
1723349480463
1663347668742
1440134933619
1650556364060
1262711614030
2352206398928
1763257767912
1586701143729
1633143119383
1498475069086
912891852313
1375148101519
1910987158687
1517334967315
1459719646335
1739604001477
1148120309771
1936886904573
1815118368858
2105757309980
1571184140775
1517986183766
1048554043115
1849836691069
1576189095288
1658425960190
1181526970435
1079315412406
1538432919892
1308567684527
1250840052346
1133954259636
1330593373558
1144608124191
1256738991349
1086130465204
959296660429
647109246086
1192438107692
1190378614242
1151896572631
877965911432
1490415155615
992703818662
1264223590063
760605729674
1137850151616
1127925418758
845505709190
1339149082236
882915460652
931013204537
1258220284934
1088957807715
815465586269
937538280881
933422815472
902892000717
1108102446685
897040747286
908212213845
727180673544
865102885239
1207344141639
1020584026542
1241090107912
952093299599
880172763734
1597678972769
814950074829
797375791015
694762707787
979188255922
1129956723152
1087766596041
1221884987060
764740778314
635722311473
550313113393
942978704329
1095642731856
680221536505
959128560867
1058962870231
808561041039
763426764339
979333389979
843418874544
802921261787
889724193741
835063272472
568618503446
360445162084
446199021032
397495702373
874123452275
884868536261
641053142685
824021105530
1055920202409
696470056645
515627802886
715636087666
909156107817
892447680444
965748058661
373202335021
808424199465
505329824621
447494813023
906963576529
832371415793
365408215725
441823652127
595529870896
813635017952
466294273752
580937096798
731525995161
431722782521
389923649678
613798042805
590448770613
868840089652
486371013558
679833184782
460079920543
665354346179
653407145261
692540038997
519719998002
778926471516
432911331237
284005982829
625627851413
335437113483
862506828557
587050154040
600432133422
444789433121
573098336239
782244112497
441278219827
476821166042
493635859238
421544191975
126057716340
391860215125
794701802897
490592192947
443463266941
498768707801
292475872490
501280369580
273125364766
563943317448
580801186768
475595432898
378304365177
647391739403
442189629674
410621540336
339346473285
347063713795
301419991480
343353438897
426491283756
275708763151
444163640735
351230694270
236573749527
467487665339
145897002556
474759840067
148774816857
254560494799
369956949813
366624792591
286935252619
313940459075
507490472904
701368835648
260681782672
456025540665
308962548560
221879263193
165655301508
565178199124
153890355291
447505326536
310230641842
457375003499
104721382035
461228248874
316579450236
368075527989
199742248531
283892191516
46043187007
169048862541
366124817562
495192504565
181747733249
314767435360
321877613408
72352519006
514855616932
359242630000
488614962319
155528563560
190364707945
163355398149
152107945662
187842897620
367048893103
289600187572
176882709709
80361305815
171741366333
169171678659
51308038248
103991234173
207325724906
442578709029
386488466379
364789217380
128064083088
154055743871
155916486952
429975696314
197109753474
356782417475
176280625818
183214875255
45141139981
252079494454
163179094252
123596556869
109271219572
44620052742
48145039081
261610403680
248216971654
366818991555
188970941056
105799865297
284739134529
74038963290
43942627536
69143450573
243807581035
123287601698
226463766932
278394733799
127789018401
67295535541
192569699572
121440606013
121301744184
110571976198
45497357462
55433091474
22264382894
16916473636
207540787404
126084693255
105325289016
115594486677
138872703176
314752250729
237847037937
39827947908
155923339307
213932727277
107232012206
134462511537
272137933496
125042099741
154075515121
187381593765
167762599181
108378179152
105491445850
18011912142
30234271426
35106920423
92618524839
157431916164
51009658252
85739434159
27613348828
101059368399
38459995521
148747637267
67259206155
21547154548
69934110670
87182033676
144440248107
85309911994
38146150461
76949026627
131992805076
111930266638
125745422959
187175878851
80880846400
34673924606
91822137419
181956908283
156697613588
157102132422
79158127419
1529216490
31392165834
21343975173
138275143865
72084001505
166232261302
20841594149
9397918951
6929340148
9623750960
5067123873
3058255465
4624670471
43637187911
1530100321
13826978462
6374898851
7130903046
104403875376
10756729459
85515572087
165067713860
10490055707
0
34267958154
6719944813
4741149074
7433326964
11865628340
4033226412
1529369298
4131728217
37025531941
61198845000
76892100140
1573488971
70310826430
93082889561
0
91125399226
103214246442
98131754659
100389387077
4953136882
60903959245
94882875796
1528652283
144537261776
8461387376
0
3071190075
10763926167
22953143718
13121305108
1529263733
70364160859
3150761323
5470461883
83113829796
14662730191
14085274382
1767399957
3169782247
3142791888
1531408045
22034123894
101122858907
0
0
8181248994
0
0
6381054283
0
15755866847
16983032781
3407254456
1574050662
1679384458
3092297225
15138155196
0
8913671772
5917540387
3331217769
1555433238
0
10801870686
0
1528494860
1770161715
1543824186
3088042830
4601157010
9849782922
0
0
0
0
86079609256
3069012937
9392930608
0
79743504944
0
20172424493
1588797131
4702296457
0
10137551601
0
0
0
2543721355
1531086031
26086678126
0
1535943739
1532392059
12918853952
0
11907549944
2873195807
4866711983
13585056092
20373018114
1595457297
1998151660
1542122961
1734885652
33803002206
18129229100
11471979886
16077501498
2058308302
11481516860
14929280675
0
1535596463
1530748114
3057110937
5962759549
0
0
5636270471
0
0
0
0
19746769510
0
0
0
10939612192
0
0
8294473516
0
0
0
0
20077488979
1530004501
0
0
0
1532437360
0
1528835309
0
0
0
0
0
0
0
0
0
0
0
8977606926
0
0
9866762088
1540725091
0
0
0
0
0
0
0
0
0
0
0
0
0
0
0
0
0
0
0
0
0
0
0
20294836607
0
0
0
0
0
0
0
0
0
0
0
0
0
0
0
0
0
0
0
0
0
0
0
0
0
0
0
0
0
0
0
0
0
0
0
0
0
0
0
0
0
0
0
0
0
0
0
0
0
0
0
0
0
0
0
0
0
0
0
0
0
0
0
0
0
0
0
0
0
0
0
0
0
0
0
0
0
0
0
0
0
0
0
0
0
0
