0
0
0
0
1016282737820444
2626722220868190
1544979034734819
1005961170245459
694538815812490
502711293374711
381439417933631
298027740166725
229067662902309
186208137708164
155796390246832
127152591097397
108798187581944
90616892506309
77497187385713
67016103231235
57574909235182
50900888168720
45144606171573
38542072634191
34119619207057
30119650866988
27981469992630
22307939576919
19874131317891
17491841485958
16041223642582
13771222447307
13940806906297
11530078156458
10314008480137
8532262799217
8651293009945
7552974000768
7604602882609
6651014350201
5758401460534
5378572281800
4752899313709
4265020878220
4137004769062
4143372586685
3479276897874
3501415669754
3848820590273
3604664450244
3006550269461
2270320455155
2556178249000
2727945851554
2403635566953
2313263938021
2159820623042
1979991687828
2514727372375
1908950221513
1963150522392
1860255185131
1852024661193
1869139923362
1971320201465
1592921525184
1484291937664
1848720457006
1533943322463
1546199783019
1708038388560
1797618594933
1277934146499
1415608940065
1731035150812
1554382764413
1645962796005
1308613757990
1162982175566
1273850417220
1244292847105
1173790315890
1200197097207
1458574002420
1467595004404
1361166153047
1118327301429
1240549750047
1142039366261
1034027413813
1067864227479
1148076110519
964911392959
1252194664951
916001372890
1111239568649
1048981717904
895117177937
894420630272
850648026508
957128084588
1014617937353
924271863240
815554247314
706642844382
841502990447
598322143861
943578582024
799832124496
1111227171124
766184407908
882849405075
906888450639
839557803313
673587495206
582328262390
975829951259
705159751691
622040466272
645667853961
641623209734
718225363623
595399163332
694071402438
691140886986
702745195246
731091832136
506905120282
803168557975
513891138112
647073219345
350410844365
524893904717
490574297876
783251522531
619043279308
492610447910
607218285855
340084252721
440514187567
577495863593
387569873348
441380258680
626139444765
443182585881
624368712163
307557589065
585431284437
473875340964
429892969702
518606526255
476230249454
379271173431
184839822190
235587454826
506460802238
324662007721
370437300935
500976182369
365216155666
557411866847
339226219146
324288726745
248114728104
428362881616
325858352122
329954589366
362583144023
372152340964
274391689997
138542962408
201639218169
389009009060
378763275000
329546011585
450177546805
233167490774
280548808957
332952042314
384065612904
169395834780
360422865727
198084027522
168495637250
400246006398
291408267130
234994326800
371984007534
133251737559
136055162293
229631303242
289344883782
410398288507
638341057395
105969694557
234434783176
35250123765
239968624831
235943973401
121235942989
239872862453
91354272021
44313094371
244330806268
262495642623
281721973387
133912418022
88539370095
91756978988
299448340189
190263670618
264071483640
209918463751
225865663740
170025880445
97470261401
130334858708
215627041051
129001249353
262066944695
173742418715
263540487652
301626695211
69766160584
185295656030
238139402977
173151370254
157855393056
168737946336
381732866783
138680385809
162726759604
300007952889
232006099627
84775452259
183037554507
308792468537
79249864994
207287195891
155013159568
93350733049
46800243359
217228608559
265624813324
264684986729
166999102691
280376146999
76513613652
225657905450
151631505572
93683663146
159305884063
89859438471
75253706025
221825512837
214502612329
221237024862
161733006475
86201233612
33008268396
142233713236
4598449143
21716739034
138467500414
73949828121
81918861695
91572990194
160565451499
139500666985
8653060757
128830308550
68323029391
128561822272
116629965708
60594063857
205780271650
102081798710
138949644271
27027459945
79288605631
227000967440
12061953579
10308154133
74321795599
156581149486
60990471426
19074877973
68531964475
118989495008
4441910553
138911233512
3216292386
132897096148
4310907105
8844056182
125998440789
138387032235
138917737875
2136326682
375443341023
70622023483
139232473841
184796967289
1274151010
118312629829
171202190534
63471199300
141916029872
40084490098
108713462597
6956909126
62281896483
318275922341
194436356206
7369574233
55489708213
133310527106
6979034054
100354744520
68769452144
151796058134
67106848469
120252723289
138785064148
163440014580
154440914069
58908949768
134285539236
66737808806
165825603310
127452782523
295518439302
120695604087
113036930806
3570073757
118472723663
115303397952
113774174385
0
144141368281
188419746934
2674962718
139572489545
63650269533
63556056538
7891417923
0
1285061730
198552494053
86567682573
120950630143
140175421799
1274015116
50935442845
74211164727
1315011437
54311056597
112488500984
127025185903
4632991325
60456688524
0
142537998093
0
65868066696
116409211207
0
0
1275529072
151873373984
177217502969
66201820849
50439536980
60630884759
62593183801
1719036217
1292606061
55626479911
75167657564
0
0
57926216907
67023238067
189545758120
0
0
115850011506
59167613626
73156034799
174415911659
39588642860
64582539996
52769534865
59272153433
75519421910
47929573834
154066009003
118242139979
177633477639
0
69967339487
0
0
232115996804
0
0
72105747526
71094526708
0
45654987096
129966240565
0
0
1274318764
142212451911
0
73070330323
1274832306
0
72358440583
130201710324
72011487192
62601146951
102536025377
1288733534
64909755757
121720545505
62176731017
0
53642670805
59798966510
72021926523
46894225535
174496584121
0
170863458462
56068670005
0
2577639823
0
80361945428
54297876487
0
55232131272
62885496378
0
49571138943
58888449996
58162377574
60436692603
60547537434
50978788838
0
114820453239
126211713466
0
0
1278998323
62849576083
66114363213
102125231447
70764229900
45890282115
0
114972577747
0
69133060728
122963426654
59646522766
58221958931
133223574978
64408893618
66471111254
0
54558831796
46624284782
48498718072
0
0
0
0
57706428992
118210776015
61036473124
0
186813104161
0
0
0
129804176404
62722036009
68635016708
0
139010049949
0
40156922687
0
57040626183
64433814002
62815605528
72299007029
0
68610468296
1274748161
1274439281
0
0
0
0
0
62594437175
63181540971
0
1278657866
0
0
0
122561109729
2592562731
0
0
0
54551791260
0
0
69774877717
59567614946
0
0
56386100290
194480812621
1278416234
61026725421
0
0
0
0
0
0
54815967836
58741871492
58632633287
0
63025728477
0
0
0
0
0
0
2560908321
1274536520
0
0
0
74307311681
0
0
0
1278654239
0
1273968035
0
0
0
53285215565
1278331353
0
54115840853
0
1274952037
0
1299142716
1291221027
0
1275832326
0
0
0
59264083342
0
0
0
0
0
0
0
0
0
0
0
0
0
1276627242
66670723643
65883439620
0
1274571404
1276483786
0
0
0
39666600720
0
0
62715347453
0
0
0
0
0
1285458974
0
0
0
65790058995
55080604103
0
1282629008
0
2553655233
0
0
0
0
0
0
1275786067
0
0
0
0
0
0
2550849279
1276706282
0
1287994645
0
0
0
0
0
0
0
0
1275195606
0
2579844221
0
0
0
0
0
0
0
0
0
0
0
0
0
0
0
0
0
0
0
0
0
0
0
0
1478768037
1497957660
0
0
0
0
0
0
0
0
0
1274576688
0
0
0
1283378554
1276873749
0
55887212893
0
0
0
0
0
0
1336064264
1275136099
0
0
0
0
0
0
0
0
0
0
0
0
1514744622
2554820797
0
0
0
0
0
0
0
0
0
0
0
0
0
0
0
0
0
0
0
0
0
0
0
0
0
0
0
0
0
0
0
57864645967
0
0
0
0
0
0
0
0
1285067091
0
0
0
0
0
0
0
0
0
1294353024
1285532279
0
0
0
0
0
0
0
0
0
0
0
0
0
0
0
0
0
0
0
0
0
0
0
0
0
0
0
0
1274760182
0
1273904745
0
0
0
1311630829
0
0
0
0
0
0
0
1280543562
1289692913
0
0
0
1311311062
0
0
0
0
0
0
0
0
0
0
0
0
0
0
0
0
0
0
0
0
0
0
0
0
0
0
0
1278288416
0
0
51190267162
0
0
1278572148
0
0
0
0
0
1274474060
0
0
0
0
0
0
0
0
0
0
0
0
0
0
0
0
0
0
0
0
0
0
0
0
0
1274109250
0
0
0
0
0
0
0
0
0
0
0
0
0
0
0
0
0
0
0
0
0
0
0
0
0
0
72299560870
0
0
0
0
0
0
0
0
0
0
0
0
0
0
0
0
0
0
46187323856
0
0
0
0
0
0
0
2563495591
0
0
0
0
0
0
0
0
0
0
0
0
0
0
0
0
0
0
0
0
0
0
0
0
0
0
0
0
0
0
0
0
0
0
0
0
0
0
0
0
0
0
0
0
0
0
0
0
0
0
0
0
0
0
0
0
0
0
0
1273936917
0
0
1275053217
0
0
0
