1.336273736829911000e+15
1.212761505760949000e+15
1.132056423412938000e+15
1.032602690738090000e+15
9.704547314780140000e+14
9.232490840806130000e+14
8.793238682780230000e+14
8.103125676666410000e+14
7.575350431738260000e+14
7.144584348971170000e+14
7.139635678191510000e+14
6.570097320445950000e+14
6.324256396494150000e+14
6.101034718309090000e+14
5.707629015734670000e+14
5.571569925676240000e+14
5.523201632687330000e+14
5.048278477919710000e+14
5.124596506907420000e+14
4.840783697765070000e+14
4.756552839182370000e+14
4.422751079070950000e+14
4.482113949938220000e+14
4.285618902753990000e+14
4.167367381123090000e+14
4.028043792243720000e+14
3.958179303156740000e+14
3.814761260742790000e+14
3.738927047864940000e+14
3.591153390975480000e+14
3.467897641228990000e+14
3.436801559968520000e+14
3.264701307574250000e+14
3.185806665543820000e+14
3.171916080640320000e+14
3.228438161602730000e+14
3.088426543166900000e+14
2.971088763454390000e+14
2.921753514715170000e+14
2.693529594124420000e+14
2.725858115642800000e+14
2.702684860562480000e+14
2.667506295407600000e+14
2.572853632983940000e+14
2.522168348751670000e+14
2.442083576519210000e+14
2.369563115338030000e+14
2.336544460478090000e+14
2.379499240101470000e+14
2.299602523347830000e+14
2.254099036313670000e+14
2.240774567864620000e+14
2.193100121936040000e+14
2.105377203267550000e+14
2.144428302181670000e+14
2.031764169396540000e+14
2.092240021258120000e+14
2.048506341391130000e+14
1.965704559508060000e+14
1.984496531625390000e+14
1.889157342194920000e+14
1.951897767579560000e+14
1.820676829654110000e+14
1.852090598827690000e+14
1.788531856467970000e+14
1.761458818389810000e+14
1.738079026870640000e+14
1.669333652517600000e+14
1.773382351651130000e+14
1.654354096825720000e+14
1.602851239538240000e+14
1.697045490108450000e+14
1.628277187915050000e+14
1.544627236738710000e+14
1.528064740996420000e+14
1.544720742810240000e+14
1.484083690403870000e+14
1.480764841362890000e+14
1.440283795313770000e+14
1.501824413770140000e+14
1.411469512226140000e+14
1.383085721249350000e+14
1.431644237205450000e+14
1.327288648246670000e+14
1.277166144743560000e+14
1.330958989910880000e+14
1.318802197384080000e+14
1.253822701393770000e+14
1.289276736860910000e+14
1.254968407331060000e+14
1.205597056664860000e+14
1.148061955290670000e+14
1.205413053474390000e+14
1.200473069461400000e+14
1.111591235995570000e+14
1.162693360778750000e+14
1.158247615202980000e+14
1.091640617186420000e+14
1.114514280619950000e+14
1.099733080290580000e+14
1.030331541807410000e+14
1.062126971891010000e+14
1.041777341016240000e+14
1.023596722316580000e+14
9.739154545978700000e+13
9.940820407824300000e+13
9.169918075083000000e+13
9.859680661585300000e+13
9.678339051744400000e+13
9.455156258961000000e+13
9.561345515236300000e+13
9.548652260354600000e+13
9.630163900326700000e+13
9.021031640716600000e+13
9.112007661440500000e+13
9.443372719521500000e+13
8.687754289455200000e+13
8.549312796046400000e+13
8.702848752231200000e+13
8.122333733876100000e+13
8.408147371535600000e+13
8.585087718473800000e+13
8.639765497304900000e+13
8.014422050333200000e+13
7.821809470553000000e+13
8.018897619398700000e+13
7.782236076929900000e+13
7.747447736786800000e+13
7.952786406398000000e+13
8.167160922206200000e+13
7.616162927630500000e+13
7.311240919967300000e+13
6.978242744759200000e+13
7.310795152724400000e+13
7.165251272666100000e+13
7.165509151908300000e+13
6.602712073296500000e+13
7.024112328192400000e+13
6.734751900320200000e+13
6.885917911099100000e+13
7.253283633947800000e+13
6.901443354336000000e+13
6.316805722344000000e+13
6.258976612902500000e+13
6.369791118768600000e+13
6.640441114367400000e+13
6.319726342824400000e+13
6.616973973547600000e+13
6.299362732065700000e+13
6.718861658832800000e+13
5.827053420904400000e+13
5.855134713801400000e+13
5.956850479380000000e+13
5.545956733728900000e+13
5.517707143140500000e+13
5.728745653604300000e+13
5.622036283462100000e+13
5.283873371384800000e+13
5.874602265258900000e+13
6.011173193110500000e+13
5.708945528583700000e+13
5.491104087032900000e+13
5.574103336799900000e+13
5.292022021995800000e+13
5.333839878580500000e+13
5.109951882903100000e+13
5.087749014664300000e+13
5.096528398140000000e+13
4.946917641796000000e+13
4.857854584036400000e+13
5.568483201588300000e+13
5.050349114991100000e+13
4.834855653977300000e+13
4.560260309602500000e+13
4.772379351698900000e+13
5.004562979900600000e+13
4.622234136371600000e+13
4.777563928656900000e+13
4.708095944025700000e+13
4.895541117147100000e+13
4.654255671927900000e+13
4.472627998323900000e+13
4.181700602713700000e+13
4.312978651633100000e+13
3.979413948690000000e+13
4.513240454079200000e+13
4.093381708540000000e+13
3.938370739753400000e+13
3.974820392344400000e+13
4.210909192267800000e+13
4.056096700117200000e+13
4.034701085321500000e+13
3.862635597634900000e+13
4.253129245801400000e+13
4.115066983626900000e+13
3.812839683461700000e+13
3.581225978032600000e+13
3.980100369756200000e+13
3.493582324507500000e+13
3.344485057997900000e+13
3.424505299940600000e+13
3.620978369607200000e+13
3.527957200125800000e+13
3.305483708820700000e+13
3.466751610826300000e+13
3.325471436669800000e+13
3.594511117205100000e+13
3.537366523234300000e+13
2.997967364542400000e+13
3.121635313050400000e+13
3.052985453887100000e+13
3.225829521783200000e+13
3.116496294123600000e+13
2.989608755657600000e+13
3.042482263123200000e+13
2.883827058730000000e+13
2.772864010591600000e+13
2.906897358283500000e+13
2.485129803842900000e+13
2.995191864062800000e+13
2.882846999617600000e+13
2.712736477094600000e+13
2.875033556685200000e+13
2.486723346186000000e+13
2.487384275410600000e+13
2.571060996755300000e+13
2.736902879290500000e+13
2.792892317872100000e+13
2.657938636660800000e+13
2.375378530750100000e+13
2.691088786908600000e+13
2.351179606705900000e+13
2.296369995204800000e+13
2.722818950524000000e+13
2.596194167603800000e+13
2.783051635281000000e+13
2.296639925301900000e+13
2.187934830866600000e+13
2.134497194674600000e+13
2.554253347547300000e+13
2.334034956701800000e+13
2.283255944300300000e+13
2.161465404185600000e+13
2.002068983018400000e+13
2.163872442781700000e+13
2.185126044225300000e+13
2.232107839163200000e+13
2.191463010094600000e+13
2.192697964372800000e+13
2.010654867593800000e+13
2.160952343320100000e+13
2.039522319786400000e+13
1.759433831849100000e+13
1.905391239124100000e+13
2.119640942069900000e+13
2.064374449086500000e+13
2.054424529430900000e+13
2.058356577075400000e+13
1.953887142542800000e+13
1.643861285344600000e+13
1.884001195183200000e+13
1.884042904767400000e+13
1.703902768066400000e+13
1.611976099081100000e+13
1.688482107786300000e+13
1.812618029078600000e+13
1.743070132640100000e+13
1.678881591126400000e+13
1.774917148717500000e+13
1.660594844893100000e+13
1.573420768379700000e+13
1.552570648466500000e+13
1.874635115060400000e+13
1.595945253711800000e+13
1.522989933170200000e+13
1.742782335955500000e+13
1.715225700507100000e+13
1.613352099038200000e+13
1.354713094954900000e+13
1.580031582647900000e+13
1.544826393200900000e+13
1.396261750465100000e+13
1.627727805170600000e+13
1.260419225202800000e+13
1.372256915294400000e+13
1.444075670826800000e+13
1.427929084924500000e+13
1.423737858035500000e+13
1.338757562113700000e+13
1.309910437690800000e+13
1.029055291055900000e+13
1.304009310910300000e+13
1.217529433510500000e+13
1.226918482531200000e+13
1.237461389843100000e+13
1.250285421675100000e+13
1.470743826826200000e+13
1.626850019525000000e+13
1.490871674507200000e+13
1.237016993272200000e+13
1.352068580979900000e+13
1.051225415879200000e+13
1.110005720005500000e+13
1.468622320780000000e+13
1.324102543931100000e+13
1.270095739685900000e+13
1.276966303718600000e+13
1.256565271671700000e+13
1.229160183808200000e+13
1.256157113887900000e+13
1.095552386265700000e+13
9.247123874372000000e+12
1.162241232875700000e+13
1.049652338504000000e+13
1.310736235210000000e+13
1.039020548719700000e+13
1.113529506390600000e+13
1.268601972412200000e+13
1.264529264592300000e+13
9.444109306122000000e+12
1.200773813400900000e+13
1.246016283780200000e+13
1.150159683329700000e+13
1.131912795243000000e+13
1.150737080448300000e+13
1.176808769579600000e+13
1.102508059215200000e+13
1.017401889085100000e+13
9.800197320794000000e+12
1.397896288823300000e+13
1.175755841450400000e+13
1.088767270042700000e+13
1.032627667057700000e+13
9.467457476329000000e+12
8.805339262447000000e+12
9.551525829499000000e+12
9.763156046269000000e+12
1.003083763142200000e+13
9.094130862093000000e+12
1.088044131037000000e+13
9.961814049360000000e+12
1.116235444431800000e+13
1.058247762035600000e+13
8.131090063079000000e+12
8.405145821169000000e+12
7.445208226073000000e+12
1.046823191012300000e+13
8.712378503674000000e+12
9.222452486828000000e+12
9.004155162088000000e+12
7.773832584121000000e+12
9.288062194764000000e+12
8.114284070305000000e+12
8.593398365356000000e+12
7.267931190907000000e+12
7.124200547311000000e+12
7.350251210312000000e+12
9.883116906044000000e+12
8.152833131649000000e+12
8.557378592554000000e+12
9.796559652496000000e+12
7.923421490951000000e+12
6.633361091699000000e+12
7.404760087211000000e+12
7.445548670762000000e+12
8.656969037714000000e+12
8.443779082779000000e+12
6.663486072864000000e+12
6.631813766488000000e+12
6.572426738105000000e+12
7.169896676502000000e+12
9.302833645919000000e+12
7.084706977761000000e+12
7.520828024665000000e+12
7.242217326244000000e+12
7.899482182032000000e+12
7.419628027536000000e+12
5.343186309382000000e+12
6.762309646982000000e+12
6.164381499340000000e+12
7.296786018422000000e+12
7.960034205679000000e+12
6.972566857162000000e+12
7.840277542624000000e+12
6.206052961172000000e+12
5.388125945149000000e+12
5.934614762987000000e+12
8.087107351777000000e+12
7.217324627822000000e+12
6.604014701644000000e+12
6.205043668147000000e+12
6.018810860485000000e+12
7.412228357419000000e+12
8.167233063928000000e+12
5.641867930963000000e+12
5.190199514298000000e+12
6.231850912295000000e+12
6.550132998974000000e+12
6.871428111256000000e+12
6.768570595613000000e+12
9.601401234349000000e+12
6.646404866217000000e+12
5.748911025799000000e+12
5.526018835769000000e+12
5.474587683949000000e+12
6.399325765422000000e+12
6.263086990599000000e+12
5.941579345661000000e+12
5.473390412198000000e+12
5.073540596702000000e+12
7.822497763686000000e+12
4.958755913553000000e+12
5.528611649377000000e+12
4.665309202946000000e+12
4.397858168115000000e+12
6.971156356020000000e+12
6.004025190494000000e+12
6.829201777139000000e+12
5.505983787993000000e+12
5.327117094331000000e+12
4.972126324531000000e+12
5.261802587995000000e+12
6.160479149651000000e+12
4.302110646372000000e+12
4.110843099550000000e+12
5.863380265346000000e+12
3.773483463219000000e+12
4.890115868336000000e+12
4.930653079219000000e+12
4.452486941732000000e+12
5.333257752833000000e+12
4.407054982960000000e+12
6.033296588760000000e+12
4.419567962031000000e+12
3.981568106073000000e+12
5.358933602039000000e+12
5.386383199666000000e+12
5.609552389546000000e+12
5.218820495912000000e+12
4.898605992374000000e+12
3.899293119495000000e+12
5.108222803707000000e+12
4.855322008936000000e+12
4.674324249228000000e+12
4.155081896745000000e+12
3.554024599486000000e+12
4.075970557470000000e+12
4.565630521613000000e+12
4.454689378233000000e+12
4.143355701864000000e+12
4.735735609351000000e+12
5.944422829036000000e+12
3.162194829319000000e+12
2.695977948541000000e+12
4.800687313819000000e+12
4.666008961683000000e+12
3.142228651326000000e+12
3.268912394544000000e+12
2.258689674364000000e+12
4.590628418648000000e+12
5.431805720111000000e+12
4.856190015503000000e+12
3.240501132027000000e+12
3.577511112646000000e+12
2.767480393584000000e+12
5.112594844133000000e+12
2.717644277161000000e+12
5.335302963826000000e+12
3.198517904726000000e+12
2.570008073958000000e+12
4.112137304642000000e+12
3.610533103775000000e+12
2.838427715332000000e+12
2.636833612001000000e+12
3.335788419251000000e+12
3.037321157162000000e+12
4.585337087154000000e+12
3.703155311195000000e+12
3.929866057413000000e+12
3.025984273324000000e+12
2.774439125144000000e+12
3.523305445163000000e+12
3.691822012656000000e+12
3.117529417441000000e+12
2.282245603242000000e+12
3.807378398193000000e+12
2.436052005242000000e+12
4.284224435682000000e+12
2.574238288141000000e+12
2.478661772066000000e+12
2.665380825216000000e+12
2.935847112868000000e+12
1.699696085087000000e+12
2.977468156529000000e+12
2.911562869206000000e+12
2.021638395263000000e+12
2.534667261548000000e+12
1.854383962292000000e+12
2.412456567492000000e+12
3.254251948545000000e+12
2.763267632509000000e+12
2.335956012939000000e+12
2.418564172776000000e+12
3.812282753803000000e+12
4.380094297438000000e+12
2.527866808185000000e+12
2.885664112021000000e+12
3.041996921248000000e+12
2.328608155395000000e+12
1.744273415887000000e+12
3.089311836771000000e+12
2.906919453997000000e+12
2.619700002477000000e+12
2.118878378490000000e+12
2.651069913306000000e+12
2.968802145013000000e+12
2.427258219599000000e+12
2.927009346367000000e+12
3.093994353355000000e+12
2.217330215230000000e+12
2.033260955939000000e+12
2.596018437035000000e+12
1.817624454877000000e+12
1.584460545514000000e+12
1.378845500080000000e+12
1.934607474831000000e+12
1.883888709059000000e+12
2.206922202929000000e+12
1.660758381988000000e+12
2.176895819953000000e+12
1.845499867886000000e+12
1.906636860081000000e+12
1.350955890232000000e+12
1.331223246904000000e+12
1.964474456084000000e+12
3.191448063739000000e+12
2.058138455625000000e+12
1.539290898077000000e+12
2.631846939237000000e+12
2.117474951535000000e+12
2.230201380861000000e+12
2.297931361598000000e+12
2.278923536177000000e+12
1.581998226343000000e+12
1.653961000075000000e+12
2.398408999588000000e+12
1.746725278231000000e+12
1.655074974297000000e+12
1.575925063376000000e+12
1.128008788580000000e+12
9.912106481370000000e+11
1.885734207141000000e+12
1.160158016199000000e+12
1.703930095505000000e+12
1.975396112719000000e+12
1.380218247458000000e+12
1.547273105588000000e+12
1.275783294904000000e+12
2.912938801171000000e+12
1.559387816278000000e+12
1.389477389295000000e+12
5.654916578160000000e+11
1.912826629513000000e+12
8.911884716270000000e+11
2.298539117752000000e+12
1.354506606775000000e+12
1.397163608082000000e+12
1.174006424714000000e+12
1.289430662163000000e+12
1.308370363139000000e+12
1.407354556299000000e+12
1.359385949399000000e+12
1.223251229540000000e+12
1.601996645631000000e+12
1.422636551778000000e+12
4.830246427560000000e+11
9.674282225110000000e+11
1.709725366857000000e+12
1.358400423654000000e+12
1.226539710581000000e+12
1.474707231862000000e+12
1.259869661787000000e+12
1.692906021380000000e+12
1.364864242726000000e+12
1.286781562479000000e+12
1.187168026189000000e+12
1.375425447751000000e+12
9.814949932580000000e+11
9.491418672620000000e+11
1.128324675678000000e+12
1.115079549072000000e+12
9.527375601490000000e+11
9.917717429660000000e+11
7.455716419220000000e+11
1.037112626185000000e+12
1.762850152328000000e+12
8.114669085620000000e+11
7.562462704820000000e+11
9.231641151730000000e+11
1.297971722519000000e+12
1.307479668637000000e+12
1.301046633261000000e+12
9.807161566080000000e+11
4.623277166980000000e+11
8.824782452860000000e+11
3.227035588000000000e+11
1.236891655561000000e+12
7.836098109140000000e+11
3.751266748320000000e+11
9.148751338300000000e+11
1.464972289794000000e+12
6.399338803540000000e+11
6.334299205730000000e+11
8.925822587350000000e+11
6.351554912210000000e+11
5.952546048550000000e+11
9.867899701020000000e+11
1.009733051885000000e+12
2.336914962670000000e+11
8.398000054330000000e+11
8.821641601040000000e+11
3.074446912880000000e+11
1.293916608919000000e+12
9.982559925810000000e+11
7.490033776230000000e+11
7.898486622830000000e+11
5.490057642820000000e+11
7.692325238880000000e+11
9.730528247900000000e+11
1.613697090845000000e+12
2.378973577360000000e+11
5.599340460950000000e+11
6.800189567240000000e+11
3.641542383670000000e+11
8.947101582130000000e+11
7.134200200430000000e+11
7.180986950530000000e+11
2.189927770900000000e+11
9.347090175340000000e+11
1.251666753482000000e+12
9.187929118490000000e+11
7.236407772330000000e+11
1.185508849404000000e+12
7.346275679950000000e+11
1.225767180769000000e+12
4.073352430820000000e+11
3.015939620460000000e+11
2.357063635880000000e+11
3.358374336500000000e+11
4.775993748100000000e+11
8.753980569900000000e+11
7.348188430900000000e+11
5.831746918170000000e+11
2.035183405730000000e+11
3.725564124320000000e+11
7.038431142880000000e+11
6.249273079990000000e+11
6.737152334510000000e+11
4.191867887480000000e+11
5.363235641970000000e+11
9.591573734970000000e+11
3.639085398050000000e+11
1.637571264892000000e+12
2.530122272800000000e+11
5.273179060820000000e+11
1.132524871069000000e+12
3.954406424180000000e+11
7.315818361900000000e+11
1.707262257440000000e+11
4.952109311590000000e+11
3.169714283550000000e+11
3.898226477850000000e+11
2.293717474340000000e+11
3.149815437270000000e+11
4.494054834350000000e+11
4.541821054260000000e+11
7.239153003340000000e+11
6.044449666670000000e+11
5.661553039500000000e+11
5.881471696400000000e+11
3.489972452900000000e+11
7.520895234810000000e+11
3.459237041620000000e+11
4.289080774820000000e+11
3.885521330780000000e+11
4.900886040580000000e+11
4.518082558030000000e+11
5.479203166930000000e+11
3.014892848320000000e+11
5.118098478320000000e+11
7.328283122240000000e+11
8.534720286860000000e+11
9.170160285400000000e+10
6.290636535670000000e+11
6.083903537820000000e+11
6.668629622670000000e+11
4.578341460140000000e+11
2.481577180500000000e+10
4.179415885370000000e+11
2.178586755670000000e+11
1.027320919186000000e+12
5.145411857620000000e+11
6.307464483170000000e+11
3.960493048080000000e+11
1.770889835450000000e+11
3.734512182340000000e+11
1.179608292746000000e+12
4.576485592770000000e+11
7.456466704090000000e+11
2.504564286280000000e+11
3.838370722120000000e+11
3.471192328940000000e+11
2.007692505220000000e+11
1.864284746920000000e+11
8.043807755200000000e+10
4.016761514780000000e+11
5.953356549430000000e+11
2.074027608670000000e+11
4.922872787000000000e+09
2.081417204580000000e+11
1.860402817350000000e+11
3.893540390820000000e+11
5.208702556080000000e+11
1.892313122440000000e+11
3.256944539350000000e+11
2.972242111530000000e+11
7.975449258060000000e+11
2.349133976260000000e+11
3.625128531090000000e+11
2.548221302440000000e+11
5.001592105190000000e+11
2.793998200020000000e+11
7.146643929150000000e+11
5.369421949700000000e+10
1.090392453200000000e+11
2.219040579000000000e+11
5.592948746190000000e+11
5.029866855710000000e+11
2.479042502450000000e+11
8.333233029000000000e+10
2.709744416150000000e+11
1.878534251430000000e+11
5.086913482800000000e+11
2.021079498560000000e+11
3.042481105730000000e+11
