145050800328824
138804555322186
129627472600850
129390492096644
121801078169114
113296330431028
105925108638987
97787585558763
95947701810750
89512943127300
90756397805229
84346985033523
79130023481611
75055137701532
77405437684268
74816262073962
66477156544414
64909085850643
63642523360026
58729694313481
55468518259826
53240980444204
51282610911597
51943125098537
47575548062845
47595208186109
44936164853199
41074938143319
42577931693461
41918566832760
38861708988774
37830442296529
35033599024266
35056709116355
33836585220438
34114399259465
32195366219852
30089232759389
29288641987668
27904537943805
27251201564497
26600780436890
26314118538631
24167673724010
23837061390709
23563641670797
23252330871375
22310189910519
21066156283688
19154445901700
21720550335038
21616534637013
18896387614588
16586325421778
18621339004655
15673483355019
16339921683027
17178993752851
14630376129738
14652844733750
13358009768040
13100732142733
13483319696383
13963321831727
14012004643469
12372427181141
12433770468452
11019762234731
11640590023291
11043616075228
11962197965244
10835031520588
10654101450082
10491115743332
9461881693085
9314773344316
8931744776499
9143218794550
9040519702172
8440842603402
8864469397108
8118063878849
8002353687290
8264216102336
7607307793141
7474053915564
6553629290152
7158349957007
6151102643621
7012382331605
6277423628817
7157795381198
6574822745077
5921662548116
6144661186782
5801688461603
6508811700314
5676960782157
4952813240422
4971680461736
4688412909378
5334641878780
4913516869478
5537981457133
4622962262431
5142890761202
4089975413327
4363674462695
4416709834457
4231340983514
4255881121213
3735077815050
4295756310924
3711894022125
4052144071868
3746184685053
3174887756578
3073820934158
3046866918954
4134329077631
2747125145884
3276498916009
2850052442649
3115606817106
3478753690090
2760171089272
2752030918128
2968402635460
2358572968533
2699767807395
2353719941760
2791282772877
2524365641429
1855164907911
1961649804191
2362440956742
2357833939856
2069736229089
1657559349437
1810539014683
1809123121889
1692777672704
1920387892539
1593978354284
1961736228961
1744038200448
1511611429464
1806246342624
1561854831732
1795951657466
1759088994961
1345128167582
1868130919527
1944746263132
1583626136408
1691428716378
1740444696623
1383742439045
1419211044712
1488311486401
1434654267487
1019353084722
1228613771542
1364084751241
1071433844306
1065335077187
1124962127106
1192963358135
1064418818429
1195547789771
1143514896743
978022447478
1106419024553
1194136217876
956170761694
999773185377
1047283031366
909064272024
1050084798754
754383414792
874442007312
705455173772
937281032807
983778370737
692853466175
813275448449
641816461724
900000068676
618379229222
778899041375
613464125810
569976535007
734652180893
771845242986
653042520518
613496537243
602758220299
602957992312
357413289063
433101354910
502092176757
694143733856
440864563844
638045933155
367064809903
397447889865
527178342157
660149877319
416982352909
487129696833
306611475825
580134194242
613555875469
439510413283
478886625587
414248732289
365873637260
428418731589
379577126986
362696443141
322768565239
475965144416
328849236475
328540295754
235537707481
394639184002
276788361534
362597124516
364343024045
183462226781
249859991773
273927528939
240742577792
311403671235
400912326903
321317680369
268965280682
234240981868
213554499793
334553594023
315670812300
294770414444
212173321638
299329591718
234633577144
202944771471
241805714906
214809347157
276125235666
135256184354
155229933736
181979010676
132019740916
239386520359
97944946876
249275268378
258107813304
251212238473
165805190238
149361777857
184558952251
171423255522
89854842094
180491128479
216079115729
165314951564
148449828799
247190306341
120131813262
81946754921
211438167323
159904267876
142981877613
104001068051
115592238985
67245761909
96105220055
104830423922
171704489647
160851607076
114315398281
120092738369
151376879345
108608367878
118224956710
102900929463
161201317949
69977467800
99488392597
98578183257
88363763887
106654065955
77761133451
105001314199
101367474629
128281892445
104994001816
131979415255
53616343590
36773967106
74275184985
50636138457
78127293710
86883150703
102610050500
72925409653
75921982010
103621522540
88450626254
48114317084
103964446209
48263331591
76502027694
53223726225
46934617053
49484172484
44242407227
57232184503
21402242662
103911757160
36170536519
19713878377
28073211205
37533250041
46972026785
13687336376
31640196232
44448081486
87406160316
41430034204
35110471045
58898434125
36896247734
32919737674
21330482346
24501727520
42733435691
34347622462
44434503746
4037187687
66631926586
67147447213
37105850412
36868849950
16798956910
49240745444
72523509646
34566134545
33422817743
16888085271
20302269585
3866084724
53248640282
14516325106
11300140738
36328566427
20168582946
36743070902
35972795670
8978514099
23178188653
32847474330
36568046747
20196657320
17777411231
29987474840
11868054226
14259016193
10066209657
6676526295
13108893709
49694952347
2557896161
24252805724
16056844934
20473100425
42246353621
2519185762
15336590411
41161748669
3836256312
16652768768
