1.310793508421388000e+15
1.241303891870815000e+15
1.173606162023052000e+15
1.107640737128004000e+15
1.041466306736662000e+15
1.003856502383124000e+15
9.682679494306540000e+14
9.125436894099570000e+14
8.903270871805790000e+14
8.529119283039250000e+14
7.944774715475800000e+14
7.949420785580100000e+14
7.643300524761580000e+14
7.418655003499640000e+14
7.126235973212720000e+14
6.854991947218930000e+14
6.905428668656840000e+14
6.504739170426950000e+14
6.248999877980810000e+14
6.252484234757420000e+14
6.027762350216830000e+14
6.060539114725060000e+14
5.797140019346500000e+14
5.733923390326140000e+14
5.692949496697300000e+14
5.462349298629500000e+14
5.520986045994560000e+14
5.122924858102690000e+14
5.121092905055570000e+14
5.048711406903190000e+14
5.020525097175910000e+14
4.799603924167100000e+14
4.658284301891170000e+14
4.615668440299980000e+14
4.492810564786720000e+14
4.458489002636290000e+14
4.260561106637240000e+14
4.238611014184510000e+14
4.115084603030530000e+14
4.245498888508330000e+14
4.068704011009720000e+14
4.116594826359320000e+14
3.966649495996440000e+14
3.908688230585760000e+14
3.905918222034820000e+14
3.727347069934250000e+14
3.777991098910730000e+14
3.598165743093480000e+14
3.604576372230580000e+14
3.644644102536430000e+14
3.517139539493920000e+14
3.453964369371980000e+14
3.270761107568670000e+14
3.364447057404470000e+14
3.377210623604890000e+14
3.221208275499190000e+14
3.244724941290420000e+14
3.140304847201610000e+14
3.110625367373570000e+14
3.055364006090540000e+14
3.008958734271300000e+14
3.023219124703230000e+14
2.948446907582830000e+14
2.933687108668200000e+14
2.799769287091550000e+14
2.844870711323780000e+14
2.872253571956880000e+14
2.652103765214630000e+14
2.749212436358080000e+14
2.604132457887380000e+14
2.675219156341000000e+14
2.589761296073890000e+14
2.523544941653740000e+14
2.562647861610840000e+14
2.430159027708190000e+14
2.452435286902450000e+14
2.321538187078320000e+14
2.438893695083100000e+14
2.316571096819660000e+14
2.290362208660040000e+14
2.283387479132720000e+14
2.248977173569630000e+14
2.130293505249930000e+14
2.171716399621190000e+14
2.220604855391580000e+14
2.155537331450550000e+14
2.162805432363560000e+14
2.051414785753380000e+14
2.126853886016650000e+14
2.025570052098670000e+14
2.048768281138770000e+14
1.934694065147280000e+14
2.038908257638640000e+14
1.879194664432470000e+14
1.946218167776100000e+14
1.899666113154530000e+14
1.849396887942280000e+14
1.758729307109010000e+14
1.868211669391280000e+14
1.919669756491340000e+14
1.718934979067310000e+14
1.764438882021600000e+14
1.690160197907220000e+14
1.677819360605040000e+14
1.718615465437020000e+14
1.575005481419720000e+14
1.665903740638890000e+14
1.722520981950200000e+14
1.579143683446480000e+14
1.613152797704510000e+14
1.456709070809510000e+14
1.558745899577650000e+14
1.502677971562010000e+14
1.476920959536660000e+14
1.405334476503170000e+14
1.494464972236650000e+14
1.470758552707600000e+14
1.382032580053350000e+14
1.402142565583160000e+14
1.354102944178210000e+14
1.352994094444140000e+14
1.313937067926740000e+14
1.344885240606370000e+14
1.250831430557090000e+14
1.363959712154360000e+14
1.281132222088830000e+14
1.281253551857300000e+14
1.255244241608630000e+14
1.281561453512690000e+14
1.223858275379710000e+14
1.252778862219950000e+14
1.169324444309340000e+14
1.147113183242080000e+14
1.119353930207800000e+14
1.164762086457030000e+14
1.099629993605500000e+14
1.147733855180560000e+14
1.141071739048100000e+14
1.126610536878370000e+14
1.034852039354150000e+14
1.046148002472570000e+14
9.721664515018300000e+13
1.013006501730270000e+14
9.581474970595100000e+13
9.511409147546000000e+13
9.722012127518300000e+13
1.010151767538450000e+14
1.009292297910940000e+14
9.534983738498600000e+13
9.429891494807100000e+13
9.218502764964500000e+13
9.259734264342800000e+13
8.850516370382800000e+13
9.225575284973200000e+13
9.529853120501200000e+13
9.067705178511800000e+13
8.543993518118000000e+13
8.822605564163700000e+13
8.652617671483300000e+13
8.185950370508900000e+13
8.721180973424800000e+13
8.595305839716700000e+13
8.092596056444600000e+13
7.908327965637900000e+13
7.768456225049900000e+13
7.293774903906600000e+13
7.324233578231600000e+13
7.308027742884200000e+13
7.493300750560000000e+13
7.280750094787200000e+13
7.551548075843400000e+13
6.981058225979200000e+13
7.210412721608600000e+13
6.894674221237400000e+13
6.897722965686400000e+13
6.754735816454000000e+13
6.097772109205000000e+13
6.269763892703000000e+13
7.067869772003600000e+13
6.587880186638900000e+13
6.311894340807200000e+13
6.235986499520900000e+13
6.394002714833900000e+13
6.093181063574300000e+13
5.832694215483100000e+13
6.196265243544800000e+13
5.825919961916300000e+13
5.590902275153100000e+13
5.693017643845600000e+13
5.513220151064400000e+13
5.754964692852200000e+13
5.413464207782700000e+13
5.134377297275800000e+13
5.330202748728200000e+13
5.433348405174900000e+13
4.663016445064400000e+13
5.105151381989600000e+13
4.851507399441200000e+13
4.732250274127200000e+13
4.484075676973900000e+13
5.007934495478200000e+13
4.622347769055900000e+13
4.563559765724000000e+13
3.995185230519700000e+13
4.347855613398600000e+13
4.478459745785200000e+13
4.217301144498000000e+13
4.323555754668900000e+13
4.384844374843500000e+13
4.175355090353400000e+13
4.214219774220000000e+13
4.202465338495400000e+13
3.775138999754000000e+13
4.040017330846200000e+13
3.775679737984400000e+13
3.983420782916400000e+13
3.736699398158700000e+13
3.920566969766000000e+13
3.788069632381000000e+13
3.937526088576400000e+13
3.581372991009300000e+13
3.891975228392800000e+13
3.399646466432100000e+13
3.658173204762800000e+13
3.676979107872300000e+13
3.586111458946000000e+13
3.534176687497100000e+13
3.395834185089500000e+13
3.334767826537600000e+13
3.248216579343600000e+13
2.946848802169100000e+13
3.080069587729600000e+13
3.231518824393700000e+13
3.047915728523300000e+13
3.200841247459100000e+13
2.830008246144700000e+13
3.047719672178100000e+13
3.316518145038500000e+13
2.924448123892800000e+13
2.893568501941400000e+13
2.573365227007900000e+13
2.913675110837300000e+13
2.888104356097700000e+13
2.968152907967100000e+13
2.802106070643800000e+13
2.752709453979300000e+13
2.520384168203100000e+13
2.879554747028700000e+13
2.212159021792700000e+13
2.857731648421000000e+13
2.553179291503200000e+13
2.508121588415300000e+13
2.557821923703800000e+13
2.388117593224800000e+13
2.457743825847700000e+13
2.582544924687900000e+13
2.249938481447300000e+13
2.671588283784600000e+13
2.169919867558700000e+13
2.345403939736900000e+13
2.136723141466900000e+13
2.146242713413700000e+13
2.369885389127600000e+13
2.492816127940800000e+13
2.107955473365100000e+13
2.126060377094400000e+13
2.145118135497800000e+13
2.067763306732100000e+13
1.879872140018700000e+13
1.889333063995100000e+13
1.868221573265200000e+13
2.127352798728400000e+13
1.965660286258400000e+13
2.019855640900400000e+13
2.234429632476900000e+13
1.843847164896700000e+13
1.923223585162300000e+13
1.904601844108800000e+13
2.014638573209400000e+13
1.991845204430200000e+13
1.694693399453600000e+13
1.685585282925800000e+13
1.586255804794600000e+13
1.723213776629000000e+13
1.710473016313200000e+13
1.749389644657800000e+13
1.642413553576300000e+13
1.523722193436600000e+13
1.790137111708100000e+13
1.612962785761500000e+13
1.464996049802500000e+13
1.689912416622900000e+13
1.451578138905500000e+13
1.524372737297100000e+13
1.652528292695500000e+13
1.444455496180600000e+13
1.492665559379500000e+13
1.499334227666900000e+13
1.527304376729100000e+13
1.455082078802100000e+13
1.465423412149000000e+13
1.546143654030700000e+13
1.447464147818600000e+13
1.542348925650100000e+13
1.451161992667100000e+13
1.270706155772000000e+13
1.321163443176100000e+13
1.529550103776400000e+13
1.159025813498800000e+13
1.281244389291800000e+13
1.376500794825000000e+13
1.406045133297400000e+13
1.253900264664100000e+13
1.269017741440300000e+13
1.254976029204200000e+13
1.181115807726300000e+13
1.218961239931600000e+13
1.191932114306100000e+13
1.425443543030200000e+13
1.139273684193600000e+13
1.146263771688100000e+13
1.175856967235900000e+13
1.097672416851500000e+13
1.129055899297200000e+13
9.980766717456000000e+12
9.690395974546000000e+12
1.038644318498300000e+13
1.030317064714200000e+13
1.253705236951100000e+13
1.015211716374800000e+13
1.025354086879100000e+13
1.057018326288200000e+13
9.605000716662000000e+12
9.419799497155000000e+12
1.100997058833800000e+13
9.410649878730000000e+12
1.205626686707300000e+13
8.835264606308000000e+12
1.097951079304800000e+13
9.592335484891000000e+12
1.006504012463500000e+13
8.768545822923000000e+12
1.183093642106000000e+13
9.978324830168000000e+12
1.005608689677900000e+13
8.164464653192000000e+12
9.030052871245000000e+12
8.234574922823000000e+12
8.867296541081000000e+12
9.856050370056000000e+12
7.878186977195000000e+12
9.244830887382000000e+12
1.028351000654700000e+13
7.557694174588000000e+12
7.247258644730000000e+12
8.919237992499000000e+12
8.552340733401000000e+12
7.688625678298000000e+12
9.250339012505000000e+12
8.642816029972000000e+12
9.394949400738000000e+12
6.731280638559000000e+12
7.950004581899000000e+12
6.151735044764000000e+12
7.236275335347000000e+12
7.801058130787000000e+12
8.317988751083000000e+12
8.753201116944000000e+12
6.873820864418000000e+12
6.586249327943000000e+12
6.890752162825000000e+12
6.264540928559000000e+12
6.947837554571000000e+12
6.591110018802000000e+12
5.797225112510000000e+12
7.925762553369000000e+12
6.210618553219000000e+12
6.325845402741000000e+12
5.985022828680000000e+12
6.032369314269000000e+12
7.794438378491000000e+12
6.080816115523000000e+12
8.045468247514000000e+12
5.632152017711000000e+12
6.886264668998000000e+12
5.867501079000000000e+12
7.842974761279000000e+12
6.394892875375000000e+12
6.298383361043000000e+12
7.155113456666000000e+12
5.999464369886000000e+12
5.439700448591000000e+12
7.499700035952000000e+12
6.749414987992000000e+12
6.869349711564000000e+12
7.191899925717000000e+12
5.928327540240000000e+12
6.517594152787000000e+12
5.210275019931000000e+12
5.395041498227000000e+12
4.143145579470000000e+12
5.514568671849000000e+12
5.280380727486000000e+12
6.801774544654000000e+12
5.089125616754000000e+12
4.785368239609000000e+12
5.214231223793000000e+12
4.723647966622000000e+12
5.566162907016000000e+12
5.892758278782000000e+12
5.229263761208000000e+12
5.396097640845000000e+12
5.397246307861000000e+12
5.207171588697000000e+12
6.065177295763000000e+12
7.522696537814000000e+12
5.774810335174000000e+12
5.438509125776000000e+12
5.530189932945000000e+12
4.942165891943000000e+12
5.456611904842000000e+12
5.734384168344000000e+12
5.905851497163000000e+12
4.082043532338000000e+12
5.521745656833000000e+12
5.213239333524000000e+12
5.229698469394000000e+12
6.137374151934000000e+12
5.264278688774000000e+12
5.708953919039000000e+12
4.700086074563000000e+12
4.918258518689000000e+12
4.569677468682000000e+12
3.871390829968000000e+12
4.699555807756000000e+12
5.151645746331000000e+12
5.689477353538000000e+12
4.542969708543000000e+12
4.860404421348000000e+12
4.013641265515000000e+12
5.022665479191000000e+12
4.630374294269000000e+12
4.055342233561000000e+12
5.528662415496000000e+12
4.274176072577000000e+12
4.427933477057000000e+12
3.182341807904000000e+12
3.738867040165000000e+12
3.912839362433000000e+12
3.704685825035000000e+12
4.241312983421000000e+12
3.910233759312000000e+12
3.905172833390000000e+12
3.395916323885000000e+12
2.867944220744000000e+12
3.973011148919000000e+12
5.122626582500000000e+12
3.652908774086000000e+12
4.093364822006000000e+12
2.881154290306000000e+12
3.446962527488000000e+12
4.162176805998000000e+12
3.865860520403000000e+12
2.878675339212000000e+12
3.080547398132000000e+12
2.928928171644000000e+12
3.732261896530000000e+12
3.122144918907000000e+12
3.452155199364000000e+12
2.879972081567000000e+12
2.438086517424000000e+12
3.129456800717000000e+12
3.310361989819000000e+12
3.352504362300000000e+12
3.951974045898000000e+12
3.697080342108000000e+12
3.108389654176000000e+12
3.652246304263000000e+12
3.357362236879000000e+12
2.980925520046000000e+12
3.573570374924000000e+12
3.964824661778000000e+12
3.737708950407000000e+12
1.430874239676000000e+12
3.172436366021000000e+12
2.796423141460000000e+12
2.547561032858000000e+12
2.870844468706000000e+12
3.917182621905000000e+12
2.949095406815000000e+12
2.685080705785000000e+12
2.944121838430000000e+12
2.186177935651000000e+12
2.928743346791000000e+12
2.448251284884000000e+12
2.137579514372000000e+12
2.249149768583000000e+12
2.395574545552000000e+12
2.418054556991000000e+12
2.232038301195000000e+12
3.673580445898000000e+12
2.533149433759000000e+12
2.449907391252000000e+12
2.245088377304000000e+12
2.417550259838000000e+12
1.882387876688000000e+12
2.506450125138000000e+12
2.290623154943000000e+12
1.553787212002000000e+12
1.421190432469000000e+12
2.135449380723000000e+12
2.248277957596000000e+12
1.970923236364000000e+12
9.551489087770000000e+11
2.718988975439000000e+12
2.558039900514000000e+12
2.431674821397000000e+12
2.017457636299000000e+12
1.617252805738000000e+12
2.289119671312000000e+12
1.598714501348000000e+12
1.625833779491000000e+12
1.305285247533000000e+12
2.087620641710000000e+12
2.377298110236000000e+12
2.159743676221000000e+12
2.034840898219000000e+12
1.709887346828000000e+12
1.629226781164000000e+12
2.046001467168000000e+12
1.895379557501000000e+12
2.489549106350000000e+12
1.960178636396000000e+12
1.756923617191000000e+12
1.814703042250000000e+12
1.167353889392000000e+12
1.753592957185000000e+12
1.815580204415000000e+12
1.358350925433000000e+12
9.940965687550000000e+11
1.203336034217000000e+12
1.118050403750000000e+12
1.977039480893000000e+12
2.728007003453000000e+12
1.998923057302000000e+12
1.499681939374000000e+12
8.669405829600000000e+11
1.261487764001000000e+12
1.838467402089000000e+12
1.202616125319000000e+12
2.292362363307000000e+12
1.736392083621000000e+12
1.181101178270000000e+12
8.236949968460000000e+11
1.690645529702000000e+12
2.024409328811000000e+12
1.815220882312000000e+12
2.364259857447000000e+12
2.044411060466000000e+12
1.757776769847000000e+12
1.109036420452000000e+12
1.612992939368000000e+12
1.322114594469000000e+12
9.518074937280000000e+11
1.977899153580000000e+12
1.275933316202000000e+12
1.323213625347000000e+12
1.196153559192000000e+12
1.357690584943000000e+12
9.859153901840000000e+11
1.309618318083000000e+12
1.089193175059000000e+12
1.400416230541000000e+12
1.293257067546000000e+12
1.135033208579000000e+12
1.025895042631000000e+12
1.478202158239000000e+12
9.450976908630000000e+11
1.169000968602000000e+12
1.096454560597000000e+12
1.133920702532000000e+12
7.837577379750000000e+11
1.087043753320000000e+12
6.228971069110000000e+11
1.137361749224000000e+12
1.153142180568000000e+12
1.359289396530000000e+12
9.747873409030000000e+11
8.223912613750000000e+11
6.107004569810000000e+11
7.298607924960000000e+11
7.677430153180000000e+11
1.320950030612000000e+12
1.329119262847000000e+12
7.483018826040000000e+11
7.878036201720000000e+11
8.754937935290000000e+11
1.644917408719000000e+12
1.241050625168000000e+12
1.468095695002000000e+12
6.021573166330000000e+11
1.402274324821000000e+12
8.086623281180000000e+11
7.375320255500000000e+11
1.759305142947000000e+12
7.063909636120000000e+11
7.796600257050000000e+11
7.873970505010000000e+11
1.535345633069000000e+12
1.226887549818000000e+12
1.193408020672000000e+12
1.482569699866000000e+12
8.643116046660000000e+11
1.010860446203000000e+12
9.109478044550000000e+11
9.237307139200000000e+11
9.861635600450000000e+11
4.399641999880000000e+11
9.161425315590000000e+11
8.132835035340000000e+11
8.645693140590000000e+11
5.983236100360000000e+11
7.967614003410000000e+11
6.840755878830000000e+11
7.014912441700000000e+11
7.720152009530000000e+11
7.915640702580000000e+11
6.143342468720000000e+11
7.913683272590000000e+11
1.043497864595000000e+12
6.880948241930000000e+11
4.212536216930000000e+11
4.284192631740000000e+11
7.300395559040000000e+11
7.333562804250000000e+11
6.750455853930000000e+11
6.782263007450000000e+11
3.365649323760000000e+11
5.685978166520000000e+11
4.879978680060000000e+11
8.677417500210000000e+11
8.682744844130000000e+11
1.264143890993000000e+12
5.702703720320000000e+11
5.878505367330000000e+11
7.227011188010000000e+11
7.693288592980000000e+11
6.576244599380000000e+11
8.081710785400000000e+11
4.978372019520000000e+11
8.104640090260000000e+11
8.628207477450000000e+11
2.894048967540000000e+11
4.951678572160000000e+11
3.806413092430000000e+11
6.015883225330000000e+11
1.282453549395000000e+12
2.051821527650000000e+11
3.545174392740000000e+11
3.330421157580000000e+11
7.374609700790000000e+11
2.620283415000000000e+11
6.963195539890000000e+11
7.312475235280000000e+11
9.562013288220000000e+11
5.138206036010000000e+11
3.298752500100000000e+11
6.351763415280000000e+11
5.264807626270000000e+11
4.237087506330000000e+11
6.784868573350000000e+11
5.579055563030000000e+11
4.207868114410000000e+11
5.154855082710000000e+11
3.221656158700000000e+11
1.526160382130000000e+11
1.015112443978000000e+12
5.764362657510000000e+11
2.083109480580000000e+11
3.704449710200000000e+11
6.385379685630000000e+11
4.852614749700000000e+11
4.576768137530000000e+11
4.345659192340000000e+11
1.689311363060000000e+11
5.022694478330000000e+11
5.348161808710000000e+11
3.767445066350000000e+11
5.572593970670000000e+11
3.837150167870000000e+11
3.522011906750000000e+11
1.304713171560000000e+11
6.882293342900000000e+11
1.073274037830000000e+11
3.403967149320000000e+11
1.530057588740000000e+11
8.097369983150000000e+11
4.996994229610000000e+11
2.709673207000000000e+11
5.428973683770000000e+11
3.683176275700000000e+11
5.407668421510000000e+11
8.325407524280000000e+11
1.362270327370000000e+11
2.521310139280000000e+11
3.760500950480000000e+11
4.959942522180000000e+11
6.641121746580000000e+11
2.650596871540000000e+11
3.201837002510000000e+11
4.607389867650000000e+11
3.175315268520000000e+11
3.177944115590000000e+11
4.136981265290000000e+11
2.914928219160000000e+11
2.694336066510000000e+11
1.674793474830000000e+11
5.019013769600000000e+11
4.020444368650000000e+11
4.510008581650000000e+11
3.297501903070000000e+11
1.684869534100000000e+11
5.615013468280000000e+11
2.577771114840000000e+11
1.826270274520000000e+11
3.357250327650000000e+11
1.000972095860000000e+11
5.967525231300000000e+11
5.666781995940000000e+11
4.393754694750000000e+11
2.983193697840000000e+11
3.703240829180000000e+11
2.839569443730000000e+11
3.156938023960000000e+11
