5.760500000000000398e+01
6.041499999999999915e+01
6.322499999999999432e+01
6.603499999999999659e+01
6.884499999999999886e+01
7.165500000000000114e+01
7.446500000000000341e+01
7.727500000000000568e+01
8.008500000000000796e+01
8.289499999999999602e+01
8.570499999999999829e+01
8.851500000000000057e+01
9.132500000000000284e+01
9.413500000000000512e+01
9.694499999999999318e+01
9.975499999999999545e+01
1.025649999999999977e+02
1.053750000000000000e+02
1.081850000000000023e+02
1.109950000000000045e+02
1.138050000000000068e+02
1.166149999999999949e+02
1.194249999999999972e+02
1.222349999999999994e+02
1.250450000000000017e+02
1.278549999999999898e+02
1.306649999999999920e+02
1.334749999999999943e+02
1.362849999999999966e+02
1.390949999999999989e+02
1.419050000000000011e+02
1.447150000000000034e+02
1.475250000000000057e+02
1.503350000000000080e+02
1.531450000000000102e+02
1.559550000000000125e+02
1.587649999999999864e+02
1.615749999999999886e+02
1.643849999999999909e+02
1.671949999999999932e+02
1.700049999999999955e+02
1.728149999999999977e+02
1.756250000000000000e+02
1.784350000000000023e+02
1.812450000000000045e+02
1.840550000000000068e+02
1.868650000000000091e+02
1.896750000000000114e+02
1.924850000000000136e+02
1.952949999999999875e+02
1.981049999999999898e+02
2.009149999999999920e+02
2.037249999999999943e+02
2.065349999999999966e+02
2.093449999999999989e+02
2.121550000000000011e+02
2.149650000000000034e+02
2.177750000000000057e+02
2.205850000000000080e+02
2.233950000000000102e+02
2.262050000000000125e+02
2.290149999999999864e+02
2.318249999999999886e+02
2.346349999999999909e+02
2.374449999999999932e+02
2.402549999999999955e+02
2.430649999999999977e+02
2.458750000000000000e+02
2.486850000000000023e+02
2.514950000000000045e+02
2.543050000000000068e+02
2.571150000000000091e+02
2.599249999999999545e+02
2.627350000000000136e+02
2.655449999999999591e+02
2.683550000000000182e+02
2.711649999999999636e+02
2.739750000000000227e+02
2.767849999999999682e+02
2.795950000000000273e+02
2.824049999999999727e+02
2.852150000000000318e+02
2.880249999999999773e+02
2.908350000000000364e+02
2.936449999999999818e+02
2.964550000000000409e+02
2.992649999999999864e+02
3.020750000000000455e+02
3.048849999999999909e+02
3.076950000000000500e+02
3.105049999999999955e+02
3.133150000000000546e+02
3.161250000000000000e+02
3.189349999999999454e+02
3.217450000000000045e+02
3.245549999999999500e+02
3.273650000000000091e+02
3.301749999999999545e+02
3.329850000000000136e+02
3.357949999999999591e+02
3.386050000000000182e+02
3.414149999999999636e+02
3.442250000000000227e+02
3.470349999999999682e+02
3.498450000000000273e+02
3.526549999999999727e+02
3.554650000000000318e+02
3.582749999999999773e+02
3.610850000000000364e+02
3.638949999999999818e+02
3.667050000000000409e+02
3.695149999999999864e+02
3.723250000000000455e+02
3.751349999999999909e+02
3.779450000000000500e+02
3.807549999999999955e+02
3.835650000000000546e+02
3.863750000000000000e+02
3.891849999999999454e+02
3.919950000000000045e+02
3.948049999999999500e+02
3.976150000000000091e+02
4.004249999999999545e+02
4.032350000000000136e+02
4.060449999999999591e+02
4.088550000000000182e+02
4.116649999999999636e+02
4.144750000000000227e+02
4.172849999999999682e+02
4.200950000000000273e+02
4.229049999999999727e+02
4.257150000000000318e+02
4.285249999999999773e+02
4.313350000000000364e+02
4.341449999999999818e+02
4.369550000000000409e+02
4.397649999999999864e+02
4.425750000000000455e+02
4.453849999999999909e+02
4.481950000000000500e+02
4.510049999999999955e+02
4.538150000000000546e+02
4.566250000000000000e+02
4.594349999999999454e+02
4.622450000000000045e+02
4.650549999999999500e+02
4.678650000000000091e+02
4.706749999999999545e+02
4.734850000000000136e+02
4.762949999999999591e+02
4.791050000000000182e+02
4.819149999999999636e+02
4.847250000000000227e+02
4.875349999999999682e+02
4.903450000000000273e+02
4.931549999999999727e+02
4.959650000000000318e+02
4.987749999999999773e+02
5.015850000000000364e+02
5.043949999999999818e+02
5.072050000000000409e+02
5.100149999999999864e+02
5.128250000000000455e+02
5.156349999999999909e+02
5.184449999999999363e+02
5.212549999999999955e+02
5.240650000000000546e+02
5.268750000000000000e+02
5.296849999999999454e+02
5.324950000000000045e+02
5.353050000000000637e+02
5.381150000000000091e+02
5.409249999999999545e+02
5.437350000000000136e+02
5.465450000000000728e+02
5.493550000000000182e+02
5.521649999999999636e+02
5.549750000000000227e+02
5.577850000000000819e+02
5.605950000000000273e+02
5.634049999999999727e+02
5.662149999999999181e+02
5.690249999999999773e+02
5.718350000000000364e+02
5.746449999999999818e+02
5.774549999999999272e+02
5.802649999999999864e+02
5.830750000000000455e+02
5.858849999999999909e+02
5.886949999999999363e+02
5.915049999999999955e+02
5.943150000000000546e+02
5.971250000000000000e+02
5.999349999999999454e+02
6.027450000000000045e+02
6.055550000000000637e+02
6.083650000000000091e+02
6.111749999999999545e+02
6.139850000000000136e+02
6.167950000000000728e+02
6.196050000000000182e+02
6.224149999999999636e+02
6.252250000000000227e+02
6.280350000000000819e+02
6.308450000000000273e+02
6.336549999999999727e+02
6.364649999999999181e+02
6.392749999999999773e+02
6.420850000000000364e+02
6.448949999999999818e+02
6.477049999999999272e+02
6.505149999999999864e+02
6.533250000000000455e+02
6.561349999999999909e+02
6.589449999999999363e+02
6.617549999999999955e+02
6.645650000000000546e+02
6.673750000000000000e+02
6.701849999999999454e+02
6.729950000000000045e+02
6.758050000000000637e+02
6.786150000000000091e+02
6.814249999999999545e+02
6.842350000000000136e+02
6.870450000000000728e+02
6.898550000000000182e+02
6.926649999999999636e+02
6.954750000000000227e+02
6.982850000000000819e+02
7.010950000000000273e+02
7.039049999999999727e+02
7.067149999999999181e+02
7.095249999999999773e+02
7.123350000000000364e+02
7.151449999999999818e+02
7.179549999999999272e+02
7.207649999999999864e+02
7.235750000000000455e+02
7.263849999999999909e+02
7.291949999999999363e+02
7.320049999999999955e+02
7.348150000000000546e+02
7.376250000000000000e+02
7.404349999999999454e+02
7.432450000000000045e+02
7.460550000000000637e+02
7.488650000000000091e+02
7.516749999999999545e+02
7.544850000000000136e+02
7.572950000000000728e+02
7.601050000000000182e+02
7.629149999999999636e+02
7.657250000000000227e+02
7.685350000000000819e+02
7.713450000000000273e+02
7.741549999999999727e+02
7.769649999999999181e+02
7.797749999999999773e+02
7.825850000000000364e+02
7.853949999999999818e+02
7.882049999999999272e+02
7.910149999999999864e+02
7.938250000000000455e+02
7.966349999999999909e+02
7.994449999999999363e+02
8.022549999999999955e+02
8.050650000000000546e+02
8.078750000000000000e+02
8.106849999999999454e+02
8.134950000000000045e+02
8.163050000000000637e+02
8.191150000000000091e+02
8.219249999999999545e+02
8.247350000000000136e+02
8.275450000000000728e+02
8.303550000000000182e+02
8.331649999999999636e+02
8.359750000000000227e+02
8.387850000000000819e+02
8.415950000000000273e+02
8.444049999999999727e+02
8.472149999999999181e+02
8.500249999999999773e+02
8.528350000000000364e+02
8.556449999999999818e+02
8.584549999999999272e+02
8.612649999999999864e+02
8.640750000000000455e+02
8.668849999999999909e+02
8.696949999999999363e+02
8.725049999999999955e+02
8.753150000000000546e+02
8.781250000000000000e+02
8.809349999999999454e+02
8.837450000000000045e+02
8.865550000000000637e+02
8.893650000000000091e+02
8.921749999999999545e+02
8.949850000000000136e+02
8.977950000000000728e+02
9.006050000000000182e+02
9.034149999999999636e+02
9.062250000000000227e+02
9.090350000000000819e+02
9.118450000000000273e+02
9.146549999999999727e+02
9.174649999999999181e+02
9.202749999999999773e+02
9.230850000000000364e+02
9.258949999999999818e+02
9.287049999999999272e+02
9.315149999999999864e+02
9.343250000000000455e+02
9.371349999999999909e+02
9.399449999999999363e+02
9.427549999999999955e+02
9.455650000000000546e+02
9.483750000000000000e+02
9.511849999999999454e+02
9.539950000000000045e+02
9.568050000000000637e+02
9.596150000000000091e+02
9.624249999999999545e+02
9.652350000000000136e+02
9.680450000000000728e+02
9.708550000000000182e+02
9.736649999999999636e+02
9.764750000000000227e+02
9.792850000000000819e+02
9.820950000000000273e+02
9.849049999999999727e+02
9.877149999999999181e+02
9.905249999999999773e+02
9.933350000000000364e+02
9.961449999999999818e+02
9.989549999999999272e+02
1.001764999999999986e+03
1.004575000000000045e+03
1.007384999999999991e+03
1.010194999999999936e+03
1.013004999999999995e+03
1.015815000000000055e+03
1.018625000000000000e+03
1.021434999999999945e+03
1.024245000000000118e+03
1.027055000000000064e+03
1.029865000000000009e+03
1.032674999999999955e+03
1.035485000000000127e+03
1.038295000000000073e+03
1.041105000000000018e+03
1.043914999999999964e+03
1.046724999999999909e+03
1.049535000000000082e+03
1.052345000000000027e+03
1.055154999999999973e+03
1.057964999999999918e+03
1.060775000000000091e+03
1.063585000000000036e+03
1.066394999999999982e+03
1.069204999999999927e+03
1.072014999999999873e+03
1.074825000000000045e+03
1.077634999999999991e+03
1.080444999999999936e+03
1.083255000000000109e+03
1.086065000000000055e+03
1.088875000000000000e+03
1.091684999999999945e+03
1.094494999999999891e+03
1.097305000000000064e+03
1.100115000000000009e+03
1.102924999999999955e+03
1.105735000000000127e+03
1.108545000000000073e+03
1.111355000000000018e+03
1.114164999999999964e+03
1.116974999999999909e+03
1.119785000000000082e+03
1.122595000000000027e+03
1.125404999999999973e+03
1.128214999999999918e+03
1.131025000000000091e+03
1.133835000000000036e+03
1.136644999999999982e+03
1.139454999999999927e+03
1.142264999999999873e+03
1.145075000000000045e+03
1.147884999999999991e+03
1.150694999999999936e+03
1.153505000000000109e+03
1.156315000000000055e+03
1.159125000000000000e+03
1.161934999999999945e+03
1.164744999999999891e+03
1.167555000000000064e+03
1.170365000000000009e+03
1.173174999999999955e+03
1.175985000000000127e+03
1.178795000000000073e+03
1.181605000000000018e+03
1.184414999999999964e+03
1.187224999999999909e+03
1.190035000000000082e+03
1.192845000000000027e+03
1.195654999999999973e+03
1.198464999999999918e+03
1.201275000000000091e+03
1.204085000000000036e+03
1.206894999999999982e+03
1.209704999999999927e+03
1.212514999999999873e+03
1.215325000000000045e+03
1.218134999999999991e+03
1.220944999999999936e+03
1.223755000000000109e+03
1.226565000000000055e+03
1.229375000000000000e+03
1.232184999999999945e+03
1.234994999999999891e+03
1.237805000000000064e+03
1.240615000000000009e+03
1.243424999999999955e+03
1.246235000000000127e+03
1.249045000000000073e+03
1.251855000000000018e+03
1.254664999999999964e+03
1.257474999999999909e+03
1.260285000000000082e+03
1.263095000000000027e+03
1.265904999999999973e+03
1.268714999999999918e+03
1.271525000000000091e+03
1.274335000000000036e+03
1.277144999999999982e+03
1.279954999999999927e+03
1.282764999999999873e+03
1.285575000000000045e+03
1.288384999999999991e+03
1.291194999999999936e+03
1.294005000000000109e+03
1.296815000000000055e+03
1.299625000000000000e+03
1.302434999999999945e+03
1.305244999999999891e+03
1.308055000000000064e+03
1.310865000000000009e+03
1.313674999999999955e+03
1.316485000000000127e+03
1.319295000000000073e+03
1.322105000000000018e+03
1.324914999999999964e+03
1.327724999999999909e+03
1.330535000000000082e+03
1.333345000000000027e+03
1.336154999999999973e+03
1.338964999999999918e+03
1.341775000000000091e+03
1.344585000000000036e+03
1.347394999999999982e+03
1.350204999999999927e+03
1.353014999999999873e+03
1.355825000000000045e+03
1.358634999999999991e+03
1.361444999999999936e+03
1.364255000000000109e+03
1.367065000000000055e+03
1.369875000000000000e+03
1.372684999999999945e+03
1.375494999999999891e+03
1.378305000000000064e+03
1.381115000000000009e+03
1.383924999999999955e+03
1.386735000000000127e+03
1.389545000000000073e+03
1.392355000000000018e+03
1.395164999999999964e+03
1.397974999999999909e+03
1.400785000000000082e+03
1.403595000000000027e+03
1.406404999999999973e+03
1.409214999999999918e+03
1.412025000000000091e+03
1.414835000000000036e+03
1.417644999999999982e+03
1.420454999999999927e+03
1.423264999999999873e+03
1.426075000000000045e+03
1.428884999999999991e+03
1.431694999999999936e+03
1.434505000000000109e+03
1.437315000000000055e+03
1.440125000000000000e+03
1.442934999999999945e+03
1.445744999999999891e+03
1.448555000000000064e+03
1.451365000000000009e+03
1.454174999999999955e+03
1.456985000000000127e+03
1.459795000000000073e+03
1.462605000000000018e+03
1.465414999999999964e+03
1.468224999999999909e+03
1.471035000000000082e+03
1.473845000000000027e+03
1.476654999999999973e+03
1.479464999999999918e+03
1.482275000000000091e+03
1.485085000000000036e+03
1.487894999999999982e+03
1.490704999999999927e+03
1.493514999999999873e+03
1.496325000000000045e+03
1.499134999999999991e+03
1.501944999999999936e+03
1.504755000000000109e+03
1.507565000000000055e+03
1.510375000000000000e+03
1.513184999999999945e+03
1.515994999999999891e+03
1.518805000000000064e+03
1.521615000000000009e+03
1.524424999999999955e+03
1.527235000000000127e+03
