0.000000
0.109000
0.218000
0.327000
0.436000
0.545000
0.654000
0.763000
0.872000
0.981000
1.090000
1.199000
1.308000
1.417000
1.526000
1.635000
1.744000
1.853000
1.962000
2.071000
2.180000
2.289000
2.398000
2.507000
2.616000
2.725000
2.834000
2.943000
3.052000
3.161000
3.270000
3.379000
3.488000
3.597000
3.706000
3.815000
3.924000
4.033000
4.142000
4.251000
4.360000
4.469000
4.578000
4.687000
4.796000
4.905000
5.014000
5.123000
5.232000
5.341000
5.450000
5.559000
5.668000
5.777000
5.886000
5.995000
6.104000
6.213000
6.322000
6.431000
6.540000
6.649000
6.758000
6.867000
6.976000
7.085000
7.194000
7.303000
7.412000
7.521000
7.630000
7.739000
7.848000
7.957000
8.066000
8.175000
8.284000
8.393000
8.502000
8.611000
8.720000
8.829000
8.938000
9.047000
9.156000
9.265000
9.374000
9.483000
9.592000
9.701000
9.810000
9.919000
10.028000
10.137000
10.246000
10.355000
10.464000
10.573000
10.682000
10.791000
10.900000
11.009000
11.118000
11.227000
11.336000
11.445000
11.554000
11.663000
11.772000
11.881000
11.990000
12.099000
12.208000
12.317000
12.426000
12.535000
12.644000
12.753000
12.862000
12.971000
13.080000
13.189000
13.298000
13.407000
13.516000
13.625000
13.734000
13.843000
13.952000
14.061000
14.170000
14.279000
14.388000
14.497000
14.606000
14.715000
14.824000
14.933000
15.042000
15.151000
15.260000
15.369000
15.478000
15.587000
15.696000
15.805000
15.914000
16.023000
16.132000
16.241000
16.350000
16.459000
16.568000
16.677000
16.786000
16.895000
17.004000
17.113000
17.222000
17.331000
17.440000
17.549000
17.658000
17.767000
17.876000
17.985000
18.094000
18.203000
18.312000
18.421000
18.530000
18.639000
18.748000
18.857000
18.966000
19.075000
19.184000
19.293000
19.402000
19.511000
19.620000
19.729000
19.838000
19.947000
20.056000
20.165000
20.274000
20.383000
20.492000
20.601000
20.710000
20.819000
20.928000
21.037000
21.146000
21.255000
21.364000
21.473000
21.582000
21.691000
21.800000
21.909000
22.018000
22.127000
22.236000
22.345000
22.454000
22.563000
22.672000
22.781000
22.890000
22.999000
23.108000
23.217000
23.326000
23.435000
23.544000
23.653000
23.762000
23.871000
23.980000
24.089000
24.198000
24.307000
24.416000
24.525000
24.634000
24.743000
24.852000
24.961000
25.070000
25.179000
25.288000
25.397000
25.506000
25.615000
25.724000
25.833000
25.942000
26.051000
26.160000
26.269000
26.378000
26.487000
26.596000
26.705000
26.814000
26.923000
27.032000
27.141000
27.250000
27.359000
27.468000
27.577000
27.686000
27.795000
27.904000
28.013000
28.122000
28.231000
28.340000
28.449000
28.558000
28.667000
28.776000
28.885000
28.994000
29.103000
29.212000
29.321000
29.430000
29.539000
29.648000
29.757000
29.866000
29.975000
30.084000
30.193000
30.302000
30.411000
30.520000
30.629000
30.738000
30.847000
30.956000
31.065000
31.174000
31.283000
31.392000
31.501000
31.610000
31.719000
31.828000
31.937000
32.046000
32.155000
32.264000
32.373000
32.482000
32.591000
32.700000
32.809000
32.918000
33.027000
33.136000
33.245000
33.354000
33.463000
33.572000
33.681000
33.790000
33.899000
34.008000
34.117000
34.226000
34.335000
34.444000
34.553000
34.662000
34.771000
34.880000
34.989000
35.098000
35.207000
35.316000
35.425000
35.534000
35.643000
35.752000
35.861000
35.970000
36.079000
36.188000
36.297000
36.406000
36.515000
36.624000
36.733000
36.842000
36.951000
37.060000
37.169000
37.278000
37.387000
37.496000
37.605000
37.714000
37.823000
37.932000
38.041000
38.150000
38.259000
38.368000
38.477000
38.586000
38.695000
38.804000
38.913000
39.022000
39.131000
39.240000
39.349000
39.458000
39.567000
39.676000
39.785000
39.894000
40.003000
40.112000
40.221000
40.330000
40.439000
40.548000
40.657000
40.766000
40.875000
40.984000
41.093000
41.202000
41.311000
41.420000
41.529000
41.638000
41.747000
41.856000
41.965000
42.074000
42.183000
42.292000
42.401000
42.510000
42.619000
42.728000
42.837000
42.946000
43.055000
43.164000
43.273000
43.382000
43.491000
43.600000
43.709000
43.818000
43.927000
44.036000
44.145000
44.254000
44.363000
44.472000
44.581000
44.690000
44.799000
44.908000
45.017000
45.126000
45.235000
45.344000
45.453000
45.562000
45.671000
45.780000
45.889000
45.998000
46.107000
46.216000
46.325000
46.434000
46.543000
46.652000
46.761000
46.870000
46.979000
47.088000
47.197000
47.306000
47.415000
47.524000
47.633000
47.742000
47.851000
47.960000
48.069000
48.178000
48.287000
48.396000
48.505000
48.614000
48.723000
48.832000
48.941000
49.050000
49.159000
49.268000
49.377000
49.486000
49.595000
49.704000
49.813000
49.922000
50.031000
50.140000
50.249000
50.358000
50.467000
50.576000
50.685000
50.794000
50.903000
51.012000
51.121000
51.230000
51.339000
51.448000
51.557000
51.666000
51.775000
51.884000
51.993000
52.102000
52.211000
52.320000
52.429000
52.538000
52.647000
52.756000
52.865000
52.974000
53.083000
53.192000
53.301000
53.410000
53.519000
53.628000
53.737000
53.846000
53.955000
54.064000
54.173000
54.282000
54.391000
54.500000
54.609000
54.718000
54.827000
54.936000
55.045000
55.154000
55.263000
55.372000
55.481000
55.590000
55.699000
55.808000
55.917000
56.026000
56.135000
56.244000
56.353000
56.462000
56.571000
56.680000
56.789000
56.898000
57.007000
57.116000
57.225000
57.334000
57.443000
57.552000
57.661000
57.770000
57.879000
57.988000
58.097000
58.206000
58.315000
58.424000
58.533000
58.642000
58.751000
58.860000
58.969000
59.078000
59.187000
59.296000
59.405000
59.514000
59.623000
59.732000
59.841000
59.950000
60.059000
60.168000
60.277000
60.386000
60.495000
60.604000
60.713000
60.822000
60.931000
61.040000
61.149000
61.258000
61.367000
61.476000
61.585000
61.694000
61.803000
61.912000
62.021000
62.130000
62.239000
62.348000
62.457000
62.566000
62.675000
62.784000
62.893000
63.002000
63.111000
63.220000
63.329000
63.438000
63.547000
63.656000
63.765000
63.874000
63.983000
64.092000
64.201000
64.310000
64.419000
64.528000
64.637000
64.746000
64.855000
64.964000
65.073000
65.182000
65.291000
65.400000
65.509000
65.618000
65.727000
65.836000
65.945000
66.054000
66.163000
66.272000
66.381000
66.490000
66.599000
66.708000
66.817000
66.926000
67.035000
67.144000
67.253000
67.362000
67.471000
67.580000
67.689000
67.798000
67.907000
68.016000
68.125000
68.234000
68.343000
68.452000
68.561000
68.670000
68.779000
68.888000
68.997000
69.106000
69.215000
69.324000
69.433000
69.542000
69.651000
69.760000
69.869000
69.978000
70.087000
70.196000
70.305000
70.414000
70.523000
70.632000
70.741000
70.850000
70.959000
71.068000
71.177000
71.286000
71.395000
71.504000
71.613000
71.722000
71.831000
71.940000
72.049000
72.158000
72.267000
72.376000
72.485000
72.594000
72.703000
72.812000
72.921000
73.030000
73.139000
73.248000
73.357000
73.466000
73.575000
73.684000
73.793000
73.902000
74.011000
74.120000
74.229000
74.338000
74.447000
74.556000
74.665000
74.774000
74.883000
74.992000
75.101000
75.210000
75.319000
75.428000
75.537000
75.646000
75.755000
75.864000
75.973000
76.082000
76.191000
76.300000
76.409000
76.518000
76.627000
76.736000
76.845000
76.954000
77.063000
77.172000
77.281000
77.390000
77.499000
77.608000
77.717000
77.826000
77.935000
78.044000
78.153000
78.262000
78.371000
78.480000
78.589000
78.698000
78.807000
78.916000
79.025000
79.134000
79.243000
79.352000
79.461000
79.570000
79.679000
79.788000
79.897000
80.006000
80.115000
80.224000
80.333000
80.442000
80.551000
80.660000
80.769000
80.878000
80.987000
81.096000
81.205000
81.314000
81.423000
81.532000
81.641000
81.750000
81.859000
81.968000
82.077000
82.186000
82.295000
82.404000
82.513000
82.622000
82.731000
82.840000
82.949000
83.058000
83.167000
83.276000
83.385000
83.494000
83.603000
83.712000
83.821000
83.930000
84.039000
84.148000
84.257000
84.366000
84.475000
84.584000
84.693000
84.802000
84.911000
85.020000
85.129000
85.238000
85.347000
85.456000
85.565000
85.674000
85.783000
85.892000
86.001000
86.110000
86.219000
86.328000
86.437000
86.546000
86.655000
86.764000
86.873000
86.982000
87.091000
87.200000
87.309000
87.418000
87.527000
87.636000
87.745000
87.854000
87.963000
88.072000
88.181000
88.290000
88.399000
88.508000
88.617000
88.726000
88.835000
88.944000
89.053000
89.162000
89.271000
89.380000
89.489000
89.598000
89.707000
89.816000
89.925000
90.034000
90.143000
90.252000
90.361000
90.470000
90.579000
90.688000
90.797000
90.906000
91.015000
91.124000
91.233000
91.342000
91.451000
91.560000
91.669000
91.778000
91.887000
91.996000
92.105000
92.214000
92.323000
92.432000
92.541000
92.650000
92.759000
92.868000
92.977000
93.086000
93.195000
93.304000
93.413000
93.522000
93.631000
93.740000
93.849000
93.958000
94.067000
94.176000
94.285000
94.394000
94.503000
94.612000
94.721000
94.830000
94.939000
95.048000
95.157000
95.266000
95.375000
95.484000
95.593000
95.702000
95.811000
95.920000
96.029000
96.138000
96.247000
96.356000
96.465000
96.574000
96.683000
96.792000
96.901000
97.010000
97.119000
97.228000
97.337000
97.446000
97.555000
97.664000
97.773000
97.882000
97.991000
98.100000
98.209000
98.318000
98.427000
98.536000
98.645000
98.754000
98.863000
98.972000
99.081000
99.190000
99.299000
99.408000
99.517000
99.626000
99.735000
99.844000
99.953000
100.062000
100.171000
100.280000
100.389000
100.498000
100.607000
100.716000
100.825000
100.934000
101.043000
101.152000
101.261000
101.370000
101.479000
101.588000
101.697000
101.806000
101.915000
102.024000
102.133000
102.242000
102.351000
102.460000
102.569000
102.678000
102.787000
102.896000
103.005000
103.114000
103.223000
103.332000
103.441000
103.550000
103.659000
103.768000
103.877000
103.986000
104.095000
104.204000
104.313000
104.422000
104.531000
104.640000
104.749000
104.858000
104.967000
105.076000
105.185000
105.294000
105.403000
105.512000
105.621000
105.730000
105.839000
105.948000
106.057000
106.166000
106.275000
106.384000
106.493000
106.602000
106.711000
106.820000
106.929000
107.038000
107.147000
107.256000
107.365000
107.474000
107.583000
107.692000
107.801000
107.910000
108.019000
108.128000
108.237000
108.346000
108.455000
108.564000
108.673000
108.782000
108.891000
109.000000
