0.000000
6.445000
12.890000
19.335000
25.780000
32.225000
38.670000
45.115000
51.560000
58.005000
64.450000
70.895000
77.340000
83.785000
90.230000
96.675000
103.120000
109.565000
116.010000
122.455000
128.900000
135.345000
141.790000
148.235000
154.680000
161.125000
167.570000
174.015000
180.460000
186.905000
193.350000
199.795000
206.240000
212.685000
219.130000
225.575000
232.020000
238.465000
244.910000
251.355000
257.800000
264.245000
270.690000
277.135000
283.580000
290.025000
296.470000
302.915000
309.360000
315.805000
322.250000
328.695000
335.140000
341.585000
348.030000
354.475000
360.920000
367.365000
373.810000
380.255000
386.700000
393.145000
399.590000
406.035000
412.480000
418.925000
425.370000
431.815000
438.260000
444.705000
451.150000
457.595000
464.040000
470.485000
476.930000
483.375000
489.820000
496.265000
502.710000
509.155000
515.600000
522.045000
528.490000
534.935000
541.380000
547.825000
554.270000
560.715000
567.160000
573.605000
580.050000
586.495000
592.940000
599.385000
605.830000
612.275000
618.720000
625.165000
631.610000
638.055000
644.500000
650.945000
657.390000
663.835000
670.280000
676.725000
683.170000
689.615000
696.060000
702.505000
708.950000
715.395000
721.840000
728.285000
734.730000
741.175000
747.620000
754.065000
760.510000
766.955000
773.400000
779.845000
786.290000
792.735000
799.180000
805.625000
812.070000
818.515000
824.960000
831.405000
837.850000
844.295000
850.740000
857.185000
863.630000
870.075000
876.520000
882.965000
889.410000
895.855000
902.300000
908.745000
915.190000
921.635000
928.080000
934.525000
940.970000
947.415000
953.860000
960.305000
966.750000
973.195000
979.640000
986.085000
992.530000
998.975000
1005.420000
1011.865000
1018.310000
1024.755000
1031.200000
1037.645000
1044.090000
1050.535000
1056.980000
1063.425000
1069.870000
1076.315000
1082.760000
1089.205000
1095.650000
1102.095000
1108.540000
1114.985000
1121.430000
1127.875000
1134.320000
1140.765000
1147.210000
1153.655000
1160.100000
1166.545000
1172.990000
1179.435000
1185.880000
1192.325000
1198.770000
1205.215000
1211.660000
1218.105000
1224.550000
1230.995000
1237.440000
1243.885000
1250.330000
1256.775000
1263.220000
1269.665000
1276.110000
1282.555000
1289.000000
1295.445000
1301.890000
1308.335000
1314.780000
1321.225000
1327.670000
1334.115000
1340.560000
1347.005000
1353.450000
1359.895000
1366.340000
1372.785000
1379.230000
1385.675000
1392.120000
1398.565000
1405.010000
1411.455000
1417.900000
1424.345000
1430.790000
1437.235000
1443.680000
1450.125000
1456.570000
1463.015000
1469.460000
1475.905000
1482.350000
1488.795000
1495.240000
1501.685000
1508.130000
1514.575000
1521.020000
1527.465000
1533.910000
1540.355000
1546.800000
1553.245000
1559.690000
1566.135000
1572.580000
1579.025000
1585.470000
1591.915000
1598.360000
1604.805000
1611.250000
1617.695000
1624.140000
1630.585000
1637.030000
1643.475000
1649.920000
1656.365000
1662.810000
1669.255000
1675.700000
1682.145000
1688.590000
1695.035000
1701.480000
1707.925000
1714.370000
1720.815000
1727.260000
1733.705000
1740.150000
1746.595000
1753.040000
1759.485000
1765.930000
1772.375000
1778.820000
1785.265000
1791.710000
1798.155000
1804.600000
1811.045000
1817.490000
1823.935000
1830.380000
1836.825000
1843.270000
1849.715000
1856.160000
1862.605000
1869.050000
1875.495000
1881.940000
1888.385000
1894.830000
1901.275000
1907.720000
1914.165000
1920.610000
1927.055000
1933.500000
1939.945000
1946.390000
1952.835000
1959.280000
1965.725000
1972.170000
1978.615000
1985.060000
1991.505000
1997.950000
2004.395000
2010.840000
2017.285000
2023.730000
2030.175000
2036.620000
2043.065000
2049.510000
2055.955000
2062.400000
2068.845000
2075.290000
2081.735000
2088.180000
2094.625000
2101.070000
2107.515000
2113.960000
2120.405000
2126.850000
2133.295000
2139.740000
2146.185000
2152.630000
2159.075000
2165.520000
2171.965000
2178.410000
2184.855000
2191.300000
2197.745000
2204.190000
2210.635000
2217.080000
2223.525000
2229.970000
2236.415000
2242.860000
2249.305000
2255.750000
2262.195000
2268.640000
2275.085000
2281.530000
2287.975000
2294.420000
2300.865000
2307.310000
2313.755000
2320.200000
2326.645000
2333.090000
2339.535000
2345.980000
2352.425000
2358.870000
2365.315000
2371.760000
2378.205000
2384.650000
2391.095000
2397.540000
2403.985000
2410.430000
2416.875000
2423.320000
2429.765000
2436.210000
2442.655000
2449.100000
2455.545000
2461.990000
2468.435000
2474.880000
2481.325000
2487.770000
2494.215000
2500.660000
2507.105000
2513.550000
2519.995000
2526.440000
2532.885000
2539.330000
2545.775000
2552.220000
2558.665000
2565.110000
2571.555000
2578.000000
2584.445000
2590.890000
2597.335000
2603.780000
2610.225000
2616.670000
2623.115000
2629.560000
2636.005000
2642.450000
2648.895000
2655.340000
2661.785000
2668.230000
2674.675000
2681.120000
2687.565000
2694.010000
2700.455000
2706.900000
2713.345000
2719.790000
2726.235000
2732.680000
2739.125000
2745.570000
2752.015000
2758.460000
2764.905000
2771.350000
2777.795000
2784.240000
2790.685000
2797.130000
2803.575000
2810.020000
2816.465000
2822.910000
2829.355000
2835.800000
2842.245000
2848.690000
2855.135000
2861.580000
2868.025000
2874.470000
2880.915000
2887.360000
2893.805000
2900.250000
2906.695000
2913.140000
2919.585000
2926.030000
2932.475000
2938.920000
2945.365000
2951.810000
2958.255000
2964.700000
2971.145000
2977.590000
2984.035000
2990.480000
2996.925000
3003.370000
3009.815000
3016.260000
3022.705000
3029.150000
3035.595000
3042.040000
3048.485000
3054.930000
3061.375000
3067.820000
3074.265000
3080.710000
3087.155000
3093.600000
3100.045000
3106.490000
3112.935000
3119.380000
3125.825000
3132.270000
3138.715000
3145.160000
3151.605000
3158.050000
3164.495000
3170.940000
3177.385000
3183.830000
3190.275000
3196.720000
3203.165000
3209.610000
3216.055000
3222.500000
3228.945000
3235.390000
3241.835000
3248.280000
3254.725000
3261.170000
3267.615000
3274.060000
3280.505000
3286.950000
3293.395000
3299.840000
3306.285000
3312.730000
3319.175000
3325.620000
3332.065000
3338.510000
3344.955000
3351.400000
3357.845000
3364.290000
3370.735000
3377.180000
3383.625000
3390.070000
3396.515000
3402.960000
3409.405000
3415.850000
3422.295000
3428.740000
3435.185000
3441.630000
3448.075000
3454.520000
3460.965000
3467.410000
3473.855000
3480.300000
3486.745000
3493.190000
3499.635000
3506.080000
3512.525000
3518.970000
3525.415000
3531.860000
3538.305000
3544.750000
3551.195000
3557.640000
3564.085000
3570.530000
3576.975000
3583.420000
3589.865000
3596.310000
3602.755000
3609.200000
3615.645000
3622.090000
3628.535000
3634.980000
3641.425000
3647.870000
3654.315000
3660.760000
3667.205000
3673.650000
3680.095000
3686.540000
3692.985000
3699.430000
3705.875000
3712.320000
3718.765000
3725.210000
3731.655000
3738.100000
3744.545000
3750.990000
3757.435000
3763.880000
3770.325000
3776.770000
3783.215000
3789.660000
3796.105000
3802.550000
3808.995000
3815.440000
3821.885000
3828.330000
3834.775000
3841.220000
3847.665000
3854.110000
3860.555000
3867.000000
3873.445000
3879.890000
3886.335000
3892.780000
3899.225000
3905.670000
3912.115000
3918.560000
3925.005000
3931.450000
3937.895000
3944.340000
3950.785000
3957.230000
3963.675000
3970.120000
3976.565000
3983.010000
3989.455000
3995.900000
4002.345000
4008.790000
4015.235000
4021.680000
4028.125000
4034.570000
4041.015000
4047.460000
4053.905000
4060.350000
4066.795000
4073.240000
4079.685000
4086.130000
4092.575000
4099.020000
4105.465000
4111.910000
4118.355000
4124.800000
4131.245000
4137.690000
4144.135000
4150.580000
4157.025000
4163.470000
4169.915000
4176.360000
4182.805000
4189.250000
4195.695000
4202.140000
4208.585000
4215.030000
4221.475000
4227.920000
4234.365000
4240.810000
4247.255000
4253.700000
4260.145000
4266.590000
4273.035000
4279.480000
4285.925000
4292.370000
4298.815000
4305.260000
4311.705000
4318.150000
4324.595000
4331.040000
4337.485000
4343.930000
4350.375000
4356.820000
4363.265000
4369.710000
4376.155000
4382.600000
4389.045000
4395.490000
4401.935000
4408.380000
4414.825000
4421.270000
4427.715000
4434.160000
4440.605000
4447.050000
4453.495000
4459.940000
4466.385000
4472.830000
4479.275000
4485.720000
4492.165000
4498.610000
4505.055000
4511.500000
4517.945000
4524.390000
4530.835000
4537.280000
4543.725000
4550.170000
4556.615000
4563.060000
4569.505000
4575.950000
4582.395000
4588.840000
4595.285000
4601.730000
4608.175000
4614.620000
4621.065000
4627.510000
4633.955000
4640.400000
4646.845000
4653.290000
4659.735000
4666.180000
4672.625000
4679.070000
4685.515000
4691.960000
4698.405000
4704.850000
4711.295000
4717.740000
4724.185000
4730.630000
4737.075000
4743.520000
4749.965000
4756.410000
4762.855000
4769.300000
4775.745000
4782.190000
4788.635000
4795.080000
4801.525000
4807.970000
4814.415000
4820.860000
4827.305000
4833.750000
4840.195000
4846.640000
4853.085000
4859.530000
4865.975000
4872.420000
4878.865000
4885.310000
4891.755000
4898.200000
4904.645000
4911.090000
4917.535000
4923.980000
4930.425000
4936.870000
4943.315000
4949.760000
4956.205000
4962.650000
4969.095000
4975.540000
4981.985000
4988.430000
4994.875000
5001.320000
5007.765000
5014.210000
5020.655000
5027.100000
5033.545000
5039.990000
5046.435000
5052.880000
5059.325000
5065.770000
5072.215000
5078.660000
5085.105000
5091.550000
5097.995000
5104.440000
5110.885000
5117.330000
5123.775000
5130.220000
5136.665000
5143.110000
5149.555000
5156.000000
5162.445000
5168.890000
5175.335000
5181.780000
5188.225000
5194.670000
5201.115000
5207.560000
5214.005000
5220.450000
5226.895000
5233.340000
5239.785000
5246.230000
5252.675000
5259.120000
5265.565000
5272.010000
5278.455000
5284.900000
5291.345000
5297.790000
5304.235000
5310.680000
5317.125000
5323.570000
5330.015000
5336.460000
5342.905000
5349.350000
5355.795000
5362.240000
5368.685000
5375.130000
5381.575000
5388.020000
5394.465000
5400.910000
5407.355000
5413.800000
5420.245000
5426.690000
5433.135000
5439.580000
5446.025000
5452.470000
5458.915000
5465.360000
5471.805000
5478.250000
5484.695000
5491.140000
5497.585000
5504.030000
5510.475000
5516.920000
5523.365000
5529.810000
5536.255000
5542.700000
5549.145000
5555.590000
5562.035000
5568.480000
5574.925000
5581.370000
5587.815000
5594.260000
5600.705000
5607.150000
5613.595000
5620.040000
5626.485000
5632.930000
5639.375000
5645.820000
5652.265000
5658.710000
5665.155000
5671.600000
5678.045000
5684.490000
5690.935000
5697.380000
5703.825000
5710.270000
5716.715000
5723.160000
5729.605000
5736.050000
5742.495000
5748.940000
5755.385000
5761.830000
5768.275000
5774.720000
5781.165000
5787.610000
5794.055000
5800.500000
5806.945000
5813.390000
5819.835000
5826.280000
5832.725000
5839.170000
5845.615000
5852.060000
5858.505000
5864.950000
5871.395000
5877.840000
5884.285000
5890.730000
5897.175000
5903.620000
5910.065000
5916.510000
5922.955000
5929.400000
5935.845000
5942.290000
5948.735000
5955.180000
5961.625000
5968.070000
5974.515000
5980.960000
5987.405000
5993.850000
6000.295000
6006.740000
6013.185000
6019.630000
6026.075000
6032.520000
6038.965000
6045.410000
6051.855000
6058.300000
6064.745000
6071.190000
6077.635000
6084.080000
6090.525000
6096.970000
6103.415000
6109.860000
6116.305000
6122.750000
6129.195000
6135.640000
6142.085000
6148.530000
6154.975000
6161.420000
6167.865000
6174.310000
6180.755000
6187.200000
6193.645000
6200.090000
6206.535000
6212.980000
6219.425000
6225.870000
6232.315000
6238.760000
6245.205000
6251.650000
6258.095000
6264.540000
6270.985000
6277.430000
6283.875000
6290.320000
6296.765000
6303.210000
6309.655000
6316.100000
6322.545000
6328.990000
6335.435000
6341.880000
6348.325000
6354.770000
6361.215000
6367.660000
6374.105000
6380.550000
6386.995000
6393.440000
6399.885000
6406.330000
6412.775000
6419.220000
6425.665000
6432.110000
6438.555000
6445.000000
