289632501952278464
68714703635375016
28701935691155432
15544872282388598
9852036001138080
6938421525121998
5216890331061684
4088858658378179
3313956092677845
2759567910000447
2324073195614322
2021360264321923
1766448371866463
1573562418272531
1401220617887156
1266500114695374
1152612715478019
1080729781876683
997874103155339
932249720868252
860203514053289
816459087013298
766522153262735
751754750109592
704772166620801
684960711577893
663899360754701
635581986912444
619953319996742
585361679520919
586791303978835
556576234379505
543446551277523
532546434348287
523256726487746
501564565939111
493676714424223
476045489000793
474481913100993
466289153738615
451505361454174
442172413186349
434839252631141
422652553503551
417855730025720
417996739724859
406094765532929
400883657836787
384434461234286
385475045052017
376569954994473
366437583931998
355910976016473
367720190294027
356724923520635
344225553295504
344594738178638
336076691780146
324263454805537
318702032584422
312249687446565
311658658093468
311609845709698
311673072364031
299624231660174
289920180641363
283444524176861
292604928085646
274536920970239
273221539609796
270197159268038
270787630572537
258561406228062
255205606928444
256083651573277
255243912676757
245504019157306
238601378517568
237175847228228
225647757657856
234845647558981
228369258853963
227921761483292
221932666962769
215341573889365
216792307614617
209183501553550
204848347758864
197465125527137
198081059467790
188117638400647
188965657797389
197040361430612
188257616887972
186775814025606
179925172137163
171575989462216
172878564526875
164095960380527
162285922483605
169090928727865
166830911706078
162808289135974
154958837362304
157705264950708
152428648789976
154712201475074
147960981317929
145361952794631
147476334006919
139530360399198
143158377564606
139405820645155
137914971417185
132646551991631
135862538206848
131023398118854
133192361318295
126830224988345
123959211505959
121614138806434
116302481305344
117882030308337
119758076972034
109136909099636
110780477292560
111895920437677
110198582846511
102149866359901
107400402528966
101860007505708
104975041530411
104302507173497
97616408722512
97988853595803
98583048794135
92039709822028
94002763476437
92878141260705
84411225693643
86738626771941
87194640098786
87731991265568
91992175085897
87472918234070
81634378067273
79814139800746
79474907224581
83237986911551
78948949800829
79612356051095
79177312442734
74839884112826
72371899931033
70485904936869
74010666358017
73643850850917
68726168496748
72336103140324
63943772426978
64814864738878
62973349264514
64226384761954
65438901839721
64253780039469
60258263047619
60490157720859
58089448496200
58294488170678
58105211013693
58025720696112
56497667015510
53864122530357
53371331888419
54837440550215
50859896110300
49962856001624
50575621675842
49912559448867
47550673739826
46759192791759
46992733563402
47388792469126
46340264179010
45581215620181
45067246406695
41753601518850
43734743332292
46248292979691
42832211173763
43269136357502
43458876401502
37696263006743
40030050555797
40252356201109
38615967175230
38277961412383
36714109129415
38796622874546
35152757333490
39876476485957
37789454916844
33150010730754
33951075173207
35144188022362
35255461453199
34772200087718
33648779641794
33298913171497
33045089238569
31160994611296
31402564867344
30865240856527
31499056453202
32359407224995
30355347781273
30548088286530
29438012544566
29122729401533
28113238866022
29740072609902
27225622186042
27867756928272
28622887756549
26896492729298
25912298236914
26578063302928
26223464706571
25348501560763
25070217457152
26454120540811
25410477565381
23902956703785
24445173536884
24124620687195
23182791706014
22459359735974
21760135747092
22216004467207
20699648758185
20441254248230
19809403595829
22149053420487
19405605730890
21569819178749
20585720629653
20153079908610
19881353785001
19573262085001
19218025221153
19687141691893
17668162722920
18277371631253
17921010719059
16464707556193
16053007119496
17022098268923
16355491577748
16526301245745
17325631327475
16339640089040
14081408299979
16784701508175
16239126158569
16805197152856
14797307685294
15048243963819
14315150017229
14610912497792
15835590455297
15494099418912
14120874386680
14757170699311
14540441541441
14675961071494
13840696725388
14249514427908
13311987705155
14028318041395
12799093286875
12855624640529
14257274346330
11384067334613
12095576070635
12573948420968
12323036582574
11331064808251
12691148775158
12403498062821
12081162896779
11716222376265
12298355387014
11380977003921
11319741267801
10819104744972
11540560645129
11139933124780
11352457011310
10277737940251
11942005562229
12003320872209
9630584024411
10646047395418
10359079582865
9386061782233
10340952410401
9392235308485
10096299713751
10116340231955
8759710180076
9633629725564
9206763275735
9089064180094
7821742241225
8622389285759
10169434247340
9378243300061
8429542265049
8640493746991
8600190311779
7503595748234
8706805770784
9285958327204
7466266834829
7578691569882
7931120814611
8016976221683
8404823938308
7400769859202
7668148160221
7718215840323
7315165527526
8136929528374
7106443186904
6753379167925
6684976090044
7505658148880
7158725354022
7465044500792
6996446214060
6766412091654
6397553246953
6621821457643
6473931581196
6867805989754
5719319541935
6691395467459
6464512077256
6145085640526
6658159065771
5326430626386
6380540204972
5154312271243
6897848214892
4824596290372
6147486697962
5126647209003
4727612480105
5957484707978
4276421307024
5325533970474
4419703595157
5714571933689
5553985719701
5252271631581
5572101044608
5639773591362
4753747105756
5260346170534
4149494161228
3786826611352
4284597845351
5003923437313
4713473807578
4073064896885
5238413883870
4177059936698
4789132126741
5269996283997
4070079660171
4346914301643
4471480422085
4249839943649
4556171647482
3485216968958
4169201159000
4735329004281
3372283590850
4023751839608
3188117058864
3382335143993
3457211312946
4361851459383
4185398744066
3630291437624
3442297224256
3731576508928
3750857279838
3787901670084
3675461886566
3307390790763
3276671389603
3253645502557
3167587311751
3963780930702
3347912614452
3573204588754
2887346649598
3159737655773
3596589108620
3250570043685
3347361425717
2871045311859
2799011483802
2803666272403
2652322660924
2514956988618
3073692324271
3412814740831
2835523214468
2647828313377
2328716148855
3072259310328
2216455415811
2787611899894
2515610564371
2589265159694
2517184414040
2326698363711
2353113675235
2605929384330
2722048723095
2174805469186
2140953971857
1938329016636
2926825961055
2014851010629
2432575893863
2574150743701
1931700842078
1831378045229
2187160822903
1723134631273
2191330434308
1408477877332
1810639151356
1933505271442
1829856013595
2358259303247
1673703852176
1581372289355
2133645687212
1273190973945
2122847159268
1787630789077
1832320411848
1845634652559
1872108208149
1398222646909
1820982756657
1952609926694
1566596825981
1730659414303
1709970963546
1800271722150
1800146576309
2111114394130
1349842475051
1877221919496
1753415535290
1538545389240
1652693211581
1653752362596
1475642270822
1661380266820
1671929164446
1090411087114
1296244821134
1774256569648
1325358147737
1255523554819
1410951066836
1189998307696
1523749033365
1513236878183
1487066403437
1358735224803
1422042450226
1172488099845
1577554418835
1301814532544
1275283688512
1134352201939
1197287488589
996040194301
1558235718204
1150995413827
1071171262115
1027761767315
1074323303980
1159047581666
1207032153082
1180541612315
697232278036
1085540936218
915171468861
1088946864321
899124878333
999727930903
1130593021224
1179950214800
1166151980437
923307576123
938182700149
919919650437
1091637251932
612306425242
943106477138
700916679394
787669262591
704874568554
918018417099
891405009348
867187839653
915125533632
787103518405
930502527948
756344689035
798423758221
739433534865
809850906016
648902332256
1026701766631
598873971181
814789475492
743922033331
666058148749
696796087286
700302741044
935276533615
617079041808
737568722813
1053378112504
673854050237
895284622478
594921589420
726727673633
630641689051
910717147011
695790018127
805847143433
465053970827
552563411803
565083664954
702543790455
569497358877
551391288924
880373072293
678567093713
561990460784
646298757339
432389561221
497659805317
620963037482
432977717596
535134239552
756456460786
364018906151
444477780851
383082287278
342296616573
410559774714
496275292183
753662807028
463293861180
339802830399
352777133619
509370969553
486946606060
409791085119
460930010563
563482057572
625668357152
391114163797
453131472177
599439369574
370634749804
601118978989
434833162295
321510428487
424723057108
527470669500
488446041718
348014893966
258139702431
389258920135
345206002805
426451124742
260266481035
375004727319
346885731462
329995209454
499137689603
415367435466
247669114221
576333772944
350085190330
381661024230
209410285804
269049791813
355735999507
259518874355
413610682314
405574443450
518695497188
217613438959
368842100514
346046184072
459139643375
254884793709
418828301181
235260481552
368402291404
212127073976
138900769654
199669364687
248372604536
130056108453
400770608733
379405669964
233173519836
298960650927
340007614223
216539240405
326440199931
304019347811
245468087141
218969863987
65672933048
294479070467
129034026570
231373089486
330935573249
198310241979
189024533656
189418523424
320161021189
257880364598
195640137252
284269308591
113724859318
316562377164
246751048393
260061070321
250593241473
298576909469
95665950797
294618600768
230194192765
179885292266
174848037667
269819620070
214329607846
144414658160
143300517571
128519548775
160563873532
258470612910
101552589964
174458671910
199902115348
42799961083
211251431827
89227997614
165801488052
110882223133
195369394847
174038328899
187350841738
146347377776
138140099226
141112045914
246727433052
144130461661
97993066186
108023192476
168970233176
198824516498
201569379248
170035930220
107977648612
74508944318
106320558804
240170842111
113472658385
88042222134
59363854632
139522669712
71777870841
120412429810
88629411183
134153351149
79446143547
154555102869
90348259952
92715592650
91899305301
33821889589
115269786027
59975816192
38928530445
75996683318
28039284761
72908271313
28041635881
104690361855
81597852937
48835925582
59768512581
127644319954
67847831688
40802348536
115324397170
33931717157
49560796961
74393562430
65714244175
27244716932
6994557810
70047770228
22562758851
52847545988
63685943880
49689389423
31119355769
24585450406
57872645863
46565371940
83108010153
28925019974
37323045513
30420007736
32387757710
74722291728
68430406184
21141269445
43115664005
113002043740
73572697828
26511263137
43071361138
19019148205
28749644023
32116605769
38693571595
50167838205
63583091878
53110536596
30707893105
67446058404
0
27966691240
21666121472
38652453402
72834658918
7324904583
6788422145
61739236086
36685017898
37513127706
0
12698875100
12478127153
18398466463
10407661586
55251387232
0
69366661211
73963880731
9517620187
47342811046
35965244247
29418223959
16795744828
19963349249
12796352898
27773161808
3992908125
7548251168
0
42421360401
5817879200
14530954840
44933921938
0
13662955754
8718147335
15418276042
23619935449
0
0
11652731654
19509367352
11308046976
18838665433
0
26318037601
7061639197
28238155827
61542375643
0
24748809558
68421750178
0
14158412757
0
46447328908
6167051802
22079080886
22872105240
20982049431
44777701260
24029356553
0
17540418273
19215266723
49891989355
19072396776
22881171493
12384253860
22471851257
4038686901
5530937542
22125340432
37682740652
17864687405
37725218167
21584301745
16107753698
26186424978
0
44010166630
45822116084
6243807779
11063400791
6772097342
9363337143
0
0
20944861149
9712495255
7018193354
23538130367
28241569075
0
42781985504
0
10605465148
6221458183
0
19966362155
17351197606
18163870441
16685337737
0
6445948388
6280876128
9448213214
10925271763
0
0
32376543042
12706967611
0
0
12892634019
0
16520799141
33187694135
7670777467
0
20975578940
6914954123
6866495299
0
20517211360
6041749270
10896444447
0
0
30371444186
0
26208593139
9097483978
0
32263756437
6595413887
0
0
6000881809
33603426607
57398472783
0
19923683939
31373325925
6997028405
10799873721
25185379588
6019347862
0
23750311847
0
0
3005428763
3993801900
11853833020
33154433516
0
0
0
6983672593
5850171325
11945895349
15594953377
14017277878
0
0
0
0
6368167453
0
6209426069
0
0
0
0
4512431700
0
0
0
0
5908455847
5434182426
0
0
12036588213
5901037938
0
10864928077
6227900136
24555962758
0
0
6303876332
0
0
6349571005
6871402885
0
0
0
0
0
0
0
0
0
34021677811
0
0
0
0
0
0
0
0
0
0
0
0
0
0
0
0
0
0
0
0
0
0
0
0
0
0
0
0
0
0
0
43689421613
