0.000000
0.029000
0.058000
0.087000
0.116000
0.145000
0.174000
0.203000
0.232000
0.261000
0.290000
0.319000
0.348000
0.377000
0.406000
0.435000
0.464000
0.493000
0.522000
0.551000
0.580000
0.609000
0.638000
0.667000
0.696000
0.725000
0.754000
0.783000
0.812000
0.841000
0.870000
0.899000
0.928000
0.957000
0.986000
1.015000
1.044000
1.073000
1.102000
1.131000
1.160000
1.189000
1.218000
1.247000
1.276000
1.305000
1.334000
1.363000
1.392000
1.421000
1.450000
1.479000
1.508000
1.537000
1.566000
1.595000
1.624000
1.653000
1.682000
1.711000
1.740000
1.769000
1.798000
1.827000
1.856000
1.885000
1.914000
1.943000
1.972000
2.001000
2.030000
2.059000
2.088000
2.117000
2.146000
2.175000
2.204000
2.233000
2.262000
2.291000
2.320000
2.349000
2.378000
2.407000
2.436000
2.465000
2.494000
2.523000
2.552000
2.581000
2.610000
2.639000
2.668000
2.697000
2.726000
2.755000
2.784000
2.813000
2.842000
2.871000
2.900000
2.929000
2.958000
2.987000
3.016000
3.045000
3.074000
3.103000
3.132000
3.161000
3.190000
3.219000
3.248000
3.277000
3.306000
3.335000
3.364000
3.393000
3.422000
3.451000
3.480000
3.509000
3.538000
3.567000
3.596000
3.625000
3.654000
3.683000
3.712000
3.741000
3.770000
3.799000
3.828000
3.857000
3.886000
3.915000
3.944000
3.973000
4.002000
4.031000
4.060000
4.089000
4.118000
4.147000
4.176000
4.205000
4.234000
4.263000
4.292000
4.321000
4.350000
4.379000
4.408000
4.437000
4.466000
4.495000
4.524000
4.553000
4.582000
4.611000
4.640000
4.669000
4.698000
4.727000
4.756000
4.785000
4.814000
4.843000
4.872000
4.901000
4.930000
4.959000
4.988000
5.017000
5.046000
5.075000
5.104000
5.133000
5.162000
5.191000
5.220000
5.249000
5.278000
5.307000
5.336000
5.365000
5.394000
5.423000
5.452000
5.481000
5.510000
5.539000
5.568000
5.597000
5.626000
5.655000
5.684000
5.713000
5.742000
5.771000
5.800000
5.829000
5.858000
5.887000
5.916000
5.945000
5.974000
6.003000
6.032000
6.061000
6.090000
6.119000
6.148000
6.177000
6.206000
6.235000
6.264000
6.293000
6.322000
6.351000
6.380000
6.409000
6.438000
6.467000
6.496000
6.525000
6.554000
6.583000
6.612000
6.641000
6.670000
6.699000
6.728000
6.757000
6.786000
6.815000
6.844000
6.873000
6.902000
6.931000
6.960000
6.989000
7.018000
7.047000
7.076000
7.105000
7.134000
7.163000
7.192000
7.221000
7.250000
7.279000
7.308000
7.337000
7.366000
7.395000
7.424000
7.453000
7.482000
7.511000
7.540000
7.569000
7.598000
7.627000
7.656000
7.685000
7.714000
7.743000
7.772000
7.801000
7.830000
7.859000
7.888000
7.917000
7.946000
7.975000
8.004000
8.033000
8.062000
8.091000
8.120000
8.149000
8.178000
8.207000
8.236000
8.265000
8.294000
8.323000
8.352000
8.381000
8.410000
8.439000
8.468000
8.497000
8.526000
8.555000
8.584000
8.613000
8.642000
8.671000
8.700000
8.729000
8.758000
8.787000
8.816000
8.845000
8.874000
8.903000
8.932000
8.961000
8.990000
9.019000
9.048000
9.077000
9.106000
9.135000
9.164000
9.193000
9.222000
9.251000
9.280000
9.309000
9.338000
9.367000
9.396000
9.425000
9.454000
9.483000
9.512000
9.541000
9.570000
9.599000
9.628000
9.657000
9.686000
9.715000
9.744000
9.773000
9.802000
9.831000
9.860000
9.889000
9.918000
9.947000
9.976000
10.005000
10.034000
10.063000
10.092000
10.121000
10.150000
10.179000
10.208000
10.237000
10.266000
10.295000
10.324000
10.353000
10.382000
10.411000
10.440000
10.469000
10.498000
10.527000
10.556000
10.585000
10.614000
10.643000
10.672000
10.701000
10.730000
10.759000
10.788000
10.817000
10.846000
10.875000
10.904000
10.933000
10.962000
10.991000
11.020000
11.049000
11.078000
11.107000
11.136000
11.165000
11.194000
11.223000
11.252000
11.281000
11.310000
11.339000
11.368000
11.397000
11.426000
11.455000
11.484000
11.513000
11.542000
11.571000
11.600000
11.629000
11.658000
11.687000
11.716000
11.745000
11.774000
11.803000
11.832000
11.861000
11.890000
11.919000
11.948000
11.977000
12.006000
12.035000
12.064000
12.093000
12.122000
12.151000
12.180000
12.209000
12.238000
12.267000
12.296000
12.325000
12.354000
12.383000
12.412000
12.441000
12.470000
12.499000
12.528000
12.557000
12.586000
12.615000
12.644000
12.673000
12.702000
12.731000
12.760000
12.789000
12.818000
12.847000
12.876000
12.905000
12.934000
12.963000
12.992000
13.021000
13.050000
13.079000
13.108000
13.137000
13.166000
13.195000
13.224000
13.253000
13.282000
13.311000
13.340000
13.369000
13.398000
13.427000
13.456000
13.485000
13.514000
13.543000
13.572000
13.601000
13.630000
13.659000
13.688000
13.717000
13.746000
13.775000
13.804000
13.833000
13.862000
13.891000
13.920000
13.949000
13.978000
14.007000
14.036000
14.065000
14.094000
14.123000
14.152000
14.181000
14.210000
14.239000
14.268000
14.297000
14.326000
14.355000
14.384000
14.413000
14.442000
14.471000
14.500000
14.529000
14.558000
14.587000
14.616000
14.645000
14.674000
14.703000
14.732000
14.761000
14.790000
14.819000
14.848000
14.877000
14.906000
14.935000
14.964000
14.993000
15.022000
15.051000
15.080000
15.109000
15.138000
15.167000
15.196000
15.225000
15.254000
15.283000
15.312000
15.341000
15.370000
15.399000
15.428000
15.457000
15.486000
15.515000
15.544000
15.573000
15.602000
15.631000
15.660000
15.689000
15.718000
15.747000
15.776000
15.805000
15.834000
15.863000
15.892000
15.921000
15.950000
15.979000
16.008000
16.037000
16.066000
16.095000
16.124000
16.153000
16.182000
16.211000
16.240000
16.269000
16.298000
16.327000
16.356000
16.385000
16.414000
16.443000
16.472000
16.501000
16.530000
16.559000
16.588000
16.617000
16.646000
16.675000
16.704000
16.733000
16.762000
16.791000
16.820000
16.849000
16.878000
16.907000
16.936000
16.965000
16.994000
17.023000
17.052000
17.081000
17.110000
17.139000
17.168000
17.197000
17.226000
17.255000
17.284000
17.313000
17.342000
17.371000
17.400000
17.429000
17.458000
17.487000
17.516000
17.545000
17.574000
17.603000
17.632000
17.661000
17.690000
17.719000
17.748000
17.777000
17.806000
17.835000
17.864000
17.893000
17.922000
17.951000
17.980000
18.009000
18.038000
18.067000
18.096000
18.125000
18.154000
18.183000
18.212000
18.241000
18.270000
18.299000
18.328000
18.357000
18.386000
18.415000
18.444000
18.473000
18.502000
18.531000
18.560000
18.589000
18.618000
18.647000
18.676000
18.705000
18.734000
18.763000
18.792000
18.821000
18.850000
18.879000
18.908000
18.937000
18.966000
18.995000
19.024000
19.053000
19.082000
19.111000
19.140000
19.169000
19.198000
19.227000
19.256000
19.285000
19.314000
19.343000
19.372000
19.401000
19.430000
19.459000
19.488000
19.517000
19.546000
19.575000
19.604000
19.633000
19.662000
19.691000
19.720000
19.749000
19.778000
19.807000
19.836000
19.865000
19.894000
19.923000
19.952000
19.981000
20.010000
20.039000
20.068000
20.097000
20.126000
20.155000
20.184000
20.213000
20.242000
20.271000
20.300000
20.329000
20.358000
20.387000
20.416000
20.445000
20.474000
20.503000
20.532000
20.561000
20.590000
20.619000
20.648000
20.677000
20.706000
20.735000
20.764000
20.793000
20.822000
20.851000
20.880000
20.909000
20.938000
20.967000
20.996000
21.025000
21.054000
21.083000
21.112000
21.141000
21.170000
21.199000
21.228000
21.257000
21.286000
21.315000
21.344000
21.373000
21.402000
21.431000
21.460000
21.489000
21.518000
21.547000
21.576000
21.605000
21.634000
21.663000
21.692000
21.721000
21.750000
21.779000
21.808000
21.837000
21.866000
21.895000
21.924000
21.953000
21.982000
22.011000
22.040000
22.069000
22.098000
22.127000
22.156000
22.185000
22.214000
22.243000
22.272000
22.301000
22.330000
22.359000
22.388000
22.417000
22.446000
22.475000
22.504000
22.533000
22.562000
22.591000
22.620000
22.649000
22.678000
22.707000
22.736000
22.765000
22.794000
22.823000
22.852000
22.881000
22.910000
22.939000
22.968000
22.997000
23.026000
23.055000
23.084000
23.113000
23.142000
23.171000
23.200000
23.229000
23.258000
23.287000
23.316000
23.345000
23.374000
23.403000
23.432000
23.461000
23.490000
23.519000
23.548000
23.577000
23.606000
23.635000
23.664000
23.693000
23.722000
23.751000
23.780000
23.809000
23.838000
23.867000
23.896000
23.925000
23.954000
23.983000
24.012000
24.041000
24.070000
24.099000
24.128000
24.157000
24.186000
24.215000
24.244000
24.273000
24.302000
24.331000
24.360000
24.389000
24.418000
24.447000
24.476000
24.505000
24.534000
24.563000
24.592000
24.621000
24.650000
24.679000
24.708000
24.737000
24.766000
24.795000
24.824000
24.853000
24.882000
24.911000
24.940000
24.969000
24.998000
25.027000
25.056000
25.085000
25.114000
25.143000
25.172000
25.201000
25.230000
25.259000
25.288000
25.317000
25.346000
25.375000
25.404000
25.433000
25.462000
25.491000
25.520000
25.549000
25.578000
25.607000
25.636000
25.665000
25.694000
25.723000
25.752000
25.781000
25.810000
25.839000
25.868000
25.897000
25.926000
25.955000
25.984000
26.013000
26.042000
26.071000
26.100000
26.129000
26.158000
26.187000
26.216000
26.245000
26.274000
26.303000
26.332000
26.361000
26.390000
26.419000
26.448000
26.477000
26.506000
26.535000
26.564000
26.593000
26.622000
26.651000
26.680000
26.709000
26.738000
26.767000
26.796000
26.825000
26.854000
26.883000
26.912000
26.941000
26.970000
26.999000
27.028000
27.057000
27.086000
27.115000
27.144000
27.173000
27.202000
27.231000
27.260000
27.289000
27.318000
27.347000
27.376000
27.405000
27.434000
27.463000
27.492000
27.521000
27.550000
27.579000
27.608000
27.637000
27.666000
27.695000
27.724000
27.753000
27.782000
27.811000
27.840000
27.869000
27.898000
27.927000
27.956000
27.985000
28.014000
28.043000
28.072000
28.101000
28.130000
28.159000
28.188000
28.217000
28.246000
28.275000
28.304000
28.333000
28.362000
28.391000
28.420000
28.449000
28.478000
28.507000
28.536000
28.565000
28.594000
28.623000
28.652000
28.681000
28.710000
28.739000
28.768000
28.797000
28.826000
28.855000
28.884000
28.913000
28.942000
28.971000
29.000000
