20.165500
21.466500
22.767500
24.068500
25.369500
26.670500
27.971500
29.272500
30.573500
31.874500
33.175500
34.476500
35.777500
37.078500
38.379500
39.680500
40.981500
42.282500
43.583500
44.884500
46.185500
47.486500
48.787500
50.088500
51.389500
52.690500
53.991500
55.292500
56.593500
57.894500
59.195500
60.496500
61.797500
63.098500
64.399500
65.700500
67.001500
68.302500
69.603500
70.904500
72.205500
73.506500
74.807500
76.108500
77.409500
78.710500
80.011500
81.312500
82.613500
83.914500
85.215500
86.516500
87.817500
89.118500
90.419500
91.720500
93.021500
94.322500
95.623500
96.924500
98.225500
99.526500
100.827500
102.128500
103.429500
104.730500
106.031500
107.332500
108.633500
109.934500
111.235500
112.536500
113.837500
115.138500
116.439500
117.740500
119.041500
120.342500
121.643500
122.944500
124.245500
125.546500
126.847500
128.148500
129.449500
130.750500
132.051500
133.352500
134.653500
135.954500
137.255500
138.556500
139.857500
141.158500
142.459500
143.760500
145.061500
146.362500
147.663500
148.964500
150.265500
151.566500
152.867500
154.168500
155.469500
156.770500
158.071500
159.372500
160.673500
161.974500
163.275500
164.576500
165.877500
167.178500
168.479500
169.780500
171.081500
172.382500
173.683500
174.984500
176.285500
177.586500
178.887500
180.188500
181.489500
182.790500
184.091500
185.392500
186.693500
187.994500
189.295500
190.596500
191.897500
193.198500
194.499500
195.800500
197.101500
198.402500
199.703500
201.004500
202.305500
203.606500
204.907500
206.208500
207.509500
208.810500
210.111500
211.412500
212.713500
214.014500
215.315500
216.616500
217.917500
219.218500
220.519500
221.820500
223.121500
224.422500
225.723500
227.024500
228.325500
229.626500
230.927500
232.228500
233.529500
234.830500
236.131500
237.432500
238.733500
240.034500
241.335500
242.636500
243.937500
245.238500
246.539500
247.840500
249.141500
250.442500
251.743500
253.044500
254.345500
255.646500
256.947500
258.248500
259.549500
260.850500
262.151500
263.452500
264.753500
266.054500
267.355500
268.656500
269.957500
271.258500
272.559500
273.860500
275.161500
276.462500
277.763500
279.064500
280.365500
281.666500
282.967500
284.268500
285.569500
286.870500
288.171500
289.472500
290.773500
292.074500
293.375500
294.676500
295.977500
297.278500
298.579500
299.880500
301.181500
302.482500
303.783500
305.084500
306.385500
307.686500
308.987500
310.288500
311.589500
312.890500
314.191500
315.492500
316.793500
318.094500
319.395500
320.696500
321.997500
323.298500
324.599500
325.900500
327.201500
328.502500
329.803500
331.104500
332.405500
333.706500
335.007500
336.308500
337.609500
338.910500
340.211500
341.512500
342.813500
344.114500
345.415500
346.716500
348.017500
349.318500
350.619500
351.920500
353.221500
354.522500
355.823500
357.124500
358.425500
359.726500
361.027500
362.328500
363.629500
364.930500
366.231500
367.532500
368.833500
370.134500
371.435500
372.736500
374.037500
375.338500
376.639500
377.940500
379.241500
380.542500
381.843500
383.144500
384.445500
385.746500
387.047500
388.348500
389.649500
390.950500
392.251500
393.552500
394.853500
396.154500
397.455500
398.756500
400.057500
401.358500
402.659500
403.960500
405.261500
406.562500
407.863500
409.164500
410.465500
411.766500
413.067500
414.368500
415.669500
416.970500
418.271500
419.572500
420.873500
422.174500
423.475500
424.776500
426.077500
427.378500
428.679500
429.980500
431.281500
432.582500
433.883500
435.184500
436.485500
437.786500
439.087500
440.388500
441.689500
442.990500
444.291500
445.592500
446.893500
448.194500
449.495500
450.796500
452.097500
453.398500
454.699500
456.000500
457.301500
458.602500
459.903500
461.204500
462.505500
463.806500
465.107500
466.408500
467.709500
469.010500
470.311500
471.612500
472.913500
474.214500
475.515500
476.816500
478.117500
479.418500
480.719500
482.020500
483.321500
484.622500
485.923500
487.224500
488.525500
489.826500
491.127500
492.428500
493.729500
495.030500
496.331500
497.632500
498.933500
500.234500
501.535500
502.836500
504.137500
505.438500
506.739500
508.040500
509.341500
510.642500
511.943500
513.244500
514.545500
515.846500
517.147500
518.448500
519.749500
521.050500
522.351500
523.652500
524.953500
526.254500
527.555500
528.856500
530.157500
531.458500
532.759500
534.060500
535.361500
536.662500
537.963500
539.264500
540.565500
541.866500
543.167500
544.468500
545.769500
547.070500
548.371500
549.672500
550.973500
552.274500
553.575500
554.876500
556.177500
557.478500
558.779500
560.080500
561.381500
562.682500
563.983500
565.284500
566.585500
567.886500
569.187500
570.488500
571.789500
573.090500
574.391500
575.692500
576.993500
578.294500
579.595500
580.896500
582.197500
583.498500
584.799500
586.100500
587.401500
588.702500
590.003500
591.304500
592.605500
593.906500
595.207500
596.508500
597.809500
599.110500
600.411500
601.712500
603.013500
604.314500
605.615500
606.916500
608.217500
609.518500
610.819500
612.120500
613.421500
614.722500
616.023500
617.324500
618.625500
619.926500
621.227500
622.528500
623.829500
625.130500
626.431500
627.732500
629.033500
630.334500
631.635500
632.936500
634.237500
635.538500
636.839500
638.140500
639.441500
640.742500
642.043500
643.344500
644.645500
645.946500
647.247500
648.548500
649.849500
651.150500
652.451500
653.752500
655.053500
656.354500
657.655500
658.956500
660.257500
661.558500
662.859500
664.160500
665.461500
666.762500
668.063500
669.364500
670.665500
671.966500
673.267500
674.568500
675.869500
677.170500
678.471500
679.772500
681.073500
682.374500
683.675500
684.976500
686.277500
687.578500
688.879500
690.180500
691.481500
692.782500
694.083500
695.384500
696.685500
697.986500
699.287500
700.588500
701.889500
703.190500
704.491500
705.792500
707.093500
708.394500
709.695500
710.996500
712.297500
713.598500
714.899500
716.200500
717.501500
718.802500
720.103500
721.404500
722.705500
724.006500
725.307500
726.608500
727.909500
729.210500
730.511500
731.812500
733.113500
734.414500
735.715500
737.016500
738.317500
739.618500
740.919500
742.220500
743.521500
744.822500
746.123500
747.424500
748.725500
750.026500
751.327500
752.628500
753.929500
755.230500
756.531500
757.832500
759.133500
760.434500
763.036500
764.337500
765.638500
766.939500
768.240500
769.541500
770.842500
772.143500
773.444500
774.745500
776.046500
777.347500
