2.561404836442640000e+15
2.142842435789696000e+15
1.869786480188238000e+15
1.636960412167734000e+15
1.413365092193482000e+15
1.291977854791136000e+15
1.128915011729172000e+15
1.033142553384530000e+15
9.292232590742340000e+14
8.595674212897680000e+14
7.870771303278460000e+14
7.171045112051030000e+14
6.779319014060620000e+14
6.236370630960130000e+14
5.872210326853660000e+14
5.373407814800340000e+14
5.193630624510590000e+14
4.995005693102430000e+14
4.693499191696080000e+14
4.406913818546610000e+14
4.152319803997240000e+14
3.998845760356540000e+14
4.018108293954960000e+14
3.714975676655140000e+14
3.547770600095520000e+14
3.333453901810430000e+14
3.247100569941850000e+14
3.132257174645710000e+14
3.005990370967520000e+14
2.837646824439840000e+14
2.706360183411320000e+14
2.651558590901780000e+14
2.649488213967030000e+14
2.495545900000880000e+14
2.362232793980220000e+14
2.437263242929710000e+14
2.239632432054370000e+14
2.159103193155730000e+14
2.092313185760290000e+14
2.115794612593700000e+14
1.911793548359700000e+14
1.915585861683280000e+14
1.923694398246570000e+14
1.741455372427540000e+14
1.721732873152800000e+14
1.759967662491700000e+14
1.588631945822960000e+14
1.563583022959310000e+14
1.573444414165550000e+14
1.441610571947600000e+14
1.410227055125250000e+14
1.472022308401960000e+14
1.342016404050240000e+14
1.369115949993870000e+14
1.379187472500680000e+14
1.294617509860260000e+14
1.332857035939260000e+14
1.259015046873340000e+14
1.227378957351960000e+14
1.230997699007190000e+14
1.084817330558770000e+14
1.105904767360420000e+14
1.081901566347260000e+14
1.065453872497970000e+14
1.001597163160420000e+14
9.424695785501800000e+13
9.845068231736800000e+13
9.326495413982800000e+13
9.592219425732000000e+13
9.217897031918200000e+13
8.719649402258100000e+13
8.537391526677100000e+13
8.005703632181700000e+13
8.983197656144200000e+13
7.851572777733200000e+13
8.176962830884300000e+13
8.096071492410300000e+13
7.657816121701000000e+13
7.421175973947000000e+13
7.079752821847100000e+13
6.994633827164600000e+13
6.524460323128200000e+13
6.470977977569200000e+13
6.991594703761800000e+13
6.311107645586000000e+13
6.048683340035600000e+13
6.113928627682000000e+13
5.857236960743900000e+13
5.811931776491100000e+13
6.014238882028100000e+13
5.602670589199100000e+13
5.318615677569900000e+13
5.464412334776600000e+13
5.225818154317600000e+13
5.174596246715900000e+13
4.972309169692300000e+13
5.282175115547200000e+13
4.721032501928500000e+13
4.464733637934200000e+13
4.704120474172400000e+13
4.771086029724300000e+13
4.427370915856800000e+13
3.518633837831600000e+13
4.978949484937800000e+13
4.275118605576700000e+13
3.733987012546400000e+13
4.536163277463000000e+13
3.872115821697000000e+13
4.116278834920500000e+13
3.432856470341600000e+13
4.125734943239100000e+13
3.277297012564300000e+13
3.724753497581400000e+13
3.184566011209600000e+13
3.290925224816600000e+13
3.778999599154700000e+13
3.451885502274700000e+13
3.112146898776500000e+13
2.942237138881300000e+13
3.584793074687200000e+13
2.969039486396600000e+13
2.929012657061200000e+13
2.758518033416400000e+13
2.761904011021800000e+13
3.319388534228800000e+13
3.251939978906600000e+13
2.524092638800900000e+13
2.516578111238800000e+13
2.709067969196200000e+13
2.376323313136400000e+13
2.653621190365700000e+13
2.662608989620600000e+13
2.461436064224300000e+13
2.303380719148500000e+13
2.619695632015200000e+13
2.044652317804200000e+13
2.468270611228600000e+13
2.240444898760900000e+13
2.196152656750100000e+13
2.287534102147400000e+13
2.237592601881700000e+13
2.080579616506100000e+13
2.047654591144900000e+13
2.266846456863700000e+13
1.814151339039100000e+13
1.889356666337800000e+13
2.023601373309800000e+13
1.674978132211100000e+13
1.840220755950800000e+13
2.134466354211500000e+13
1.732568619014600000e+13
1.993563264903500000e+13
1.944936085031300000e+13
1.939139987207400000e+13
1.648625110760400000e+13
1.605799113289800000e+13
1.673106917235900000e+13
1.721794311500200000e+13
1.545406105236800000e+13
1.639373984032100000e+13
1.249707389935800000e+13
1.393233132964900000e+13
1.479913672897800000e+13
1.346673679754800000e+13
1.428732767263100000e+13
1.659679165919900000e+13
1.522197039701500000e+13
1.469766444934200000e+13
1.329518017653600000e+13
1.368087708659700000e+13
1.521288452863700000e+13
1.169563817025200000e+13
1.137253806832300000e+13
1.218138977506200000e+13
2.019999022610300000e+13
1.245213068872300000e+13
1.411756277700400000e+13
1.085101468088200000e+13
1.082063822203600000e+13
1.128319547698600000e+13
1.130035275471700000e+13
1.431090113271800000e+13
1.064789023404100000e+13
1.096954096130200000e+13
1.355812231536800000e+13
1.071804181619800000e+13
1.352036379253400000e+13
9.574519850619000000e+12
8.660844660104000000e+12
1.105978277163800000e+13
1.132755601226500000e+13
8.688739677711000000e+12
1.236931057695400000e+13
1.012190965160700000e+13
1.049344505745500000e+13
1.106294939252200000e+13
1.108557818581900000e+13
8.080839870724000000e+12
1.086176080665500000e+13
9.165431630834000000e+12
1.085122006211000000e+13
1.046738167757900000e+13
9.251986008847000000e+12
9.198316705360000000e+12
9.124822319897000000e+12
6.945686102920000000e+12
9.617545295173000000e+12
6.088398025326000000e+12
9.700918368180000000e+12
5.709624391835000000e+12
8.634820765598000000e+12
7.171457400749000000e+12
9.071418494570000000e+12
6.898575116498000000e+12
7.868294243870000000e+12
6.389393860798000000e+12
7.519568799202000000e+12
8.152156982310000000e+12
6.433798583251000000e+12
7.595886856618000000e+12
5.311906183470000000e+12
7.390441523098000000e+12
7.445226152665000000e+12
8.148936948879000000e+12
9.763878157505000000e+12
3.908563338710000000e+12
6.903816469653000000e+12
6.182764231373000000e+12
6.457774569706000000e+12
5.466642555394000000e+12
7.157539057454000000e+12
6.702084373816000000e+12
4.977325790167000000e+12
3.948882769760000000e+12
5.329084536901000000e+12
4.705614051341000000e+12
4.100557114812000000e+12
3.602485666095000000e+12
4.415736766075000000e+12
5.339252869661000000e+12
4.702444982678000000e+12
4.930391789126000000e+12
3.851476140348000000e+12
4.998948459215000000e+12
5.211908671257000000e+12
3.959816934178000000e+12
3.837556170683000000e+12
5.885197941215000000e+12
4.314555675699000000e+12
3.855857220706000000e+12
4.890041682599000000e+12
5.859535860472000000e+12
5.479455465501000000e+12
3.460387669878000000e+12
5.171980667054000000e+12
4.796842186749000000e+12
4.770905927660000000e+12
5.060452538392000000e+12
4.812140402744000000e+12
4.762330912069000000e+12
3.134683685978000000e+12
4.399240834671000000e+12
3.707635665950000000e+12
2.539894345699000000e+12
2.432761986882000000e+12
2.252666056604000000e+12
4.623593527989000000e+12
2.981385932261000000e+12
2.730674344136000000e+12
5.383378232546000000e+12
3.261072480206000000e+12
3.635815458455000000e+12
4.049423289046000000e+12
3.577750782334000000e+12
3.612774724660000000e+12
2.403193619842000000e+12
1.785809194933000000e+12
2.036178732341000000e+12
3.619873301940000000e+12
1.583694569598000000e+12
4.231577981753000000e+12
3.354280461413000000e+12
1.997715194038000000e+12
2.205575002392000000e+12
2.133281401075000000e+12
2.510185641362000000e+12
2.296350308787000000e+12
2.362407569210000000e+12
2.262420813712000000e+12
2.473301557481000000e+12
1.681762061681000000e+12
2.051903145515000000e+12
2.054533728005000000e+12
2.102693442928000000e+12
2.075520851564000000e+12
1.771380867834000000e+12
2.617526559330000000e+12
2.547832209240000000e+12
1.809936650970000000e+12
2.004135461984000000e+12
1.357452488227000000e+12
2.105238946977000000e+12
1.412698700767000000e+12
3.264703783203000000e+12
2.033788872430000000e+12
2.301492820791000000e+12
9.274870275950000000e+11
1.152207067543000000e+12
1.289475543482000000e+12
2.139692051736000000e+12
9.557452935140000000e+11
1.991573166768000000e+12
1.357452488227000000e+12
1.164805242242000000e+12
1.829459567773000000e+12
2.066700470999000000e+12
1.600328234075000000e+12
1.370355925907000000e+12
9.049683254850000000e+11
6.787262441130000000e+11
2.277723170128000000e+12
1.410665196089000000e+12
1.809936650970000000e+12
2.313510025344000000e+12
2.095208630718000000e+12
2.036178732341000000e+12
2.288025644989000000e+12
1.809936650970000000e+12
1.779875740129000000e+12
1.809936650970000000e+12
1.809936650970000000e+12
1.075078024900000000e+12
1.809936650970000000e+12
1.204551206235000000e+12
1.842321836295000000e+12
2.301158800500000000e+12
1.167497432584000000e+12
1.317867105958000000e+12
9.445536080690000000e+11
1.403722805393000000e+12
1.357452488227000000e+12
6.945910047650000000e+11
6.787262441130000000e+11
9.613198166510000000e+11
4.524841627420000000e+11
4.715187232970000000e+11
1.704834933338000000e+12
1.131210406856000000e+12
1.374314995551000000e+12
1.374122421098000000e+12
9.049683254850000000e+11
1.599535954197000000e+12
6.787262441130000000e+11
4.524841627420000000e+11
4.695480166000000000e+11
1.826109740492000000e+12
4.698436370610000000e+11
2.486261186110000000e+11
4.524841627420000000e+11
7.065253879950000000e+11
4.524841627420000000e+11
2.712630482750000000e+11
1.924041940364000000e+12
4.524841627420000000e+11
1.155938345669000000e+12
9.049683254850000000e+11
6.331924134280000000e+11
1.143895515682000000e+12
1.809936650970000000e+12
1.549296800574000000e+12
6.787262441130000000e+11
6.787262441130000000e+11
1.131210406856000000e+12
9.268869321100000000e+11
2.012512803500000000e+10
4.524841627420000000e+11
4.198267829100000000e+11
9.211629912810000000e+11
9.049683254850000000e+11
4.524841627420000000e+11
4.524841627420000000e+11
4.716569789080000000e+11
8.529298858100000000e+11
9.049683254850000000e+11
1.129655069700000000e+12
1.605557876451000000e+12
2.778979013030000000e+11
6.787262441130000000e+11
1.163516855375000000e+12
9.049683254850000000e+11
6.787262441130000000e+11
2.262420813710000000e+11
1.355560608612000000e+12
1.131210406856000000e+12
1.131210406856000000e+12
1.127426298489000000e+12
4.524841627420000000e+11
1.131210406856000000e+12
1.831032244400000000e+10
