1.060786874267769000e+15
9.934514192858550000e+14
9.387894541947470000e+14
8.959504366390310000e+14
8.626690637174310000e+14
8.271040057632940000e+14
7.839854979181000000e+14
7.583195706200960000e+14
7.281054959844530000e+14
6.992315671880210000e+14
6.776498837326300000e+14
6.615137286588890000e+14
6.394403473769510000e+14
6.250971896098680000e+14
6.055590008365860000e+14
5.835506529953450000e+14
5.679387403541540000e+14
5.478597848373410000e+14
5.374668384814380000e+14
5.159651744656380000e+14
5.054968730188170000e+14
4.948839624718340000e+14
4.786066010459040000e+14
4.754486014828610000e+14
4.573816611494670000e+14
4.537232285112670000e+14
4.418433959759160000e+14
4.254041994652930000e+14
4.152712474360580000e+14
4.085194533523400000e+14
3.991180158577760000e+14
3.868705795450430000e+14
3.788846216260610000e+14
3.724873123713790000e+14
3.607203496175950000e+14
3.565537595682560000e+14
3.455301303579650000e+14
3.385544548414070000e+14
3.282395216362540000e+14
3.297956900520300000e+14
3.165018805794710000e+14
3.127767094795620000e+14
3.035709730205570000e+14
3.025962556809080000e+14
2.918237737896850000e+14
2.874659983613210000e+14
2.832144505760270000e+14
2.732543180387280000e+14
2.724408249677910000e+14
2.680641419919010000e+14
2.529894744340880000e+14
2.512155286284140000e+14
2.515693143979640000e+14
2.414379139493730000e+14
2.361864103612490000e+14
2.365996174264660000e+14
2.328036244336260000e+14
2.240409649763850000e+14
2.236397422121260000e+14
2.212450068319670000e+14
2.121694493573910000e+14
2.134055377945940000e+14
2.051540377644950000e+14
2.005487459860130000e+14
2.044537589734930000e+14
1.967330889999540000e+14
1.985335000525000000e+14
1.931550743315450000e+14
1.887955543591800000e+14
1.830248954510300000e+14
1.828445930641220000e+14
1.833080901667380000e+14
1.778027635395370000e+14
1.801569761474910000e+14
1.749910471167660000e+14
1.711693879988010000e+14
1.680920139802530000e+14
1.654638914004390000e+14
1.652893627657530000e+14
1.611979207123240000e+14
1.623641548265380000e+14
1.575618554822370000e+14
1.569622074458220000e+14
1.552235421754710000e+14
1.547276650626330000e+14
1.509821738978880000e+14
1.524950398388290000e+14
1.466168429936700000e+14
1.486140588139330000e+14
1.450228869523440000e+14
1.431245647937760000e+14
1.426771872395480000e+14
1.411907784732450000e+14
1.340313554011990000e+14
1.366907503160350000e+14
1.389420387561600000e+14
1.339795566702410000e+14
1.346320789094700000e+14
1.313634136562040000e+14
1.300038112937870000e+14
1.315503018818730000e+14
1.287028654505260000e+14
1.279971544186210000e+14
1.261405042347720000e+14
1.242493403433780000e+14
1.241975153604730000e+14
1.239448940116960000e+14
1.184772529182730000e+14
1.215371744614240000e+14
1.159828131527190000e+14
1.190964700190850000e+14
1.171402590418240000e+14
1.139121205441760000e+14
1.140756774788800000e+14
1.146003896624530000e+14
1.119657800690810000e+14
1.102455708478840000e+14
1.088308908034120000e+14
1.069529663921030000e+14
1.114015442600430000e+14
1.027528327308890000e+14
1.043263194706080000e+14
1.024994436034850000e+14
1.050323787483320000e+14
1.017934421152320000e+14
1.004407349876460000e+14
1.002641170416460000e+14
9.746004288073900000e+13
9.338593387958700000e+13
9.309032702208800000e+13
9.766660345202100000e+13
9.347322859881600000e+13
9.072480052350900000e+13
9.064691250183600000e+13
8.957843850806800000e+13
8.594250119341900000e+13
8.703918886400900000e+13
8.707931414810700000e+13
8.306230689891500000e+13
8.221606277895400000e+13
8.264791821558100000e+13
8.229287161969500000e+13
7.966153917066700000e+13
8.097603500726200000e+13
7.786063443930200000e+13
7.504008207915100000e+13
7.356425479801300000e+13
7.573337438700800000e+13
7.448075447195000000e+13
7.256333383989100000e+13
6.859754741214900000e+13
6.992919065414900000e+13
6.865983137413300000e+13
6.936114852442300000e+13
6.671566791202000000e+13
6.645191158894800000e+13
6.510236639450400000e+13
6.451055989495400000e+13
6.354062821148000000e+13
6.082544355659000000e+13
5.993748017948100000e+13
5.833582420632600000e+13
5.953127547637400000e+13
5.785712215765400000e+13
5.577648373662000000e+13
5.520743816758400000e+13
5.812516202681900000e+13
5.436149459072100000e+13
5.162857854438800000e+13
5.308871894304700000e+13
5.568983060584500000e+13
5.211733517073300000e+13
4.965197575441300000e+13
4.859503642327300000e+13
5.176973076962900000e+13
4.828329787667300000e+13
4.776983979160400000e+13
4.797694861972900000e+13
4.779006562749800000e+13
4.573424780773900000e+13
4.755852289004700000e+13
4.574676853954700000e+13
4.595436349218500000e+13
4.430974886192700000e+13
4.420749823539800000e+13
4.315646777541200000e+13
4.387386758831700000e+13
4.143877601036200000e+13
4.158335183121800000e+13
4.153701664266400000e+13
4.201683763879100000e+13
4.037530129906000000e+13
4.070491983248800000e+13
3.968707148178500000e+13
3.912664435076100000e+13
3.895342413396700000e+13
3.918172379489000000e+13
3.916447822540900000e+13
3.750037537284100000e+13
3.653690758334200000e+13
3.789090047273600000e+13
3.615915071812200000e+13
3.674898386549400000e+13
3.625668148001100000e+13
3.526492194354800000e+13
3.480529851917700000e+13
3.565662402426800000e+13
3.438795523169100000e+13
3.556454437597800000e+13
3.419973162880800000e+13
3.449846627810100000e+13
3.197622801482500000e+13
3.294149100053200000e+13
3.300818450000300000e+13
3.107368369618100000e+13
3.263114263840100000e+13
3.128147258419500000e+13
3.089129253314000000e+13
2.991613104131400000e+13
3.031350922080100000e+13
2.967928273596000000e+13
3.065047313656500000e+13
2.889272686712300000e+13
2.825579609798800000e+13
3.063213561593600000e+13
2.866813016909600000e+13
2.971445903616900000e+13
2.849705586445500000e+13
2.900317324757600000e+13
2.768959967348400000e+13
2.873095990864400000e+13
2.764124879400600000e+13
2.846082274824000000e+13
2.873816699881400000e+13
2.659331498866100000e+13
2.630136730882900000e+13
2.625697129280300000e+13
2.687851166209700000e+13
2.432059927064400000e+13
2.505599049946500000e+13
2.526643585077400000e+13
2.506961688315500000e+13
2.321811836085600000e+13
2.481260111650500000e+13
2.460951945619500000e+13
2.220268444985100000e+13
2.261532759230200000e+13
2.233422362203700000e+13
2.233037733479600000e+13
2.222531243169400000e+13
2.253409119576000000e+13
2.127487692327400000e+13
2.389951107561800000e+13
2.291828836651800000e+13
2.137931889057600000e+13
2.157681689983100000e+13
2.110306496223300000e+13
2.110457403836800000e+13
2.115568464885000000e+13
2.016463956513300000e+13
2.002773559871100000e+13
2.018798023725000000e+13
1.971179506258600000e+13
1.947185065038500000e+13
2.004685208430400000e+13
1.933886196998300000e+13
1.989064755359400000e+13
1.925741490248700000e+13
1.903758018224400000e+13
1.888203219111400000e+13
1.892892471811000000e+13
1.841487226307700000e+13
1.857810572344100000e+13
1.839463100516300000e+13
1.813913558405300000e+13
1.758187870402500000e+13
1.729793346546200000e+13
1.704386203906700000e+13
1.643108474157000000e+13
1.762395378809000000e+13
1.712923055396200000e+13
1.687390652697100000e+13
1.551068380971500000e+13
1.581602146507100000e+13
1.536463864790900000e+13
1.531374960199700000e+13
1.726318678393400000e+13
1.601991704404200000e+13
1.497344293571100000e+13
1.622843314165900000e+13
1.459305511925800000e+13
1.572406243514400000e+13
1.536810094031900000e+13
1.469046022346900000e+13
1.387316254313200000e+13
1.318949585452100000e+13
1.515557540598500000e+13
1.311467545536500000e+13
1.357203723724400000e+13
1.339838509338900000e+13
1.437434756939700000e+13
1.399619083365100000e+13
1.301800433346700000e+13
1.308879201469100000e+13
1.324920655184600000e+13
1.204102803829200000e+13
1.230805843909500000e+13
1.288944763938500000e+13
1.292535725682900000e+13
1.312746776164200000e+13
1.238940995481900000e+13
1.228402976203100000e+13
1.229477186541400000e+13
1.135633842929800000e+13
1.230011917437600000e+13
1.200256442799300000e+13
1.110964992606400000e+13
1.152078807089800000e+13
1.212049152348800000e+13
1.073417466607400000e+13
1.138383934454400000e+13
1.154206505385100000e+13
1.154443641190000000e+13
1.145006243401500000e+13
1.176341225558300000e+13
1.095112647675800000e+13
1.007307032167400000e+13
1.058181697328100000e+13
1.081663803721700000e+13
1.032182811927100000e+13
1.023379558521800000e+13
1.080534311975900000e+13
9.906355706984000000e+12
1.013185670599700000e+13
1.096671490606200000e+13
9.971211342442000000e+12
1.041137385275300000e+13
1.002953026379100000e+13
1.045561320684600000e+13
9.128238707218000000e+12
8.672735252467000000e+12
9.110599743669000000e+12
1.003442611171900000e+13
9.289685421193000000e+12
8.787894638810000000e+12
9.693872697503000000e+12
8.441046579958000000e+12
8.827750025980000000e+12
9.257096746375000000e+12
8.295898332674000000e+12
9.201804316282000000e+12
8.470749318681000000e+12
8.741513450962000000e+12
8.819002635310000000e+12
8.898655809548000000e+12
8.161169536011000000e+12
8.935109219326000000e+12
8.910930480375000000e+12
8.005010910169000000e+12
8.528984764069000000e+12
7.654288829865000000e+12
8.502884432183000000e+12
7.464076909705000000e+12
7.888998658708000000e+12
7.831784116884000000e+12
8.031561170408000000e+12
7.174950742074000000e+12
7.660017033518000000e+12
8.037495066795000000e+12
7.383481517215000000e+12
7.820347589724000000e+12
7.412037427185000000e+12
7.884015065311000000e+12
7.413276770873000000e+12
7.328054307470000000e+12
6.797485964271000000e+12
7.392364741759000000e+12
6.694015005833000000e+12
6.715438692331000000e+12
7.233077854357000000e+12
6.458565889467000000e+12
6.342894794397000000e+12
6.355014840501000000e+12
6.874728579051000000e+12
6.536343392059000000e+12
6.493894908676000000e+12
7.059674815810000000e+12
7.048273701701000000e+12
6.423072190084000000e+12
6.096865963869000000e+12
6.818205503993000000e+12
6.321919440920000000e+12
6.634229867803000000e+12
5.889278609705000000e+12
5.961437215581000000e+12
6.351644135374000000e+12
6.237107481488000000e+12
5.482280328354000000e+12
5.834232051992000000e+12
5.875438737103000000e+12
5.929424935333000000e+12
5.541317002703000000e+12
6.247266759833000000e+12
6.131639172272000000e+12
5.619513815558000000e+12
5.805459756753000000e+12
5.932033940294000000e+12
5.131565929746000000e+12
5.733567331681000000e+12
4.895082252528000000e+12
5.543453923983000000e+12
5.017015409539000000e+12
5.344828691818000000e+12
5.639653191110000000e+12
5.239442192680000000e+12
5.039306987296000000e+12
5.117489539844000000e+12
5.059191910267000000e+12
4.628912806412000000e+12
5.151903549977000000e+12
4.652957164832000000e+12
4.834360656442000000e+12
4.816805994412000000e+12
4.341691864399000000e+12
5.272334702053000000e+12
4.803838020167000000e+12
5.253210017714000000e+12
4.668685347555000000e+12
4.834791315609000000e+12
4.332763646305000000e+12
4.193912951050000000e+12
4.534965941191000000e+12
4.013406042172000000e+12
4.507943262712000000e+12
4.499603801732000000e+12
4.269641633091000000e+12
4.458099258398000000e+12
4.391134202265000000e+12
4.213550300753000000e+12
4.216133102328000000e+12
4.057602534504000000e+12
4.410937223067000000e+12
3.861124767285000000e+12
3.804958937994000000e+12
4.077452518006000000e+12
3.993126311322000000e+12
3.831826758440000000e+12
3.810852881959000000e+12
3.725402671028000000e+12
4.092359209882000000e+12
3.854124149859000000e+12
3.874683101443000000e+12
4.174182202592000000e+12
3.639084773504000000e+12
3.144486330678000000e+12
3.513354815182000000e+12
3.468800659541000000e+12
3.228226247589000000e+12
3.693024410514000000e+12
3.307245692904000000e+12
3.198798642103000000e+12
3.386019255120000000e+12
3.220660707179000000e+12
3.390259901341000000e+12
3.728096869366000000e+12
3.511088293565000000e+12
3.406225207551000000e+12
3.455872487220000000e+12
3.008184805379000000e+12
3.351859360572000000e+12
3.329233459951000000e+12
3.050891737364000000e+12
3.241949158050000000e+12
2.851661417636000000e+12
2.783924774452000000e+12
3.112579273801000000e+12
3.074457278124000000e+12
2.898620343806000000e+12
3.107267714829000000e+12
2.663226202472000000e+12
2.508357587948000000e+12
2.742611267932000000e+12
2.817055076478000000e+12
2.548002328041000000e+12
2.952116749895000000e+12
2.902158919971000000e+12
2.751354221387000000e+12
2.909090433365000000e+12
2.349364514427000000e+12
2.390353541301000000e+12
2.994169692634000000e+12
2.337341021992000000e+12
2.629355898082000000e+12
2.107735997977000000e+12
2.690828515495000000e+12
2.712043199568000000e+12
2.494022280010000000e+12
2.320761773198000000e+12
2.233819298829000000e+12
2.370165798347000000e+12
2.060966958528000000e+12
2.035074860347000000e+12
2.142983009158000000e+12
2.306470176206000000e+12
2.076245744496000000e+12
1.939114203154000000e+12
2.287541941019000000e+12
1.997727206402000000e+12
2.144214647458000000e+12
2.187530009696000000e+12
1.919125653112000000e+12
2.112221445977000000e+12
1.899037392912000000e+12
1.920356225788000000e+12
2.082664375917000000e+12
1.859810715918000000e+12
1.945178791159000000e+12
1.992412628222000000e+12
2.188910667461000000e+12
1.875009237699000000e+12
1.955352287688000000e+12
1.994308649222000000e+12
1.645563555052000000e+12
1.667849497952000000e+12
1.682449066051000000e+12
1.971055335641000000e+12
1.590900885612000000e+12
1.659975613961000000e+12
1.945829894584000000e+12
1.637765592603000000e+12
1.845572933775000000e+12
1.621215795992000000e+12
1.746883940598000000e+12
1.568279359642000000e+12
1.607364234147000000e+12
1.551619792754000000e+12
1.525210888461000000e+12
1.449525624383000000e+12
1.388010443083000000e+12
1.653399907027000000e+12
1.285706546469000000e+12
1.540113191410000000e+12
1.407264269157000000e+12
1.487629485399000000e+12
1.522775149641000000e+12
1.151686716912000000e+12
1.236550166457000000e+12
1.286542874150000000e+12
1.623069137682000000e+12
1.291998564446000000e+12
1.341081585043000000e+12
1.193083079147000000e+12
1.166013292254000000e+12
1.076236781286000000e+12
1.060941060066000000e+12
1.343198154498000000e+12
1.379670040321000000e+12
1.222856967077000000e+12
1.068371602538000000e+12
1.232472179376000000e+12
1.209256055534000000e+12
1.138899980554000000e+12
1.122209313650000000e+12
1.095052245073000000e+12
1.107232971534000000e+12
1.129482347567000000e+12
1.030489609212000000e+12
1.018719088307000000e+12
1.086686862363000000e+12
1.126228032188000000e+12
1.088043412158000000e+12
1.111134411881000000e+12
1.186817191869000000e+12
1.131121531470000000e+12
1.017458818594000000e+12
9.864450031860000000e+11
1.154495606602000000e+12
1.080615587647000000e+12
1.066777743251000000e+12
1.079654933651000000e+12
9.936021873560000000e+11
9.673661494100000000e+11
9.405599281340000000e+11
9.329201724660000000e+11
1.044856221929000000e+12
9.071762424810000000e+11
7.658284875540000000e+11
1.038378948099000000e+12
8.915860022730000000e+11
7.700035078920000000e+11
9.894320412230000000e+11
7.763001878470000000e+11
6.726525762710000000e+11
6.142813639810000000e+11
8.409837338450000000e+11
8.728802474050000000e+11
7.920159388170000000e+11
9.263826937440000000e+11
7.846505068470000000e+11
6.409102753710000000e+11
6.786535263050000000e+11
9.302860343580000000e+11
8.382705428400000000e+11
7.980551086580000000e+11
7.490320349730000000e+11
7.610965575850000000e+11
7.314606676760000000e+11
7.415153329510000000e+11
5.533795450250000000e+11
6.569439900200000000e+11
6.322172820230000000e+11
7.143136645450000000e+11
6.539964997490000000e+11
5.982125980160000000e+11
6.026008694130000000e+11
5.713613062080000000e+11
5.876248543890000000e+11
6.411486964910000000e+11
6.155895064150000000e+11
4.477931163620000000e+11
4.614662749130000000e+11
5.831459914430000000e+11
4.841400992390000000e+11
5.895083361170000000e+11
5.361407490590000000e+11
5.942509493050000000e+11
5.850438421380000000e+11
5.452906207290000000e+11
4.620658276510000000e+11
4.591249449690000000e+11
4.926430441410000000e+11
4.220159672280000000e+11
4.103700825170000000e+11
5.422920929380000000e+11
3.775108633010000000e+11
4.200859746050000000e+11
5.095344505290000000e+11
4.804646537950000000e+11
5.033995841860000000e+11
4.374636484340000000e+11
4.047688754100000000e+11
4.199690222540000000e+11
4.410089968310000000e+11
4.312522061390000000e+11
3.533595023850000000e+11
4.089859861150000000e+11
4.132332522100000000e+11
4.421302693170000000e+11
3.974231239440000000e+11
4.582457599560000000e+11
4.660990593080000000e+11
4.433644040440000000e+11
4.249877602230000000e+11
4.293085880260000000e+11
2.924115970740000000e+11
3.252886095540000000e+11
3.459660702350000000e+11
4.556556386530000000e+11
4.496128510880000000e+11
4.292367239220000000e+11
4.701005050090000000e+11
3.667870745880000000e+11
4.199580285730000000e+11
4.103228784650000000e+11
3.363628278930000000e+11
3.523806648100000000e+11
5.240387023230000000e+11
4.055715227620000000e+11
3.440337357710000000e+11
3.157771767450000000e+11
3.388805892520000000e+11
4.793031795910000000e+11
3.133496543220000000e+11
3.738496884420000000e+11
3.518878391770000000e+11
3.355630370960000000e+11
2.118351104240000000e+11
3.424956313670000000e+11
2.990667279320000000e+11
2.485441086480000000e+11
3.042388418870000000e+11
3.598682944460000000e+11
3.087584311550000000e+11
2.290241349850000000e+11
2.555126535820000000e+11
2.823270015130000000e+11
2.455269590850000000e+11
3.614820895460000000e+11
2.264666589210000000e+11
1.411443719010000000e+11
2.178821860700000000e+11
2.631570931860000000e+11
2.568184614310000000e+11
1.828830306540000000e+11
2.771556049300000000e+11
2.955193992600000000e+11
1.631026747710000000e+11
2.089864943250000000e+11
1.417114069790000000e+11
1.590866084840000000e+11
1.771555033520000000e+11
2.055724359580000000e+11
2.693606918270000000e+11
2.280837638500000000e+11
1.894842544760000000e+11
1.580835673040000000e+11
1.984282093570000000e+11
2.234452604860000000e+11
3.052126562000000000e+11
2.136703248850000000e+11
1.469465206320000000e+11
1.668155769620000000e+11
1.914271241880000000e+11
2.672596719290000000e+11
1.652382069010000000e+11
2.065324630650000000e+11
1.007326421770000000e+11
1.103561611120000000e+11
2.282187608240000000e+11
2.052507524020000000e+11
2.601130761960000000e+11
8.973251395400000000e+10
1.667081566850000000e+11
1.802669476320000000e+11
1.376246732340000000e+11
1.621205247620000000e+11
1.416705337980000000e+11
1.660002655220000000e+11
1.757054401200000000e+11
1.332164105770000000e+11
2.063531892700000000e+11
1.180898182350000000e+11
8.259752491000000000e+10
8.828794103400000000e+10
6.659528874700000000e+10
9.144317327600000000e+10
8.345478666300000000e+10
1.326946931160000000e+11
6.429837365700000000e+10
1.582285328430000000e+11
9.746853367200000000e+10
1.596778940870000000e+11
9.290714067500000000e+10
5.141391525700000000e+10
9.911334063600000000e+10
1.576533109510000000e+11
7.712705666500000000e+10
8.730670840200000000e+10
8.595431094400000000e+10
4.320727595900000000e+10
9.938853142700000000e+10
7.223550857900000000e+10
9.530603482300000000e+10
6.877879956000000000e+10
8.565551104600000000e+10
3.997750711000000000e+10
5.843887607900000000e+10
9.696162078200000000e+10
5.987579147100000000e+10
9.671617677800000000e+10
4.854565358300000000e+10
6.409024639000000000e+10
4.605526165800000000e+10
6.461447713800000000e+10
4.721678863700000000e+10
6.483050518900000000e+10
1.121330497440000000e+11
2.454826974900000000e+10
5.174226055600000000e+10
2.035809174800000000e+10
2.831093202200000000e+10
6.347703161400000000e+10
2.422041491600000000e+10
4.112308749800000000e+10
1.982503995800000000e+10
5.456632909800000000e+10
2.851499742200000000e+10
5.210717206800000000e+10
2.908630106700000000e+10
3.713595906500000000e+10
9.839213839100000000e+10
4.603451072700000000e+10
4.511373463000000000e+09
4.196679572000000000e+10
8.234955592200000000e+10
2.924983787400000000e+10
7.395593938500000000e+10
9.181880455000000000e+09
2.887650701800000000e+10
4.099048107900000000e+10
1.138004230900000000e+10
4.491169620000000000e+10
3.575870496900000000e+10
4.351475747400000000e+10
1.214040463200000000e+10
4.256262027700000000e+10
2.826462339200000000e+10
1.093207360300000000e+10
4.975077389300000000e+10
1.759880539600000000e+10
1.682401707300000000e+10
2.977020770500000000e+10
4.241053092700000000e+10
7.979364901800000000e+10
5.396334136300000000e+10
1.553025779900000000e+10
6.006783028200000000e+10
1.729204237900000000e+10
9.341147077000000000e+09
1.061314024500000000e+10
2.465252585200000000e+10
2.560301874400000000e+10
4.576862799600000000e+10
1.518248384400000000e+10
2.857700372700000000e+10
2.230813704400000000e+10
1.813963671100000000e+10
1.964450440700000000e+10
1.636868553100000000e+10
4.551222659000000000e+10
1.915351019000000000e+10
9.162191722000000000e+09
9.220243614000000000e+09
2.244259501200000000e+10
2.803851936100000000e+10
1.547655015500000000e+10
1.419852133900000000e+10
1.794571057600000000e+10
