7.215088260029400000e+13
6.303467404776100000e+13
5.788214754968800000e+13
5.182091298209400000e+13
4.861074011439500000e+13
4.394392492634600000e+13
4.110424559820600000e+13
3.794112743249100000e+13
3.626765128152300000e+13
3.292560963278500000e+13
3.145749276601900000e+13
3.055452762296500000e+13
2.833459559240600000e+13
2.708053077631000000e+13
2.659067112867100000e+13
2.455111722900300000e+13
2.367324341385300000e+13
2.262419361239800000e+13
2.102173006247000000e+13
2.042977029262500000e+13
2.023249784992800000e+13
1.829911867204500000e+13
1.810676106640800000e+13
1.944393580638800000e+13
1.718759243797000000e+13
1.675250577729400000e+13
1.531521079850900000e+13
1.554587810428000000e+13
1.463129449527500000e+13
1.554200871773900000e+13
1.488572011405700000e+13
1.389033896774300000e+13
1.375383546646000000e+13
1.382235763773400000e+13
1.263797919163500000e+13
1.310124448376300000e+13
1.273193560669600000e+13
1.283879802294300000e+13
1.181967606752300000e+13
1.211088283531100000e+13
1.134275697330700000e+13
1.066782804551500000e+13
1.099233799055100000e+13
1.117975435980700000e+13
1.110402718461500000e+13
9.604344837247000000e+12
9.663942199675000000e+12
1.017024550649400000e+13
9.370598198862000000e+12
9.788006163654000000e+12
9.024523123621000000e+12
9.373465152743000000e+12
8.780990155390000000e+12
9.047345768146000000e+12
8.722337111989000000e+12
7.927187941418000000e+12
8.489119839192000000e+12
8.187509217793000000e+12
8.673643494507000000e+12
8.361678537252000000e+12
7.923846244423000000e+12
7.736175575921000000e+12
7.590188850745000000e+12
8.206259529792000000e+12
8.020708513705000000e+12
7.630493829094000000e+12
7.491517322086000000e+12
6.888452595117000000e+12
7.211322655514000000e+12
7.138722704064000000e+12
7.294690414367000000e+12
7.141946685359000000e+12
6.484005916621000000e+12
6.717859081731000000e+12
6.728642771068000000e+12
6.432137387491000000e+12
7.032709513362000000e+12
6.738973362203000000e+12
6.449383613857000000e+12
6.606722154699000000e+12
5.984390022676000000e+12
6.717079462739000000e+12
6.224170160467000000e+12
6.427200753611000000e+12
5.989314517418000000e+12
6.194474864585000000e+12
5.685274253944000000e+12
5.978694951273000000e+12
5.345277180327000000e+12
5.270378372807000000e+12
5.343083097801000000e+12
6.257230355847000000e+12
5.612930424510000000e+12
5.173091669640000000e+12
5.265936613114000000e+12
5.475040083377000000e+12
6.025982909568000000e+12
5.835888341923000000e+12
5.487639390051000000e+12
5.290065333882000000e+12
5.370641961065000000e+12
5.112279918336000000e+12
4.900265338348000000e+12
4.549492382483000000e+12
4.436707137895000000e+12
5.595347909934000000e+12
5.135758747696000000e+12
4.649930980567000000e+12
4.161646950494000000e+12
4.598675050955000000e+12
4.294914831498000000e+12
5.396788533840000000e+12
4.303207239926000000e+12
4.202788862998000000e+12
4.349534340991000000e+12
4.400605061664000000e+12
4.414600041189000000e+12
4.356910180007000000e+12
3.977698300516000000e+12
4.003957366257000000e+12
3.971962304907000000e+12
4.384600699839000000e+12
4.626430384718000000e+12
4.570399302685000000e+12
3.923518978074000000e+12
3.935554664875000000e+12
4.133579010275000000e+12
3.608681112536000000e+12
3.760315113376000000e+12
4.012910923527000000e+12
3.729615330707000000e+12
3.998845685562000000e+12
3.736152793846000000e+12
3.583871974086000000e+12
3.485119505350000000e+12
3.683574755109000000e+12
3.510881806913000000e+12
4.161076063298000000e+12
3.837808141100000000e+12
3.830268967333000000e+12
3.643706625737000000e+12
4.152997071370000000e+12
3.732588485814000000e+12
3.445490267528000000e+12
4.056068602636000000e+12
3.726268391798000000e+12
3.864030944483000000e+12
3.293281061402000000e+12
3.510167407966000000e+12
2.921050152534000000e+12
3.557367356132000000e+12
3.431425344948000000e+12
3.081372541258000000e+12
3.332056007575000000e+12
3.444417354286000000e+12
3.096680197700000000e+12
3.091069046783000000e+12
3.287816541173000000e+12
3.178708590122000000e+12
2.782424089690000000e+12
2.883672071510000000e+12
3.545160027490000000e+12
3.117185481200000000e+12
3.285341546867000000e+12
3.307950080513000000e+12
3.365242425693000000e+12
3.376156202184000000e+12
2.842595368666000000e+12
2.955351396748000000e+12
2.670909681552000000e+12
2.976984386450000000e+12
2.528846838730000000e+12
3.186260163351000000e+12
2.997676130835000000e+12
3.055167528273000000e+12
2.561265972938000000e+12
2.723860031313000000e+12
2.804790186668000000e+12
2.891715261002000000e+12
2.840207568962000000e+12
2.768271558858000000e+12
2.815002889249000000e+12
2.872927510307000000e+12
2.634994609870000000e+12
2.738412347387000000e+12
2.811606353450000000e+12
2.583140375855000000e+12
2.934202854811000000e+12
2.422717020279000000e+12
2.672934250864000000e+12
2.638803336215000000e+12
2.810777815639000000e+12
2.629563611991000000e+12
2.368591050487000000e+12
2.652906565928000000e+12
2.264642798158000000e+12
2.326644317444000000e+12
2.519821450147000000e+12
2.671482574791000000e+12
2.726734515206000000e+12
2.589312336179000000e+12
2.454368995333000000e+12
2.511595125920000000e+12
2.188075137113000000e+12
2.170325071682000000e+12
2.747992809893000000e+12
2.025462648593000000e+12
2.329057469175000000e+12
2.115594202933000000e+12
2.485257705596000000e+12
2.453697565802000000e+12
2.098350354227000000e+12
1.974324682586000000e+12
1.989334952864000000e+12
1.905555214616000000e+12
2.245318730709000000e+12
1.908868802977000000e+12
2.441663879148000000e+12
2.213732603329000000e+12
1.866095796817000000e+12
2.549854243602000000e+12
2.265661355064000000e+12
2.210824650606000000e+12
2.080106093818000000e+12
1.798573583679000000e+12
2.047771334807000000e+12
1.999217918406000000e+12
2.152343141357000000e+12
1.855517107141000000e+12
2.012453326009000000e+12
2.013098546361000000e+12
1.916531417984000000e+12
2.199163293239000000e+12
2.072504599935000000e+12
2.123436649293000000e+12
2.067811429943000000e+12
1.821597136764000000e+12
1.845956693999000000e+12
1.747534100307000000e+12
1.807831398207000000e+12
1.960714214406000000e+12
1.645396709985000000e+12
1.501248377504000000e+12
2.067709879845000000e+12
2.069542906472000000e+12
1.712934193155000000e+12
1.817135939693000000e+12
1.775069908080000000e+12
1.998888932969000000e+12
1.560472582415000000e+12
1.829368281495000000e+12
1.190790805033000000e+12
1.740262947569000000e+12
1.561647390997000000e+12
1.367239338258000000e+12
1.751753814482000000e+12
1.907365035267000000e+12
1.578926462011000000e+12
1.789666116710000000e+12
1.704026618382000000e+12
1.503066966122000000e+12
1.465517558146000000e+12
1.607746598889000000e+12
1.425187288513000000e+12
1.634748317075000000e+12
1.623385030147000000e+12
1.840478828231000000e+12
1.749135908547000000e+12
1.634125912546000000e+12
1.277602618819000000e+12
1.439836948191000000e+12
1.613227454344000000e+12
1.261574935157000000e+12
1.434320395665000000e+12
1.581659232838000000e+12
1.332348845863000000e+12
1.054280250901000000e+12
1.379009603915000000e+12
1.345780783058000000e+12
1.443882196760000000e+12
1.655379112462000000e+12
1.336513505995000000e+12
1.342884244318000000e+12
1.593873090187000000e+12
1.557952409165000000e+12
9.975315336570000000e+11
1.432335713631000000e+12
1.280086913684000000e+12
1.525943978791000000e+12
1.048265570489000000e+12
1.355664497229000000e+12
1.666989577089000000e+12
1.265441003848000000e+12
1.165645050941000000e+12
1.185138117477000000e+12
1.600660304334000000e+12
1.226233396859000000e+12
1.125811322224000000e+12
1.297386786248000000e+12
1.253166205928000000e+12
1.015112741052000000e+12
1.059704610396000000e+12
1.249923328738000000e+12
1.001254274028000000e+12
1.110692736719000000e+12
9.729116680930000000e+11
1.259528826438000000e+12
1.002906448836000000e+12
1.006812293485000000e+12
1.050766058380000000e+12
1.195802224949000000e+12
1.328586257460000000e+12
1.143664041805000000e+12
1.097976804449000000e+12
1.206692775170000000e+12
1.019433244618000000e+12
8.238699895380000000e+11
1.283990481318000000e+12
1.062824125643000000e+12
9.417581201630000000e+11
1.231231024577000000e+12
1.109416565817000000e+12
1.072039744365000000e+12
1.082860008826000000e+12
9.532409955820000000e+11
1.054140868553000000e+12
9.291007053210000000e+11
9.979452824430000000e+11
9.170028451890000000e+11
1.193770155245000000e+12
8.521584164220000000e+11
7.249365220690000000e+11
1.170634430003000000e+12
1.136950402373000000e+12
1.135233344920000000e+12
7.329619381930000000e+11
1.054810077850000000e+12
9.871020845500000000e+11
9.924783195280000000e+11
1.013346391694000000e+12
9.444095487390000000e+11
8.943525079680000000e+11
8.356416232870000000e+11
8.093052350430000000e+11
8.984724165730000000e+11
8.598706918970000000e+11
6.365161880060000000e+11
1.000882163628000000e+12
8.316307998470000000e+11
1.042401670978000000e+12
7.906714091350000000e+11
8.248881958190000000e+11
1.112025300166000000e+12
8.322244787380000000e+11
1.168829565747000000e+12
8.213549470160000000e+11
9.128205476080000000e+11
7.952194740940000000e+11
7.971184004710000000e+11
9.255588237870000000e+11
6.792175713390000000e+11
1.143319858184000000e+12
1.030631919945000000e+12
1.024019331487000000e+12
7.691187136970000000e+11
7.021419165410000000e+11
1.000260349553000000e+12
8.583150077750000000e+11
9.186993576090000000e+11
1.010623433823000000e+12
9.188354501260000000e+11
7.337044608590000000e+11
6.981369256840000000e+11
9.370617416060000000e+11
8.151733581100000000e+11
8.076357830690000000e+11
8.272056853540000000e+11
7.012155978240000000e+11
7.487797110720000000e+11
5.680812431100000000e+11
9.715699942220000000e+11
1.041625490281000000e+12
5.820515579300000000e+11
7.244110335790000000e+11
7.026673308700000000e+11
6.871239270140000000e+11
5.962230367100000000e+11
6.761725171460000000e+11
5.247186221880000000e+11
9.059143955680000000e+11
7.244383462400000000e+11
7.318048686700000000e+11
6.935645664520000000e+11
6.503025232520000000e+11
8.574994529340000000e+11
6.644577466240000000e+11
5.668054011790000000e+11
7.903830619370000000e+11
8.205199041890000000e+11
6.676292532530000000e+11
7.177406734080000000e+11
7.402612430030000000e+11
6.720725480530000000e+11
6.809391560470000000e+11
6.277835176290000000e+11
5.772313532450000000e+11
7.787217942330000000e+11
5.074515343640000000e+11
5.018712253610000000e+11
8.489718733830000000e+11
7.174847402620000000e+11
4.838087586940000000e+11
5.743775227980000000e+11
5.373024514430000000e+11
6.540357934050000000e+11
5.320649227720000000e+11
5.453226053280000000e+11
7.122213317530000000e+11
5.559240728560000000e+11
5.207238570660000000e+11
6.252791048660000000e+11
4.041404425090000000e+11
5.708642429470000000e+11
4.664775629390000000e+11
5.247929299030000000e+11
6.084189529820000000e+11
4.412776795980000000e+11
3.705038185970000000e+11
4.844571875250000000e+11
4.769027302980000000e+11
5.629676187540000000e+11
4.900738100760000000e+11
5.477521756960000000e+11
6.266553579980000000e+11
3.952778723430000000e+11
4.595372545480000000e+11
6.643984308000000000e+11
4.545066691730000000e+11
5.833464512700000000e+11
4.044973621720000000e+11
6.084742059980000000e+11
5.308548629400000000e+11
4.319252047570000000e+11
3.814241149130000000e+11
5.274796589800000000e+11
5.470299435630000000e+11
2.890106497950000000e+11
5.004875104630000000e+11
4.389412782790000000e+11
3.991149385710000000e+11
4.293830110080000000e+11
3.868902831720000000e+11
4.754809333570000000e+11
5.449538717360000000e+11
5.018782107490000000e+11
7.315454669830000000e+11
3.360728013940000000e+11
5.457128561780000000e+11
5.290401147930000000e+11
4.647554702090000000e+11
4.199899294430000000e+11
5.992331998520000000e+11
3.901221141750000000e+11
5.033396473780000000e+11
4.568778688650000000e+11
3.789931676990000000e+11
4.314260895820000000e+11
6.514525910070000000e+11
3.753635441950000000e+11
4.464551706910000000e+11
3.453516712640000000e+11
5.373235312610000000e+11
5.208071668350000000e+11
4.336228908530000000e+11
3.606602175920000000e+11
3.651540623540000000e+11
6.627301057990000000e+11
3.266620855770000000e+11
4.426620107310000000e+11
3.576756154120000000e+11
4.185913493770000000e+11
4.047505237410000000e+11
5.545609341030000000e+11
3.522269417880000000e+11
3.498799044210000000e+11
3.237722840220000000e+11
3.516559938230000000e+11
3.344603741120000000e+11
4.444981390890000000e+11
3.691376672320000000e+11
4.084133442970000000e+11
4.192001646020000000e+11
3.110232619360000000e+11
3.308565160810000000e+11
4.516219227190000000e+11
3.576305143160000000e+11
3.516180854790000000e+11
3.392620181890000000e+11
3.600305039970000000e+11
4.344638741340000000e+11
4.699038090390000000e+11
2.745665678120000000e+11
3.263747178880000000e+11
3.578197928060000000e+11
2.922046803770000000e+11
3.118655859090000000e+11
2.803977087140000000e+11
2.775790887100000000e+11
3.304348560200000000e+11
3.059933550990000000e+11
2.713005608970000000e+11
2.307645182180000000e+11
4.453309253460000000e+11
3.114502197620000000e+11
3.743938816700000000e+11
3.450358989270000000e+11
2.179087048640000000e+11
2.909747191710000000e+11
2.099308064160000000e+11
2.462533372630000000e+11
2.978244874950000000e+11
2.247406922200000000e+11
2.369982994680000000e+11
1.704444982790000000e+11
2.751175554770000000e+11
3.367319754050000000e+11
3.572742923710000000e+11
2.690916207370000000e+11
3.736019599600000000e+11
2.533549174080000000e+11
2.385645589920000000e+11
2.453410029440000000e+11
2.299944405340000000e+11
2.378531223280000000e+11
2.425922980740000000e+11
1.959304483830000000e+11
2.729546919720000000e+11
1.714515852870000000e+11
3.077282934930000000e+11
1.031359304820000000e+11
2.838595635560000000e+11
3.552367810170000000e+11
2.265813746440000000e+11
2.726411705190000000e+11
8.614928981700000000e+10
1.512018074660000000e+11
2.108643419080000000e+11
1.713995389830000000e+11
2.038969099290000000e+11
1.586648330830000000e+11
2.197314694020000000e+11
2.772956780030000000e+11
2.426754363800000000e+11
2.576982350100000000e+11
2.202786755390000000e+11
1.734305012870000000e+11
2.268837914530000000e+11
1.786408173870000000e+11
2.695066775860000000e+11
1.871985462630000000e+11
1.987283523570000000e+11
2.204355952670000000e+11
1.989261190750000000e+11
2.011455133270000000e+11
1.975010319770000000e+11
1.903655465110000000e+11
1.586358375670000000e+11
1.453481997270000000e+11
2.521630191540000000e+11
1.494575322380000000e+11
1.427844156220000000e+11
8.515233115200000000e+10
1.608820300200000000e+11
1.714607986750000000e+11
1.507693242890000000e+11
1.109837596630000000e+11
2.107904781030000000e+11
2.097646412070000000e+11
1.112578537690000000e+11
8.322801904000000000e+10
2.320189415190000000e+11
7.895373656400000000e+10
1.649106469740000000e+11
1.348971022720000000e+11
1.310013334960000000e+11
8.206524957800000000e+10
1.594987690990000000e+11
1.465029037960000000e+11
2.246482749830000000e+11
1.570340435790000000e+11
1.828169184190000000e+11
1.058416724930000000e+11
1.460414970210000000e+11
1.480192732620000000e+11
1.494297384300000000e+11
9.975569395200000000e+10
9.568357978900000000e+10
1.404915793760000000e+11
1.314710104800000000e+11
1.408893262700000000e+11
1.662145421620000000e+11
5.317589749600000000e+10
1.799971311180000000e+11
1.548034832630000000e+11
1.159880722890000000e+11
1.346145167420000000e+11
1.406662331890000000e+11
1.378594854370000000e+11
1.441632000100000000e+11
8.667078154200000000e+10
2.248443798520000000e+11
1.540526174000000000e+11
1.618773681890000000e+11
1.368925753440000000e+11
9.937388834300000000e+10
8.495520328200000000e+10
5.509429444000000000e+10
1.051139512230000000e+11
1.106474366270000000e+11
1.420659353980000000e+11
1.734960762040000000e+11
6.873240208600000000e+10
1.349500714500000000e+11
1.513531056710000000e+11
6.068549416700000000e+10
8.313393988700000000e+10
4.571543857200000000e+10
1.572868345300000000e+10
1.568367113280000000e+11
4.951141929400000000e+10
5.751727381600000000e+10
9.248780400500000000e+10
4.873566194000000000e+10
9.082177293300000000e+10
9.645725386100000000e+10
7.172861594300000000e+10
5.915565943200000000e+10
7.824589946000000000e+10
4.344880681100000000e+10
5.750541589900000000e+10
1.747816039000000000e+10
6.901019496300000000e+10
1.135319778260000000e+11
1.511845172960000000e+11
1.129688491650000000e+11
1.019259327200000000e+11
5.315016623800000000e+10
6.288121236200000000e+10
5.443823778000000000e+10
1.297206815290000000e+11
2.530179924200000000e+10
5.668671081600000000e+10
9.564792733300000000e+10
1.355302685210000000e+11
1.129198949300000000e+11
8.469314865800000000e+10
8.923859824900000000e+10
3.645615528500000000e+10
1.168558214110000000e+11
7.277160064400000000e+10
4.163624873400000000e+10
6.028983424000000000e+10
3.358008480400000000e+10
5.534540998700000000e+10
7.093723950200000000e+10
6.533489859500000000e+10
5.986263823500000000e+10
6.070638285600000000e+10
1.102256307500000000e+11
4.715320862500000000e+10
