6.984350000000000591e+01
7.325049999999998818e+01
7.665749999999999886e+01
8.006450000000000955e+01
8.347149999999999181e+01
8.687850000000000250e+01
9.028549999999999898e+01
9.369249999999999545e+01
9.709950000000000614e+01
1.005064999999999884e+02
1.039134999999999991e+02
1.073205000000000098e+02
1.107274999999999920e+02
1.141345000000000027e+02
1.175414999999999992e+02
1.209484999999999957e+02
1.243555000000000064e+02
1.277625000000000028e+02
1.311694999999999993e+02
1.345765000000000100e+02
1.379834999999999923e+02
1.413905000000000030e+02
1.447975000000000136e+02
1.482044999999999959e+02
1.516114999999999782e+02
1.550185000000000173e+02
1.584254999999999995e+02
1.618324999999999818e+02
1.652395000000000209e+02
1.686465000000000032e+02
1.720534999999999854e+02
1.754604999999999961e+02
1.788675000000000068e+02
1.822744999999999891e+02
1.856814999999999998e+02
1.890885000000000105e+02
1.924954999999999927e+02
1.959025000000000034e+02
1.993095000000000141e+02
2.027164999999999964e+02
2.061234999999999786e+02
2.095305000000000177e+02
2.129375000000000000e+02
2.163444999999999823e+02
2.197515000000000214e+02
2.231585000000000036e+02
2.265654999999999859e+02
2.299724999999999966e+02
2.333795000000000073e+02
2.367864999999999895e+02
2.401935000000000002e+02
2.436005000000000109e+02
2.470074999999999932e+02
2.504145000000000039e+02
2.538215000000000146e+02
2.572284999999999968e+02
2.606354999999999791e+02
2.640425000000000182e+02
2.674495000000000005e+02
2.708564999999999827e+02
2.742635000000000218e+02
2.776705000000000041e+02
2.810774999999999864e+02
2.844845000000000255e+02
2.878915000000000077e+02
2.912984999999999900e+02
2.947055000000000291e+02
2.981124999999999545e+02
3.015194999999999936e+02
3.049265000000000327e+02
3.083334999999999582e+02
3.117404999999999973e+02
3.151475000000000364e+02
3.185544999999999618e+02
3.219615000000000009e+02
3.253685000000000400e+02
3.287754999999999654e+02
3.321825000000000045e+02
3.355895000000000437e+02
3.389964999999999691e+02
3.424035000000000082e+02
3.458105000000000473e+02
3.492174999999999727e+02
3.526245000000000118e+02
3.560314999999999941e+02
3.594384999999999764e+02
3.628455000000000155e+02
3.662524999999999977e+02
3.696594999999999800e+02
3.730665000000000191e+02
3.764735000000000014e+02
3.798804999999999836e+02
3.832875000000000227e+02
3.866945000000000050e+02
3.901014999999999873e+02
3.935085000000000264e+02
3.969155000000000086e+02
4.003224999999999909e+02
4.037295000000000300e+02
4.071364999999999554e+02
4.105434999999999945e+02
4.139505000000000337e+02
4.173574999999999591e+02
4.207644999999999982e+02
4.241715000000000373e+02
4.275784999999999627e+02
4.309855000000000018e+02
4.343925000000000409e+02
4.377994999999999663e+02
4.412065000000000055e+02
4.446135000000000446e+02
4.480204999999999700e+02
4.514275000000000091e+02
4.548344999999999914e+02
4.582414999999999736e+02
4.616485000000000127e+02
4.650554999999999950e+02
4.684624999999999773e+02
4.718695000000000164e+02
4.752764999999999986e+02
4.786834999999999809e+02
4.820905000000000200e+02
4.854975000000000023e+02
4.889044999999999845e+02
4.923115000000000236e+02
4.957185000000000059e+02
4.991254999999999882e+02
5.025325000000000273e+02
5.059394999999999527e+02
5.093464999999999918e+02
5.127535000000000309e+02
5.161604999999999563e+02
5.195674999999999955e+02
5.229745000000000346e+02
5.263814999999999600e+02
5.297884999999999991e+02
5.331955000000000382e+02
5.366024999999999636e+02
5.400095000000000027e+02
5.434165000000000418e+02
5.468234999999999673e+02
5.502305000000000064e+02
5.536375000000000455e+02
5.570444999999999709e+02
5.604515000000000100e+02
5.638585000000000491e+02
5.672654999999999745e+02
5.706725000000000136e+02
5.740795000000000528e+02
5.774864999999999782e+02
5.808935000000000173e+02
5.843005000000000564e+02
5.877074999999999818e+02
5.911144999999999072e+02
5.945215000000000600e+02
5.979284999999999854e+02
6.013354999999999109e+02
6.047425000000000637e+02
6.081494999999999891e+02
6.115564999999999145e+02
6.149635000000000673e+02
6.183704999999999927e+02
6.217774999999999181e+02
6.251845000000000709e+02
6.285914999999999964e+02
6.319984999999999218e+02
6.354055000000000746e+02
6.388125000000000000e+02
6.422194999999999254e+02
6.456265000000000782e+02
6.490335000000000036e+02
6.524404999999999291e+02
6.558475000000000819e+02
6.592545000000000073e+02
6.626614999999999327e+02
6.660685000000000855e+02
6.694755000000000109e+02
6.728824999999999363e+02
6.762895000000000891e+02
6.796965000000000146e+02
6.831034999999999400e+02
6.865105000000000928e+02
6.899175000000000182e+02
6.933244999999999436e+02
6.967314999999999827e+02
7.001385000000000218e+02
7.035454999999999472e+02
7.069524999999999864e+02
7.103595000000000255e+02
7.137664999999999509e+02
7.171734999999999900e+02
7.205805000000000291e+02
7.239874999999999545e+02
7.273944999999999936e+02
7.308015000000000327e+02
7.342084999999999582e+02
7.376154999999999973e+02
7.410225000000000364e+02
7.444294999999999618e+02
7.478365000000000009e+02
7.512435000000000400e+02
7.546504999999999654e+02
7.580575000000000045e+02
7.614645000000000437e+02
7.648714999999999691e+02
7.682785000000000082e+02
7.716855000000000473e+02
7.750924999999999727e+02
7.784995000000000118e+02
7.819065000000000509e+02
7.853134999999999764e+02
7.887205000000000155e+02
7.921275000000000546e+02
7.955344999999999800e+02
7.989415000000000191e+02
8.023485000000000582e+02
8.057554999999999836e+02
8.091624999999999091e+02
8.125695000000000618e+02
8.159764999999999873e+02
8.193834999999999127e+02
8.227905000000000655e+02
8.261974999999999909e+02
8.296044999999999163e+02
8.330115000000000691e+02
8.364184999999999945e+02
8.398254999999999200e+02
8.432325000000000728e+02
8.466394999999999982e+02
8.500464999999999236e+02
8.534535000000000764e+02
8.568605000000000018e+02
8.602674999999999272e+02
8.636745000000000800e+02
8.670815000000000055e+02
8.704884999999999309e+02
8.738955000000000837e+02
8.773025000000000091e+02
8.807094999999999345e+02
8.841165000000000873e+02
8.875235000000000127e+02
8.909304999999999382e+02
8.943375000000000909e+02
8.977445000000000164e+02
9.011514999999999418e+02
9.045584999999999809e+02
9.079655000000000200e+02
9.113724999999999454e+02
9.147794999999999845e+02
9.181865000000000236e+02
9.215934999999999491e+02
9.250004999999999882e+02
9.284075000000000273e+02
9.318144999999999527e+02
9.352214999999999918e+02
9.386285000000000309e+02
9.420354999999999563e+02
9.454424999999999955e+02
9.488495000000000346e+02
9.522564999999999600e+02
9.556634999999999991e+02
9.590705000000000382e+02
9.624774999999999636e+02
9.658845000000000027e+02
9.692915000000000418e+02
9.726984999999999673e+02
9.761055000000000064e+02
9.795125000000000455e+02
9.829194999999999709e+02
9.863265000000000100e+02
9.897335000000000491e+02
9.931404999999999745e+02
9.965475000000000136e+02
9.999545000000000528e+02
1.003361499999999978e+03
1.006768500000000017e+03
1.010175500000000056e+03
1.013582499999999982e+03
1.016989499999999907e+03
1.020396500000000060e+03
1.023803499999999985e+03
1.027210500000000138e+03
1.030617499999999836e+03
1.034024499999999989e+03
1.037431500000000142e+03
1.040838499999999840e+03
1.044245499999999993e+03
1.047652500000000146e+03
1.051059499999999844e+03
1.054466499999999996e+03
1.057873500000000149e+03
1.061280499999999847e+03
1.064687500000000000e+03
1.068094500000000153e+03
1.071501499999999851e+03
1.074908500000000004e+03
1.078315500000000156e+03
1.081722499999999854e+03
1.085129500000000007e+03
1.088536500000000160e+03
1.091943499999999858e+03
1.095350500000000011e+03
1.098757500000000164e+03
1.102164499999999862e+03
1.105571500000000015e+03
1.108978500000000167e+03
1.112385499999999865e+03
1.115792500000000018e+03
1.119199500000000171e+03
1.122606499999999869e+03
1.126013500000000022e+03
1.129420500000000175e+03
1.132827499999999873e+03
1.136234500000000025e+03
1.139641500000000178e+03
1.143048499999999876e+03
1.146455500000000029e+03
1.149862500000000182e+03
1.153269499999999880e+03
1.156676500000000033e+03
1.160083500000000186e+03
1.163490499999999884e+03
1.166897500000000036e+03
1.170304500000000189e+03
1.173711499999999887e+03
1.177118500000000040e+03
1.180525499999999965e+03
1.183932499999999891e+03
1.187339500000000044e+03
1.190746499999999969e+03
1.194153499999999894e+03
1.197560500000000047e+03
1.200967499999999973e+03
1.204374499999999898e+03
1.207781500000000051e+03
1.211188499999999976e+03
1.214595499999999902e+03
1.218002500000000055e+03
1.221409499999999980e+03
1.224816499999999905e+03
1.228223500000000058e+03
1.231630499999999984e+03
1.235037499999999909e+03
1.238444500000000062e+03
1.241851499999999987e+03
1.245258499999999913e+03
1.248665500000000065e+03
1.252072499999999991e+03
1.255479499999999916e+03
1.258886500000000069e+03
1.262293499999999995e+03
1.265700499999999920e+03
1.269107500000000073e+03
1.272514499999999998e+03
1.275921499999999924e+03
1.279328500000000076e+03
1.282735500000000002e+03
1.286142499999999927e+03
1.289549500000000080e+03
1.292956500000000005e+03
1.296363499999999931e+03
1.299770500000000084e+03
1.303177500000000009e+03
1.306584499999999935e+03
1.309991500000000087e+03
1.313398500000000013e+03
1.316805499999999938e+03
1.320212500000000091e+03
1.323619500000000016e+03
1.327026499999999942e+03
1.330433500000000095e+03
1.333840500000000020e+03
1.337247499999999945e+03
1.340654500000000098e+03
1.344061500000000024e+03
1.347468499999999949e+03
1.350875500000000102e+03
1.354282500000000027e+03
1.357689499999999953e+03
1.361096500000000106e+03
1.364503500000000031e+03
1.367910499999999956e+03
1.371317500000000109e+03
1.374724500000000035e+03
1.378131499999999960e+03
1.381538500000000113e+03
1.384945499999999811e+03
1.388352499999999964e+03
1.391759500000000116e+03
1.395166499999999814e+03
1.398573499999999967e+03
1.401980500000000120e+03
1.405387499999999818e+03
1.408794499999999971e+03
1.412201500000000124e+03
1.415608499999999822e+03
1.419015499999999975e+03
1.422422500000000127e+03
1.425829499999999825e+03
1.429236499999999978e+03
1.432643500000000131e+03
1.436050499999999829e+03
1.439457499999999982e+03
1.442864500000000135e+03
1.446271499999999833e+03
1.449678499999999985e+03
1.453085500000000138e+03
1.456492499999999836e+03
1.459899499999999989e+03
1.463306500000000142e+03
1.466713499999999840e+03
1.470120499999999993e+03
1.473527500000000146e+03
1.476934499999999844e+03
1.480341499999999996e+03
1.483748500000000149e+03
1.487155499999999847e+03
1.490562500000000000e+03
1.493969500000000153e+03
1.497376499999999851e+03
1.500783500000000004e+03
1.504190500000000156e+03
1.507597499999999854e+03
1.511004500000000007e+03
1.514411500000000160e+03
1.517818499999999858e+03
1.521225500000000011e+03
1.524632500000000164e+03
1.528039499999999862e+03
1.531446500000000015e+03
1.534853500000000167e+03
1.538260499999999865e+03
1.541667500000000018e+03
1.545074500000000171e+03
1.548481499999999869e+03
1.551888500000000022e+03
1.555295500000000175e+03
1.558702499999999873e+03
1.562109500000000025e+03
1.565516500000000178e+03
1.568923499999999876e+03
1.572330500000000029e+03
1.575737500000000182e+03
1.579144499999999880e+03
1.582551500000000033e+03
1.585958500000000186e+03
1.589365499999999884e+03
1.592772500000000036e+03
1.596179500000000189e+03
1.599586499999999887e+03
1.602993500000000040e+03
1.606400499999999965e+03
1.609807499999999891e+03
1.613214500000000044e+03
1.616621499999999969e+03
1.620028499999999894e+03
1.623435500000000047e+03
1.626842499999999973e+03
1.630249499999999898e+03
1.633656500000000051e+03
1.637063499999999976e+03
1.640470499999999902e+03
1.643877500000000055e+03
1.647284499999999980e+03
1.650691499999999905e+03
1.654098500000000058e+03
1.657505499999999984e+03
1.660912499999999909e+03
1.664319500000000062e+03
1.667726499999999987e+03
1.671133499999999913e+03
1.674540500000000065e+03
1.677947499999999991e+03
1.681354499999999916e+03
1.684761500000000069e+03
1.688168499999999995e+03
1.691575499999999920e+03
1.694982500000000073e+03
1.698389499999999998e+03
1.701796499999999924e+03
1.705203500000000076e+03
1.708610500000000002e+03
1.712017499999999927e+03
1.715424500000000080e+03
1.718831500000000005e+03
1.722238499999999931e+03
1.725645500000000084e+03
1.729052500000000009e+03
1.732459499999999935e+03
1.735866500000000087e+03
1.739273500000000013e+03
1.742680499999999938e+03
1.746087500000000091e+03
1.749494500000000016e+03
1.752901499999999942e+03
1.756308500000000095e+03
1.759715500000000020e+03
1.763122499999999945e+03
1.766529500000000098e+03
1.769936500000000024e+03
1.773343499999999949e+03
1.776750500000000102e+03
1.780157500000000027e+03
1.783564499999999953e+03
1.786971500000000106e+03
1.790378500000000031e+03
1.793785499999999956e+03
1.797192500000000109e+03
1.800599500000000035e+03
1.804006499999999960e+03
1.807413500000000113e+03
1.810820499999999811e+03
1.814227499999999964e+03
1.817634500000000116e+03
1.821041499999999814e+03
1.824448499999999967e+03
1.827855500000000120e+03
1.831262499999999818e+03
1.834669499999999971e+03
1.838076500000000124e+03
1.841483499999999822e+03
1.844890499999999975e+03
1.848297500000000127e+03
1.851704499999999825e+03
1.855111499999999978e+03
1.858518500000000131e+03
1.861925499999999829e+03
1.865332499999999982e+03
1.868739500000000135e+03
1.872146499999999833e+03
1.875553499999999985e+03
1.878960500000000138e+03
1.882367499999999836e+03
1.885774499999999989e+03
1.889181500000000142e+03
1.892588499999999840e+03
1.895995499999999993e+03
1.899402500000000146e+03
1.902809499999999844e+03
1.906216499999999996e+03
1.909623500000000149e+03
1.913030499999999847e+03
1.916437500000000000e+03
1.919844500000000153e+03
1.923251499999999851e+03
1.926658500000000004e+03
1.930065500000000156e+03
1.933472499999999854e+03
1.936879500000000007e+03
1.940286500000000160e+03
1.943693499999999858e+03
1.947100500000000011e+03
1.950507500000000164e+03
1.953914499999999862e+03
1.957321500000000015e+03
1.960728500000000167e+03
1.964135499999999865e+03
1.967542500000000018e+03
1.970949500000000171e+03
1.974356499999999869e+03
1.977763500000000022e+03
1.981170500000000175e+03
1.984577499999999873e+03
1.987984500000000025e+03
1.991391500000000178e+03
1.994798499999999876e+03
1.998205500000000029e+03
2.001612500000000182e+03
2.005019499999999880e+03
2.008426500000000033e+03
2.011833500000000186e+03
2.015240499999999884e+03
2.018647500000000036e+03
2.022054500000000189e+03
2.025461499999999887e+03
2.028868500000000040e+03
2.032275499999999965e+03
2.035682499999999891e+03
2.039089500000000044e+03
2.042496499999999969e+03
2.045903499999999894e+03
2.049310500000000047e+03
