2.325796195008810000e+14
2.096928241147920000e+14
1.913012123163060000e+14
1.750911528435930000e+14
1.555142245619490000e+14
1.456802850522790000e+14
1.346037973845460000e+14
1.216790263816350000e+14
1.143548317397640000e+14
1.087616654330790000e+14
9.477392120336400000e+13
9.585792800998100000e+13
8.815514949836900000e+13
8.294387305136000000e+13
7.664797949084300000e+13
7.467561795624200000e+13
7.094027579159500000e+13
6.256200258290800000e+13
6.391317872434400000e+13
6.204822371425300000e+13
5.560841627726600000e+13
5.622025648324900000e+13
5.022642233594400000e+13
4.907791822539600000e+13
4.926474779022600000e+13
4.677820359503200000e+13
4.294397749464300000e+13
4.084097982841400000e+13
4.118636394124100000e+13
3.552820724759300000e+13
3.772751370072300000e+13
3.395324774350700000e+13
3.345520758176800000e+13
3.190035496345500000e+13
3.275638118210400000e+13
3.008017019945000000e+13
2.918594362578900000e+13
2.983758271852300000e+13
2.902698701410000000e+13
2.835125826702200000e+13
2.783597029740800000e+13
2.232402629826500000e+13
2.660350520335500000e+13
2.339714001583700000e+13
2.210572012958700000e+13
2.221292436663800000e+13
2.302566250464400000e+13
2.024011098388200000e+13
2.115391829062100000e+13
1.974007371168100000e+13
1.736193625188400000e+13
1.791004974930800000e+13
1.871980926115600000e+13
1.937596846789400000e+13
1.819330720911500000e+13
1.889031906110800000e+13
1.935726737184900000e+13
1.526222367293800000e+13
1.735704618359000000e+13
1.738911659489000000e+13
1.356383138261200000e+13
1.833656392313800000e+13
1.522600148586700000e+13
1.476589520403300000e+13
1.508268902564900000e+13
1.370235857757300000e+13
1.288214267698600000e+13
1.362052333050000000e+13
1.309430275577000000e+13
1.394210373832100000e+13
1.357866939810800000e+13
1.384479053877500000e+13
1.282729332830800000e+13
1.315173100565500000e+13
1.212746588680800000e+13
1.361187141437000000e+13
1.186188486308100000e+13
1.329581072712600000e+13
1.256962311675000000e+13
1.096165976045300000e+13
1.371666038332200000e+13
1.161625098039500000e+13
1.167105225945600000e+13
9.996166530403000000e+12
1.062146107917900000e+13
1.216687494537200000e+13
9.518093756439000000e+12
1.116059882547800000e+13
1.163930592989700000e+13
1.037925799383800000e+13
9.517122039553000000e+12
9.137878282064000000e+12
9.569455422377000000e+12
8.882531334026000000e+12
7.884602379245000000e+12
9.179531715059000000e+12
9.923796045061000000e+12
9.842063389892000000e+12
8.886902112455000000e+12
7.812880560232000000e+12
8.334564819231000000e+12
1.054361945347300000e+13
9.963087886140000000e+12
8.803562939254000000e+12
6.925535279539000000e+12
9.151297321469000000e+12
7.807266773650000000e+12
8.438364404572000000e+12
8.401827652916000000e+12
8.568079007061000000e+12
7.440693034636000000e+12
9.191113623045000000e+12
7.253943012133000000e+12
8.327653090340000000e+12
8.531717726576000000e+12
8.753700562774000000e+12
6.901025780735000000e+12
7.568119081199000000e+12
7.774903425875000000e+12
7.550636298929000000e+12
6.419115710757000000e+12
5.998961414768000000e+12
8.079463138260000000e+12
6.702613032976000000e+12
6.447505633365000000e+12
6.367533369201000000e+12
8.043784884980000000e+12
6.810497289600000000e+12
7.537488898638000000e+12
8.402619028298000000e+12
8.079050118954000000e+12
6.676027578569000000e+12
5.322729270765000000e+12
6.359633559453000000e+12
6.623710772035000000e+12
6.104061185478000000e+12
7.011153095019000000e+12
4.307950465005000000e+12
5.569175940482000000e+12
5.746919052105000000e+12
5.097934530460000000e+12
6.595436797588000000e+12
6.210227784825000000e+12
5.796873733401000000e+12
6.005065334365000000e+12
5.816504961882000000e+12
4.357375484252000000e+12
5.657748936345000000e+12
6.713615764309000000e+12
4.915824344293000000e+12
5.495653731220000000e+12
6.517996692560000000e+12
4.894152886295000000e+12
5.061498842995000000e+12
4.849954839790000000e+12
5.529456768506000000e+12
5.042388384882000000e+12
6.020716508203000000e+12
5.600479384756000000e+12
4.827791718578000000e+12
6.078601077272000000e+12
5.931391724003000000e+12
5.568304132555000000e+12
5.136201505962000000e+12
4.961219864865000000e+12
4.498967640234000000e+12
5.011434307007000000e+12
5.013518669061000000e+12
3.889376321834000000e+12
4.827718017083000000e+12
5.353731985143000000e+12
4.634497141045000000e+12
5.648335383158000000e+12
3.966973771761000000e+12
4.918205164386000000e+12
4.858311452482000000e+12
4.478179525668000000e+12
3.657295712431000000e+12
4.836181583188000000e+12
4.039803033883000000e+12
4.418938568309000000e+12
4.671406188280000000e+12
5.997328533860000000e+12
4.437110850770000000e+12
4.221077689927000000e+12
3.897475465467000000e+12
2.828817366696000000e+12
3.742210975037000000e+12
3.716118792699000000e+12
4.959578562872000000e+12
4.465453903087000000e+12
4.194652064904000000e+12
3.431997808410000000e+12
4.989453644493000000e+12
4.194177926230000000e+12
2.576983045758000000e+12
3.092848066502000000e+12
3.155782563969000000e+12
3.078213079739000000e+12
3.503426347891000000e+12
3.000582282708000000e+12
3.238001033204000000e+12
3.774852468253000000e+12
4.676656190534000000e+12
2.461877123650000000e+12
3.344045351981000000e+12
3.011377991428000000e+12
2.546882629871000000e+12
2.801095396318000000e+12
3.631411900769000000e+12
2.410170914163000000e+12
3.565597765399000000e+12
3.680214862295000000e+12
2.715861007641000000e+12
2.921544698280000000e+12
2.875494784795000000e+12
3.448098993935000000e+12
3.094838576574000000e+12
2.494673971392000000e+12
1.959790819568000000e+12
2.203814719071000000e+12
2.008357619742000000e+12
2.483871399681000000e+12
2.813776637940000000e+12
2.423608249027000000e+12
2.837822152567000000e+12
2.544897239234000000e+12
2.097704125612000000e+12
2.439918321063000000e+12
2.019072911773000000e+12
3.004956183801000000e+12
1.637935048220000000e+12
3.040838463264000000e+12
1.209955127112000000e+12
3.354150426731000000e+12
1.454625583906000000e+12
1.917993876494000000e+12
1.755348391756000000e+12
2.794948760043000000e+12
2.979944452053000000e+12
1.749183414984000000e+12
2.142506025345000000e+12
1.532260111117000000e+12
1.335312001134000000e+12
2.710343288372000000e+12
2.756252211668000000e+12
2.647170007379000000e+12
2.461947921387000000e+12
1.972100817703000000e+12
3.153934533921000000e+12
1.901932193871000000e+12
1.149954113965000000e+12
1.934434610521000000e+12
1.868273126278000000e+12
2.436756126014000000e+12
1.872868416805000000e+12
1.139016284217000000e+12
8.625006700780000000e+11
1.621770222825000000e+12
1.943938873839000000e+12
1.439919296870000000e+12
1.651867464103000000e+12
1.615473125648000000e+12
1.337179951361000000e+12
1.395908182548000000e+12
1.809611429613000000e+12
1.803297310981000000e+12
1.718447123894000000e+12
7.652673393910000000e+11
1.167072037348000000e+12
1.452279406503000000e+12
5.752357336640000000e+11
1.047133104393000000e+12
1.497823241967000000e+12
2.068821359422000000e+12
1.299619726594000000e+12
1.097668001597000000e+12
1.771565065938000000e+12
1.223522733349000000e+12
1.302141284506000000e+12
2.175777595115000000e+12
1.038508990504000000e+12
1.520800018004000000e+12
1.511065498853000000e+12
7.996390089350000000e+11
1.649180545986000000e+12
1.297796089243000000e+12
1.535149341272000000e+12
1.478810277310000000e+12
5.231327137580000000e+11
7.986755984320000000e+11
1.490902891735000000e+12
1.389331140034000000e+12
1.151229647331000000e+12
1.364235858097000000e+12
9.638821832450000000e+11
1.712352714571000000e+12
1.340157266721000000e+12
8.259656602480000000e+11
1.257565898095000000e+12
1.226688756200000000e+12
1.480303201244000000e+12
8.772662906740000000e+11
7.778128125850000000e+11
8.744094401830000000e+11
8.358675949080000000e+11
1.754776053688000000e+12
1.165604196230000000e+12
1.049022533228000000e+12
1.458207935728000000e+12
9.164345872690000000e+11
1.048430576217000000e+12
1.041214784209000000e+12
1.146917672384000000e+12
1.449337647192000000e+12
1.121182740515000000e+12
8.120935153390000000e+11
6.310690310590000000e+11
8.168446080460000000e+11
9.746152831430000000e+11
7.320578424990000000e+11
8.199348766030000000e+11
6.560875491850000000e+11
1.032160067146000000e+12
1.174837788455000000e+12
9.882881974070000000e+11
1.241642060726000000e+12
7.688840815810000000e+11
9.213568802090000000e+11
9.664062640030000000e+11
6.919480478520000000e+11
1.292902593007000000e+12
1.200325828248000000e+12
1.100605238813000000e+12
1.188024409819000000e+12
5.674795694590000000e+11
5.996611615610000000e+11
7.202453359900000000e+11
9.508536168900000000e+11
1.094796959932000000e+12
1.050388505769000000e+12
3.817970801360000000e+11
1.057824620810000000e+12
8.050323343020000000e+11
1.155122911326000000e+12
1.080867197116000000e+12
1.081565531430000000e+12
5.035416912150000000e+11
9.694705458110000000e+11
5.120040363240000000e+11
5.546807087600000000e+11
4.333018977630000000e+11
7.550377479530000000e+11
8.990883021230000000e+11
5.474899645050000000e+11
6.687556202570000000e+11
6.974721275260000000e+11
5.099351510410000000e+11
6.171829468750000000e+11
7.202719605280000000e+11
4.061342107740000000e+11
3.346801969600000000e+11
6.410362094430000000e+11
7.453688615570000000e+11
4.937120100340000000e+11
4.174794805490000000e+11
9.057085896740000000e+11
6.441037686520000000e+11
3.559439339630000000e+11
9.424837428280000000e+11
5.037155845900000000e+11
1.257322936516000000e+12
3.839814082150000000e+11
6.658514370710000000e+11
1.615930533080000000e+11
6.263284616180000000e+11
1.768757484370000000e+11
8.849962623400000000e+11
3.364769029930000000e+11
5.921828231840000000e+11
4.996472788310000000e+11
5.406293210300000000e+11
3.449063611880000000e+11
3.445696212670000000e+11
5.103818879630000000e+11
4.317015811860000000e+11
9.004432809780000000e+11
2.337758786080000000e+11
5.185748866980000000e+11
5.127335628250000000e+11
4.632734685620000000e+11
3.159022948730000000e+11
6.218934972600000000e+11
3.252083396330000000e+11
7.934194832030000000e+11
4.507517255400000000e+11
3.139479876090000000e+11
1.992598108800000000e+11
4.672638609690000000e+11
6.295397513180000000e+11
4.328197250990000000e+11
1.817040288670000000e+11
4.925041179500000000e+11
1.459225592050000000e+11
1.348385907530000000e+11
4.077696653720000000e+11
4.494570284640000000e+11
4.412215957610000000e+11
1.286829687880000000e+11
4.346374854730000000e+11
1.227987409790000000e+11
4.724084993800000000e+11
2.358825115390000000e+11
3.201874159860000000e+11
2.689866001200000000e+11
1.230864023460000000e+11
3.679648978760000000e+11
8.330420376500000000e+10
4.571495757050000000e+11
1.074943046930000000e+11
1.354138758830000000e+11
5.922196218640000000e+11
1.211761935050000000e+11
3.368423789990000000e+11
3.055688267450000000e+11
3.414670567880000000e+11
4.476923189260000000e+11
8.252456374700000000e+10
3.343358648790000000e+11
2.471275391920000000e+11
4.075543786290000000e+11
2.212185328160000000e+11
5.126818099740000000e+11
3.781233190310000000e+11
9.875485004600000000e+10
1.319195599560000000e+11
4.189194675460000000e+11
2.459424135330000000e+11
2.269300692160000000e+11
2.976100988720000000e+11
7.820488960700000000e+10
2.834016595230000000e+11
6.864618927800000000e+10
2.386596599610000000e+11
3.061057631790000000e+11
2.480009472270000000e+11
1.737394054660000000e+11
1.161893112310000000e+11
6.917287346860000000e+11
1.217763797350000000e+11
7.116178960100000000e+10
8.833653693500000000e+10
7.982049479400000000e+10
9.005394572400000000e+10
2.732615763320000000e+11
8.979314480600000000e+10
8.054493525900000000e+10
2.329018470350000000e+11
3.804220527400000000e+10
7.189961684700000000e+10
8.797665146400000000e+10
8.163311951400000000e+10
2.102264123380000000e+11
5.430187639600000000e+10
2.330521029960000000e+11
2.253406467290000000e+11
8.138240865900000000e+10
6.539823322500000000e+10
2.296747301320000000e+11
2.120186056290000000e+11
4.417594937400000000e+10
6.412585775900000000e+10
2.126739487300000000e+11
2.334374153500000000e+10
6.358494706800000000e+10
7.355705229200000000e+10
3.591438316490000000e+11
7.023776864000000000e+10
7.831117711600000000e+10
2.391122869330000000e+11
8.805326099200000000e+10
4.991833767100000000e+10
1.912697682180000000e+11
2.208416796970000000e+11
4.190036694400000000e+10
2.268090455040000000e+11
4.863205939900000000e+10
2.537850967200000000e+10
1.985822164810000000e+11
2.256625909900000000e+11
2.267731728100000000e+10
5.377259137800000000e+10
1.989432014050000000e+11
2.468726655130000000e+11
3.329715517720000000e+11
1.189458167700000000e+10
5.126986298100000000e+11
1.907382698940000000e+11
2.797518707400000000e+10
7.201316904700000000e+10
2.445681603340000000e+11
4.463208812000000000e+10
1.975671531340000000e+11
6.290271946200000000e+10
2.599497334800000000e+10
5.536321283100000000e+10
2.059058400920000000e+11
4.584364191500000000e+10
5.975786133400000000e+10
1.994376453550000000e+11
3.700220435200000000e+10
2.955926672500000000e+10
1.582887948090000000e+11
5.996598201700000000e+10
5.957985556800000000e+10
1.784818171000000000e+10
4.508530437900000000e+10
1.851824245700000000e+11
2.141700976980000000e+11
2.034689596880000000e+11
4.574370350000000000e+10
1.861633977000000000e+10
3.108342956300000000e+10
4.644553835900000000e+10
2.359410585900000000e+10
1.945586255280000000e+11
3.052497233800000000e+10
2.286621416200000000e+10
1.494637564700000000e+10
1.827596069480000000e+11
1.953031349640000000e+11
3.229841216800000000e+10
1.811095917150000000e+11
5.250298849300000000e+10
2.015757967320000000e+11
5.335669790400000000e+10
2.365260376500000000e+10
1.745710381800000000e+10
3.515578978800000000e+10
3.797187460800000000e+10
1.834232464940000000e+11
9.560486915000000000e+09
8.418337907400000000e+10
4.185579671800000000e+10
1.593748109900000000e+10
2.548211008520000000e+11
3.658059887600000000e+10
1.851139370780000000e+11
3.258426051000000000e+10
2.327680191300000000e+10
2.787469320500000000e+10
1.613556602460000000e+11
3.749775477900000000e+10
7.877250326000000000e+09
2.119273400300000000e+10
1.280327376900000000e+11
4.355297011600000000e+10
1.796457038500000000e+10
3.008026106200000000e+10
1.760278232100000000e+10
8.406354584000000000e+09
6.524720218000000000e+09
1.099470853400000000e+10
6.950272923000000000e+09
2.059260124000000000e+10
3.485476291200000000e+10
4.487593871000000000e+09
