1.115805925523360000e+14
1.059850592845000000e+14
1.066358925593440000e+14
9.739840218076800000e+13
8.381364228635200000e+13
7.846931173927500000e+13
6.568772210615800000e+13
7.429631836150900000e+13
6.420464532353100000e+13
6.182052458305200000e+13
5.636736564041300000e+13
5.532942811120500000e+13
5.310581846350500000e+13
5.341205559303500000e+13
4.953293211652600000e+13
4.910073344544400000e+13
4.420885993336300000e+13
4.300526876410000000e+13
3.665239258295600000e+13
3.797812016420600000e+13
3.566772927915200000e+13
3.510567860776100000e+13
3.667283371356300000e+13
3.261259301895300000e+13
3.406915805050400000e+13
3.409051939683800000e+13
3.293934028171900000e+13
2.843308755443700000e+13
3.349175857256900000e+13
2.363488229479700000e+13
2.450589139424800000e+13
2.940459201205500000e+13
2.277647234404200000e+13
2.704335297225200000e+13
2.235978444689700000e+13
2.260960026774100000e+13
2.128211052578100000e+13
2.234832412293300000e+13
2.055796464697200000e+13
2.129384496473800000e+13
1.903925619573400000e+13
1.992111914387000000e+13
2.139020054838800000e+13
1.794666199249400000e+13
1.621310763066300000e+13
1.531704405111100000e+13
1.570689649691400000e+13
1.634236933206100000e+13
1.540855755112600000e+13
1.418729417521900000e+13
1.511691040713800000e+13
1.605525905871700000e+13
1.617605554078100000e+13
1.292913166953100000e+13
1.226659701299900000e+13
1.393135962623500000e+13
1.125592881261100000e+13
1.095286656062000000e+13
9.820866976551000000e+12
1.004385187200900000e+13
1.059750638772600000e+13
1.084980714974700000e+13
1.009786888478400000e+13
9.547362034750000000e+12
1.041871675095800000e+13
8.771370227567000000e+12
8.420445250290000000e+12
9.163674375988000000e+12
7.539832448347000000e+12
9.313722143618000000e+12
7.177886303544000000e+12
7.557026070146000000e+12
5.455464392665000000e+12
9.620929323002000000e+12
6.593308248036000000e+12
7.177019182557000000e+12
7.363651924041000000e+12
9.199140491935000000e+12
7.426010996204000000e+12
8.108052619303000000e+12
6.811615664040000000e+12
6.561728304659000000e+12
7.395644492006000000e+12
5.538144284749000000e+12
6.019219395941000000e+12
6.765728295592000000e+12
7.351631017787000000e+12
6.015663422416000000e+12
5.566882930952000000e+12
6.276831219630000000e+12
4.380074967820000000e+12
5.368921320825000000e+12
4.593256976112000000e+12
4.333919756055000000e+12
4.941811500836000000e+12
4.901143344029000000e+12
5.552517956568000000e+12
3.865348752043000000e+12
6.012336436203000000e+12
4.473004967979000000e+12
4.776754121421000000e+12
4.761722637676000000e+12
4.338788530019000000e+12
4.922888811329000000e+12
4.073079673717000000e+12
4.461820773680000000e+12
5.068706320159000000e+12
3.103566137537000000e+12
3.663116438801000000e+12
5.632960054264000000e+12
3.634987222805000000e+12
3.556755102293000000e+12
4.147340943750000000e+12
2.834521282462000000e+12
3.208896589001000000e+12
1.985144249218000000e+12
3.358577838827000000e+12
4.062292210803000000e+12
3.670610214443000000e+12
3.677758032243000000e+12
2.676670312579000000e+12
3.946745511134000000e+12
3.208077828089000000e+12
3.926661605432000000e+12
3.150830774116000000e+12
2.961804920875000000e+12
3.617889281893000000e+12
2.999197341508000000e+12
2.019191458310000000e+12
2.604988067717000000e+12
1.874045237703000000e+12
2.408978482795000000e+12
2.620752606202000000e+12
2.474142057393000000e+12
2.690613130088000000e+12
3.226506033387000000e+12
2.083514867796000000e+12
3.168349340384000000e+12
2.490271330927000000e+12
1.329579171879000000e+12
2.703762249082000000e+12
2.247905711170000000e+12
2.769645688208000000e+12
2.150933944503000000e+12
1.492813747325000000e+12
1.851105759813000000e+12
1.808405715814000000e+12
2.160624236562000000e+12
2.069914513039000000e+12
2.287184519035000000e+12
2.454095998527000000e+12
1.945013586596000000e+12
9.602110755530000000e+11
2.358306746131000000e+12
1.654132529766000000e+12
1.155960804755000000e+12
1.846875835871000000e+12
2.227361051237000000e+12
2.080946918271000000e+12
1.845953034568000000e+12
1.625229199613000000e+12
2.211047354120000000e+12
1.165831660724000000e+12
1.062909384146000000e+12
2.410123223277000000e+12
1.421906252683000000e+12
2.150989503090000000e+12
1.025191285672000000e+12
1.921289111426000000e+12
1.109759221449000000e+12
1.296350350434000000e+12
1.199538714640000000e+12
8.453582692050000000e+11
1.490973095853000000e+12
8.259750561200000000e+11
7.369101123040000000e+11
1.295728206540000000e+12
1.462985789969000000e+12
1.217419659343000000e+12
7.600304072000000000e+11
5.941071768680000000e+11
1.114221100552000000e+12
9.349429860680000000e+11
8.215778377970000000e+11
6.115144134560000000e+11
8.974602892750000000e+11
8.129590612500000000e+11
9.504622802870000000e+11
1.185339236460000000e+12
4.374126936420000000e+11
5.840020793340000000e+11
5.776172650740000000e+11
5.636754275160000000e+11
2.198344052794000000e+12
9.889553826640000000e+11
9.793276681290000000e+11
8.156379649520000000e+11
6.293831347130000000e+11
8.609402042240000000e+11
4.432079288080000000e+11
7.190745873860000000e+11
1.030604470332000000e+12
4.487292524830000000e+11
6.681782555990000000e+11
7.375202454080000000e+11
3.932402699870000000e+11
3.723079622660000000e+11
8.298628996270000000e+11
4.922879722740000000e+11
6.323612161670000000e+11
6.793167279840000000e+11
3.358032804930000000e+11
6.410222392020000000e+11
8.188895984380000000e+11
6.095844053220000000e+11
3.727794845920000000e+11
6.933111684750000000e+11
4.853571411560000000e+11
1.157720905298000000e+12
4.332364990060000000e+11
3.412613286910000000e+11
4.412864652490000000e+11
7.210668226590000000e+11
1.284680506620000000e+12
5.332531854650000000e+11
5.058423505080000000e+11
2.307718946120000000e+11
6.908990348400000000e+10
7.721221976620000000e+11
2.084121473520000000e+11
9.612298920440000000e+11
3.285792932020000000e+11
2.182388269110000000e+11
6.562821044600000000e+11
5.112204356860000000e+11
3.559097290150000000e+11
7.028679560640000000e+11
3.964045252630000000e+11
9.770680808930000000e+11
5.684794995060000000e+11
2.064199429730000000e+11
4.633838290210000000e+11
8.598030760770000000e+11
6.700242227760000000e+11
3.625162047500000000e+10
9.558937672890000000e+11
1.153578855930000000e+11
3.139736787620000000e+11
4.806554422030000000e+11
1.911858276310000000e+11
1.305943565790000000e+11
2.319245206360000000e+11
4.861301462950000000e+11
1.837182375600000000e+11
2.519210815460000000e+11
1.911614137620000000e+11
1.759614400780000000e+11
3.241398704390000000e+11
5.143835978900000000e+10
8.842165207500000000e+10
5.599124741840000000e+11
1.936494801600000000e+10
1.220170345100000000e+10
2.137127018290000000e+11
1.057093418540000000e+11
3.485335345300000000e+11
2.426582516900000000e+10
3.195108318810000000e+11
3.377764972200000000e+11
5.258605437720000000e+11
4.437645281750000000e+11
1.644450542200000000e+11
1.759600641210000000e+11
1.702660082800000000e+11
1.975359622960000000e+11
7.705560995420000000e+11
3.131422462920000000e+11
1.621776532880000000e+11
2.254649020220000000e+11
1.610457314470000000e+11
3.467514177840000000e+11
1.716556460070000000e+11
5.017593113730000000e+11
1.612768267880000000e+11
2.253372480500000000e+11
3.656820442720000000e+11
1.761664788410000000e+11
2.008690088300000000e+10
3.724935257900000000e+10
4.653788834170000000e+11
2.749698319000000000e+09
3.396032722000000000e+09
4.688123650820000000e+11
3.153593501600000000e+11
3.162335442300000000e+11
3.199441754830000000e+11
7.717534911320000000e+11
1.559334812010000000e+11
4.566626425830000000e+11
3.190094013120000000e+11
1.774869932150000000e+11
1.430031603700000000e+10
6.520582549800000000e+10
4.935307717800000000e+10
3.280650067880000000e+11
7.826575952740000000e+11
1.775270277120000000e+11
4.248299806940000000e+11
1.739682719950000000e+11
1.717053964450000000e+11
4.851286099000000000e+09
1.500421629730000000e+11
1.572848188440000000e+11
1.720034368120000000e+11
3.335889613410000000e+11
1.687563632140000000e+11
1.662808040420000000e+11
1.741364138360000000e+11
1.485425452200000000e+10
9.776553864000000000e+09
1.500421629730000000e+11
2.236216880700000000e+10
7.661883346700000000e+10
3.119108969900000000e+11
6.203451672000000000e+09
1.555803868310000000e+11
1.563203120450000000e+11
1.009620073700000000e+10
