0
8523005460031264
5858637481958418
2331144368734243
1236374384130614
817428534061376
596164636304427
448853346126763
366941969211825
295610708888523
253988386256696
209604387511327
185222280336747
163600036726196
147983893793414
126623956540307
115123076081973
108045930344077
104771157105917
91910400827853
86545556830887
77637399782379
78731588853668
70487576836099
66130455357626
61456751658015
58048292316187
58163323939850
56614540383467
52469239852443
53043578091454
49798054530948
48238461186256
44714462257093
46778016513971
43361115014219
43105822992808
44761678548953
43467440773198
39769795092386
36196383048583
35705295892720
35296772946015
33477558637699
35805430399938
35214531492800
32556650437578
32384943081590
33912372229098
31023580100191
29688681622557
29581233084395
26680055514951
27411980130353
26527837901451
27699802937570
25221579861495
26467547851532
24628611505040
23528225048547
23048038574417
22235891920055
21626748753053
21727110432266
22976380727397
21162419747737
20189570327153
20618504303848
18519572656083
21604753901275
18091514133028
18200822293963
20852061765077
18968640248027
19598143629901
17320382507096
18991337428300
15686920711186
16197902834382
18967667331144
16920969944633
17000296488923
14866213273922
15447053659931
15648077841058
13466555602117
15237073136126
17022213343228
12987208607549
15174778543818
12524789365418
13190160648378
13520809024828
12547721065051
11375899441361
11747047504217
11761086420532
13984388784344
10858980242902
13235096029235
12330659787576
12257533161190
11780654264428
9824060587191
9920495067899
9418874412427
9461905846641
10135786896757
9613167705295
11212960153775
9648205853105
9087462963816
8775783110217
9944188575505
9660553750592
7523084783211
8884487711194
7812007534915
10054604583470
8482197371404
8926842278625
7638095344300
8001895413242
8912737823185
9145777362757
7366055641097
7797442817855
6827264514566
6529211101270
6389317018138
8864596931215
6855272980091
7249809230090
7092123374831
7561021298696
7438072482875
5869430382289
6251087196259
6768465373595
6360835227225
6570651213458
5733586349190
5905362479554
6407244076858
5955745807617
6239076953879
5504630249152
6567556505969
7366916124722
6273440090114
7193306862104
4664390165786
5138037508189
5240107456311
6297930573213
4831364310703
4422441539233
5425841894320
4646504504441
5900203908895
4398957008622
4764037337653
5585665227317
4253220082466
4584515317256
4576690521255
4967874665918
5013454390720
4348161882572
4030465555062
3756173654798
5319777095949
4961867763349
2776950508199
3707537198378
4677422999302
3052209255114
2897168381053
3398953509540
5603544292079
3908706892804
3729202730234
4050837934682
3439494702162
3296838335538
4040881949873
3561332990199
2495727667303
4297616754414
4337893268235
2307671490464
4595188137218
3133505808771
2382889020126
4201866310470
2240882645806
3169702822541
2448858515859
3083697655120
2643406805303
1722990857561
2236818124145
2322532396518
2599297096264
3009667904563
2522638031953
2422074825008
2947589602723
3003923046382
3415242353275
2479165927159
3527437564537
4828886280978
2614414462897
1798383204505
2491682475237
2765134402351
2924143136140
1763105216916
3199279601572
3594302570453
2165657060794
2347036157088
2311362164787
2234225898019
1535064608236
2455871940096
1839161958958
2558534681955
1034913362410
1597859057751
2403720215702
1375894959074
1866206965504
2002864186883
2126139421002
2095985322177
2214232426271
2460317039248
1421233160750
1820253718668
2467758780121
891030132152
1723161249134
2298248144107
1564604561653
1750423335249
2323873568236
1782525970190
1307384478248
1178670038209
1352463168221
2190703265207
1046183781922
1547623057215
1728075455195
1747921788896
1492799713334
1602501017431
2582304115680
2002324698525
1586845218536
1477007292095
1064010272519
1367748255645
1621947346994
2167237302942
936094547596
1144910280751
1345784156960
2176391386245
1713466334528
1396772979333
774320562193
1303072600748
981388708212
1783190836712
1348677956788
1821279872963
1230189238037
1149740064496
920088392374
1205024681229
1498528829827
967683417008
734944127789
497829869115
932879969093
1283111024998
1042896778845
1251205232587
896496357738
1573809315480
1170082905546
1252969868131
1083205013371
1511727141350
1108784111035
1078348797389
925715696881
685734078376
1347814862520
918762489856
504014406276
1175556707907
923364680453
772742538875
651615665909
1044890329367
933727473512
1083946146410
1077853916003
520983227308
769866510462
516645429843
1500535261283
1249761599975
571806042947
781454093755
959721714976
604540992674
1251324360513
881572344877
1374612474158
731952863205
1224747843008
774490737633
592186441812
571739088218
657972392318
732978046658
561711768973
979373614125
217600811186
503947109465
666967640936
654977160586
1055915126889
755726042744
713455996221
1212236192898
882002128888
472934558250
1329113914877
681664576768
736599486804
508947372351
1106921144429
899496366090
901052099841
477561539519
794764482414
1093899196528
1033758390161
606701291145
630973847250
320680872033
242344098361
1229668837892
318872386621
21946737823
271978628509
815531772774
735318090329
542424060680
571430161847
884969260170
157716020794
843921826572
740376423001
901666728643
297895853501
857456641835
290845677910
916453925770
683899295095
367465385027
466340022578
654704495882
676934336134
519227899469
446297422787
598992852848
474258501074
718163575276
200961713396
322691029753
416963379197
318527301723
314534426615
456405977443
167515836453
313078128320
244997853605
650683820897
374688036219
948311281138
763313320974
190056545338
485233564564
523243928431
329342343576
319489109588
1022409537666
198882290985
65616345570
164640430088
778809039265
370514996709
177063528947
605265790339
221145987160
583905713677
437780958517
231678996287
118866190965
27272127447
178860257091
184023906960
220961537116
412600126366
319909911038
162373979436
166300225881
633773879462
499152438698
347000524857
454281001707
15920823419
305991324185
163543443093
706886960454
167975614507
269575226515
101716109151
187975984812
183078374658
259021598178
661364772301
199379769307
249728906008
39291827486
289906979985
11289994284
126579250202
152701750020
366672113036
575091506591
111402994760
10568450110
215260835620
332391570614
160352665134
6628575427
155772039304
156533585000
49833733561
164138791756
12709317917
305773202288
7052012827
160261009295
3311113328
308962665049
12683938086
9584397004
452452514567
132124972232
205339257984
60295985347
277455675730
109491850831
83229085133
161979011753
1697946219
737856742133
6914848065
305351443252
307482554051
1892098126
0
153800895839
681569894572
300084325946
108077195266
156379255747
2021463308
246022026907
3705474545
243642345297
3450706705
303816832997
150042162973
2216861671
455546952217
181503700527
5651842870
46595341109
303404683608
17356392079
1612788871
52045918428
6757314495
13615204276
153437698601
155611181651
5084021901
20291396504
275591777060
4230088476
3533896422
3320596422
91826942365
6022613049
158836794450
6200319372
153043645268
16342074879
5611957483
153825272243
0
162270580831
2271268896
163993196663
0
9314573783
3892761385
3444218725
1965894578
149736244923
175799417245
3955675625
43397578843
151907698602
450126488919
5375690636
4037223154
1869816445
3597144909
7339779203
24043074119
138538072020
8357322230
151770389781
207275767492
187252522324
5180875409
5382167329
153623100632
4932173477
601830429083
1615178777
0
19894067056
1636004196
1775900929
0
1693135754
1628053080
3539719106
5101274135
6240616358
0
301701852715
153468712321
5277945153
3417388392
1669283176
190014451621
2010581542
2308066907
0
3638649094
0
0
0
300084325946
155250869196
2089225400
153822849682
151693301870
153283503636
1681787618
151655698350
7537072588
0
153707867261
1614907887
0
0
1924962959
1903642956
0
1644302179
5686584824
20762730735
28299644914
0
0
2076391827
0
2428595179
0
1862439266
1806699504
1785346539
152316221157
142752334937
1626356876
0
2141495863
2839832844
18443363361
1840717302
0
155291482108
1710803043
0
0
2351130046
0
4040359051
0
151070102676
2582781103
0
0
37373259629
2342911798
0
1624726454
0
1636414759
0
0
1805581333
0
0
28156265349
1731980627
0
151664193443
66986286225
17285290669
0
0
0
0
0
0
0
0
0
122719435533
0
1740225768
0
1968106126
0
150042162973
150042162973
13584076230
1920630654
1685284498
9958492510
151866693523
74410109192
0
2803628631
0
0
0
25221057996
2159960969
0
0
0
2919555835
0
1630622608
1635011486
0
29668486332
0
2773095050
0
1612380582
0
0
0
0
0
2525648555
0
0
0
96073306243
1693898828
0
42088043735
0
4039316856
150042162973
0
1612699523
150042162973
0
0
0
1646943981
0
1770369987
0
0
0
0
0
0
0
0
0
0
0
106560901317
0
0
0
0
0
0
0
2284961495
0
0
150042162973
0
0
0
0
0
0
0
15398489620
0
0
0
0
0
0
0
0
0
0
0
0
0
0
0
0
0
0
0
0
67181581227
0
0
2110597735
0
0
0
0
0
15687543277
0
0
0
0
0
0
0
0
2000782712
0
0
0
0
0
0
0
0
0
0
0
0
0
0
0
0
0
0
2058035513
0
0
0
0
0
0
0
0
0
0
0
0
0
150042162973
0
58969448467
1950134041
0
0
0
0
0
0
0
0
0
0
0
0
0
1911270709
0
0
0
0
150042162973
0
0
0
0
0
0
0
0
0
0
0
0
0
0
0
0
0
0
0
0
0
0
0
0
0
0
0
0
0
0
0
0
0
1622159166
0
0
0
0
0
0
0
0
0
0
0
0
0
0
0
0
0
0
0
0
0
0
0
0
0
0
0
0
0
0
0
0
0
0
0
0
0
0
0
0
0
0
0
0
0
0
0
0
0
0
0
0
0
0
0
0
0
0
0
1675150798
0
0
0
0
0
0
0
0
0
0
0
0
0
0
0
0
0
0
0
0
0
0
0
0
0
0
0
0
0
0
0
0
0
0
0
0
0
0
0
0
0
0
0
0
0
0
0
0
0
0
0
0
0
0
0
0
0
0
0
0
0
0
0
0
0
0
0
0
31795702162
