1.583979184711240000e+14
1.434452226972410000e+14
1.343585802600390000e+14
1.284849432344130000e+14
1.221236962747730000e+14
1.085729882652330000e+14
9.870268245062500000e+13
1.022131710214430000e+14
9.435911779014800000e+13
9.113737009199100000e+13
8.912000545053300000e+13
8.219534246176100000e+13
7.917074886975500000e+13
8.210424115651100000e+13
7.720415731837000000e+13
7.028025262415600000e+13
7.464433908077100000e+13
6.609719679197600000e+13
6.535722543814400000e+13
6.369493133484400000e+13
6.014360438303800000e+13
6.063219217390300000e+13
5.854306162652000000e+13
5.367446537818900000e+13
5.391293337828600000e+13
5.370892731613400000e+13
5.152117706295000000e+13
4.814421041247300000e+13
5.010425045110500000e+13
4.720914561553900000e+13
4.264941947755400000e+13
4.281212839340100000e+13
3.907935918350500000e+13
4.160954455561700000e+13
3.859317935955200000e+13
4.354573774869600000e+13
4.025497921394500000e+13
3.925075143825500000e+13
4.028651293197000000e+13
3.311193516724000000e+13
3.537777261759600000e+13
3.409048865212600000e+13
3.331508337740200000e+13
2.843748668512700000e+13
2.670408017968000000e+13
3.131806450433300000e+13
2.908875098167300000e+13
2.817685877380400000e+13
2.635861729123000000e+13
2.810005790762200000e+13
2.921175854595000000e+13
2.690011733264900000e+13
2.733373908808500000e+13
2.658729362929500000e+13
2.760127497526900000e+13
2.469938884649200000e+13
2.392290815279400000e+13
2.160874651387400000e+13
2.527770807131400000e+13
2.279150421077800000e+13
2.482171648030800000e+13
2.213103012550500000e+13
2.332186077178300000e+13
2.155798432310800000e+13
2.073676414398300000e+13
2.002416334654300000e+13
1.987382429405200000e+13
2.191129204966100000e+13
1.801576880117500000e+13
1.946411565602600000e+13
1.870346468606700000e+13
1.664882199027500000e+13
1.564730457188500000e+13
1.852843640755000000e+13
1.816081202800200000e+13
1.882433548688000000e+13
2.095804368211400000e+13
1.665983287515800000e+13
1.457048650883800000e+13
1.510899225652300000e+13
1.448475855329500000e+13
1.855187610399800000e+13
1.187812795049700000e+13
1.462949284536900000e+13
1.621801279239900000e+13
1.475980181164400000e+13
1.334819454224100000e+13
1.660733280625200000e+13
1.566898878134700000e+13
1.156151425733200000e+13
1.247181838158600000e+13
1.442024084595300000e+13
1.359979364627600000e+13
1.337707623249300000e+13
1.128482725216900000e+13
1.200967169601200000e+13
1.110805239141100000e+13
1.278314389256300000e+13
1.268515259476000000e+13
9.929283103573000000e+12
1.064603580654400000e+13
9.501836316054000000e+12
9.653724787717000000e+12
1.131851287222900000e+13
1.129303277199300000e+13
8.296992040692000000e+12
1.083569321709900000e+13
1.095824605656300000e+13
1.107453746945300000e+13
1.012343927852900000e+13
1.126656299424000000e+13
8.536932157742000000e+12
1.056647087473000000e+13
8.428936353302000000e+12
1.002199113033800000e+13
8.761596912089000000e+12
7.831724385845000000e+12
7.757469156891000000e+12
6.990490878527000000e+12
9.396555646783000000e+12
8.186433167010000000e+12
9.012886939987000000e+12
8.410267743205000000e+12
8.958909433966000000e+12
8.622523695870000000e+12
8.675488666366000000e+12
7.875054076430000000e+12
6.564160655778000000e+12
6.625791913875000000e+12
7.706413064266000000e+12
6.579026154799000000e+12
6.712176667598000000e+12
8.512285806682000000e+12
7.751515693603000000e+12
7.690410120075000000e+12
8.610145993280000000e+12
4.967063058750000000e+12
6.450002528438000000e+12
5.479311313327000000e+12
5.869747083990000000e+12
7.086545714684000000e+12
7.098637212041000000e+12
6.656101825852000000e+12
6.743117820977000000e+12
5.629418897216000000e+12
5.897727630904000000e+12
6.735985110126000000e+12
6.133371261630000000e+12
5.799010566139000000e+12
5.387788554158000000e+12
6.351315069909000000e+12
4.834246013948000000e+12
6.322005946552000000e+12
4.382623915606000000e+12
7.059005671243000000e+12
6.257700888681000000e+12
4.418417229186000000e+12
5.139066367793000000e+12
5.144473799400000000e+12
5.450865363628000000e+12
4.570235814270000000e+12
4.406080537659000000e+12
5.556558609111000000e+12
6.035449043944000000e+12
4.686869930280000000e+12
5.781842367134000000e+12
4.963747525313000000e+12
3.795267236946000000e+12
5.050964339987000000e+12
5.060371169829000000e+12
6.281590937638000000e+12
6.133911329075000000e+12
4.889239142983000000e+12
5.763152818131000000e+12
5.387652088158000000e+12
3.805392743565000000e+12
4.244184624113000000e+12
4.948401290053000000e+12
3.786606622345000000e+12
4.701757048166000000e+12
3.301058866871000000e+12
4.536223799950000000e+12
4.087057107314000000e+12
5.268452176570000000e+12
4.562514990228000000e+12
5.711112437515000000e+12
3.578376637365000000e+12
4.646099170167000000e+12
3.431346696467000000e+12
3.641985290026000000e+12
3.689947385464000000e+12
4.529004169089000000e+12
3.674905527494000000e+12
3.834261689771000000e+12
4.903517293882000000e+12
3.355680987319000000e+12
2.948111259819000000e+12
4.029036430168000000e+12
4.280333152051000000e+12
3.157815417454000000e+12
4.977952654540000000e+12
1.945440682895000000e+12
3.813201673745000000e+12
3.614499228846000000e+12
4.524214552530000000e+12
3.140495356678000000e+12
3.845369446663000000e+12
3.108895188996000000e+12
3.233214121501000000e+12
2.184278352887000000e+12
2.958155903378000000e+12
3.134157721419000000e+12
4.407375022445000000e+12
2.806016878797000000e+12
3.216571442611000000e+12
3.255755465581000000e+12
2.452006135872000000e+12
2.283140106794000000e+12
3.176072136748000000e+12
4.056173882960000000e+12
3.090372651097000000e+12
2.489551486250000000e+12
2.966067171139000000e+12
2.308333728541000000e+12
2.724921801664000000e+12
3.527697944380000000e+12
3.791960711050000000e+12
3.396100912439000000e+12
3.038677117382000000e+12
3.304140235745000000e+12
3.078309047387000000e+12
3.111410563348000000e+12
2.135834715213000000e+12
2.450410444679000000e+12
2.275164217915000000e+12
2.117863820416000000e+12
1.822275546852000000e+12
2.880741759181000000e+12
2.712927340854000000e+12
2.261400043968000000e+12
2.875835982688000000e+12
1.731014750931000000e+12
2.757465728779000000e+12
2.068577909916000000e+12
1.837607989118000000e+12
3.796522060521000000e+12
2.421103763155000000e+12
2.689085631081000000e+12
1.352444457500000000e+12
3.405664058767000000e+12
2.542653942679000000e+12
1.841648079635000000e+12
2.339489985166000000e+12
2.771173723934000000e+12
2.328872033411000000e+12
2.161713153707000000e+12
1.691503131311000000e+12
1.119059532362000000e+12
2.228106482025000000e+12
2.551866164167000000e+12
2.979480985873000000e+12
2.053532823581000000e+12
1.312224071009000000e+12
1.709904494225000000e+12
2.190670912650000000e+12
1.293054488381000000e+12
1.779105214497000000e+12
2.364369178026000000e+12
1.931585218159000000e+12
2.434102598504000000e+12
1.957109511340000000e+12
2.450062797732000000e+12
2.797197297612000000e+12
3.006781646517000000e+12
1.602071804002000000e+12
1.821276307424000000e+12
1.167002599820000000e+12
1.583221779444000000e+12
1.867566359234000000e+12
1.546595916162000000e+12
1.461223849582000000e+12
1.526942995266000000e+12
1.939925266376000000e+12
1.217334273255000000e+12
1.769241915889000000e+12
1.794517936281000000e+12
1.219897500776000000e+12
2.207242080389000000e+12
1.436123219569000000e+12
1.214340214337000000e+12
1.557790097226000000e+12
2.047947258142000000e+12
8.670443775360000000e+11
1.846966157365000000e+12
2.545219914061000000e+12
2.205274051789000000e+12
1.259373905378000000e+12
1.695400102434000000e+12
9.742359174200000000e+11
1.543426778471000000e+12
1.593059555362000000e+12
1.764039884697000000e+12
1.667398435549000000e+12
8.871313015810000000e+11
1.556324103727000000e+12
1.697010401349000000e+12
1.327226220811000000e+12
1.713871123934000000e+12
1.024736054554000000e+12
2.154461732411000000e+12
2.212963745301000000e+12
1.840061010213000000e+12
9.002046096440000000e+11
1.665535876912000000e+12
1.046644607769000000e+12
1.288331691182000000e+12
1.394063473913000000e+12
1.318319337320000000e+12
1.905320021524000000e+12
1.193905168869000000e+12
1.023896502276000000e+12
1.715215192399000000e+12
1.583218044132000000e+12
1.146840669811000000e+12
1.437838012569000000e+12
1.631730264401000000e+12
1.186565258479000000e+12
1.022578437046000000e+12
1.022768444997000000e+12
9.194639634470000000e+11
1.055381861707000000e+12
1.218369216622000000e+12
1.276225555795000000e+12
1.783846760856000000e+12
1.589786753455000000e+12
6.829792710260000000e+11
1.022809844875000000e+12
9.049472445660000000e+11
1.140450280168000000e+12
1.169780536343000000e+12
8.960973914730000000e+11
1.122436730835000000e+12
9.496321294200000000e+11
7.603982584980000000e+11
1.164887193621000000e+12
7.877919242310000000e+11
8.821304957510000000e+11
1.550121736496000000e+12
7.717880463750000000e+11
1.149441692570000000e+12
1.013864344664000000e+12
2.027728689328000000e+12
2.782056007730000000e+11
5.965606753460000000e+11
1.023137893681000000e+12
8.382799594540000000e+11
9.309623193720000000e+11
7.603982584980000000e+11
1.061900018196000000e+12
1.232436565514000000e+12
7.603982584980000000e+11
1.639238449216000000e+12
9.649462038020000000e+11
9.425966261650000000e+11
8.589359945250000000e+11
3.132012923500000000e+11
6.875151554700000000e+11
6.770892370470000000e+11
7.603982584980000000e+11
7.945705525430000000e+11
2.772089754580000000e+11
6.280431853790000000e+11
5.459071944240000000e+11
6.537940785620000000e+11
1.293638503179000000e+12
1.013864344664000000e+12
8.871313015810000000e+11
6.415361575400000000e+11
1.022697870413000000e+12
2.646770530350000000e+11
1.462820165834000000e+12
6.336652154150000000e+11
9.500832981170000000e+11
3.801991292490000000e+11
9.420743423040000000e+11
8.967855288870000000e+11
9.710025267580000000e+11
6.699973061100000000e+11
9.507598555890000000e+11
8.962993104690000000e+11
7.994596489140000000e+11
6.479979871430000000e+11
2.711759301190000000e+11
1.140597387747000000e+12
6.514811584000000000e+11
3.895296887870000000e+11
2.715760973720000000e+11
6.336652154150000000e+11
7.701214680610000000e+11
8.603632466470000000e+11
7.804567594900000000e+11
9.037099394210000000e+11
6.336652154150000000e+11
1.308243964279000000e+12
8.997291103370000000e+11
1.023784587766000000e+12
5.069321723320000000e+11
2.534660861660000000e+11
3.300826358630000000e+11
2.534660861660000000e+11
1.067882034367000000e+12
3.891959205860000000e+11
8.308974521080000000e+11
5.454511376060000000e+11
3.563469009690000000e+11
2.627920118760000000e+11
3.898804864580000000e+11
5.188347724440000000e+11
4.331773259940000000e+11
5.276372677900000000e+11
7.603982584980000000e+11
4.088869726240000000e+11
4.424488499570000000e+11
6.336652154150000000e+11
3.188673654890000000e+11
3.801991292490000000e+11
6.336652154150000000e+11
6.336652154150000000e+11
4.499882795600000000e+11
5.069321723320000000e+11
2.534660861660000000e+11
7.603982584980000000e+11
3.801991292490000000e+11
5.160639234980000000e+11
2.534660861660000000e+11
7.603982584980000000e+11
3.028108503220000000e+11
6.336652154150000000e+11
3.801991292490000000e+11
5.920398904030000000e+11
5.125640544440000000e+11
3.978386712910000000e+11
2.849455683330000000e+11
6.336652154150000000e+11
3.197454998390000000e+11
5.069321723320000000e+11
3.102613952840000000e+11
6.336652154150000000e+11
7.603982584980000000e+11
8.871313015810000000e+11
1.534613612090000000e+11
1.952028550040000000e+11
2.534660861660000000e+11
5.069321723320000000e+11
1.267330430830000000e+11
2.534660861660000000e+11
1.267330430830000000e+11
3.801991292490000000e+11
6.336652154150000000e+11
7.594233954620000000e+11
