0.000000
0.728000
1.456000
2.184000
2.912000
3.640000
4.368000
5.096000
5.824000
6.552000
7.280000
8.008000
8.736000
9.464000
10.192000
10.920000
11.648000
12.376000
13.104000
13.832000
14.560000
15.288000
16.016000
16.744000
17.472000
18.200000
18.928000
19.656000
20.384000
21.112000
21.840000
22.568000
23.296000
24.024000
24.752000
25.480000
26.208000
26.936000
27.664000
28.392000
29.120000
29.848000
30.576000
31.304000
32.032000
32.760000
33.488000
34.216000
34.944000
35.672000
36.400000
37.128000
37.856000
38.584000
39.312000
40.040000
40.768000
41.496000
42.224000
42.952000
43.680000
44.408000
45.136000
45.864000
46.592000
47.320000
48.048000
48.776000
49.504000
50.232000
50.960000
51.688000
52.416000
53.144000
53.872000
54.600000
55.328000
56.056000
56.784000
57.512000
58.240000
58.968000
59.696000
60.424000
61.152000
61.880000
62.608000
63.336000
64.064000
64.792000
65.520000
66.248000
66.976000
67.704000
68.432000
69.160000
69.888000
70.616000
71.344000
72.072000
72.800000
73.528000
74.256000
74.984000
75.712000
76.440000
77.168000
77.896000
78.624000
79.352000
80.080000
80.808000
81.536000
82.264000
82.992000
83.720000
84.448000
85.176000
85.904000
86.632000
87.360000
88.088000
88.816000
89.544000
90.272000
91.000000
91.728000
92.456000
93.184000
93.912000
94.640000
95.368000
96.096000
96.824000
97.552000
98.280000
99.008000
99.736000
100.464000
101.192000
101.920000
102.648000
103.376000
104.104000
104.832000
105.560000
106.288000
107.016000
107.744000
108.472000
109.200000
109.928000
110.656000
111.384000
112.112000
112.840000
113.568000
114.296000
115.024000
115.752000
116.480000
117.208000
117.936000
118.664000
119.392000
120.120000
120.848000
121.576000
122.304000
123.032000
123.760000
124.488000
125.216000
125.944000
126.672000
127.400000
128.128000
128.856000
129.584000
130.312000
131.040000
131.768000
132.496000
133.224000
133.952000
134.680000
135.408000
136.136000
136.864000
137.592000
138.320000
139.048000
139.776000
140.504000
141.232000
141.960000
142.688000
143.416000
144.144000
144.872000
145.600000
146.328000
147.056000
147.784000
148.512000
149.240000
149.968000
150.696000
151.424000
152.152000
152.880000
153.608000
154.336000
155.064000
155.792000
156.520000
157.248000
157.976000
158.704000
159.432000
160.160000
160.888000
161.616000
162.344000
163.072000
163.800000
164.528000
165.256000
165.984000
166.712000
167.440000
168.168000
168.896000
169.624000
170.352000
171.080000
171.808000
172.536000
173.264000
173.992000
174.720000
175.448000
176.176000
176.904000
177.632000
178.360000
179.088000
179.816000
180.544000
181.272000
182.000000
182.728000
183.456000
184.184000
184.912000
185.640000
186.368000
187.096000
187.824000
188.552000
189.280000
190.008000
190.736000
191.464000
192.192000
192.920000
193.648000
194.376000
195.104000
195.832000
196.560000
197.288000
198.016000
198.744000
199.472000
200.200000
200.928000
201.656000
202.384000
203.112000
203.840000
204.568000
205.296000
206.024000
206.752000
207.480000
208.208000
208.936000
209.664000
210.392000
211.120000
211.848000
212.576000
213.304000
214.032000
214.760000
215.488000
216.216000
216.944000
217.672000
218.400000
219.128000
219.856000
220.584000
221.312000
222.040000
222.768000
223.496000
224.224000
224.952000
225.680000
226.408000
227.136000
227.864000
228.592000
229.320000
230.048000
230.776000
231.504000
232.232000
232.960000
233.688000
234.416000
235.144000
235.872000
236.600000
237.328000
238.056000
238.784000
239.512000
240.240000
240.968000
241.696000
242.424000
243.152000
243.880000
244.608000
245.336000
246.064000
246.792000
247.520000
248.248000
248.976000
249.704000
250.432000
251.160000
251.888000
252.616000
253.344000
254.072000
254.800000
255.528000
256.256000
256.984000
257.712000
258.440000
259.168000
259.896000
260.624000
261.352000
262.080000
262.808000
263.536000
264.264000
264.992000
265.720000
266.448000
267.176000
267.904000
268.632000
269.360000
270.088000
270.816000
271.544000
272.272000
273.000000
273.728000
274.456000
275.184000
275.912000
276.640000
277.368000
278.096000
278.824000
279.552000
280.280000
281.008000
281.736000
282.464000
283.192000
283.920000
284.648000
285.376000
286.104000
286.832000
287.560000
288.288000
289.016000
289.744000
290.472000
291.200000
291.928000
292.656000
293.384000
294.112000
294.840000
295.568000
296.296000
297.024000
297.752000
298.480000
299.208000
299.936000
300.664000
301.392000
302.120000
302.848000
303.576000
304.304000
305.032000
305.760000
306.488000
307.216000
307.944000
308.672000
309.400000
310.128000
310.856000
311.584000
312.312000
313.040000
313.768000
314.496000
315.224000
315.952000
316.680000
317.408000
318.136000
318.864000
319.592000
320.320000
321.048000
321.776000
322.504000
323.232000
323.960000
324.688000
325.416000
326.144000
326.872000
327.600000
328.328000
329.056000
329.784000
330.512000
331.240000
331.968000
332.696000
333.424000
334.152000
334.880000
335.608000
336.336000
337.064000
337.792000
338.520000
339.248000
339.976000
340.704000
341.432000
342.160000
342.888000
343.616000
344.344000
345.072000
345.800000
346.528000
347.256000
347.984000
348.712000
349.440000
350.168000
350.896000
351.624000
352.352000
353.080000
353.808000
354.536000
355.264000
355.992000
356.720000
357.448000
358.176000
358.904000
359.632000
360.360000
361.088000
361.816000
362.544000
363.272000
364.000000
364.728000
365.456000
366.184000
366.912000
367.640000
368.368000
369.096000
369.824000
370.552000
371.280000
372.008000
372.736000
373.464000
374.192000
374.920000
375.648000
376.376000
377.104000
377.832000
378.560000
379.288000
380.016000
380.744000
381.472000
382.200000
382.928000
383.656000
384.384000
385.112000
385.840000
386.568000
387.296000
388.024000
388.752000
389.480000
390.208000
390.936000
391.664000
392.392000
393.120000
393.848000
394.576000
395.304000
396.032000
396.760000
397.488000
398.216000
398.944000
399.672000
400.400000
401.128000
401.856000
402.584000
403.312000
404.040000
404.768000
405.496000
406.224000
406.952000
407.680000
408.408000
409.136000
409.864000
410.592000
411.320000
412.048000
412.776000
413.504000
414.232000
414.960000
415.688000
416.416000
417.144000
417.872000
418.600000
419.328000
420.056000
420.784000
421.512000
422.240000
422.968000
423.696000
424.424000
425.152000
425.880000
426.608000
427.336000
428.064000
428.792000
429.520000
430.248000
430.976000
431.704000
432.432000
433.160000
433.888000
434.616000
435.344000
436.072000
436.800000
437.528000
438.256000
438.984000
439.712000
440.440000
441.168000
441.896000
442.624000
443.352000
444.080000
444.808000
445.536000
446.264000
446.992000
447.720000
448.448000
449.176000
449.904000
450.632000
451.360000
452.088000
452.816000
453.544000
454.272000
455.000000
455.728000
456.456000
457.184000
457.912000
458.640000
459.368000
460.096000
460.824000
461.552000
462.280000
463.008000
463.736000
464.464000
465.192000
465.920000
466.648000
467.376000
468.104000
468.832000
469.560000
470.288000
471.016000
471.744000
472.472000
473.200000
473.928000
474.656000
475.384000
476.112000
476.840000
477.568000
478.296000
479.024000
479.752000
480.480000
481.208000
481.936000
482.664000
483.392000
484.120000
484.848000
485.576000
486.304000
487.032000
487.760000
488.488000
489.216000
489.944000
490.672000
491.400000
492.128000
492.856000
493.584000
494.312000
495.040000
495.768000
496.496000
497.224000
497.952000
498.680000
499.408000
500.136000
500.864000
501.592000
502.320000
503.048000
503.776000
504.504000
505.232000
505.960000
506.688000
507.416000
508.144000
508.872000
509.600000
510.328000
511.056000
511.784000
512.512000
513.240000
513.968000
514.696000
515.424000
516.152000
516.880000
517.608000
518.336000
519.064000
519.792000
520.520000
521.248000
521.976000
522.704000
523.432000
524.160000
524.888000
525.616000
526.344000
527.072000
527.800000
528.528000
529.256000
529.984000
530.712000
531.440000
532.168000
532.896000
533.624000
534.352000
535.080000
535.808000
536.536000
537.264000
537.992000
538.720000
539.448000
540.176000
540.904000
541.632000
542.360000
543.088000
543.816000
544.544000
545.272000
546.000000
546.728000
547.456000
548.184000
548.912000
549.640000
550.368000
551.096000
551.824000
552.552000
553.280000
554.008000
554.736000
555.464000
556.192000
556.920000
557.648000
558.376000
559.104000
559.832000
560.560000
561.288000
562.016000
562.744000
563.472000
564.200000
564.928000
565.656000
566.384000
567.112000
567.840000
568.568000
569.296000
570.024000
570.752000
571.480000
572.208000
572.936000
573.664000
574.392000
575.120000
575.848000
576.576000
577.304000
578.032000
578.760000
579.488000
580.216000
580.944000
581.672000
582.400000
583.128000
583.856000
584.584000
585.312000
586.040000
586.768000
587.496000
588.224000
588.952000
589.680000
590.408000
591.136000
591.864000
592.592000
593.320000
594.048000
594.776000
595.504000
596.232000
596.960000
597.688000
598.416000
599.144000
599.872000
600.600000
601.328000
602.056000
602.784000
603.512000
604.240000
604.968000
605.696000
606.424000
607.152000
607.880000
608.608000
609.336000
610.064000
610.792000
611.520000
612.248000
612.976000
613.704000
614.432000
615.160000
615.888000
616.616000
617.344000
618.072000
618.800000
619.528000
620.256000
620.984000
621.712000
622.440000
623.168000
623.896000
624.624000
625.352000
626.080000
626.808000
627.536000
628.264000
628.992000
629.720000
630.448000
631.176000
631.904000
632.632000
633.360000
634.088000
634.816000
635.544000
636.272000
637.000000
637.728000
638.456000
639.184000
639.912000
640.640000
641.368000
642.096000
642.824000
643.552000
644.280000
645.008000
645.736000
646.464000
647.192000
647.920000
648.648000
649.376000
650.104000
650.832000
651.560000
652.288000
653.016000
653.744000
654.472000
655.200000
655.928000
656.656000
657.384000
658.112000
658.840000
659.568000
660.296000
661.024000
661.752000
662.480000
663.208000
663.936000
664.664000
665.392000
666.120000
666.848000
667.576000
668.304000
669.032000
669.760000
670.488000
671.216000
671.944000
672.672000
673.400000
674.128000
674.856000
675.584000
676.312000
677.040000
677.768000
678.496000
679.224000
679.952000
680.680000
681.408000
682.136000
682.864000
683.592000
684.320000
685.048000
685.776000
686.504000
687.232000
687.960000
688.688000
689.416000
690.144000
690.872000
691.600000
692.328000
693.056000
693.784000
694.512000
695.240000
695.968000
696.696000
697.424000
698.152000
698.880000
699.608000
700.336000
701.064000
701.792000
702.520000
703.248000
703.976000
704.704000
705.432000
706.160000
706.888000
707.616000
708.344000
709.072000
709.800000
710.528000
711.256000
711.984000
712.712000
713.440000
714.168000
714.896000
715.624000
716.352000
717.080000
717.808000
718.536000
719.264000
719.992000
720.720000
721.448000
722.176000
722.904000
723.632000
724.360000
725.088000
725.816000
726.544000
727.272000
728.000000
