9197487027305050
8308407747107933
7580359259359679
6942379910689455
6418990238347581
5864174183875178
5460380323574827
4997899620862955
4767185584276261
4466684217666437
4195171111038810
3909132466544749
3662436616439462
3464839242094557
3361189031814684
3200558163172863
3032274901599832
2848589690867559
2713351903267789
2636327637873553
2481817499683556
2417798240216372
2288642858863211
2237236490977082
2112875898131595
2022345347498785
1985849084486667
1953297986076580
1824725709361880
1772511667043788
1748938561879471
1645120215768696
1649080230150754
1547289281520823
1524683817056214
1462857515883342
1418594843222731
1386197773639929
1337633267638772
1319954692105702
1241586401609413
1242616039747095
1210206350472358
1168508042054034
1124893992288924
1114595698339458
1082920024722210
1048610801981702
1026063120108103
1005099466756872
947722421894024
942456882564312
931633187248128
903722288524264
878912445234254
874286653753699
846708084770491
827694904933219
798326640687139
769733586933508
765015700967699
757573025359645
699286910671457
697664881550432
690731375393024
674504631194178
663471432028608
631783467592206
653347810624677
613281766952130
590267206082544
606724635208388
569767561421798
568534739631280
578509552040903
551132269175951
529381017367323
536615566975366
518577228931028
511693162593021
491946120681203
484565986017929
473765902244220
442326698526102
447011769152640
443498207717194
460581336832401
438095333156383
419706327270944
409931639467954
387916538703545
381763023746708
390691777306957
379614497464966
358714185935021
363620501571594
356103821252263
352204277652617
347627668087523
322644057145533
341480556462135
315845349873902
319242241168303
319329116075951
291060536450839
310354174996144
299062589258509
286179433873541
274572531559692
272060813622074
263557071057461
265722752918252
245009424995786
262846305629352
271845860725152
254341017377430
227308212056181
253077499167308
232710624344244
237098702994204
227245961969440
229685549865222
212366512424311
211402897837169
212148029663367
216048283169219
195529611994376
199783946338202
194643386656878
196824184459544
181137388531922
187976124497882
176309027657243
191610044713740
167421177960678
175422773082917
165064638013884
158144452144157
181686955540701
165372539824262
158830728845442
149513494332371
160069767085145
141736067283352
148964348575723
150007816974089
145814380343519
142979290390108
142538442434502
131716059959308
126635036405783
139969534829445
135162259136940
121933757831905
127908789884611
120528050073121
113037440086842
123783057760616
116094813905696
110131888983803
114854887638626
116119341954363
113972201421264
103835708714982
99643798122668
101039133606874
104965502067109
97646433497387
101883800941337
104171792917886
98919361036946
100942015639395
88130203133325
103973854124774
87673387793141
94164687793909
90347775240945
92455193128599
82050779368201
85365801455083
81181152291147
81926353802852
68838695143424
75049694602866
79508941275396
67552513668990
79014995961702
77561276860360
69959359957521
74256307858975
63658318860976
69473699477011
64301708349768
70244280402010
66808543517262
61499850124366
63088077472341
66739048633556
54811218964742
52534733896042
68862178493327
56195050446587
57228220428820
61702343115466
56522940752284
58079733999474
53544019249328
51171627906874
56465047814725
54683936949600
52636281872241
53322205999254
54637297336789
47599471687751
49214718865642
46060478885315
46828458305169
49269770545748
47409827035348
42508757844221
43746427323091
42853571730628
41719758959127
44090468028997
38302823064910
35066841203152
52154964668092
41894785288390
40486700308801
38112873228079
44528839057347
37489210465518
35739884498772
38009685104071
34860242836301
34233357999632
35264335994367
34548439634568
36021226666368
33307557597005
36004628916633
34757876154995
31597843183806
32602917730964
35483104973201
30539897827482
28781384587303
25345913265949
30337710798867
31713977650395
35738307488945
33435482917664
25973284367016
28715491173757
26542618764903
25222019224292
27220858892094
30312717189993
25987780778998
24220580395991
29952885590722
23623795077452
26808046688601
26486579584074
21940621379834
27666798754204
19870513884595
24545073815316
26287696527440
19838578427889
18046207727547
20113433198810
22633346111857
19972261048872
21260326498020
21194350379310
21659098852638
20818849974935
23013467302562
18594781945937
19715928215687
18303293643872
17935596135580
19374780055499
15766613253569
16848185013523
17567545573850
17662905344430
20053338345372
15016464958465
20979035614776
14221120018463
14408855315980
17099922738806
17233099688954
17515871248362
15626869888476
16583596400508
15921538006271
18209571698775
13807354467813
14831586812739
15776487199417
11934099160038
13571326267108
14190530764854
14838207733709
12617185229453
12421670995497
11838313568205
11298282463264
12587697533603
14779459465999
9787556859467
11919436359797
12939676258821
9512085422414
12906341970001
11619348671748
11216991814878
10622079267383
11057318694065
11014237734366
9350080655340
9306404869060
11898452987287
7961782659703
11100920093775
10751673115971
8743867819588
11609259392548
8551800184600
8388657160392
9187836390151
8698236461545
7581676160061
7708657540882
7451988194703
8553821068138
11419973084428
8216195025749
10744804290748
8875034226820
8980601807539
8529651223328
10188896835255
7804421194358
5923326404042
6796866203182
10440727560941
7476993932741
8367388669417
6978080901770
6784207040780
7031533571066
8452297872099
6635515150459
7024890724727
6717533447745
4540475919513
7398564961655
5085344163712
5958848204767
8602094896913
4980504354979
4805398348007
5479145450913
6421411273132
8089838949475
2844958335176
4898838527676
4386615978778
4582285952240
5358083897921
4827268759940
4481641765716
4814903541741
5083302131439
5767882794257
6214800569947
4946987102165
2328060574277
4681241589215
3047037296202
4180085675024
5281677482991
4301100129979
5302028871045
3507535112585
5308096486300
3910383470272
2562671107612
5753905112833
2429556948496
6681498526521
5363941825086
4564709868720
3053278172266
4670753376242
4607086192515
3075335905144
2500042598654
2715285961096
5014166304211
4432214535583
3732440732509
3689187369141
4659295715936
3737019345976
4544955559617
3839231583908
2876596185170
3742557008135
3790341010008
2862019215883
2224360508608
3596891718043
2288579078239
1597558565921
3327682737971
3333665494169
3898389479387
2971731160194
1752727872896
2724505866626
2427749769618
2482392223142
2704275317838
2005106200832
3001145128445
1669785381732
2278169804988
2122298480852
2162772444751
1095255110275
1655724226696
1403666722759
4192200929837
2243947456115
1466800125108
1516496009448
1409739325797
3070146301133
1785156482025
2124204256510
2116317125125
1176702155364
1973612875289
1628554752613
1138687963320
1686039576924
1498674260773
1502855834117
786683920021
3030290545817
1828243620537
2399472118089
1311085034909
1579185219525
1293350930613
1820373643954
1362554326332
2369631270577
2083845877234
1157316673442
1886883851849
1741808804199
2045786380480
1186108270989
2114422666133
2568160508075
1152885008945
1580691583148
1004266489149
1565317681675
1549965141013
1921491788019
1443652730864
797620707229
932087886106
851402228447
1902525313342
916641268824
981659464198
516372432353
1243893148680
1262896242309
407001309278
790790274754
1730301692552
58632305199
691424581847
656683302036
752783159879
1497472951149
772880713962
559420830348
1019824306744
2471029638321
806888367561
700015849900
359723945624
593029264498
592902712295
1653191755383
367211676569
330191384879
447931195959
706602562711
1293755405054
742914173240
453676696646
680893588930
101737755168
1159631303831
148104850247
981885160167
150368282624
1156027382476
524866634534
705330517576
816664723382
1089712203185
807598876918
845176096285
43236614689
1093320692304
718960448520
123502852400
678882718838
84144097411
99354667408
30005453993
455065814506
85825780319
1068737911383
518072657608
374833804986
1068057378052
1063196221685
639200458096
25761193415
495152316144
517115464476
567902594764
293696720630
284098828653
254882520090
444462416519
124167870535
504833512067
33545504415
333499146172
221883370045
500148390252
575477899361
44577857260
122097953648
150610805676
25657564193
311389777061
33649463924
404076206819
862260844575
70287621439
556485912451
12424564665
475400401741
713758423665
658893012666
481367548263
176316438261
366127207765
667792747603
194633247526
911613726623
38754750752
129041137210
191537123680
618413836956
161960540602
66992385745
482071622525
398529662896
72958161376
433034629789
103690471957
51943971291
526934981081
634672795869
19402182434
305425666186
25104099085
295002568251
48994113493
332009776216
447434962497
138017037619
16745945623
57438277398
22091098545
10681805681
323648273593
34496164323
30250961638
36671944633
34014475575
486174234858
3173864284
126080560051
7137618041
321976116765
307783101278
28014529022
257077938458
47911873269
341864244599
304885542482
17434470242
303292688800
3328468695
30389129667
25561069525
289019735671
677312436218
5761425273
298666760456
5553024087
31444344582
596815270228
11797161903
31983455241
11331674682
322475769656
8630375003
364155985999
85682348151
693189919992
295002568251
34938164454
259756945347
12270091584
3298372684
6962537280
27044779205
22772379456
11406289267
685550724974
452219139816
27166117590
9940921507
109672669492
315121267603
26038645638
43658513924
8798602508
33218312950
19789817772
7528952274
6446561030
32616859681
18196302508
100877227139
207544738611
21640306397
9796746084
20791678501
12822090991
5147524040
15086366089
192228253806
