187923296487625
175204143116579
163074279764393
142544341963996
139681340107727
130951202784042
118758547544130
109574885617347
98994740023807
98750711410346
89147691881384
85598550494077
78502728139298
71645803872228
70342006163816
66851651771596
60968389706039
60033880712026
55837509169413
50007806330943
50754408462890
46725652877677
42741534389451
40367673018262
38329160252551
38475936755912
37023425312827
33262308355881
34817492934228
30973466116385
30643683612643
29841671583705
27592084222564
28215185431164
26995993249979
25275036568944
23664311834409
23047517806168
22400097840151
21415111241546
21311479345514
19903556062259
18694365921698
18837161785778
17997102952101
16199245324964
16965465295682
16796731565068
14749182134783
15801204718614
15809373445310
14331424681288
13854605556916
14898431605228
13136949426976
13287405045175
13022230066605
11938648574885
11154554899006
11845937071784
11229904978233
12987680958948
11162574911656
11622153441576
10360492717460
9836704899499
9723167899189
9774808795231
9081856234071
9569458366934
9732234477973
8938054430859
8698779165882
8967489837116
8655010789955
7200034417114
8372168186941
8358640276704
7924546732398
8137353548351
7264742632432
7551951806339
7149903381261
6701506231312
7122888163241
7291438894606
5778896738899
6392191827058
6178158228867
6311102301120
6181839991638
5017670887076
5922588450174
5394706504128
5560614213051
5833708215011
4987594653445
5088577403100
5327057901622
5093502433567
5123643527471
4904950809355
4600763799576
5324471698458
4772903699068
4882433930245
4920912258680
4591142596064
4230418470590
4467663966438
4331994440738
4251771313979
4598635690131
4124625196123
4091616729551
3716617689330
4180833719669
3840745070762
3671688539253
3540057166240
3592934113162
3236735124116
3466951041464
3651266416165
3106924392669
3439290259278
2758762334436
3023558309216
3542306303033
3062919591940
3146928253852
3277169118211
2711012616889
3292298799068
3334738709573
3338578380775
3134415769088
2848765925759
2652488039130
3261548544105
2584323074691
2858744369459
2621808369128
2097891375158
2478698207697
2914966554464
2880346100002
2356589188256
2562520677619
2343397191469
2129190406056
2514225495699
2215863966670
2396283059143
2584970718704
2229862457968
2265103006466
1843639769688
2007705093118
1937396757089
1705341094607
1851797986392
2340382726243
1918364558568
1961877130614
1676173762447
1851138066714
1771871358016
1573994409610
1535307494877
1639817446137
1759034859034
1669016712770
1778668030769
1448253131995
1432860976528
1701159985743
2055279611196
1440881017347
1399590358849
1570138216412
1413339031976
1574668019844
1512241989129
1650343804902
1212037462700
1165656274820
1172051720541
1194610066238
1041725861052
1368257386015
1594909217653
1255896177202
1303072862668
1325425521643
1210522993483
1102814792702
1682965811464
1051054895935
912291147092
888300753485
947008530445
1094328892462
1109235320128
925564113698
1302392835493
1006270041094
894602437627
836093528549
871632425283
1025003105639
654989467081
897527658145
939647191899
897542061678
730802833496
761182817332
763455825776
1138004787709
681974327508
684968616172
542337491443
678683094674
793635304424
874127441248
635028770455
697416002617
840987765887
721871612521
721433078512
744493592386
779743579655
1058497547185
561411890046
398420589579
746020146973
562642777844
520547023732
650741215126
673344632357
544525446203
480085013006
502338144703
545958318755
503551342116
468894803307
476622218978
487671961636
545533630665
630533869883
555180541259
482288867752
613962667703
452958861898
551360868059
375916374957
382058182679
478601142321
500731258144
479033897170
517084212696
476284894068
476857790912
318583888732
357318615193
369297674372
370604737601
423002293987
350999178517
464705203251
348189105371
260752891373
324941684815
323347365418
426017436343
326820435324
231473811519
452681511804
368657436879
355035899602
463910391005
203840340266
398867141453
286224826685
244759041889
324003262655
228217496991
257623732915
359505853790
391533449390
199936543157
234938350790
198319401007
481732619615
411664548223
297396713477
213821667927
308419608502
200732986018
283715588267
293177257768
214216477714
301910738361
190738778810
170687858282
197955430215
298446362279
119248584317
143623429834
391264123758
218016400908
150104995895
241084137747
191225286181
110785212434
302173998698
166546698245
238595331407
354305969778
97097085216
153056304348
110839822563
119438854627
61204248405
124387335303
113214055991
277774459592
525173364708
119479880956
220840265243
206193476744
95631619691
116437879656
86899138312
110802540768
88915598033
120932420067
108506360957
267970689910
49925359625
56093080730
89927586894
70674041070
187707764754
55962807875
230236510743
228035056287
55259225036
68792841512
76908452537
337667940743
214838233132
46287210939
94173450389
66569093526
38462243394
82581982310
55133811855
94968235132
83277555034
51812774782
73928668151
61405777428
76263899716
45109164418
55932823751
55774216529
44924260139
35828849844
181512943900
11341948723
62840553795
57161345083
205089196427
296625372478
36573352965
25659687931
44075178154
23579161506
88416774123
70538731660
164982429950
32647838881
174531482121
47050169398
44133861294
17790676951
48241817298
71458907919
46618080116
55425748140
15909184822
32870205058
47442942319
31063558476
37506710915
32529465029
153096200898
54016211490
25076366095
18492271595
56024495038
288317425406
65785971928
150516177768
157914478749
153828512899
19152527071
31990028341
33887313815
16555045272
42321824038
30424767966
49512348943
13961278313
7748625289
21438737312
16544887943
149073149187
29430137290
51448158629
21311776651
295545826132
43932158202
5511495568
17936592148
145289178619
143175224753
12019020350
9763108219
25253022404
19743585241
8330787071
51910051868
13610756172
162271228614
24634902886
14227446576
13387270050
143643521590
34003175053
152049274737
5074305775
137329361132
46429129550
8432742501
28854332236
123928640842
41121461874
8778821460
25622365481
32328688839
26827825201
9459547441
16803420951
23226221008
135004915788
26156954654
9675038461
14872348603
13710629447
3742022811
21831150439
17560917484
10693056794
10815173089
7480452189
9092741750
9137153414
4006330967
29128168927
5314139317
7835550644
29007302265
11934594681
9751074179
14308303145
1590799991
5496994670
15208937300
31628858163
32956777290
133159927003
30587028811
132613352236
9068837185
16966604653
6262921763
3477766340
6926735724
7964610329
4891064343
4941568331
135030178601
9840671989
1391242456
11854884974
21734155410
6718802592
4876064038
7390981063
43284094677
11394233229
5071109998
18776001869
11673229752
4662389195
1882099098
1489478878
9186344369
11040749574
6326038625
8143406475
10438628906
9433756216
134168805457
14707072494
16753554777
5301579722
4583594557
12324586552
3351958831
2901163207
17157751187
10864326820
7697468259
16089813697
6252184659
13584650661
1548392421
7933854860
5047901830
128659907205
4357084792
4012658415
3788580515
3418450090
6487869368
7651821683
6366793399
16026164099
9323167208
4044558539
4393042831
1549560012
5058038554
3350956541
1393704225
4148498848
2342424525
4957254663
1493212021
7826181461
3795174042
4661531407
14141427992
1478853052
5377357146
4127434941
4244160125
4747246305
3629102577
3056090985
13422798807
1486744128
