1.728249999999999886e+01
1.839750000000000085e+01
1.951249999999999929e+01
2.062749999999999773e+01
2.174249999999999972e+01
2.285750000000000171e+01
2.397250000000000014e+01
2.508749999999999858e+01
2.620250000000000057e+01
2.731750000000000256e+01
2.843249999999999744e+01
2.954749999999999943e+01
3.066250000000000142e+01
3.177749999999999986e+01
3.289249999999999829e+01
3.400750000000000028e+01
3.512250000000000227e+01
3.623749999999999716e+01
3.735249999999999915e+01
3.846750000000000114e+01
3.958249999999999602e+01
4.069750000000000512e+01
4.181250000000000000e+01
4.292749999999999488e+01
4.404250000000000398e+01
4.515749999999999886e+01
4.627250000000000085e+01
4.738750000000000284e+01
4.850249999999999773e+01
4.961749999999999972e+01
5.073250000000000171e+01
5.184749999999999659e+01
5.296250000000000568e+01
5.407750000000000057e+01
5.519249999999999545e+01
5.630750000000000455e+01
5.742249999999999943e+01
5.853749999999999432e+01
5.965250000000000341e+01
6.076749999999999829e+01
6.188250000000000028e+01
6.299750000000000227e+01
6.411249999999999716e+01
6.522749999999999204e+01
6.634250000000000114e+01
6.745750000000001023e+01
6.857249999999999091e+01
6.968750000000000000e+01
7.080250000000000909e+01
7.191749999999998977e+01
7.303249999999999886e+01
7.414750000000000796e+01
7.526249999999998863e+01
7.637749999999999773e+01
7.749250000000000682e+01
7.860750000000000171e+01
7.972249999999999659e+01
8.083750000000000568e+01
8.195250000000000057e+01
8.306749999999999545e+01
8.418250000000000455e+01
8.529749999999999943e+01
8.641249999999999432e+01
8.752750000000000341e+01
8.864249999999999829e+01
8.975749999999999318e+01
9.087250000000000227e+01
9.198750000000001137e+01
9.310249999999999204e+01
9.421750000000000114e+01
9.533250000000001023e+01
9.644749999999999091e+01
9.756250000000000000e+01
9.867750000000000909e+01
9.979249999999998977e+01
1.009074999999999989e+02
1.020225000000000080e+02
1.031374999999999886e+02
1.042524999999999977e+02
1.053675000000000068e+02
1.064825000000000017e+02
1.075974999999999966e+02
1.087125000000000057e+02
1.098275000000000006e+02
1.109424999999999955e+02
1.120575000000000045e+02
1.131724999999999994e+02
1.142874999999999943e+02
1.154025000000000034e+02
1.165174999999999983e+02
1.176324999999999932e+02
1.187475000000000023e+02
1.198625000000000114e+02
1.209774999999999920e+02
1.220925000000000011e+02
1.232075000000000102e+02
1.243224999999999909e+02
1.254375000000000000e+02
1.265525000000000091e+02
1.276674999999999898e+02
1.287824999999999989e+02
1.298975000000000080e+02
1.310124999999999886e+02
1.321274999999999977e+02
1.332425000000000068e+02
1.343575000000000159e+02
1.354724999999999966e+02
1.365875000000000057e+02
1.377024999999999864e+02
1.388174999999999955e+02
1.399325000000000045e+02
1.410475000000000136e+02
1.421624999999999943e+02
1.432775000000000034e+02
1.443924999999999841e+02
1.455074999999999932e+02
1.466225000000000023e+02
1.477375000000000114e+02
1.488524999999999920e+02
1.499675000000000011e+02
1.510824999999999818e+02
1.521974999999999909e+02
1.533125000000000000e+02
1.544275000000000091e+02
1.555425000000000182e+02
1.566574999999999989e+02
1.577725000000000080e+02
1.588874999999999886e+02
1.600024999999999977e+02
1.611175000000000068e+02
1.622325000000000159e+02
1.633474999999999966e+02
1.644625000000000057e+02
1.655774999999999864e+02
1.666924999999999955e+02
1.678075000000000045e+02
1.689225000000000136e+02
1.700374999999999943e+02
1.711525000000000034e+02
1.722674999999999841e+02
1.733824999999999932e+02
1.744975000000000023e+02
1.756125000000000114e+02
1.767274999999999920e+02
1.778425000000000011e+02
1.789574999999999818e+02
1.800724999999999909e+02
1.811875000000000000e+02
1.823025000000000091e+02
1.834175000000000182e+02
1.845324999999999989e+02
1.856475000000000080e+02
1.867624999999999886e+02
1.878774999999999977e+02
1.889925000000000068e+02
1.901075000000000159e+02
1.912224999999999966e+02
1.923375000000000057e+02
1.934524999999999864e+02
1.945674999999999955e+02
1.956825000000000045e+02
1.967975000000000136e+02
1.979124999999999943e+02
1.990275000000000034e+02
2.001424999999999841e+02
2.012574999999999932e+02
2.023725000000000023e+02
2.034875000000000114e+02
2.046024999999999920e+02
2.057175000000000011e+02
2.068324999999999818e+02
2.079474999999999909e+02
2.090625000000000000e+02
2.101775000000000091e+02
2.112925000000000182e+02
2.124074999999999989e+02
2.135225000000000080e+02
2.146374999999999886e+02
2.157524999999999977e+02
2.168675000000000068e+02
2.179825000000000159e+02
2.190974999999999966e+02
2.202125000000000057e+02
2.213274999999999864e+02
2.224424999999999955e+02
2.235575000000000045e+02
2.246725000000000136e+02
2.257874999999999943e+02
2.269025000000000034e+02
2.280174999999999841e+02
2.291324999999999932e+02
2.302475000000000023e+02
2.313625000000000114e+02
2.324774999999999920e+02
2.335925000000000011e+02
2.347074999999999818e+02
2.358224999999999909e+02
2.369375000000000000e+02
2.380525000000000091e+02
2.391675000000000182e+02
2.402824999999999989e+02
2.413975000000000080e+02
2.425124999999999886e+02
2.436274999999999977e+02
2.447425000000000068e+02
2.458575000000000159e+02
2.469724999999999966e+02
2.480875000000000057e+02
2.492024999999999864e+02
2.503174999999999955e+02
2.514325000000000045e+02
2.525475000000000136e+02
2.536624999999999943e+02
2.547775000000000034e+02
2.558924999999999841e+02
2.570074999999999932e+02
2.581225000000000023e+02
2.592375000000000114e+02
2.603525000000000205e+02
2.614674999999999727e+02
2.625824999999999818e+02
2.636974999999999909e+02
2.648125000000000000e+02
2.659275000000000091e+02
2.670425000000000182e+02
2.681575000000000273e+02
2.692724999999999795e+02
2.703874999999999886e+02
2.715024999999999977e+02
2.726175000000000068e+02
2.737325000000000159e+02
2.748474999999999682e+02
2.759624999999999773e+02
2.770774999999999864e+02
2.781924999999999955e+02
2.793075000000000045e+02
2.804225000000000136e+02
2.815375000000000227e+02
2.826525000000000318e+02
2.837674999999999841e+02
2.848824999999999932e+02
2.859975000000000023e+02
2.871125000000000114e+02
2.882275000000000205e+02
2.893424999999999727e+02
2.904574999999999818e+02
2.915724999999999909e+02
2.926875000000000000e+02
2.938025000000000091e+02
2.949175000000000182e+02
2.960325000000000273e+02
2.971474999999999795e+02
2.982624999999999886e+02
2.993774999999999977e+02
3.004925000000000068e+02
3.016075000000000159e+02
3.027224999999999682e+02
3.038374999999999773e+02
3.049524999999999864e+02
3.060674999999999955e+02
3.071825000000000045e+02
3.082975000000000136e+02
3.094125000000000227e+02
3.105275000000000318e+02
3.116424999999999841e+02
3.127574999999999932e+02
3.138725000000000023e+02
3.149875000000000114e+02
3.161025000000000205e+02
3.172174999999999727e+02
3.183324999999999818e+02
3.194474999999999909e+02
3.205625000000000000e+02
3.216775000000000091e+02
3.227925000000000182e+02
3.239075000000000273e+02
3.250224999999999795e+02
3.261374999999999886e+02
3.272524999999999977e+02
3.283675000000000068e+02
3.294825000000000159e+02
3.305974999999999682e+02
3.317124999999999773e+02
3.328274999999999864e+02
3.339424999999999955e+02
3.350575000000000045e+02
3.361725000000000136e+02
3.372875000000000227e+02
3.384025000000000318e+02
3.395174999999999841e+02
3.406324999999999932e+02
3.417475000000000023e+02
3.428625000000000114e+02
3.439775000000000205e+02
3.450924999999999727e+02
3.462074999999999818e+02
3.473224999999999909e+02
3.484375000000000000e+02
3.495525000000000091e+02
3.506675000000000182e+02
3.517825000000000273e+02
3.528974999999999795e+02
3.540124999999999886e+02
3.551274999999999977e+02
3.562425000000000068e+02
3.573575000000000159e+02
3.584724999999999682e+02
3.595874999999999773e+02
3.607024999999999864e+02
3.618174999999999955e+02
3.629325000000000045e+02
3.640475000000000136e+02
3.651625000000000227e+02
3.662775000000000318e+02
3.673924999999999841e+02
3.685074999999999932e+02
3.696225000000000023e+02
3.707375000000000114e+02
3.718525000000000205e+02
3.729674999999999727e+02
3.740824999999999818e+02
3.751974999999999909e+02
3.763125000000000000e+02
3.774275000000000091e+02
3.785425000000000182e+02
3.796575000000000273e+02
3.807724999999999795e+02
3.818874999999999886e+02
3.830024999999999977e+02
3.841175000000000068e+02
3.852325000000000159e+02
3.863474999999999682e+02
3.874624999999999773e+02
3.885774999999999864e+02
3.896924999999999955e+02
3.908075000000000045e+02
3.919225000000000136e+02
3.930375000000000227e+02
3.941525000000000318e+02
3.952674999999999841e+02
3.963824999999999932e+02
3.974975000000000023e+02
3.986125000000000114e+02
3.997275000000000205e+02
4.008424999999999727e+02
4.019574999999999818e+02
4.030724999999999909e+02
4.041875000000000000e+02
4.053025000000000091e+02
4.064175000000000182e+02
4.075325000000000273e+02
4.086474999999999795e+02
4.097624999999999886e+02
4.108774999999999977e+02
4.119925000000000068e+02
4.131075000000000159e+02
4.142224999999999682e+02
4.153374999999999773e+02
4.164524999999999864e+02
4.175674999999999955e+02
4.186825000000000045e+02
4.197975000000000136e+02
4.209125000000000227e+02
4.220275000000000318e+02
4.231424999999999841e+02
4.242574999999999932e+02
4.253725000000000023e+02
4.264875000000000114e+02
4.276025000000000205e+02
4.287174999999999727e+02
4.298324999999999818e+02
4.309474999999999909e+02
4.320625000000000000e+02
4.331775000000000091e+02
4.342925000000000182e+02
4.354075000000000273e+02
4.365224999999999795e+02
4.376374999999999886e+02
4.387524999999999977e+02
4.398675000000000068e+02
4.409825000000000159e+02
4.420974999999999682e+02
4.432124999999999773e+02
4.443274999999999864e+02
4.454424999999999955e+02
4.465575000000000045e+02
4.476725000000000136e+02
4.487875000000000227e+02
4.499025000000000318e+02
4.510174999999999841e+02
4.521324999999999932e+02
4.532475000000000023e+02
4.543625000000000114e+02
4.554775000000000205e+02
4.565924999999999727e+02
4.577074999999999818e+02
4.588224999999999909e+02
4.599375000000000000e+02
4.610525000000000091e+02
4.621675000000000182e+02
4.632825000000000273e+02
4.643974999999999795e+02
4.655124999999999886e+02
4.666274999999999977e+02
4.677425000000000068e+02
4.688575000000000159e+02
4.699724999999999682e+02
4.710874999999999773e+02
4.722024999999999864e+02
4.733174999999999955e+02
4.744325000000000045e+02
4.755475000000000136e+02
4.766625000000000227e+02
4.777775000000000318e+02
4.788924999999999841e+02
4.800074999999999932e+02
4.811225000000000023e+02
4.822375000000000114e+02
4.833525000000000205e+02
4.844674999999999727e+02
4.855824999999999818e+02
4.866974999999999909e+02
4.878125000000000000e+02
4.889275000000000091e+02
4.900425000000000182e+02
4.911575000000000273e+02
4.922724999999999795e+02
4.933874999999999886e+02
4.945024999999999977e+02
4.956175000000000068e+02
4.967325000000000159e+02
4.978474999999999682e+02
4.989624999999999773e+02
5.000774999999999864e+02
5.011924999999999955e+02
5.023075000000000045e+02
5.034225000000000136e+02
5.045375000000000227e+02
5.056525000000000318e+02
5.067674999999999841e+02
5.078824999999999932e+02
5.089975000000000023e+02
5.101125000000000114e+02
5.112275000000000205e+02
5.123424999999999727e+02
5.134574999999999818e+02
5.145724999999999909e+02
5.156875000000000000e+02
5.168025000000000091e+02
5.179175000000000182e+02
5.190325000000000273e+02
5.201475000000000364e+02
5.212625000000000455e+02
5.223775000000000546e+02
5.234924999999999500e+02
5.246074999999999591e+02
5.257224999999999682e+02
5.268374999999999773e+02
5.279524999999999864e+02
5.290674999999999955e+02
5.301825000000000045e+02
5.312975000000000136e+02
5.324125000000000227e+02
5.335275000000000318e+02
5.346425000000000409e+02
5.357575000000000500e+02
5.368724999999999454e+02
5.379874999999999545e+02
5.391024999999999636e+02
5.402174999999999727e+02
5.413324999999999818e+02
5.424474999999999909e+02
5.435625000000000000e+02
5.446775000000000091e+02
5.457925000000000182e+02
5.469075000000000273e+02
5.480225000000000364e+02
5.491375000000000455e+02
5.502525000000000546e+02
5.513674999999999500e+02
5.524824999999999591e+02
5.535974999999999682e+02
5.547124999999999773e+02
5.558274999999999864e+02
5.569424999999999955e+02
5.580575000000000045e+02
5.591725000000000136e+02
5.602875000000000227e+02
5.614025000000000318e+02
5.625175000000000409e+02
5.636325000000000500e+02
5.647474999999999454e+02
5.658624999999999545e+02
5.669774999999999636e+02
5.680924999999999727e+02
5.692074999999999818e+02
5.703224999999999909e+02
5.714375000000000000e+02
5.725525000000000091e+02
5.736675000000000182e+02
5.747825000000000273e+02
5.758975000000000364e+02
5.770125000000000455e+02
5.781275000000000546e+02
5.792424999999999500e+02
5.803574999999999591e+02
5.814724999999999682e+02
5.825874999999999773e+02
5.837024999999999864e+02
5.848174999999999955e+02
5.859325000000000045e+02
5.870475000000000136e+02
5.881625000000000227e+02
5.892775000000000318e+02
5.903925000000000409e+02
5.915075000000000500e+02
5.926224999999999454e+02
5.937374999999999545e+02
5.948524999999999636e+02
5.959674999999999727e+02
5.970824999999999818e+02
5.981974999999999909e+02
5.993125000000000000e+02
6.004275000000000091e+02
6.015425000000000182e+02
6.026575000000000273e+02
6.037725000000000364e+02
6.048875000000000455e+02
6.060025000000000546e+02
6.071174999999999500e+02
6.082324999999999591e+02
6.093474999999999682e+02
6.104624999999999773e+02
6.115774999999999864e+02
6.126924999999999955e+02
6.138075000000000045e+02
6.149225000000000136e+02
6.160375000000000227e+02
6.171525000000000318e+02
6.182675000000000409e+02
6.193825000000000500e+02
6.204974999999999454e+02
6.216124999999999545e+02
6.227274999999999636e+02
6.238424999999999727e+02
6.249574999999999818e+02
6.260724999999999909e+02
6.271875000000000000e+02
6.283025000000000091e+02
6.294175000000000182e+02
6.305325000000000273e+02
6.316475000000000364e+02
6.327625000000000455e+02
6.338775000000000546e+02
6.349924999999999500e+02
6.361074999999999591e+02
6.372224999999999682e+02
6.383374999999999773e+02
6.394524999999999864e+02
6.405674999999999955e+02
6.416825000000000045e+02
6.427975000000000136e+02
6.439125000000000227e+02
6.450275000000000318e+02
6.461425000000000409e+02
6.472575000000000500e+02
6.483724999999999454e+02
6.494874999999999545e+02
6.506024999999999636e+02
6.517174999999999727e+02
6.528324999999999818e+02
6.539474999999999909e+02
6.550625000000000000e+02
6.561775000000000091e+02
6.572925000000000182e+02
6.584075000000000273e+02
6.595225000000000364e+02
6.606375000000000455e+02
6.617525000000000546e+02
6.628674999999999500e+02
6.639824999999999591e+02
6.650974999999999682e+02
6.662124999999999773e+02
6.673274999999999864e+02
6.684424999999999955e+02
6.695575000000000045e+02
6.706725000000000136e+02
6.717875000000000227e+02
6.729025000000000318e+02
6.740175000000000409e+02
6.751325000000000500e+02
6.762474999999999454e+02
6.773624999999999545e+02
6.784774999999999636e+02
6.795924999999999727e+02
6.807074999999999818e+02
6.818224999999999909e+02
6.829375000000000000e+02
6.840525000000000091e+02
6.851675000000000182e+02
6.862825000000000273e+02
6.873975000000000364e+02
6.885125000000000455e+02
6.896275000000000546e+02
6.907424999999999500e+02
6.918574999999999591e+02
6.929724999999999682e+02
6.940874999999999773e+02
6.952024999999999864e+02
6.963174999999999955e+02
6.974325000000000045e+02
6.985475000000000136e+02
6.996625000000000227e+02
7.007775000000000318e+02
7.018925000000000409e+02
7.030075000000000500e+02
7.041224999999999454e+02
7.052374999999999545e+02
7.063524999999999636e+02
7.074674999999999727e+02
7.085824999999999818e+02
7.096974999999999909e+02
7.108125000000000000e+02
7.119275000000000091e+02
7.130425000000000182e+02
7.141575000000000273e+02
7.152725000000000364e+02
7.163875000000000455e+02
7.175025000000000546e+02
7.186174999999999500e+02
7.197324999999999591e+02
7.208474999999999682e+02
7.219624999999999773e+02
7.230774999999999864e+02
7.241924999999999955e+02
7.253075000000000045e+02
7.264225000000000136e+02
7.275375000000000227e+02
7.286525000000000318e+02
7.297675000000000409e+02
7.308825000000000500e+02
7.319974999999999454e+02
7.331124999999999545e+02
7.342274999999999636e+02
7.353424999999999727e+02
7.364574999999999818e+02
7.375724999999999909e+02
7.386875000000000000e+02
7.398025000000000091e+02
7.409175000000000182e+02
7.420325000000000273e+02
7.431475000000000364e+02
7.442625000000000455e+02
7.453775000000000546e+02
7.464924999999999500e+02
7.476074999999999591e+02
7.487224999999999682e+02
7.498374999999999773e+02
7.509524999999999864e+02
7.520674999999999955e+02
7.531825000000000045e+02
7.542975000000000136e+02
7.554125000000000227e+02
7.565275000000000318e+02
7.576425000000000409e+02
7.587575000000000500e+02
7.598724999999999454e+02
7.609874999999999545e+02
7.621024999999999636e+02
7.632174999999999727e+02
7.643324999999999818e+02
7.654474999999999909e+02
7.665625000000000000e+02
7.676775000000000091e+02
7.687925000000000182e+02
7.699075000000000273e+02
7.710225000000000364e+02
7.721375000000000455e+02
7.732525000000000546e+02
7.743674999999999500e+02
7.754824999999999591e+02
7.765974999999999682e+02
