7.637499999999999289e+00
7.962500000000000355e+00
8.287499999999999645e+00
8.612500000000000711e+00
8.937500000000000000e+00
9.262499999999999289e+00
9.587500000000000355e+00
9.912499999999999645e+00
1.023750000000000071e+01
1.056250000000000000e+01
1.088749999999999929e+01
1.121250000000000036e+01
1.153749999999999964e+01
1.186250000000000071e+01
1.218750000000000000e+01
1.251249999999999929e+01
1.283750000000000036e+01
1.316249999999999964e+01
1.348750000000000071e+01
1.381250000000000000e+01
1.413749999999999929e+01
1.446250000000000036e+01
1.478749999999999964e+01
1.511250000000000071e+01
1.543750000000000000e+01
1.576249999999999929e+01
1.608749999999999858e+01
1.641250000000000142e+01
1.673749999999999716e+01
1.706250000000000000e+01
1.738750000000000284e+01
1.771249999999999858e+01
1.803750000000000142e+01
1.836249999999999716e+01
1.868750000000000000e+01
1.901250000000000284e+01
1.933749999999999858e+01
1.966250000000000142e+01
1.998749999999999716e+01
2.031250000000000000e+01
2.063750000000000284e+01
2.096249999999999858e+01
2.128750000000000142e+01
2.161249999999999716e+01
2.193750000000000000e+01
2.226250000000000284e+01
2.258749999999999858e+01
2.291250000000000142e+01
2.323749999999999716e+01
2.356250000000000000e+01
2.388750000000000284e+01
2.421249999999999858e+01
2.453750000000000142e+01
2.486249999999999716e+01
2.518750000000000000e+01
2.551250000000000284e+01
2.583749999999999858e+01
2.616250000000000142e+01
2.648749999999999716e+01
2.681250000000000000e+01
2.713750000000000284e+01
2.746249999999999858e+01
2.778750000000000142e+01
2.811249999999999716e+01
2.843750000000000000e+01
2.876250000000000284e+01
2.908749999999999858e+01
2.941250000000000142e+01
2.973749999999999716e+01
3.006250000000000000e+01
3.038750000000000284e+01
3.071249999999999858e+01
3.103750000000000142e+01
3.136249999999999716e+01
3.168750000000000000e+01
3.201250000000000284e+01
3.233749999999999858e+01
3.266250000000000142e+01
3.298749999999999716e+01
3.331250000000000000e+01
3.363750000000000284e+01
3.396249999999999858e+01
3.428750000000000142e+01
3.461249999999999716e+01
3.493750000000000000e+01
3.526250000000000284e+01
3.558749999999999858e+01
3.591250000000000142e+01
3.623749999999999716e+01
3.656250000000000000e+01
3.688750000000000284e+01
3.721249999999999858e+01
3.753750000000000142e+01
3.786249999999999716e+01
3.818750000000000000e+01
3.851250000000000284e+01
3.883749999999999858e+01
3.916250000000000142e+01
3.948749999999999716e+01
3.981250000000000000e+01
4.013750000000000284e+01
4.046249999999999858e+01
4.078750000000000142e+01
4.111249999999999716e+01
4.143750000000000000e+01
4.176250000000000284e+01
4.208749999999999858e+01
4.241250000000000142e+01
4.273749999999999716e+01
4.306250000000000000e+01
4.338750000000000284e+01
4.371249999999999858e+01
4.403750000000000142e+01
4.436249999999999716e+01
4.468750000000000000e+01
4.501250000000000284e+01
4.533749999999999858e+01
4.566250000000000142e+01
4.598749999999999716e+01
4.631250000000000000e+01
4.663750000000000284e+01
4.696249999999999858e+01
4.728750000000000142e+01
4.761249999999999716e+01
4.793750000000000000e+01
4.826250000000000284e+01
4.858749999999999858e+01
4.891250000000000142e+01
4.923749999999999716e+01
4.956250000000000000e+01
4.988750000000000284e+01
5.021249999999999858e+01
5.053750000000000142e+01
5.086249999999999716e+01
5.118750000000000000e+01
5.151250000000000284e+01
5.183749999999999858e+01
5.216250000000000142e+01
5.248749999999999716e+01
5.281250000000000000e+01
5.313750000000000284e+01
5.346249999999999858e+01
5.378750000000000142e+01
5.411249999999999716e+01
5.443750000000000000e+01
5.476250000000000284e+01
5.508749999999999858e+01
5.541250000000000142e+01
5.573749999999999716e+01
5.606250000000000000e+01
5.638750000000000284e+01
5.671249999999999858e+01
5.703750000000000142e+01
5.736249999999999716e+01
5.768750000000000000e+01
5.801250000000000284e+01
5.833749999999999858e+01
5.866250000000000142e+01
5.898749999999999716e+01
5.931250000000000000e+01
5.963750000000000284e+01
5.996249999999999858e+01
6.028750000000000142e+01
6.061249999999999716e+01
6.093750000000000000e+01
6.126250000000000284e+01
6.158749999999999858e+01
6.191250000000000142e+01
6.223749999999999716e+01
6.256250000000000000e+01
6.288750000000000284e+01
6.321249999999999858e+01
6.353750000000000142e+01
6.386250000000000426e+01
6.418750000000000000e+01
6.451249999999998863e+01
6.483750000000000568e+01
6.516249999999999432e+01
6.548750000000001137e+01
6.581250000000000000e+01
6.613749999999998863e+01
6.646250000000000568e+01
6.678749999999999432e+01
6.711250000000001137e+01
6.743750000000000000e+01
6.776249999999998863e+01
6.808750000000000568e+01
6.841249999999999432e+01
6.873750000000001137e+01
6.906250000000000000e+01
6.938749999999998863e+01
6.971250000000000568e+01
7.003749999999999432e+01
7.036250000000001137e+01
7.068750000000000000e+01
7.101249999999998863e+01
7.133750000000000568e+01
7.166249999999999432e+01
7.198750000000001137e+01
7.231250000000000000e+01
7.263749999999998863e+01
7.296250000000000568e+01
7.328749999999999432e+01
7.361250000000001137e+01
7.393750000000000000e+01
7.426249999999998863e+01
7.458750000000000568e+01
7.491249999999999432e+01
7.523750000000001137e+01
7.556250000000000000e+01
7.588749999999998863e+01
7.621250000000000568e+01
7.653749999999999432e+01
7.686250000000001137e+01
7.718750000000000000e+01
7.751249999999998863e+01
7.783750000000000568e+01
7.816249999999999432e+01
7.848750000000001137e+01
7.881250000000000000e+01
7.913749999999998863e+01
7.946250000000000568e+01
7.978749999999999432e+01
8.011250000000001137e+01
8.043750000000000000e+01
8.076249999999998863e+01
8.108750000000000568e+01
8.141249999999999432e+01
8.173750000000001137e+01
8.206250000000000000e+01
8.238749999999998863e+01
8.271250000000000568e+01
8.303749999999999432e+01
8.336250000000001137e+01
8.368750000000000000e+01
8.401249999999998863e+01
8.433750000000000568e+01
8.466249999999999432e+01
8.498750000000001137e+01
8.531250000000000000e+01
8.563749999999998863e+01
8.596250000000000568e+01
8.628749999999999432e+01
8.661250000000001137e+01
8.693750000000000000e+01
8.726249999999998863e+01
8.758750000000000568e+01
8.791249999999999432e+01
8.823750000000001137e+01
8.856250000000000000e+01
8.888749999999998863e+01
8.921250000000000568e+01
8.953749999999999432e+01
8.986250000000001137e+01
9.018750000000000000e+01
9.051249999999998863e+01
9.083750000000000568e+01
9.116249999999999432e+01
9.148750000000001137e+01
9.181250000000000000e+01
9.213749999999998863e+01
9.246250000000000568e+01
9.278749999999999432e+01
9.311250000000001137e+01
9.343750000000000000e+01
9.376249999999998863e+01
9.408750000000000568e+01
9.441249999999999432e+01
9.473750000000001137e+01
9.506250000000000000e+01
9.538749999999998863e+01
9.571250000000000568e+01
9.603749999999999432e+01
9.636250000000001137e+01
9.668750000000000000e+01
9.701249999999998863e+01
9.733750000000000568e+01
9.766249999999999432e+01
9.798750000000001137e+01
9.831250000000000000e+01
9.863749999999998863e+01
9.896250000000000568e+01
9.928749999999999432e+01
9.961250000000001137e+01
9.993750000000000000e+01
1.002624999999999886e+02
1.005875000000000057e+02
1.009124999999999943e+02
1.012375000000000114e+02
1.015625000000000000e+02
1.018874999999999886e+02
1.022125000000000057e+02
1.025374999999999943e+02
1.028625000000000114e+02
1.031875000000000000e+02
1.035124999999999886e+02
1.038375000000000057e+02
1.041624999999999943e+02
1.044875000000000114e+02
1.048125000000000000e+02
1.051374999999999886e+02
1.054625000000000057e+02
1.057874999999999943e+02
1.061125000000000114e+02
1.064375000000000000e+02
1.067624999999999886e+02
1.070875000000000057e+02
1.074124999999999943e+02
1.077375000000000114e+02
1.080625000000000000e+02
1.083874999999999886e+02
1.087125000000000057e+02
1.090374999999999943e+02
1.093625000000000114e+02
1.096875000000000000e+02
1.100124999999999886e+02
1.103375000000000057e+02
1.106624999999999943e+02
1.109875000000000114e+02
1.113125000000000000e+02
1.116374999999999886e+02
1.119625000000000057e+02
1.122874999999999943e+02
1.126125000000000114e+02
1.129375000000000000e+02
1.132624999999999886e+02
1.135875000000000057e+02
1.139124999999999943e+02
1.142375000000000114e+02
1.145625000000000000e+02
1.148874999999999886e+02
1.152125000000000057e+02
1.155374999999999943e+02
1.158625000000000114e+02
1.161875000000000000e+02
1.165124999999999886e+02
1.168375000000000057e+02
1.171624999999999943e+02
1.174875000000000114e+02
1.178125000000000000e+02
1.181374999999999886e+02
1.184625000000000057e+02
1.187874999999999943e+02
1.191125000000000114e+02
1.194375000000000000e+02
1.197624999999999886e+02
1.200875000000000057e+02
1.204124999999999943e+02
1.207375000000000114e+02
1.210625000000000000e+02
1.213874999999999886e+02
1.217125000000000057e+02
