8.865741778021270000e+14
8.084482902483130000e+14
7.410132975991300000e+14
6.956601259763740000e+14
6.296963932349080000e+14
6.193569722321940000e+14
5.698371548951670000e+14
5.305578887468920000e+14
4.990500797326180000e+14
4.616284170922750000e+14
4.226297306508310000e+14
4.207255169194010000e+14
3.805839349150030000e+14
3.598117447926200000e+14
3.436815184367420000e+14
3.316755209739690000e+14
3.057809546108470000e+14
3.004114610565600000e+14
2.988670493076110000e+14
2.631637079352510000e+14
2.682636287768240000e+14
2.428699279782690000e+14
2.359046500258460000e+14
2.261041253946480000e+14
2.082935305888520000e+14
2.057730537233120000e+14
2.047692657620400000e+14
1.936782884955790000e+14
1.846623479809190000e+14
1.814885545029180000e+14
1.771068861837810000e+14
1.650662929624060000e+14
1.666772820550640000e+14
1.516189356035600000e+14
1.534280740546170000e+14
1.435969590383900000e+14
1.393209822476770000e+14
1.348417042503280000e+14
1.280752920988260000e+14
1.284811411119840000e+14
1.296787554524680000e+14
1.118273214997620000e+14
1.123731979974030000e+14
1.030531795711860000e+14
1.055341227283650000e+14
1.054398019262200000e+14
1.012174719043820000e+14
1.021558266793480000e+14
9.296919214481500000e+13
9.241552790344300000e+13
8.904828145926400000e+13
8.536305943590500000e+13
9.176141320028100000e+13
8.477783137373600000e+13
8.545880379285400000e+13
8.341313622539500000e+13
7.417223824735700000e+13
7.449273439918200000e+13
7.102437540774800000e+13
7.180602043317600000e+13
7.902614640130800000e+13
6.318819339702600000e+13
6.321974171958100000e+13
6.079420900559300000e+13
6.569981344901700000e+13
6.844982751177300000e+13
6.269628306558000000e+13
6.013385283794000000e+13
5.527122545186000000e+13
5.022702313518600000e+13
5.297820625453100000e+13
5.240266946829600000e+13
4.975112659335800000e+13
5.014254567723400000e+13
4.695262591782100000e+13
4.749919289451700000e+13
4.900286833319100000e+13
4.646247664802800000e+13
4.010893716939900000e+13
4.292069702028700000e+13
4.008542395205000000e+13
3.984428524802200000e+13
4.149129768040300000e+13
3.903174830626100000e+13
3.808594678297600000e+13
3.724185347306100000e+13
3.760827128439000000e+13
3.579802223077000000e+13
3.211449950667900000e+13
3.542169425633900000e+13
3.607422353118000000e+13
3.391043121047300000e+13
3.608795120234800000e+13
3.173287993547600000e+13
3.166814497956600000e+13
2.673886508157900000e+13
3.185567720870300000e+13
2.856069103688400000e+13
3.140232932617100000e+13
2.597110366560500000e+13
2.974764216487800000e+13
2.698271809317700000e+13
2.406181577151200000e+13
2.636593408735500000e+13
2.552091843711700000e+13
2.667539078838300000e+13
2.218291057779000000e+13
2.601726236467000000e+13
2.613398850822200000e+13
2.331751460544800000e+13
2.261010862339700000e+13
2.284677930748500000e+13
2.218535615792200000e+13
2.018790864330600000e+13
2.202453677086400000e+13
2.143184813969300000e+13
1.805168142140000000e+13
1.984136636746900000e+13
1.953869959234800000e+13
1.549944000172800000e+13
1.844921428418300000e+13
1.666874642025500000e+13
1.592958923107500000e+13
1.641450385915300000e+13
1.651016162331700000e+13
1.509134813126500000e+13
1.816086300456100000e+13
1.449631889747300000e+13
1.501396525854600000e+13
1.600322489684800000e+13
1.543546757112400000e+13
1.317510963758200000e+13
1.404724700629200000e+13
1.511254870284300000e+13
1.178756661183200000e+13
1.312778228692300000e+13
1.250405418507700000e+13
1.256687207722300000e+13
1.301781663754900000e+13
1.223982749520500000e+13
1.086405487483300000e+13
1.309842057891100000e+13
9.498161979207000000e+12
1.049731606045400000e+13
1.266618980055700000e+13
1.135031910641900000e+13
1.040520470165900000e+13
8.621793705250000000e+12
8.479730019333000000e+12
9.241997318565000000e+12
1.173473802447200000e+13
8.173744213231000000e+12
7.725555668732000000e+12
9.291418448026000000e+12
7.881652503270000000e+12
8.251342326639000000e+12
1.019821131578200000e+13
6.380198558285000000e+12
8.371154785943000000e+12
7.295948079199000000e+12
8.158911208086000000e+12
7.292734182572000000e+12
5.266181146821000000e+12
6.608733605047000000e+12
7.851382803389000000e+12
7.577935626289000000e+12
7.893025447452000000e+12
6.880547858983000000e+12
6.001853048714000000e+12
5.628360462147000000e+12
7.114408781432000000e+12
6.125020092464000000e+12
5.764583278440000000e+12
7.137831924956000000e+12
5.338539125804000000e+12
5.644368249616000000e+12
6.821122499611000000e+12
4.363775108011000000e+12
4.133887307881000000e+12
5.022529751343000000e+12
4.872710643397000000e+12
4.005115489247000000e+12
4.377436700070000000e+12
4.310366208681000000e+12
4.378864470594000000e+12
4.921030916829000000e+12
3.787710981284000000e+12
4.155183054519000000e+12
5.424541585222000000e+12
4.451473902362000000e+12
4.104424497782000000e+12
3.730241250078000000e+12
3.438520980179000000e+12
3.160062822244000000e+12
4.155299877150000000e+12
3.840896375035000000e+12
4.403606990836000000e+12
3.492358632164000000e+12
2.773772745864000000e+12
5.368680227569000000e+12
3.575237303726000000e+12
3.012294023289000000e+12
4.392695104832000000e+12
2.654592421639000000e+12
3.533899722793000000e+12
4.075950595714000000e+12
3.309222003745000000e+12
2.687361421962000000e+12
3.090164259767000000e+12
2.741606195430000000e+12
2.696716824803000000e+12
3.463012915309000000e+12
4.105765012974000000e+12
1.674592783333000000e+12
2.459011359862000000e+12
1.370447201402000000e+12
1.668817120857000000e+12
2.477035214457000000e+12
1.660851400787000000e+12
2.789284953657000000e+12
2.810679648452000000e+12
2.871163947552000000e+12
3.665868755761000000e+12
1.993888922015000000e+12
2.932084012714000000e+12
2.597086109108000000e+12
2.446140350347000000e+12
2.635970167330000000e+12
1.896881292902000000e+12
1.853368365772000000e+12
2.123737921244000000e+12
7.931724295190000000e+11
1.823477782437000000e+12
1.981694351754000000e+12
1.867487630051000000e+12
1.575861535184000000e+12
1.375561567033000000e+12
1.752667843604000000e+12
1.170080287122000000e+12
1.616753777874000000e+12
1.983318647667000000e+12
1.780541727227000000e+12
1.755710582735000000e+12
1.606283501387000000e+12
1.981150340410000000e+12
2.179721074068000000e+12
1.520492513713000000e+12
1.821463798364000000e+12
1.236602476889000000e+12
9.446516128560000000e+11
1.800344064592000000e+12
1.491156723568000000e+12
2.165235033227000000e+12
1.558348079842000000e+12
2.186775456859000000e+12
1.309144277490000000e+12
1.066191686140000000e+12
2.153929041062000000e+12
8.392331907530000000e+11
1.766226951356000000e+12
1.312284026486000000e+12
2.116155812730000000e+12
1.626845617728000000e+12
1.756024571310000000e+12
1.776843187823000000e+12
1.852373798350000000e+12
9.002529778380000000e+11
1.928273079428000000e+12
1.339104441597000000e+12
1.000405148536000000e+12
7.786807766170000000e+11
1.262307900095000000e+12
7.049076361470000000e+11
1.993273893993000000e+12
1.115634577437000000e+12
1.257768746789000000e+12
8.017626830180000000e+11
9.111193831610000000e+11
2.001853717071000000e+12
8.640898062790000000e+11
1.348902497761000000e+12
1.105459039128000000e+12
1.486551079614000000e+12
1.133587396694000000e+12
1.754119863536000000e+12
1.281764829507000000e+12
8.071223655620000000e+11
7.502108148650000000e+11
1.066714656688000000e+12
8.042082443710000000e+11
9.119439713090000000e+11
6.001686518920000000e+11
1.092223487699000000e+12
9.442913880470000000e+11
8.264234856800000000e+11
3.220897443960000000e+11
1.089326528036000000e+12
7.819372194250000000e+11
1.018310263645000000e+12
6.198392714510000000e+11
1.074873066377000000e+12
1.509065376542000000e+12
7.771649054680000000e+11
4.613873849890000000e+11
6.372698771150000000e+11
2.844487644400000000e+11
3.402121712670000000e+11
3.738637242140000000e+11
8.680793035920000000e+11
6.312388571550000000e+11
4.949579259120000000e+11
9.652512296940000000e+11
3.230962036750000000e+11
1.098776186008000000e+12
3.382046324500000000e+11
7.502108148650000000e+11
7.606373027490000000e+11
9.229250488040000000e+11
6.116371918660000000e+11
7.899310343910000000e+11
4.501264889190000000e+11
4.501264889190000000e+11
7.391187639760000000e+11
4.622410539370000000e+11
6.818098731710000000e+11
6.106903109270000000e+11
7.502108148650000000e+11
1.062303226644000000e+12
1.500421629730000000e+11
6.331663121570000000e+11
4.885113541040000000e+11
4.679859792460000000e+11
6.392764309810000000e+11
9.602264125910000000e+11
6.480165087210000000e+11
2.111207482770000000e+11
3.000843259460000000e+11
8.196958958020000000e+11
2.036492706140000000e+11
1.050295140811000000e+12
4.947926317050000000e+11
6.236303760880000000e+11
3.300594019280000000e+11
4.675079019000000000e+11
4.501264889190000000e+11
4.659590125330000000e+11
4.501264889190000000e+11
6.308479968920000000e+11
1.211459658875000000e+12
3.446441395120000000e+11
9.002529778380000000e+11
6.220066225190000000e+11
