2.646000
2.754000
2.862000
2.970000
3.078000
3.186000
3.294000
3.402000
3.510000
3.618000
3.726000
3.834000
3.942000
4.050000
4.158000
4.266000
4.374000
4.482000
4.590000
4.698000
4.806000
4.914000
5.022000
5.130000
5.238000
5.346000
5.454000
5.562000
5.670000
5.778000
5.886000
5.994000
6.102000
6.210000
6.318000
6.426000
6.534000
6.642000
6.750000
6.858000
6.966000
7.074000
7.182000
7.290000
7.398000
7.506000
7.614000
7.722000
7.830000
7.938000
8.046000
8.154000
8.262000
8.370000
8.478000
8.586000
8.694000
8.802000
8.910000
9.018000
9.126000
9.234000
9.342000
9.450000
9.558000
9.666000
9.774000
9.882000
9.990000
10.098000
10.206000
10.314000
10.422000
10.530000
10.638000
10.746000
10.854000
10.962000
11.070000
11.178000
11.286000
11.394000
11.502000
11.610000
11.718000
11.826000
11.934000
12.042000
12.150000
12.258000
12.366000
12.474000
12.582000
12.690000
12.798000
12.906000
13.014000
13.122000
13.230000
13.338000
13.446000
13.554000
13.662000
13.770000
13.878000
13.986000
14.094000
14.202000
14.310000
14.418000
14.526000
14.634000
14.742000
14.850000
14.958000
15.066000
15.174000
15.282000
15.390000
15.498000
15.606000
15.714000
15.822000
15.930000
16.038000
16.146000
16.254000
16.362000
16.470000
16.578000
16.686000
16.794000
16.902000
17.010000
17.118000
17.226000
17.334000
17.442000
17.550000
17.658000
17.766000
17.874000
17.982000
18.090000
18.198000
18.306000
18.414000
18.522000
18.630000
18.738000
18.846000
18.954000
19.062000
19.170000
19.278000
19.386000
19.494000
19.602000
19.710000
19.818000
19.926000
20.034000
20.142000
20.250000
20.358000
20.466000
20.574000
20.682000
20.790000
20.898000
21.006000
21.114000
21.222000
21.330000
21.438000
21.546000
21.654000
21.762000
21.870000
21.978000
22.086000
22.194000
22.302000
22.410000
22.518000
22.626000
22.734000
22.842000
22.950000
23.058000
23.166000
23.274000
23.382000
23.490000
23.598000
23.706000
23.814000
23.922000
24.030000
24.138000
24.246000
24.354000
24.462000
24.570000
24.678000
24.786000
24.894000
25.002000
25.110000
25.218000
25.326000
25.434000
25.542000
25.650000
25.758000
25.866000
25.974000
26.082000
26.190000
26.298000
26.406000
26.514000
26.622000
26.730000
26.838000
26.946000
27.054000
27.162000
27.270000
27.378000
27.486000
27.594000
27.702000
27.810000
27.918000
28.026000
28.134000
28.242000
28.350000
28.458000
28.566000
28.674000
28.782000
28.890000
28.998000
29.106000
29.214000
29.322000
29.430000
29.538000
29.646000
29.754000
29.862000
29.970000
30.078000
30.186000
30.294000
30.402000
30.510000
30.618000
30.726000
30.834000
30.942000
31.050000
31.158000
31.266000
31.374000
31.482000
31.590000
31.698000
31.806000
31.914000
32.022000
32.130000
32.238000
32.346000
32.454000
32.562000
32.670000
32.778000
32.886000
32.994000
33.102000
33.210000
33.318000
33.426000
33.534000
33.642000
33.750000
33.858000
33.966000
34.074000
34.182000
34.290000
34.398000
34.506000
34.614000
34.722000
34.830000
34.938000
35.046000
35.154000
35.262000
35.370000
35.478000
35.586000
35.694000
35.802000
35.910000
36.018000
36.126000
36.234000
36.342000
36.450000
36.558000
36.666000
36.774000
36.882000
36.990000
37.098000
37.206000
37.314000
37.422000
37.530000
37.638000
37.746000
37.854000
37.962000
38.070000
38.178000
38.286000
38.394000
38.502000
38.610000
38.718000
38.826000
38.934000
39.042000
39.150000
39.258000
39.366000
39.474000
39.582000
39.690000
39.906000
40.014000
40.122000
40.230000
40.338000
40.446000
40.554000
40.662000
40.770000
40.878000
40.986000
41.094000
41.202000
41.310000
41.418000
41.526000
41.742000
41.850000
41.958000
42.066000
42.174000
42.390000
42.498000
42.606000
42.714000
42.822000
42.930000
43.038000
43.146000
43.254000
43.362000
43.470000
43.578000
43.794000
43.902000
44.010000
44.226000
44.334000
44.442000
44.550000
44.658000
44.874000
44.982000
45.090000
45.198000
45.306000
45.414000
45.522000
45.630000
45.738000
45.846000
45.954000
46.062000
46.170000
46.494000
46.602000
46.710000
46.818000
46.926000
47.142000
47.250000
47.358000
47.466000
47.574000
47.682000
47.898000
48.114000
48.222000
48.330000
48.546000
48.654000
48.762000
48.870000
48.978000
49.086000
49.194000
49.302000
