0
0
0
0
0
2088125249134301
1970296807048209
1209417459592483
829625153307387
582659547953065
443774470044434
362146063351833
297176344263230
649243527426092
499683842139664
398715963017838
322989663691140
267148138568498
228256625781278
194362229294725
170091995478958
160154605878525
134814383493292
121142707499234
105888776910199
105929220523644
89528860460366
84969302869106
83942864087190
74951527005328
67311929931921
68152164944431
60269879488248
56288904160257
48836572878699
49230700476458
49000047355899
46189219215136
45153697688727
37255715513900
39500482268312
38226799175462
35959830177600
31387746926534
34676676901508
32996338690236
30491395114322
29445012651227
28287945470907
29267693351889
27861004641527
23574084101330
24314728263514
22722743935611
22131869193635
21834293742712
22413201848519
18755611579966
20390763969603
17715147489031
20360218719980
16230719244922
16046613045246
15200259303310
14331723383050
15018775884442
13082066288814
15016604326882
12812332587579
13562254777922
14384861404025
13419669355607
10058696427851
11860660775266
10987195567180
7876087392295
9535794821352
10778548798686
10942526787357
8867718846799
8825148077495
8713056168892
7733935725649
7105015462261
5905930832350
7765050352163
7209896087407
6852921417026
7206217357628
6560776137405
6259449460114
6741195286480
6292222423111
6873003138253
5918393142817
6423609833073
5775898647426
4346545855793
5975665010646
4002519182623
5110720114726
5548326330891
4219799377218
7141703025563
5033945496915
4668634558306
5896534571404
2705681662770
2957995290788
3521472387765
3540809948651
4260997830586
2745927962439
2487907020662
2310637317592
3794202568537
2916354900256
3448127297010
3186660313439
3460764019570
3370796850176
2593323402837
2424071885665
2576869359390
3054911009429
2832884397557
2547744733143
2702019688277
2116271745143
2803489620704
2514598892427
3139402006583
2832622036097
2206777861311
1699100862156
2050647340812
1767620265619
2310243842116
1009934602311
1430594975835
1821754338266
2340136332017
1903449450787
2203035648998
1847287773675
1437035594296
1676088219978
1725746600890
1611938390184
1296940630043
1163671377422
1212542847315
1574941956594
1719824780907
1650306279528
1445516913018
1080358631639
1269437633804
847638848878
1313745294015
1307366822166
1288525243166
1312730721515
1566145056139
1550928244897
1579263247272
704562303096
1325603275448
1587936680679
824124432482
841957320514
1749061942805
1137866984361
1063213100992
1065100631191
1409451061805
699035766487
958964862320
284308889078
532069363159
1246554996439
883885610934
844584345472
669498776356
917653567977
1052442914109
449423116350
1036175943554
1103350291340
661337879293
1109244207042
516599444275
324339920966
923886864663
505991451450
683833263344
886328644998
1247503095996
996355814855
399490131706
939658033951
247152704043
499673131033
652404951401
588940552065
534660020496
602950483612
875812726919
472874335817
513698317970
427190606988
572152850969
967192663987
260127396559
675180637138
158696735913
501295031553
320829173321
736163088644
649013283602
446691303729
197863881928
71849749726
234160119192
379620225780
241219589114
573364842795
382719709181
778031880466
306016844923
469279440411
406630207866
323712636139
318454924259
48743456631
620204991520
629020708449
206611238323
11765102682
494652516667
399182959715
300644070339
173837990036
164006023373
345337218832
334304030977
273213972920
169001140673
24157315385
15521747527
149351883166
58620893862
336314092317
155272569566
767890039898
198878739427
321488162241
157449061264
472953075226
83826184261
450126488919
2756460394
168466278869
20504443572
187727624113
170425882835
313384197839
293020829398
311060431258
463946411066
165091321958
158554478715
3724445349
328366956605
195154091427
160365768664
316994065732
85726326789
15741306143
170062877200
289352083414
6420568585
45507588179
174173061039
612404064179
174500755896
333396548438
450126488919
109775747135
159126500990
12599863636
6502372943
374507258423
2750598393
0
5665418872
28202499189
164720667740
163040793957
218454170644
192408499938
300075801604
7984119949
0
16576146312
23692725265
13180191772
156672681224
37782026342
0
153069283047
0
191178388972
5619000927
159890289999
0
160561247122
74829643404
300084325946
2820583673
155588735738
322015233388
5882161795
0
150042162973
13887201187
3392306791
152792522555
3660281823
8204901107
4382730437
25284355679
7734589150
300084325946
0
156331475942
157795097880
153047706421
152966402656
295988011366
8333170542
2792319742
0
2803307032
162909835309
279113306093
7818675766
150042162973
0
6153301624
8652187218
154087089586
168329251509
150042162973
150042162973
0
150042162973
85162654310
0
3199988689
0
13845471998
150042162973
154675046326
45112105593
8447111381
150042162973
0
4817827255
2811201863
0
0
54166803615
3326836378
5892507673
27813902031
150042162973
0
38483685125
0
0
0
0
2750902167
16581939424
0
18355716887
3983822653
0
2748134293
0
2800700069
0
0
0
0
2910562099
2856555597
0
0
2748624987
0
0
32580408043
3869805438
0
6793005310
164344776656
11395228494
0
27517269178
31543614368
0
300084325946
2866208143
0
0
0
7577097445
0
304165381777
0
0
44774641021
173228703216
0
0
0
150042162973
0
2805408103
0
17696095821
0
303441610612
0
11552732004
0
154538266018
0
0
150042162973
5693635387
153575083059
0
0
0
3149443032
0
0
0
0
0
300084325946
0
13336286561
0
0
150042162973
0
0
0
3269808672
153091616731
0
0
0
0
0
0
0
0
7448400078
0
13381300104
0
0
0
150042162973
0
0
0
0
0
0
164421553194
2771340137
0
0
0
0
0
0
0
0
0
0
0
0
0
0
16802466033
0
0
0
0
0
0
0
0
0
0
0
0
0
13285109024
0
47091372982
0
2767170940
0
9161290947
0
0
0
0
0
0
0
0
0
0
0
0
0
0
0
0
0
0
0
150042162973
0
0
0
0
0
0
6287373013
0
0
0
0
0
0
5707225564
0
0
0
0
0
0
0
0
0
3728903597
0
0
0
0
0
0
0
4852982363
0
0
0
0
0
0
0
0
0
0
0
0
0
0
0
0
0
0
0
0
0
0
0
0
0
0
0
0
8902114189
0
0
0
0
0
0
0
0
0
0
0
0
0
3803759675
0
0
0
0
2780708463
0
0
0
0
0
0
0
0
0
0
0
0
6583728291
0
0
0
0
0
0
0
0
0
0
0
0
0
0
0
0
0
0
0
0
0
0
0
0
0
0
0
0
0
0
0
0
0
0
0
0
0
0
0
0
0
0
0
0
0
0
2857611435
0
0
0
0
0
0
0
0
0
0
0
0
0
0
0
0
2945735253
0
0
0
0
0
10668099352
0
0
0
0
0
0
0
0
0
0
0
0
0
0
0
14336862790
0
0
4747876185
0
0
0
0
0
0
0
0
0
0
0
0
0
150042162973
0
0
0
0
0
0
0
0
0
0
0
0
0
0
0
0
0
0
0
0
0
0
0
0
0
0
0
150042162973
0
0
0
0
0
0
0
0
0
0
0
0
0
0
0
0
0
0
0
0
0
0
0
0
0
0
0
0
0
0
0
0
0
0
0
0
0
0
0
0
0
0
0
0
0
0
0
0
0
0
0
0
0
0
0
0
0
0
0
0
0
0
0
0
0
0
0
0
0
0
0
0
0
0
0
0
0
0
0
0
0
0
0
0
0
0
0
0
0
0
0
0
0
0
0
0
0
0
0
0
0
0
0
0
0
0
0
0
0
0
0
0
0
0
0
0
0
0
0
0
0
0
0
0
0
0
0
0
0
0
0
0
0
0
0
0
0
0
0
0
0
0
0
0
0
0
0
0
0
0
0
0
0
0
0
0
0
0
0
0
0
0
0
0
0
0
0
0
0
0
0
0
0
0
0
0
0
0
0
0
0
0
0
0
0
0
0
0
0
0
0
0
0
0
0
0
0
0
0
0
0
0
0
0
0
0
0
0
0
0
0
0
0
0
0
0
0
0
0
0
0
0
0
0
0
0
0
0
0
0
0
0
3040366404
0
