324749842246051840
99796460487928016
31513201680217504
14698125781292782
8739471256415434
6003705732839955
4616286775735170
3627633165919155
3036554107479555
2497468911261952
2191463061559818
1895932428715281
1673018294319614
1493033137371284
1326545042414183
1208177016981442
1095560946260882
986081945169389
917578273058072
844824285344402
791648388263352
730130370164537
712304330005923
674802543590814
625420634118096
576607967335551
547826181942445
534523577086747
498760993832909
457236175906716
441625224213589
426733510535816
407803229309920
382437946861660
371892277518112
340569589696581
350083456682409
327681874701540
310804219786508
293261421807861
286573103735196
276771642940089
269219377275304
272242517817331
252499769888426
240066316885838
243972768632305
231164909171991
227281528347706
207875119411315
214560764847006
188514721010054
193281509778084
192372369361519
182667118347195
181111363908394
172049219663659
175366799623332
168881433346152
166466245666029
158135537587945
158224409422757
155023589681020
154942316738393
139612458894423
135628157823405
134792590287049
136088339548494
130998578618378
135332201515214
125392364798172
121445441837965
120236759054922
111340550386646
119150597992086
108420160470410
114127639704806
101442960680073
101907545363213
102499746622401
91481109331978
90953531200933
89187293118910
89839805206595
91659360435492
93410662974686
81842138212714
81357944177198
82016850027384
81318630360449
75264997188063
67240800184674
76460524810037
66267526260130
69902403081794
64823200739121
60147535666809
59911353091279
76760100933992
62587845733776
65661554070073
67546567969675
54482475312951
59209937805378
58184774113790
59987202070953
49371109752694
49063253810617
50431486949547
52936931101011
50404955832063
44533585732913
52898175820376
48843009060420
49999012027106
52994130873181
47765442958706
46022662589505
38847829605025
41300572173064
40468401479514
44839143185982
41540577608453
39084148961222
35129877019807
36714465235796
38198042035878
36246601632479
33508512590841
32873244718326
35443161420714
32925641577876
35775369576698
33841257324896
34736595896582
34684848654807
30461476717279
28405476089057
34323639113998
30102589577942
28641346181203
29949384577557
27920199317308
27049384790627
27156121504396
27262699338487
21693846799132
27346691500630
27334514412952
27389058208666
26035445974377
27073016596519
23326089873473
20949778390513
20375521803362
26946353980981
23094683068925
20559105737326
22876184631507
20345434373896
22428626701796
21557064076211
21233011157610
20086643934587
21493715237408
20490153381235
22462402741555
20305777026956
18670729142324
20674703212283
18924788019922
17312463022175
18233644397982
20668234002791
13876591925897
17550738057103
16190083977855
19512524005429
16407377216072
19643594740363
17055253577885
18821275393715
12934228885527
15498850115604
14730110450418
11538186202591
15650830072734
14004514090631
11470816862522
12094507610029
16257335867426
12996660568709
12714887105041
11965898324684
12106392152057
11982503196550
14658969200924
12784348565954
12294192920185
11607377077175
10242818397130
12279412966333
12823028885825
11072302983982
11370364791548
10869706020843
9671798476288
10147505014683
11056832977912
8887004624734
7988330050635
9789691994678
8399328456971
10405787125123
9400794941446
9823539209446
8813154387778
8874880425037
7439847946734
10658713418624
8349261065987
8606845762365
5705405787104
9149784068846
9032165696172
6731922387313
7442063030091
7275468424486
6559631280230
7876798703266
7000979129098
7917186374860
6792502269300
8788774694420
6628326722447
7728792209763
9043926813000
5949787991309
5972746990263
7438327338829
7853114210266
6606945733196
7085623350301
5127659597638
7380143559223
5744503151058
5882175335748
6178471934704
5775183114888
6311993177913
4888691691161
5294340495726
5316550384969
4164428753796
5194640843416
6160730656596
4800070555433
5899417583682
4545942892742
3898139347081
2378135086818
3882811533743
5629108704947
4576134569220
4264021281417
5253044062089
3241327142603
4393634527563
4400658655992
4661364386621
4160577472187
3517472739465
4231464723101
4184596903071
3283826898294
4431175418052
4856579214833
5128232209991
4389816792256
3577427483722
5842576862547
3458158709245
3853679724278
3444605672964
6464474298728
5012233444583
3972199768199
3390973983725
5062292599622
3745070245558
4067228131394
3711189358057
2897910689201
3153541268518
3273736712158
2881494969990
3682097036987
2662415221511
2840272438423
3252261151163
3463678126413
2492790973063
3526034379186
3005568003541
3507540889768
3319876892312
3488779833988
2819297460358
4113013558050
2622570935835
1765172190753
2239559729191
2805842979492
2706696215160
3658705838311
2992841750968
3493837722582
4334056870891
1974371660897
3185312254569
1976152417156
1595195854962
3035037936801
2849410009955
2585425024752
2845267057872
1540812255009
985911119867
2757661060227
1221082709878
2298899174783
1845127783706
1830628183846
3726410264446
2238043379374
2151573339410
2513463011886
1642444713810
2689467818188
2380079251107
2096026530360
3061294679339
2041211657881
2328837471573
2848643250242
2579639836055
1317023290291
2946079571529
2487644959856
1358607188613
1560965691504
2767965544656
2545732492217
3600661360836
2609131894399
3207741307700
2569993555152
986924881709
1661977363909
3708560746114
1182690732217
2561141318791
1246382157418
1555098794326
1221699246658
1997249274234
2446252082729
1893209358409
1725338967614
1534167138821
1769355317347
1472943149294
1124601186030
2436620535760
1478469941010
1395835536751
2071180172853
1018797377135
1863818511466
1908584193932
986823722026
1009302266825
982606095560
876161477562
1639812133931
2643896872424
2022376360030
1383338531670
1010719378613
1601123866980
1268155583183
1510036591821
1278840183371
1201605668985
527649017220
563260358669
2130102191258
1427973319819
678106955887
1750450236900
1059490038184
611373500892
1043440284802
1374658542954
1805714500735
783992898488
1095287605887
1626152922319
1873442237534
1708282124269
1542115339091
1165851809290
979238279455
1686407978761
1615146509313
174454310540
1006223193964
1573988644124
909167303587
525560979853
911161949555
1530759295453
413545797936
829790304368
1161811011635
638356358523
2164004550254
578985795037
799663029384
646056598040
1033993203977
1535134515652
125481528238
700881682797
657786593254
539373067040
337168688816
1630473694609
1106204056907
431192540904
788080493680
1143864689581
1361889565808
399349064618
578733962267
783322550270
166510527336
297905053839
1008202224030
701892795924
411387734635
643164162725
398492982439
1056573523268
472762410842
888865051656
571317633332
560088474414
840805002254
789612789616
438012597017
170825386145
543839674603
1042920776871
470306259879
563797806616
186054563458
320502936728
1370496500361
803649927555
1323819242823
1738612069062
410622612000
1201180079590
815897634193
482903795060
753916388209
101122744125
566340824121
752748445434
484498312764
1025431392796
10331279411
383883865368
1001854922240
289106856718
732590523218
765318596103
727244050621
1067050304576
666839704429
871499937434
433502520472
468529175504
95961701750
1320276378379
25725975557
703114692048
938777026089
693284368314
737518028722
263319137772
468310667024
276935963488
610784589296
523243738441
747333327476
153877236102
33738923025
1400373873592
523521741953
242108588213
623033313266
234484962623
1158661575723
1531682869108
237789640340
166870320421
189214877357
17328144203
478121517788
961925353686
133858780910
217309851628
604873683147
412991467162
415911590397
266135978073
947563948909
501276450559
131343411337
187911613594
111508387901
0
315640563214
29513690110
152485427201
230155645626
269827625774
1022245145291
111538594412
381059641108
301098684137
498629238355
347222857902
505078416313
439477340144
61864937974
12943087963
189536993389
326268825521
199618369089
671498235543
219101816858
35467487892
353549936986
481149570736
78196263833
8643764904
295002568251
12392814797
0
516023526627
325110320455
12515814281
395120219587
416950450089
16130841353
164782409738
157899036216
20673232569
896421359068
308185640929
327994017615
38342373387
19044396733
37833707009
309824391659
504162507535
150700720194
336088111693
21286766510
235775599895
29759463981
313771882247
12276600922
609833923045
590005136503
48566405282
772672756766
298836652107
0
313254196492
0
0
591761302320
19117886484
629101899485
295851894109
7078238612
0
11952264253
5265085054
31099401121
8717907076
107112341655
27006599980
0
182423447922
19588803083
39115862673
295002568251
307407198670
295002568251
0
0
10842263475
5951252614
260605380818
22168923486
140263689107
182097189157
446238551933
0
7512064989
5077391642
0
17854711027
295002568251
5299609018
131077519208
0
591084361903
0
512461659756
258100260824
18823742010
0
6376901054
309633406757
4864593508
14617965152
217992709628
0
0
0
0
58836485373
295002568251
0
506803448662
427864808055
5531335758
261642776942
304750878458
4728142833
0
17503000604
630314869875
0
0
0
295002568251
120416916067
0
176389132411
0
102883499758
0
295002568251
295002568251
0
295002568251
72460420561
59692124039
0
125682663663
0
15628254850
0
27132279306
60025491930
0
0
0
295002568251
0
0
80675238235
184757653883
0
0
0
6433340121
0
0
295002568251
10855731269
0
11022262837
0
122958080128
0
0
0
0
9847596579
4842897556
22780643334
4870646807
295002568251
0
52023952588
0
0
0
0
4322775083
386972077461
21890376702
42759194682
98022875707
0
0
0
0
0
87597460767
0
0
295002568251
5433711480
0
217077823610
0
0
0
0
0
7289563230
0
8599023307
0
0
0
0
0
3864214664
3326782465
0
0
0
20237678276
0
0
0
0
0
0
0
0
0
0
0
0
0
0
291749381193
0
0
0
0
0
0
0
0
0
0
0
0
0
0
0
0
0
0
0
0
97080503927
0
357482055271
10929562869
176903626355
0
0
0
0
0
0
0
0
0
0
0
0
0
0
0
0
0
0
0
0
0
0
0
0
0
0
0
0
0
0
5916074351
11289054589
0
0
0
0
0
0
0
0
0
0
0
0
0
139757323047
0
0
12674044100
0
0
0
0
0
47034038636
0
0
0
0
0
0
0
0
0
0
0
0
0
0
0
0
0
218370473625
0
0
0
0
0
0
0
0
0
0
0
0
0
0
0
0
0
0
0
0
0
0
0
0
0
0
0
0
0
0
0
0
0
0
0
0
0
0
0
0
0
0
0
0
0
0
0
0
0
0
0
0
0
0
0
0
0
0
0
0
0
0
0
0
0
0
0
0
0
0
0
0
0
0
0
0
0
0
0
0
0
0
0
0
0
0
0
0
0
0
0
0
0
0
0
0
0
0
0
0
0
0
0
0
0
0
0
0
0
0
0
0
0
0
0
0
0
0
0
0
0
0
0
0
0
0
0
0
0
0
0
0
0
261662037140
