3.339990618084090000e+14
3.066366326870900000e+14
2.850710633235870000e+14
2.662506125696860000e+14
2.523417805367350000e+14
2.312301388831070000e+14
2.314159499943450000e+14
2.139969905234990000e+14
1.977794168073940000e+14
1.902200245423740000e+14
1.804470470484250000e+14
1.708385784307370000e+14
1.607263148837240000e+14
1.501750832020490000e+14
1.518848646829440000e+14
1.430375563204870000e+14
1.384036292885460000e+14
1.370860605730170000e+14
1.316275031065570000e+14
1.267997403993010000e+14
1.200665406441200000e+14
1.159090511880220000e+14
1.132960794685970000e+14
1.084962150010310000e+14
1.061624730618970000e+14
1.003458767393840000e+14
9.845861654513200000e+13
9.817068639730700000e+13
9.255363475368800000e+13
9.262452527892700000e+13
9.143479497592300000e+13
8.757429399717100000e+13
8.725299710783900000e+13
7.822136504791400000e+13
7.926583798075900000e+13
7.642642481301200000e+13
7.174937667826400000e+13
7.173150357511900000e+13
7.277631992636400000e+13
6.905063826286300000e+13
6.981916543624200000e+13
6.636504657634600000e+13
6.942186754395500000e+13
6.930257635241600000e+13
5.772484360062000000e+13
6.104219635657500000e+13
6.036549695244200000e+13
6.009995387250400000e+13
5.821422055324900000e+13
5.473296118391100000e+13
5.616866437757400000e+13
5.345649304535100000e+13
5.522447147377800000e+13
5.027553260740100000e+13
4.977870828677100000e+13
4.612720628563100000e+13
4.686839875173300000e+13
4.832353052528300000e+13
4.493728148399400000e+13
4.480943937726900000e+13
4.293340347698600000e+13
4.582939041175400000e+13
4.227012267001700000e+13
4.496124256999700000e+13
4.291719934693300000e+13
3.901757270208500000e+13
3.969625224130200000e+13
3.820021641698300000e+13
3.732053845698700000e+13
3.637341451562000000e+13
3.591091898189800000e+13
3.314210194632300000e+13
3.641933569277400000e+13
3.487698365486800000e+13
3.442560509884600000e+13
3.448889688643800000e+13
3.346556211550900000e+13
3.023840564639800000e+13
3.309517042203400000e+13
3.018886023996100000e+13
3.388892168205300000e+13
3.185381514744800000e+13
3.315857408355400000e+13
2.692366228710000000e+13
3.110418079983500000e+13
3.262248286634900000e+13
2.895363781392000000e+13
2.734886826745700000e+13
2.838068113605600000e+13
2.609352824464400000e+13
2.808158665118900000e+13
2.714263513518900000e+13
2.903121246799800000e+13
2.679080091659400000e+13
2.582602359788100000e+13
2.423236335806000000e+13
2.520702371259600000e+13
2.383259713565700000e+13
2.538247396261300000e+13
2.337457522471600000e+13
2.074625327382500000e+13
2.520077034496300000e+13
2.486863065026700000e+13
2.108695054033200000e+13
2.289536684864100000e+13
2.096067561928200000e+13
2.117481787984400000e+13
2.170720915960900000e+13
2.109699027305700000e+13
2.090692659188500000e+13
2.302084340929400000e+13
2.048856384981100000e+13
1.870009664155800000e+13
2.117822785193800000e+13
2.202750210535000000e+13
2.000690286693300000e+13
1.933544155465300000e+13
2.067950708714000000e+13
1.712080372962100000e+13
1.704825656427600000e+13
1.872659394993500000e+13
1.682008126010300000e+13
1.724999801353200000e+13
1.817490303235500000e+13
1.932045820841200000e+13
1.842213435322500000e+13
1.635012859188400000e+13
1.597781250052200000e+13
1.763665941222900000e+13
1.711989261795600000e+13
1.941323390780700000e+13
1.571802344206700000e+13
1.633352713450600000e+13
1.583519086834000000e+13
1.609861496136800000e+13
1.563762214434900000e+13
1.504275879959200000e+13
1.643975665232000000e+13
1.623131695739500000e+13
1.641310942092500000e+13
1.707467913033100000e+13
1.566671776152600000e+13
1.633867669179400000e+13
1.691370630643500000e+13
1.532493665169300000e+13
1.497031695343100000e+13
1.362683303763600000e+13
1.335057487088400000e+13
1.524514278044200000e+13
1.425333623125000000e+13
1.382360499431800000e+13
1.327034849468100000e+13
1.482366528940200000e+13
1.628258642307700000e+13
1.552520813067500000e+13
1.319166507702700000e+13
1.137896614896400000e+13
1.156769249117700000e+13
1.267562027250600000e+13
1.295879534435300000e+13
1.352119189953200000e+13
1.372338786658700000e+13
1.276312574791000000e+13
1.222597911018400000e+13
1.239084433337000000e+13
1.149906102910300000e+13
1.326379505596100000e+13
1.232671383812400000e+13
1.180550305439500000e+13
1.049464554763000000e+13
1.032871062730500000e+13
9.555011996069000000e+12
1.095359073840600000e+13
1.035001418210200000e+13
1.044014928457400000e+13
1.103780123871600000e+13
1.200993512581500000e+13
1.055552123083700000e+13
1.246304833810100000e+13
1.247731631985500000e+13
1.059495243630200000e+13
1.001791261288000000e+13
9.822540245055000000e+12
8.993382641003000000e+12
1.114043651625300000e+13
8.495481942198000000e+12
1.003565432240500000e+13
9.788071234743000000e+12
1.033276062528800000e+13
8.679523379132000000e+12
9.361570620008000000e+12
9.321897361699000000e+12
8.089047794950000000e+12
8.545040467787000000e+12
1.015003088355400000e+13
8.966587287765000000e+12
7.827479905111000000e+12
9.197083338854000000e+12
7.496121691027000000e+12
7.675788030341000000e+12
8.711528799473000000e+12
9.071077067864000000e+12
9.666585003809000000e+12
6.957862829671000000e+12
8.042098709930000000e+12
7.641017118460000000e+12
6.447384805842000000e+12
7.946215622733000000e+12
7.754674317388000000e+12
7.200312174591000000e+12
9.578167937486000000e+12
7.326837517621000000e+12
8.340061972967000000e+12
7.779752022293000000e+12
6.420665743770000000e+12
7.874643280534000000e+12
7.515420864942000000e+12
6.607937315566000000e+12
7.904779208989000000e+12
8.000627955288000000e+12
8.026372956913000000e+12
6.758643899279000000e+12
7.521737861235000000e+12
6.441713701179000000e+12
6.216834480024000000e+12
6.409184332048000000e+12
6.759673618697000000e+12
5.713402862674000000e+12
6.703153432517000000e+12
6.255381015370000000e+12
7.171175271118000000e+12
5.657535255716000000e+12
6.012639339215000000e+12
5.530184670422000000e+12
6.549368093111000000e+12
5.061243144183000000e+12
5.999822559231000000e+12
5.445396097453000000e+12
6.517140708842000000e+12
3.987982669132000000e+12
4.259519933594000000e+12
5.919640998233000000e+12
6.297172015994000000e+12
5.327590055873000000e+12
5.235428766942000000e+12
5.083468835694000000e+12
3.592085819337000000e+12
4.657141059608000000e+12
5.786709219894000000e+12
5.592009268736000000e+12
4.656698706052000000e+12
4.456314516700000000e+12
4.727445347191000000e+12
4.751265791747000000e+12
5.354459549299000000e+12
4.250883446116000000e+12
4.669939736853000000e+12
5.305969697070000000e+12
4.189193740655000000e+12
5.296934307735000000e+12
4.764245246954000000e+12
4.393882780875000000e+12
5.248836646478000000e+12
5.345729336472000000e+12
4.240977069768000000e+12
4.037993304268000000e+12
5.556816462133000000e+12
4.893091760506000000e+12
5.155911116745000000e+12
4.447368591608000000e+12
5.511449705492000000e+12
4.583161367652000000e+12
4.908870418408000000e+12
2.730808044509000000e+12
3.995974790225000000e+12
4.668115929170000000e+12
5.218897316382000000e+12
4.535315101710000000e+12
5.473015611268000000e+12
4.825826248506000000e+12
4.134067301981000000e+12
4.107882623520000000e+12
4.498799977274000000e+12
2.814712850987000000e+12
4.539395985190000000e+12
5.368170000094000000e+12
2.867016237598000000e+12
4.086532573451000000e+12
4.570945420948000000e+12
3.752089714152000000e+12
4.147413530288000000e+12
3.770279391121000000e+12
3.532644212554000000e+12
3.394582885132000000e+12
3.391718016051000000e+12
3.109002125682000000e+12
4.461598507718000000e+12
4.559933960304000000e+12
3.831766167992000000e+12
4.070940394063000000e+12
4.058977054653000000e+12
3.935650047974000000e+12
3.825255915812000000e+12
2.980213448951000000e+12
4.045555978439000000e+12
3.694234401144000000e+12
4.965279146200000000e+12
2.926085771557000000e+12
4.197100516699000000e+12
2.964456705769000000e+12
3.386098285354000000e+12
3.529805958058000000e+12
3.194324971363000000e+12
3.177047092213000000e+12
3.760791379055000000e+12
3.885864666463000000e+12
3.641008762295000000e+12
4.416551050940000000e+12
2.874378260471000000e+12
2.526494864178000000e+12
3.088910451321000000e+12
4.711790235679000000e+12
4.176078174072000000e+12
4.195101763547000000e+12
3.083473002707000000e+12
2.811727114071000000e+12
2.385877121747000000e+12
2.781915073748000000e+12
3.182095119346000000e+12
3.167400204391000000e+12
2.849726430101000000e+12
3.132641745803000000e+12
4.306638986638000000e+12
3.887723585082000000e+12
2.857352878655000000e+12
3.812965045388000000e+12
3.117676671057000000e+12
3.291733714672000000e+12
2.830637663482000000e+12
3.062053692035000000e+12
3.591149812415000000e+12
3.441800645814000000e+12
3.050115091693000000e+12
2.911116924051000000e+12
3.190520616889000000e+12
3.508895428992000000e+12
2.732814008162000000e+12
2.673333015866000000e+12
2.272835875872000000e+12
3.120591077941000000e+12
3.596374840459000000e+12
2.458644215593000000e+12
2.241909838896000000e+12
3.855639719951000000e+12
2.664331479648000000e+12
2.240590499754000000e+12
2.707607672419000000e+12
2.165631848180000000e+12
2.202245857653000000e+12
2.349171218155000000e+12
3.111695830946000000e+12
2.281891848056000000e+12
2.752702083540000000e+12
3.310317947321000000e+12
2.914886290320000000e+12
2.460376050713000000e+12
3.032085290965000000e+12
2.278920201366000000e+12
2.195699970573000000e+12
2.135925077367000000e+12
2.560591596360000000e+12
2.645555772830000000e+12
3.715175585839000000e+12
3.389104746833000000e+12
2.331398236065000000e+12
1.914305247119000000e+12
2.250450770096000000e+12
1.467297382145000000e+12
2.352606770888000000e+12
1.826729934451000000e+12
2.928448204047000000e+12
3.241010977490000000e+12
2.505631873081000000e+12
2.659380016224000000e+12
2.852870944823000000e+12
2.147257472300000000e+12
2.775528715456000000e+12
3.078768190260000000e+12
1.590062439383000000e+12
3.039118023702000000e+12
2.176705682748000000e+12
2.365395937708000000e+12
2.884512162452000000e+12
2.158792943979000000e+12
3.386274856206000000e+12
1.599319270494000000e+12
1.918487511243000000e+12
1.917719393632000000e+12
2.814335455496000000e+12
2.364395751781000000e+12
2.118280971753000000e+12
1.866757780261000000e+12
2.548176554648000000e+12
2.150118333026000000e+12
2.004522113943000000e+12
2.349015446465000000e+12
2.131153287075000000e+12
1.902844997620000000e+12
1.660898204414000000e+12
2.345234406473000000e+12
2.332683575122000000e+12
1.890807942168000000e+12
1.756640510200000000e+12
1.789237200954000000e+12
1.751191678873000000e+12
2.109407923039000000e+12
2.556277112373000000e+12
2.316772807883000000e+12
1.515120953111000000e+12
1.911424981343000000e+12
1.642352513524000000e+12
2.066887395041000000e+12
1.907114873478000000e+12
1.904086855993000000e+12
2.144766977429000000e+12
1.965519615067000000e+12
2.364576449285000000e+12
1.853358522020000000e+12
2.215037219152000000e+12
1.565151180000000000e+12
1.693005352468000000e+12
1.489692103263000000e+12
2.065825901751000000e+12
2.112387761924000000e+12
2.571013247499000000e+12
2.412949093763000000e+12
1.700201360137000000e+12
1.315616128978000000e+12
1.452203445503000000e+12
2.470704669182000000e+12
1.796381357826000000e+12
1.693764320567000000e+12
9.321637684220000000e+11
1.890491676471000000e+12
1.095202873820000000e+12
1.471846494966000000e+12
1.561590784674000000e+12
1.947709137016000000e+12
1.615974275661000000e+12
1.704314823219000000e+12
1.615588252649000000e+12
1.204070251798000000e+12
2.134382894557000000e+12
2.150492102790000000e+12
1.858063759343000000e+12
1.424281786569000000e+12
1.244546059181000000e+12
1.206814017165000000e+12
1.803565563388000000e+12
1.781065301372000000e+12
8.300224613480000000e+11
1.007077504977000000e+12
1.442335117917000000e+12
1.816097844970000000e+12
1.453317866084000000e+12
1.548007608414000000e+12
6.201306601940000000e+11
1.690019979998000000e+12
1.472435706452000000e+12
1.087982277508000000e+12
1.270183422693000000e+12
1.790059987933000000e+12
1.049918821228000000e+12
1.930925027149000000e+12
1.459702935825000000e+12
6.845412340480000000e+11
1.470201954325000000e+12
8.566804922150000000e+11
2.154798404289000000e+12
2.069198583110000000e+12
1.121091318104000000e+12
1.380124418986000000e+12
1.271181560247000000e+12
7.810688196100000000e+11
8.853764637050000000e+11
1.981253296060000000e+12
6.771493702950000000e+11
1.348963596753000000e+12
6.959907134430000000e+11
1.020913992490000000e+12
1.425391620064000000e+12
1.374188708232000000e+12
1.681269808550000000e+12
6.553254752150000000e+11
7.731422219860000000e+11
1.704671066674000000e+12
8.885153318290000000e+11
1.393735878913000000e+12
1.376344262439000000e+12
1.211611110541000000e+12
5.704810162330000000e+11
1.018355849856000000e+12
1.120424076745000000e+12
7.916383317820000000e+11
9.226729347370000000e+11
5.481811066690000000e+11
1.162085654479000000e+12
1.373026413761000000e+12
1.258301030285000000e+12
7.948983709080000000e+11
8.330502162800000000e+11
7.845853419810000000e+11
1.203694379627000000e+12
6.956717770590000000e+11
1.104655820905000000e+12
9.905033470480000000e+11
9.717466809910000000e+11
1.611036486784000000e+12
1.437361533132000000e+12
6.609795983810000000e+11
1.319889622111000000e+12
9.805397610710000000e+11
1.210983945481000000e+12
6.707402771140000000e+11
7.605451906910000000e+11
8.230182486470000000e+11
1.186579207729000000e+12
7.888083510600000000e+11
5.121396551330000000e+11
5.623314435330000000e+11
9.541821758640000000e+11
3.255051953420000000e+11
7.878333408740000000e+11
7.048925424020000000e+11
8.818852890200000000e+11
4.824564768380000000e+11
3.713894952620000000e+11
1.035964486318000000e+12
4.457204496740000000e+11
6.686968092410000000e+11
8.838363897140000000e+11
6.114333641650000000e+11
6.322647179150000000e+11
4.971977185640000000e+11
7.816225252190000000e+11
1.247322909202000000e+12
2.888160181780000000e+11
4.917314160390000000e+11
4.912678916960000000e+11
4.409352034300000000e+11
6.394944864260000000e+11
7.230576286540000000e+11
6.551554997050000000e+11
7.329373731730000000e+11
3.474880864790000000e+11
5.772140925450000000e+11
6.175726329350000000e+11
5.648584076680000000e+11
4.589712690460000000e+11
7.612017466680000000e+11
6.041732602900000000e+11
5.006866874150000000e+11
5.613054264190000000e+11
4.540218204610000000e+11
7.447770601550000000e+11
5.423735521280000000e+11
5.657276876450000000e+11
4.846537089240000000e+11
3.729317286980000000e+11
6.930953861610000000e+11
2.285506359550000000e+11
7.007604487360000000e+11
8.305296174560000000e+11
1.009028151008000000e+12
8.958128779720000000e+11
3.571499652000000000e+09
1.933477151210000000e+11
5.937281102010000000e+11
4.136588577210000000e+11
6.059292013830000000e+11
5.977581873500000000e+11
2.538176413680000000e+11
4.871099407640000000e+11
1.750889451000000000e+09
2.182329063310000000e+11
5.862827739740000000e+11
4.628504103040000000e+11
5.608534864440000000e+11
6.108925838840000000e+11
4.643358128750000000e+11
1.066961160120000000e+11
3.357514139470000000e+11
