1460785292181090
1324259127198921
1235966308124028
1164538642405988
1082149830525096
1013801507218203
955016134818452
905358491647116
858365685167272
813074891374132
765870893926751
734229009491497
698347719645509
660077002015563
639512289569729
609733961658739
587617498311741
568157712853228
539817039075603
522052063770642
499647931081884
482374656024504
459156432556693
443940535977149
431651697751647
417268214744799
409824458229803
392754385963693
374560953654500
365583413700584
358812521734068
342888675357896
331559016632131
329626714196191
315418792708296
303543919356490
293386271627220
288346972467322
282219937231706
271887952218272
263135955581637
262243357081118
249793230708839
244798616685680
235910224233055
229367411642624
222649357455076
218472934124464
217087770438392
209525697066536
205365201615479
198587087660785
195219744821940
189116935184936
184668446428658
178040017885944
173351832977362
169006402814208
168735106250228
170074912159655
162172428003077
152377501956590
156991049231059
146725452692414
147844875385421
143220164999026
139745485008499
139290896837407
134795621160256
133833829104271
131837138421366
130591397641048
129166942964115
125528064357005
124256246700921
119824672262735
114723620281033
117466047780424
112515494748077
109483241286569
109310572244524
108008935102564
106026395351390
102349516685816
99638049946376
101521411029443
99265778504260
95452713368479
94538833789500
94115376205647
90462863881782
90469377601623
86591771490578
85963215095103
83243252140552
87597147504635
82486049200787
82324349834330
83860474041007
78268118505391
80278652841434
75683670534437
72027822087412
76171379060982
74091215656643
71479041167284
71179218883599
73116580746207
67262370322460
70307188000821
67578348060493
65551155290798
67124600037263
64805406079107
65178351897563
61664567360608
63214537663515
61933645449641
59343766857668
58251297255391
57681454166633
57924434927374
56609581657831
55434607664042
57636716351858
54443852137091
54621039519289
55761910016154
55077925455674
52566718543436
49272431210786
49852123209364
50813865504645
48684289587611
48739866657041
46130473829253
46515797986213
45436376601376
44742834723095
44920274164177
44349663176250
40989838493583
41160607918999
40405926767253
42102024962324
40336976390112
38999172273949
39707991982411
42284775104553
37792102323715
37270861954634
36988490250273
38751357436854
36654018602301
35473964043002
35500882398717
34398734907474
34770076432763
32341846910334
34022081166648
33912339616164
32962371832264
32210949438878
34383003613711
30859991458453
30426937517883
30737325434100
29852494717255
30807668916004
27629519122207
30648052584520
28136865215705
26704376820308
28615631483926
27274905790999
28652598173830
27499825691364
28191766834659
27240109768199
27992025616980
26209042364519
25949454508138
25098720622778
24426588903746
27466645510443
23327663481569
24130887775104
23370008218046
24460755136493
23362338965517
23766778457941
24001191404247
22659611521327
22668090954482
22029332709291
21451969863693
20677146391379
20985977112795
22021435306256
20754710433523
20945839758228
20286668388618
21639713665382
21002971118111
21009285284540
18374884945407
18475178198087
20895268811909
18408397185871
20157191049581
18767381123394
18874335155552
17125853083738
16289246999533
17268756742980
16485706505292
16313440804356
15658203304878
16600101643390
16975040224297
14649311177784
15485182686501
16869674216389
13767721860407
16453389832380
14964793857149
14786752229307
14634634518540
15988954988171
12917991012735
13525454724469
13751731001455
14664068634755
13724408264912
13255692027011
13135489221315
13278651329440
12336906920612
14097414877720
12244833145820
13535664962436
11728294909676
12327503956805
11104188910167
12141698753272
10136098622861
11062730402504
11215629365498
13376101925283
10671860215888
10265068513425
10544392360767
10279426241726
10735713630890
10465780333389
11195003050785
10901125375934
9368915779138
9507954812751
10611496653097
8822311172796
9622682634212
9828374590348
9580769761279
8657862491034
9371783062367
9254685425943
8761418506624
8848401860574
9131844750124
8757593035577
8903324701111
8202371773419
8808883793063
9488287491709
8149492891759
8212551670064
8036184233948
7979202967086
7651893994304
7499775956967
8226784775357
7771528272761
7345012163081
6645148464116
6653783461093
6700600108359
6831758541877
7591402552417
7450225127736
6851078303338
7029864190287
6966681807138
6373032277055
6743186928359
6686728537979
6936323014443
6323197192355
7187131382331
6344120687026
5683990089683
4881732973762
6037314991330
5277404567727
5134279930747
5944357672993
5752243755688
5075265661253
5677370742780
5506595313757
4765139137297
5068686532814
5499869967080
5038502169495
4802656739690
5891604015831
4913225067246
4299861358732
4012624573085
5025618211896
4538895270224
4405100128943
3857594157778
4339025382886
4009551476032
3363050817486
4141930462264
3923239870497
4132250537311
3155624738499
3484059466415
3654480616626
3621407762370
3803053256634
3831305728387
3456468806744
3514286411900
3043983896024
3539250073598
3475733217512
3221432641609
2924449997016
3399362313727
3052966045058
3030309736402
3136162002470
2680585451181
2934956836909
2534619556314
3246818502568
2667807669016
2874774052627
2093794020664
2795699298285
2305141166785
2663998760925
2254148789868
2316704764567
2118769527856
2390158699362
2477721754050
2026263312578
2383585379113
1889752352066
1918434963264
2209567252183
1919003788228
2030083560393
2031454828155
1914796028203
1789754249857
1736128383563
1955854790247
2146747088507
1598438459001
1909167216476
1540249778038
1733639127701
1838441426653
1440923123885
1474269459789
1447659688527
1637746025984
1118674464847
1413264453616
1405117793409
1466732086144
1189181060794
1577748812669
1100995082221
1455132612284
924533636026
1059221146666
1234880530621
1287361719133
1206131705820
957414517997
1416304204504
1357104401828
1252111147273
910880884408
1178615771371
666898036297
855824816554
880004716427
948657223567
979076704019
875888713985
1026806105665
1157805451568
1174190967730
768303998979
959853537562
902851758032
952668188243
892525329523
555034637446
848812396094
891734033846
678494040391
618490520392
825409849775
679851524174
994271425516
685357575123
908465996282
503038833146
623178614223
671338249824
633558896953
749807353953
464669730884
595607176560
514644129634
463609758173
653092078751
704932019711
933094834570
410204077197
650656786147
706234859406
583134800119
563489285328
608126031035
340339664549
482353066794
414288766006
860474217257
536237184773
374418136084
564204158239
531062348125
310511499801
756128509939
402389689178
275328271511
474110463147
492110585874
411622428783
423774060777
395572938176
501382464871
472582645946
568583880461
602192771662
498770681485
406505301915
436928597009
371905011203
381753581553
515158356399
319505666003
424612724961
634511679425
532045898971
634567553738
218139573686
261620939888
329938473789
246729727175
309978133862
282685373717
255915114465
391932107894
228954054528
192009912542
235424478077
307732231305
242838318924
224241075788
303189216849
193553833524
242560375097
433355928155
209159067294
421252792853
376434938772
161915448364
160682312954
241145848347
326584968316
167930822444
178845575777
328215045662
451348406362
175631494287
324943522317
315368334676
311274779053
123751760194
208329629616
252248311974
345202649306
165718045192
208530683467
376591147368
134078383404
148653901052
225369179831
176680409002
87592769988
58361118926
139099085653
152616086667
60119053894
239076822884
114264932826
281525803739
194390870199
91321276345
206350924805
145800449943
112162816368
155995257545
200250121915
84963896337
49536098573
144276510608
241855615094
168489413501
278732766422
139807375093
125653598575
242177905010
176441353584
74641748509
140162120939
84442213404
192221058068
267973491813
83407123414
43235642658
131119659122
108471462416
132767049786
118510894038
197116026582
61246260400
148924172659
85579103544
63428110881
56497559112
41010254055
142614911186
28396113773
70483381229
104597223621
121867594918
70331485079
179638072548
102048106610
42713554200
125311463014
82424079794
88382136708
154590647979
97343504927
96391424631
162088669199
31453496248
64281636139
48597094761
55424023694
74658960783
139980185446
57190862146
140868626078
56348908324
15338336307
52316798651
23837280348
45076304654
37145247371
48908139789
77317914076
155314187806
50715665498
91761663283
17869560459
162398001583
114547334467
85571778093
72814977304
73477595746
88802919241
111321752547
60214364361
112307664754
136247810499
97983397796
140525029340
82625976296
176860902072
14482475046
30607873815
42562926567
55389978701
64141792440
47020005309
38416651741
59117852953
3589772055
69881972657
91084020974
36800388223
107009002114
272708938560
37938226617
62122196159
119026853639
67410504630
145408684522
127609786097
31035279683
60740530982
24294420746
118312465348
58905089074
85069385625
91507535116
65532979837
45227448734
35849450161
71118247977
9077866823
109110478512
52470353124
42223393710
14133095279
54965834552
41564570091
58400783045
67790237944
39031025228
20293717634
73018463573
110481049826
42061345171
3700661282
20260339654
34452563257
47178556460
38132958306
3780849191
3649721797
28159844119
104049585986
105659221447
25584570135
40198152191
34908092164
34559732869
51780393548
26129618242
67042884696
40343281931
32820933172
45414271826
56372604085
63836194577
17013811134
28069743067
