0.000000
3.190000
6.380000
9.570000
12.760000
15.950000
19.140000
22.330000
25.520000
28.710000
31.900000
35.090000
38.280000
41.470000
44.660000
47.850000
51.040000
54.230000
57.420000
60.610000
63.800000
66.990000
70.180000
73.370000
76.560000
79.750000
82.940000
86.130000
89.320000
92.510000
95.700000
98.890000
102.080000
105.270000
108.460000
111.650000
114.840000
118.030000
121.220000
124.410000
127.600000
130.790000
133.980000
137.170000
140.360000
143.550000
146.740000
149.930000
153.120000
156.310000
159.500000
162.690000
165.880000
169.070000
172.260000
175.450000
178.640000
181.830000
185.020000
188.210000
191.400000
194.590000
197.780000
200.970000
204.160000
207.350000
210.540000
213.730000
216.920000
220.110000
223.300000
226.490000
229.680000
232.870000
236.060000
239.250000
242.440000
245.630000
248.820000
252.010000
255.200000
258.390000
261.580000
264.770000
267.960000
271.150000
274.340000
277.530000
280.720000
283.910000
287.100000
290.290000
293.480000
296.670000
299.860000
303.050000
306.240000
309.430000
312.620000
315.810000
319.000000
322.190000
325.380000
328.570000
331.760000
334.950000
338.140000
341.330000
344.520000
347.710000
350.900000
354.090000
357.280000
360.470000
363.660000
366.850000
370.040000
373.230000
376.420000
379.610000
382.800000
385.990000
389.180000
392.370000
395.560000
398.750000
401.940000
405.130000
408.320000
411.510000
414.700000
417.890000
421.080000
424.270000
427.460000
430.650000
433.840000
437.030000
440.220000
443.410000
446.600000
449.790000
452.980000
456.170000
459.360000
462.550000
465.740000
468.930000
472.120000
475.310000
478.500000
481.690000
484.880000
488.070000
491.260000
494.450000
497.640000
500.830000
504.020000
507.210000
510.400000
513.590000
516.780000
519.970000
523.160000
526.350000
529.540000
532.730000
535.920000
539.110000
542.300000
545.490000
548.680000
551.870000
555.060000
558.250000
561.440000
564.630000
567.820000
571.010000
574.200000
577.390000
580.580000
583.770000
586.960000
590.150000
593.340000
596.530000
599.720000
602.910000
606.100000
609.290000
612.480000
615.670000
618.860000
622.050000
625.240000
628.430000
631.620000
634.810000
638.000000
641.190000
644.380000
647.570000
650.760000
653.950000
657.140000
660.330000
663.520000
666.710000
669.900000
673.090000
676.280000
679.470000
682.660000
685.850000
689.040000
692.230000
695.420000
698.610000
701.800000
704.990000
708.180000
711.370000
714.560000
717.750000
720.940000
724.130000
727.320000
730.510000
733.700000
736.890000
740.080000
743.270000
746.460000
749.650000
752.840000
756.030000
759.220000
762.410000
765.600000
768.790000
771.980000
775.170000
778.360000
781.550000
784.740000
787.930000
791.120000
794.310000
797.500000
800.690000
803.880000
807.070000
810.260000
813.450000
816.640000
819.830000
823.020000
826.210000
829.400000
832.590000
835.780000
838.970000
842.160000
845.350000
848.540000
851.730000
854.920000
858.110000
861.300000
864.490000
867.680000
870.870000
874.060000
877.250000
880.440000
883.630000
886.820000
890.010000
893.200000
896.390000
899.580000
902.770000
905.960000
909.150000
912.340000
915.530000
918.720000
921.910000
925.100000
928.290000
931.480000
934.670000
937.860000
941.050000
944.240000
947.430000
950.620000
953.810000
957.000000
960.190000
963.380000
966.570000
969.760000
972.950000
976.140000
979.330000
982.520000
985.710000
988.900000
992.090000
995.280000
998.470000
1001.660000
1004.850000
1008.040000
1011.230000
1014.420000
1017.610000
1020.800000
1023.990000
1027.180000
1030.370000
1033.560000
1036.750000
1039.940000
1043.130000
1046.320000
1049.510000
1052.700000
1055.890000
1059.080000
1062.270000
1065.460000
1068.650000
1071.840000
1075.030000
1078.220000
1081.410000
1084.600000
1087.790000
1090.980000
1094.170000
1097.360000
1100.550000
1103.740000
1106.930000
1110.120000
1113.310000
1116.500000
1119.690000
1122.880000
1126.070000
1129.260000
1132.450000
1135.640000
1138.830000
1142.020000
1145.210000
1148.400000
1151.590000
1154.780000
1157.970000
1161.160000
1164.350000
1167.540000
1170.730000
1173.920000
1177.110000
1180.300000
1183.490000
1186.680000
1189.870000
1193.060000
1196.250000
1199.440000
1202.630000
1205.820000
1209.010000
1212.200000
1215.390000
1218.580000
1221.770000
1224.960000
1228.150000
1231.340000
1234.530000
1237.720000
1240.910000
1244.100000
1247.290000
1250.480000
1253.670000
1256.860000
1260.050000
1263.240000
1266.430000
1269.620000
1272.810000
1276.000000
1279.190000
1282.380000
1285.570000
1288.760000
1291.950000
1295.140000
1298.330000
1301.520000
1304.710000
1307.900000
1311.090000
1314.280000
1317.470000
1320.660000
1323.850000
1327.040000
1330.230000
1333.420000
1336.610000
1339.800000
1342.990000
1346.180000
1349.370000
1352.560000
1355.750000
1358.940000
1362.130000
1365.320000
1368.510000
1371.700000
1374.890000
1378.080000
1381.270000
1384.460000
1387.650000
1390.840000
1394.030000
1397.220000
1400.410000
1403.600000
1406.790000
1409.980000
1413.170000
1416.360000
1419.550000
1422.740000
1425.930000
1429.120000
1432.310000
1435.500000
1438.690000
1441.880000
1445.070000
1448.260000
1451.450000
1454.640000
1457.830000
1461.020000
1464.210000
1467.400000
1470.590000
1473.780000
1476.970000
1480.160000
1483.350000
1486.540000
1489.730000
1492.920000
1496.110000
1499.300000
1502.490000
1505.680000
1508.870000
1512.060000
1515.250000
1518.440000
1521.630000
1524.820000
1528.010000
1531.200000
1534.390000
1537.580000
1540.770000
1543.960000
1547.150000
1550.340000
1553.530000
1556.720000
1559.910000
1563.100000
1566.290000
1569.480000
1572.670000
1575.860000
1579.050000
1582.240000
1585.430000
1588.620000
1591.810000
1595.000000
1598.190000
1601.380000
1604.570000
1607.760000
1610.950000
1614.140000
1617.330000
1620.520000
1623.710000
1626.900000
1630.090000
1633.280000
1636.470000
1639.660000
1642.850000
1646.040000
1649.230000
1652.420000
1655.610000
1658.800000
1661.990000
1665.180000
1668.370000
1671.560000
1674.750000
1677.940000
1681.130000
1684.320000
1687.510000
1690.700000
1693.890000
1697.080000
1700.270000
1703.460000
1706.650000
1709.840000
1713.030000
1716.220000
1719.410000
1722.600000
1725.790000
1728.980000
1732.170000
1735.360000
1738.550000
1741.740000
1744.930000
1748.120000
1751.310000
1754.500000
1757.690000
1760.880000
1764.070000
1767.260000
1770.450000
1773.640000
1776.830000
1780.020000
1783.210000
1786.400000
1789.590000
1792.780000
1795.970000
1799.160000
1802.350000
1805.540000
1808.730000
1811.920000
1815.110000
1818.300000
1821.490000
1824.680000
1827.870000
1831.060000
1834.250000
1837.440000
1840.630000
1843.820000
1847.010000
1850.200000
1853.390000
1856.580000
1859.770000
1862.960000
1866.150000
1869.340000
1872.530000
1875.720000
1878.910000
1882.100000
1885.290000
1888.480000
1891.670000
1894.860000
1898.050000
1901.240000
1904.430000
1907.620000
1910.810000
1914.000000
1917.190000
1920.380000
1923.570000
1926.760000
1929.950000
1933.140000
1936.330000
1939.520000
1942.710000
1945.900000
1949.090000
1952.280000
1955.470000
1958.660000
1961.850000
1965.040000
1968.230000
1971.420000
1974.610000
1977.800000
1980.990000
1984.180000
1987.370000
1990.560000
1993.750000
1996.940000
2000.130000
2003.320000
2006.510000
2009.700000
2012.890000
2016.080000
2019.270000
2022.460000
2025.650000
2028.840000
2032.030000
2035.220000
2038.410000
2041.600000
2044.790000
2047.980000
2051.170000
2054.360000
2057.550000
2060.740000
2063.930000
2067.120000
2070.310000
2073.500000
2076.690000
2079.880000
2083.070000
2086.260000
2089.450000
2092.640000
2095.830000
2099.020000
2102.210000
2105.400000
2108.590000
2111.780000
2114.970000
2118.160000
2121.350000
2124.540000
2127.730000
2130.920000
2134.110000
2137.300000
2140.490000
2143.680000
2146.870000
2150.060000
2153.250000
2156.440000
2159.630000
2162.820000
2166.010000
2169.200000
2172.390000
2175.580000
2178.770000
2181.960000
2185.150000
2188.340000
2191.530000
2194.720000
2197.910000
2201.100000
2204.290000
2207.480000
2210.670000
2213.860000
2217.050000
2220.240000
2223.430000
2226.620000
2229.810000
2233.000000
2236.190000
2239.380000
2242.570000
2245.760000
2248.950000
2252.140000
2255.330000
2258.520000
2261.710000
2264.900000
2268.090000
2271.280000
2274.470000
2277.660000
2280.850000
2284.040000
2287.230000
2290.420000
2293.610000
2296.800000
2299.990000
2303.180000
2306.370000
2309.560000
2312.750000
2315.940000
2319.130000
2322.320000
2325.510000
2328.700000
2331.890000
2335.080000
2338.270000
2341.460000
2344.650000
2347.840000
2351.030000
2354.220000
2357.410000
2360.600000
2363.790000
2366.980000
2370.170000
2373.360000
2376.550000
2379.740000
2382.930000
2386.120000
2389.310000
2392.500000
2395.690000
2398.880000
2402.070000
2405.260000
2408.450000
2411.640000
2414.830000
2418.020000
2421.210000
2424.400000
2427.590000
2430.780000
2433.970000
2437.160000
2440.350000
2443.540000
2446.730000
2449.920000
2453.110000
2456.300000
2459.490000
2462.680000
2465.870000
2469.060000
2472.250000
2475.440000
2478.630000
2481.820000
2485.010000
2488.200000
2491.390000
2494.580000
2497.770000
2500.960000
2504.150000
2507.340000
2510.530000
2513.720000
2516.910000
2520.100000
2523.290000
2526.480000
2529.670000
2532.860000
2536.050000
2539.240000
2542.430000
2545.620000
2548.810000
2552.000000
2555.190000
2558.380000
2561.570000
2564.760000
2567.950000
2571.140000
2574.330000
2577.520000
2580.710000
2583.900000
2587.090000
2590.280000
2593.470000
2596.660000
2599.850000
2603.040000
2606.230000
2609.420000
2612.610000
2615.800000
2618.990000
2622.180000
2625.370000
2628.560000
2631.750000
2634.940000
2638.130000
2641.320000
2644.510000
2647.700000
2650.890000
2654.080000
2657.270000
2660.460000
2663.650000
2666.840000
2670.030000
2673.220000
2676.410000
2679.600000
2682.790000
2685.980000
2689.170000
2692.360000
2695.550000
2698.740000
2701.930000
2705.120000
2708.310000
2711.500000
2714.690000
2717.880000
2721.070000
2724.260000
2727.450000
2730.640000
2733.830000
2737.020000
2740.210000
2743.400000
2746.590000
2749.780000
2752.970000
2756.160000
2759.350000
2762.540000
2765.730000
2768.920000
2772.110000
2775.300000
2778.490000
2781.680000
2784.870000
2788.060000
2791.250000
2794.440000
2797.630000
2800.820000
2804.010000
2807.200000
2810.390000
2813.580000
2816.770000
2819.960000
2823.150000
2826.340000
2829.530000
2832.720000
2835.910000
2839.100000
2842.290000
2845.480000
2848.670000
2851.860000
2855.050000
2858.240000
2861.430000
2864.620000
2867.810000
2871.000000
2874.190000
2877.380000
2880.570000
2883.760000
2886.950000
2890.140000
2893.330000
2896.520000
2899.710000
2902.900000
2906.090000
2909.280000
2912.470000
2915.660000
2918.850000
2922.040000
2925.230000
2928.420000
2931.610000
2934.800000
2937.990000
2941.180000
2944.370000
2947.560000
2950.750000
2953.940000
2957.130000
2960.320000
2963.510000
2966.700000
2969.890000
2973.080000
2976.270000
2979.460000
2982.650000
2985.840000
2989.030000
2992.220000
2995.410000
2998.600000
3001.790000
3004.980000
3008.170000
3011.360000
3014.550000
3017.740000
3020.930000
3024.120000
3027.310000
3030.500000
3033.690000
3036.880000
3040.070000
3043.260000
3046.450000
3049.640000
3052.830000
3056.020000
3059.210000
3062.400000
3065.590000
3068.780000
3071.970000
3075.160000
3078.350000
3081.540000
3084.730000
3087.920000
3091.110000
3094.300000
3097.490000
3100.680000
3103.870000
3107.060000
3110.250000
3113.440000
3116.630000
3119.820000
3123.010000
3126.200000
3129.390000
3132.580000
3135.770000
3138.960000
3142.150000
3145.340000
3148.530000
3151.720000
3154.910000
3158.100000
3161.290000
3164.480000
3167.670000
3170.860000
3174.050000
3177.240000
3180.430000
3183.620000
3186.810000
3190.000000
