3573047940129193
3231252417640106
2862878676107987
2630623705545051
2464123145785484
2248705663011708
2075376105496589
1928221427946832
1840403183468588
1705823622276458
1627617746743611
1526882620022988
1424670076291276
1378848596255915
1318515884925599
1243580279208356
1172911371658940
1121161598303486
1110013275979020
1026380279741290
1013670809601349
975827567485780
959942676721263
912135813277975
876004353762744
838891185965394
812545693818620
779687620006683
758086185952488
745803185540271
708889177608690
706430687799417
673762846231351
649233259558789
633774181692725
624738968829735
588153645569901
599255553203458
568143512321242
556988237947047
532997715140730
534851657803898
515718392759976
500556629413773
507027318667875
485769913904025
475791259376124
472548273021774
455741454089827
437926401426984
438256359792216
409836074631771
412031647552957
418711975346213
381497741761844
392950425690876
383420575396980
369511208075350
353356217566009
370272109778700
354915478375844
331082474348417
339567267947608
317985303679399
318874560271984
328769156353665
292768190230240
303381169547891
283736725549397
282668063955045
278278297899541
274270450296381
284934825971813
253793149956008
264531814838148
264928322530933
254936729938566
240314449447948
252630367042904
243271679733328
240710874132046
241812445740094
224210400363296
235469760624468
226794578270822
213701935230373
202398722007648
208085677734808
215655296741383
195365406842318
204509395183550
192469329828823
204060376729549
184456447145509
183856698117181
184043628370179
184075867526282
178781006215288
176162585560919
171549346017233
176178074018569
176412751169568
160132990772715
154753117762531
170488740489740
154756874828169
164349656565930
167611074976558
151069501212554
146258382159741
138375141235411
153100429607618
142712096531354
141787549810310
147097017336661
131084780952311
140228233508936
136487033772811
125836614811609
132440114406105
131142084841375
129831832385188
120982979370653
120138135867653
121099178210135
121968903015321
118270593925377
108198297132036
105845563341379
107856584606820
111409570736109
101421300402284
100863060742371
103935134020395
100718558365153
94755306716915
104883029071100
97528746494337
103789260208718
101589159407746
92678782882836
89672580958490
89841344948840
100363723410783
86896814389856
88144224760837
78391818062538
83177224817845
90029062994163
78854931665306
84682306449883
84117534579192
77834767177814
74249438599437
74652962857763
69492096403480
75000651291373
76432698505159
67115388600086
70807021132004
67799135470743
72497827981235
67166602656341
64565672814294
70800314125990
66302901098924
62548121614224
57130074188802
65314571471310
57299634750738
69450913457683
65582786740352
65133558826131
59235772400951
64987765811013
57604583573624
63330028287201
56050686037768
55551096121066
45088485570959
53980228813626
53905977193335
52800662876314
50668920479244
46990930486326
46825935534666
44776378527588
45673819978310
47580427174643
45702329553034
49308071283733
43956381907968
45889091060827
51077784182526
40191701332509
47584365140918
39396299922296
45617978465526
38530458060718
38556431942740
43406616786029
44877030068713
44960982464702
45992009398762
37889007881543
35202838919742
36147461918609
39869355229531
33716159797779
38676057128580
33902320974862
34833042337211
29795890446988
29884912867344
35652669772912
34210964652530
30905250386538
39035813469649
30477530734648
31996410768818
35201631293610
28911543904327
26023210097520
29246029322648
35136227926936
27152770022444
22244716528149
26566618060198
24646824095233
22815534708268
31001955170433
24815670389525
27605714193423
27841202301677
30031824540014
26104101210381
28606775179073
28616038167759
23451500856967
24694857665063
23789013263652
22218735147769
20507094975966
21227698199804
21238188776242
22408948027246
22345318536141
23520490894106
19514446105196
23221327103848
19865423509378
20574705863131
21862008939916
20842431831360
16160629281133
20998216896884
17858281563739
21933299784911
18022868531868
17989865831740
16767264013125
20549415519009
17831470110104
15652880969180
17509406782515
16585400701005
16543017675413
15342922604230
18309303477298
18413586843371
13775953859709
13034204630946
15343793126235
12201484882839
10516660205702
18673068601210
17302880036121
18197420976061
17606954646794
13671845605274
12828012298360
14845639138813
12856432522919
11384040570263
14206453468524
12722093659435
11085747139886
13383676052523
13269936799287
13822008000875
9176397340012
9621705214966
13605776334858
10137630112752
11432381629431
13653811168545
10425032392400
11676747644520
13926973947418
14318335777662
10345999239430
8110290040683
8609990927089
9783400362039
9291993998632
10659455634493
11807789176067
8071078811219
13175595035000
7560668790686
8415848540550
7060066601899
9299747684259
8647680373390
9097107481036
6136962183348
9011227270620
8531903947025
9516207855114
5185947356669
8092810170403
10166875144896
8302188811829
6769010454817
10526317365556
12395945113073
8323589085191
4855763684436
6193675943036
6167026673383
8295760402811
5486193113804
6444443720499
6913044330254
6918264801828
6299952353861
5164589722517
6661701844535
6283459220062
7847347661933
6641737936399
7854160624519
4491160534173
6279527548046
5153229754900
5160120160404
4849509082496
6075237075033
6596918090457
6773125253813
8210515652877
6682187297573
4807947675434
4729813964578
5407245743475
5450273118007
3683275419826
3459948944210
3766608847041
4703677741207
4129955868303
5123966027317
3885706806300
6768591091919
3670137190156
5792763914040
4569372450654
3928574815007
3983094645707
4090043115699
3172063212078
5863198703092
4128868632687
4720132934824
2146652879685
4164252847301
2152109183391
3011608691749
3216632030193
3840668864188
4084208207520
3855428450850
3920908170563
3370553947491
2422172392164
1577400464788
2401246056386
3013610130544
3089312253788
2817847107120
2582248258959
3302452073270
2659016858532
2670491629853
1810674768361
1804453981249
3710962630811
3237003800176
2547750258034
3221239243638
4826154616040
3350530302249
1547509233141
3055460064288
2971898359248
2052344811952
2302287109822
963105498267
2612375951816
2165393519607
2717928454361
4540456285225
3234468993046
2402967681019
2181190935581
3330741302679
1541529237373
2090385761562
2455026782319
2219518426547
3164464905186
2284120726065
979695645638
1777019165165
2535405325577
2360948480836
1347325560916
1874553634092
2360020546014
2727498351479
2426366486250
1364021169152
1769744956889
1774195631972
2065017977762
2660041587516
2649723992096
2504126281201
1892982908767
2579295618532
1623914367269
2440800625195
3730453809843
1077894932736
1641576301912
852058505461
1651608066746
1515559975271
1486049269408
2204635213463
588716577605
694000132328
1479156309885
1837860740609
1776593966678
1629435019666
1183149809954
2696897188802
1671601535651
1770015409510
1501097730000
2075821576585
1302706726770
2427641792277
1483357606184
968950141333
943395668397
1494724334469
902938293742
1693939215473
924711359408
888761459264
1228027151490
1851219225528
1779234273722
2330909045579
415178998755
392232784788
1323871220140
1522277123104
921468412030
1535241471861
609651639073
650067503386
585906674438
885164198948
300281450255
885007704755
889243931382
615669668339
1827562058106
598488777506
595344782427
1103071729882
590005136503
313524112275
1188480233618
1180010273007
643767746948
605320664376
892632743018
1092371665673
1591678382850
1179400098871
1048595932815
590005136503
1770015409510
1491821935254
1472493098489
1492825883109
601849285645
1950781278124
1214930885346
590005136503
590005136503
1607767096897
1200812450149
295002568251
1039274894944
885007704755
11680534884
599806902094
369194955220
295002568251
1000012337364
1180010273007
1180010273007
295002568251
885007704755
901052396237
1737819610192
590005136503
590005136503
1192512136859
891401287572
635726501083
590005136503
157575556851
1475012841259
1180010273007
892714559130
890157385862
299720992290
885007704755
330568141893
975056694174
590005136503
597927573742
961196662578
295002568251
707587796868
613740235702
881773983453
885007704755
295002568251
295002568251
