49.181500
52.354500
55.527500
58.700500
61.873500
65.046500
68.219500
71.392500
74.565500
77.738500
80.911500
84.084500
87.257500
90.430500
93.603500
96.776500
99.949500
103.122500
106.295500
109.468500
112.641500
115.814500
118.987500
122.160500
125.333500
128.506500
131.679500
134.852500
138.025500
141.198500
144.371500
147.544500
150.717500
153.890500
157.063500
160.236500
163.409500
166.582500
169.755500
172.928500
176.101500
179.274500
182.447500
185.620500
188.793500
191.966500
195.139500
198.312500
201.485500
204.658500
207.831500
211.004500
214.177500
217.350500
220.523500
223.696500
226.869500
230.042500
233.215500
236.388500
239.561500
242.734500
245.907500
249.080500
252.253500
255.426500
258.599500
261.772500
264.945500
268.118500
271.291500
274.464500
277.637500
280.810500
283.983500
287.156500
290.329500
293.502500
296.675500
299.848500
303.021500
306.194500
309.367500
312.540500
315.713500
318.886500
322.059500
325.232500
328.405500
331.578500
334.751500
337.924500
341.097500
344.270500
347.443500
350.616500
353.789500
356.962500
360.135500
363.308500
366.481500
369.654500
372.827500
376.000500
379.173500
382.346500
385.519500
388.692500
391.865500
395.038500
398.211500
401.384500
404.557500
407.730500
410.903500
414.076500
417.249500
420.422500
423.595500
426.768500
429.941500
433.114500
436.287500
439.460500
442.633500
445.806500
448.979500
452.152500
455.325500
458.498500
461.671500
464.844500
468.017500
471.190500
474.363500
477.536500
480.709500
483.882500
487.055500
490.228500
493.401500
496.574500
499.747500
502.920500
506.093500
509.266500
512.439500
515.612500
518.785500
521.958500
525.131500
528.304500
531.477500
534.650500
537.823500
540.996500
544.169500
547.342500
550.515500
553.688500
556.861500
560.034500
563.207500
566.380500
569.553500
572.726500
575.899500
579.072500
582.245500
585.418500
588.591500
591.764500
594.937500
598.110500
601.283500
604.456500
607.629500
610.802500
613.975500
617.148500
620.321500
623.494500
626.667500
629.840500
633.013500
636.186500
639.359500
642.532500
645.705500
648.878500
652.051500
655.224500
658.397500
661.570500
664.743500
667.916500
671.089500
674.262500
677.435500
680.608500
683.781500
686.954500
690.127500
693.300500
696.473500
699.646500
702.819500
705.992500
709.165500
712.338500
715.511500
718.684500
721.857500
725.030500
728.203500
731.376500
734.549500
737.722500
740.895500
744.068500
747.241500
750.414500
753.587500
756.760500
759.933500
763.106500
766.279500
769.452500
772.625500
775.798500
778.971500
782.144500
785.317500
788.490500
791.663500
794.836500
798.009500
801.182500
804.355500
807.528500
810.701500
813.874500
817.047500
820.220500
823.393500
826.566500
829.739500
832.912500
836.085500
839.258500
842.431500
845.604500
848.777500
851.950500
855.123500
858.296500
861.469500
864.642500
867.815500
870.988500
874.161500
877.334500
880.507500
883.680500
886.853500
890.026500
893.199500
896.372500
899.545500
902.718500
905.891500
909.064500
912.237500
915.410500
918.583500
921.756500
924.929500
928.102500
931.275500
934.448500
937.621500
940.794500
943.967500
947.140500
950.313500
953.486500
956.659500
959.832500
963.005500
966.178500
969.351500
972.524500
975.697500
978.870500
982.043500
985.216500
988.389500
991.562500
994.735500
997.908500
1001.081500
1004.254500
1007.427500
1010.600500
1013.773500
1016.946500
1020.119500
1023.292500
1026.465500
1029.638500
1032.811500
1035.984500
1039.157500
1042.330500
1045.503500
1048.676500
1051.849500
1055.022500
1058.195500
1061.368500
1064.541500
1067.714500
1070.887500
1074.060500
1077.233500
1080.406500
1083.579500
1086.752500
1089.925500
1093.098500
1096.271500
1099.444500
1102.617500
1105.790500
1108.963500
1112.136500
1115.309500
1118.482500
1121.655500
1124.828500
1128.001500
1131.174500
1134.347500
1137.520500
1140.693500
1143.866500
1147.039500
1150.212500
1153.385500
1156.558500
1159.731500
1162.904500
1166.077500
1169.250500
1172.423500
1175.596500
1178.769500
1181.942500
1185.115500
1188.288500
1191.461500
1194.634500
1197.807500
1200.980500
1204.153500
1207.326500
1210.499500
1213.672500
1216.845500
1220.018500
1223.191500
1226.364500
1229.537500
1232.710500
1235.883500
1239.056500
1242.229500
1245.402500
1248.575500
1251.748500
1254.921500
1258.094500
1261.267500
1264.440500
1267.613500
1270.786500
1273.959500
1277.132500
1280.305500
1283.478500
1286.651500
1289.824500
1292.997500
1296.170500
1299.343500
1302.516500
1305.689500
1308.862500
1312.035500
1315.208500
1318.381500
1321.554500
1324.727500
1327.900500
1331.073500
1334.246500
1337.419500
1340.592500
1343.765500
1346.938500
1350.111500
1353.284500
1356.457500
1359.630500
1362.803500
1365.976500
1369.149500
1372.322500
1375.495500
1378.668500
1381.841500
1385.014500
1388.187500
1391.360500
1394.533500
1397.706500
1400.879500
1404.052500
1407.225500
1410.398500
1413.571500
1416.744500
1419.917500
1423.090500
1426.263500
1429.436500
1432.609500
1435.782500
1438.955500
1442.128500
1445.301500
1448.474500
1451.647500
1454.820500
1457.993500
1461.166500
1464.339500
1467.512500
1470.685500
1473.858500
1477.031500
1480.204500
1483.377500
1486.550500
1489.723500
1492.896500
1496.069500
1499.242500
1502.415500
1505.588500
1508.761500
1511.934500
1515.107500
1518.280500
1521.453500
1524.626500
1527.799500
1530.972500
1534.145500
1537.318500
1540.491500
1543.664500
1546.837500
1550.010500
1553.183500
1556.356500
1559.529500
1562.702500
1565.875500
1569.048500
1572.221500
1575.394500
1578.567500
1581.740500
1584.913500
1588.086500
1591.259500
1594.432500
1597.605500
1600.778500
1603.951500
1607.124500
1610.297500
1613.470500
1616.643500
1619.816500
1622.989500
1626.162500
1629.335500
1632.508500
1635.681500
1638.854500
1642.027500
1645.200500
1648.373500
1651.546500
1654.719500
1657.892500
1661.065500
1664.238500
1667.411500
1670.584500
1673.757500
1676.930500
1680.103500
1683.276500
1686.449500
1689.622500
1692.795500
1695.968500
1699.141500
1702.314500
1705.487500
1708.660500
1711.833500
1715.006500
1718.179500
1721.352500
1724.525500
1727.698500
1730.871500
1734.044500
1737.217500
1740.390500
1743.563500
1746.736500
1749.909500
1753.082500
1756.255500
1759.428500
1762.601500
1765.774500
1768.947500
1772.120500
1775.293500
1778.466500
1781.639500
1784.812500
1787.985500
1791.158500
1794.331500
1797.504500
1800.677500
1803.850500
1807.023500
1810.196500
1813.369500
1816.542500
1819.715500
1822.888500
1826.061500
1829.234500
1832.407500
1835.580500
1838.753500
1841.926500
1845.099500
1848.272500
1851.445500
1854.618500
1857.791500
1860.964500
1864.137500
1867.310500
1870.483500
1873.656500
1876.829500
1880.002500
1883.175500
1886.348500
1889.521500
1892.694500
1895.867500
1899.040500
1902.213500
1905.386500
1908.559500
1911.732500
1914.905500
1918.078500
1921.251500
1924.424500
1927.597500
1930.770500
1933.943500
1937.116500
1940.289500
1943.462500
1946.635500
1949.808500
1952.981500
1956.154500
1959.327500
1962.500500
1965.673500
1968.846500
1972.019500
1975.192500
1978.365500
1981.538500
1984.711500
1987.884500
1991.057500
1994.230500
1997.403500
2000.576500
2003.749500
2006.922500
2010.095500
2013.268500
2016.441500
2019.614500
2022.787500
2025.960500
2029.133500
2032.306500
2035.479500
2038.652500
2041.825500
2044.998500
2048.171500
2051.344500
2054.517500
2057.690500
2060.863500
2064.036500
2067.209500
2070.382500
2073.555500
2076.728500
2079.901500
2083.074500
2086.247500
2089.420500
2092.593500
2095.766500
2098.939500
2102.112500
2105.285500
2108.458500
2111.631500
2114.804500
2117.977500
2121.150500
2124.323500
2127.496500
2130.669500
2133.842500
2137.015500
2140.188500
2143.361500
2146.534500
2149.707500
2152.880500
2156.053500
2159.226500
2162.399500
2165.572500
2168.745500
2171.918500
2175.091500
2178.264500
2181.437500
2184.610500
2187.783500
2190.956500
2194.129500
2197.302500
2200.475500
2203.648500
2206.821500
2209.994500
2213.167500
2216.340500
2219.513500
2222.686500
2225.859500
2229.032500
2232.205500
2235.378500
2238.551500
2241.724500
2244.897500
2248.070500
2251.243500
2254.416500
2257.589500
2260.762500
2263.935500
2267.108500
2270.281500
2273.454500
2276.627500
2279.800500
2282.973500
2286.146500
2289.319500
2292.492500
2295.665500
2298.838500
2302.011500
2305.184500
2308.357500
2311.530500
2314.703500
2317.876500
2321.049500
2324.222500
2327.395500
2330.568500
2333.741500
2336.914500
2340.087500
2343.260500
2346.433500
2349.606500
2352.779500
2355.952500
2359.125500
2362.298500
2365.471500
2368.644500
2371.817500
2374.990500
2378.163500
2381.336500
2384.509500
2387.682500
2390.855500
2394.028500
2397.201500
2400.374500
2403.547500
2406.720500
2409.893500
2413.066500
2416.239500
2419.412500
2422.585500
2425.758500
2428.931500
2432.104500
2435.277500
2438.450500
2444.796500
2447.969500
2451.142500
2454.315500
2457.488500
2460.661500
2463.834500
2467.007500
2470.180500
2473.353500
2476.526500
2479.699500
2482.872500
2486.045500
2489.218500
2492.391500
2495.564500
2498.737500
2501.910500
2505.083500
2508.256500
2511.429500
2514.602500
2517.775500
2520.948500
2524.121500
2527.294500
2530.467500
2533.640500
2536.813500
2539.986500
2543.159500
2546.332500
2549.505500
2552.678500
2555.851500
2559.024500
2562.197500
2565.370500
2568.543500
2571.716500
2574.889500
2578.062500
2581.235500
2584.408500
2587.581500
2590.754500
2593.927500
2597.100500
2600.273500
2606.619500
2609.792500
2612.965500
2616.138500
2619.311500
2622.484500
2625.657500
2628.830500
2632.003500
2635.176500
2638.349500
2641.522500
2644.695500
2647.868500
2651.041500
2654.214500
2657.387500
2660.560500
