50.127000
53.361000
56.595000
59.829000
63.063000
66.297000
69.531000
72.765000
75.999000
79.233000
82.467000
85.701000
88.935000
92.169000
95.403000
98.637000
101.871000
105.105000
108.339000
111.573000
114.807000
118.041000
121.275000
124.509000
127.743000
130.977000
134.211000
137.445000
140.679000
143.913000
147.147000
150.381000
153.615000
156.849000
160.083000
163.317000
166.551000
169.785000
173.019000
176.253000
179.487000
182.721000
185.955000
189.189000
192.423000
195.657000
198.891000
202.125000
205.359000
208.593000
211.827000
215.061000
218.295000
221.529000
224.763000
227.997000
231.231000
234.465000
237.699000
240.933000
244.167000
247.401000
250.635000
253.869000
257.103000
260.337000
263.571000
266.805000
270.039000
273.273000
276.507000
279.741000
282.975000
286.209000
289.443000
292.677000
295.911000
299.145000
302.379000
305.613000
308.847000
312.081000
315.315000
318.549000
321.783000
325.017000
328.251000
331.485000
334.719000
337.953000
341.187000
344.421000
347.655000
350.889000
354.123000
357.357000
360.591000
363.825000
367.059000
370.293000
373.527000
376.761000
379.995000
383.229000
386.463000
389.697000
392.931000
396.165000
399.399000
402.633000
405.867000
409.101000
412.335000
415.569000
418.803000
422.037000
425.271000
428.505000
431.739000
434.973000
438.207000
441.441000
444.675000
447.909000
451.143000
454.377000
457.611000
460.845000
464.079000
467.313000
470.547000
473.781000
477.015000
480.249000
483.483000
486.717000
489.951000
493.185000
496.419000
499.653000
502.887000
506.121000
509.355000
512.589000
515.823000
519.057000
522.291000
525.525000
528.759000
531.993000
535.227000
538.461000
541.695000
544.929000
548.163000
551.397000
554.631000
557.865000
561.099000
564.333000
567.567000
570.801000
574.035000
577.269000
580.503000
583.737000
586.971000
590.205000
593.439000
596.673000
599.907000
603.141000
606.375000
609.609000
612.843000
616.077000
619.311000
622.545000
625.779000
629.013000
632.247000
635.481000
638.715000
641.949000
645.183000
648.417000
651.651000
654.885000
658.119000
661.353000
664.587000
667.821000
671.055000
674.289000
677.523000
680.757000
683.991000
687.225000
690.459000
693.693000
696.927000
700.161000
703.395000
706.629000
709.863000
713.097000
716.331000
719.565000
722.799000
726.033000
729.267000
732.501000
735.735000
738.969000
742.203000
745.437000
748.671000
751.905000
755.139000
758.373000
761.607000
764.841000
768.075000
771.309000
774.543000
777.777000
781.011000
784.245000
787.479000
790.713000
793.947000
797.181000
800.415000
803.649000
806.883000
810.117000
813.351000
816.585000
819.819000
823.053000
826.287000
829.521000
832.755000
835.989000
839.223000
842.457000
845.691000
848.925000
852.159000
855.393000
858.627000
861.861000
865.095000
868.329000
871.563000
874.797000
878.031000
881.265000
884.499000
887.733000
890.967000
894.201000
897.435000
900.669000
903.903000
907.137000
910.371000
913.605000
916.839000
920.073000
923.307000
926.541000
929.775000
933.009000
936.243000
939.477000
942.711000
945.945000
949.179000
952.413000
955.647000
958.881000
962.115000
965.349000
968.583000
971.817000
975.051000
978.285000
981.519000
984.753000
987.987000
991.221000
994.455000
997.689000
1000.923000
1004.157000
1007.391000
1010.625000
1013.859000
1017.093000
1020.327000
1023.561000
1026.795000
1030.029000
1033.263000
1036.497000
1039.731000
1042.965000
1046.199000
1049.433000
1052.667000
1055.901000
1059.135000
1062.369000
1065.603000
1068.837000
1072.071000
1075.305000
1078.539000
1081.773000
1085.007000
1088.241000
1091.475000
1094.709000
1097.943000
1101.177000
1104.411000
1107.645000
1110.879000
1114.113000
1117.347000
1120.581000
1123.815000
1127.049000
1130.283000
1133.517000
1136.751000
1139.985000
1143.219000
1146.453000
1149.687000
1152.921000
1156.155000
1159.389000
1162.623000
1165.857000
1169.091000
1172.325000
1175.559000
1178.793000
1182.027000
1185.261000
1188.495000
1191.729000
1194.963000
1198.197000
1201.431000
1204.665000
1207.899000
1211.133000
1214.367000
1217.601000
1220.835000
1224.069000
1227.303000
1230.537000
1233.771000
1237.005000
1240.239000
1243.473000
1246.707000
1249.941000
1253.175000
1256.409000
1259.643000
1262.877000
1266.111000
1269.345000
1272.579000
1275.813000
1279.047000
1282.281000
1285.515000
1288.749000
1291.983000
1295.217000
1298.451000
1301.685000
1304.919000
1308.153000
1311.387000
1314.621000
1317.855000
1321.089000
1324.323000
1327.557000
1330.791000
1334.025000
1337.259000
1340.493000
1343.727000
1346.961000
1350.195000
1353.429000
1356.663000
1359.897000
1363.131000
1366.365000
1369.599000
1372.833000
1376.067000
1379.301000
1382.535000
1385.769000
1389.003000
1392.237000
1395.471000
1398.705000
1401.939000
1405.173000
1408.407000
1411.641000
1414.875000
1418.109000
1421.343000
1424.577000
1427.811000
1431.045000
1434.279000
1437.513000
1440.747000
1443.981000
1447.215000
1450.449000
1453.683000
1456.917000
1460.151000
1463.385000
1466.619000
1469.853000
1473.087000
1476.321000
1479.555000
1482.789000
1486.023000
1489.257000
1492.491000
1495.725000
1498.959000
1502.193000
1505.427000
1508.661000
1511.895000
1515.129000
1518.363000
1521.597000
1524.831000
1528.065000
1531.299000
1534.533000
1537.767000
1541.001000
1544.235000
1547.469000
1550.703000
1553.937000
1557.171000
1560.405000
1563.639000
1566.873000
1570.107000
1573.341000
1576.575000
1579.809000
1586.277000
1589.511000
1592.745000
1595.979000
1599.213000
1602.447000
1605.681000
1608.915000
1612.149000
1618.617000
1621.851000
1625.085000
1628.319000
1631.553000
1634.787000
1638.021000
1641.255000
1644.489000
1647.723000
1650.957000
1654.191000
1657.425000
