0
0
0
0
0
0
0
0
0
0
0
0
0
0
0
0
0
0
0
0
0
0
0
0
0
0
0
0
0
0
0
0
59939091422821
68568997016090
55761465048746
49943175138980
44995428535826
35440267067650
31304593215304
27588569978528
24357635242959
99424872799087
212477755639534
187122606875065
166727357186338
143016780394977
137201938868637
109024496557802
105409408426190
93866979113063
85851452442517
68320883852394
67994988039364
60838569762219
50025713990950
48444368856355
42905439258317
41597232233496
37838455684701
34215430559661
30523559205210
32519000239954
23758831805870
26445770560733
23864057828162
19977938008795
19841552402229
20255381633525
17077387308017
16354894320054
15223061027773
13461965941552
13660781161548
11159145197185
13254803986366
12309486380228
11258763865192
10431264727029
9815579153841
9256404030626
8015684965137
7855392985409
8340424175181
6755633215257
6674237751886
8278034660637
6227363888212
6406565763371
7696362004193
6113267473092
6788988654402
6680628188945
5152252956080
6042760997860
4266638121133
3910342710715
3894754577180
5319693022475
4927747138868
4383316211868
3918763067302
4650886981370
3925739029925
3958358715474
3376637246401
4756316335436
3522520070099
2802410638329
2661019455908
3061728279430
2846662746709
2592047970807
2389235057345
3755175411684
2814594520435
2906019182757
2858487060830
2245887131623
3202519700651
1948498375370
2253395892914
2844109027089
1964524649494
2256205019896
2902149940806
2803247109506
1479655547644
2324554225478
1987047490856
2154520880228
1863476513484
2362115221809
1674922339817
2489680066810
1847906544180
1193607018940
1648551258263
1214217172932
1035610923699
2528576376138
1875321060570
1161758594068
1161175461457
1298770725365
1481748076769
1865508051212
1402605920987
1120850470012
1259172415168
1241914064804
1628558932438
1427369507963
1533421264518
1076479728109
2073933526908
1155308728652
1778019760005
1089914242719
1041204114070
1100021283908
1175932036112
938158843058
596573246095
1145211645421
1079677044524
1116194112351
1093409948686
616628010361
1003730600690
1079779623014
582476394497
1219089088322
1125626370494
1714561388612
934204071422
888852529145
1076813918955
1038734986625
775491612377
933451872310
773037966193
227551166657
952672058023
980309874430
776136294912
687199853125
386822753266
574486297270
1008845611291
749864159630
450057052360
559320878824
614001472695
768715787601
869961630791
319127903648
418522971716
518693104024
346840180963
583591783469
558947043675
587094870714
162219944238
664863308732
367115440132
452563918025
439956714305
361671862472
334110790711
285791561331
484929495880
611021104233
261746847196
402219560804
259373312090
471870563838
803209454281
272670437224
273241003665
324223039932
576532752619
285404869196
493873592562
365031630302
266405189575
550245124610
340447061905
287536465883
542285139007
154091161238
318001950763
237217270419
203632955241
347022143024
417000197764
283573185910
77929286212
166066669179
273532111348
477297904846
173306535893
145849498577
232607447690
157532814323
116622358159
359656641384
619315682337
171161537396
81393636192
261608501946
108588737733
116931788956
357846248102
179922023206
392436525802
76174633079
395310282115
254267675916
211733426578
86327647087
139001063682
64400108343
63057731231
153185906522
138816286056
91301319514
154315434075
94313943401
332045480867
164727662056
234645215209
67058117143
104888527420
194234600043
89677362657
40952670101
101631559861
118392751947
63115205822
154701285489
40849296469
235386047636
356670178260
180295470804
38628118439
105846514319
29551659560
190320970212
98000652986
207623966063
192115633958
66886072793
94836339391
81104999442
21445408100
68369852745
39802175102
101816643581
60914546334
41463692727
17799094543
222901564939
119276120358
133926856991
175902466998
69082239997
42021551893
222395024319
62813372685
95015093151
77754547042
69466022815
84303195619
70131235790
34777999758
77976676437
34832205103
89412456300
12457389049
57693649248
22324099065
154343465585
65785248312
57379013189
28799143533
34390183221
0
58929683203
38198233560
75233697003
8862538797
35305279286
203904099792
13593886801
140378716238
38280316922
0
0
19020633230
14937291327
27427653481
32943967044
8906118733
9051033873
26810842609
31389628396
50462142751
18149989667
30514470959
30137494947
26683293009
35868989952
0
10058477495
0
45003301289
0
136216048942
60255089033
30420325603
45365799796
0
146299232532
9007809991
22885351654
0
0
44704603016
10758597943
0
8858391873
11457172870
13135193910
22637793252
22544306681
38180199287
126733043083
13711705818
30731333787
0
99349410293
36842099523
17772647941
32300500117
10009772701
0
8821551806
9118774590
0
0
9803387971
18442934015
0
14265531377
46452585879
26849839910
9771663809
18641780333
11020699471
0
15528647579
0
0
24319694991
21592721956
14035216154
17815711977
9052243619
0
0
0
0
8814126634
0
9118497723
0
18860011311
0
9626849113
0
0
11435776334
0
0
0
0
0
0
12363083384
9578557357
92958585357
0
11072849872
9097081538
11158882991
0
0
0
10201506307
0
8891640574
0
31588899568
0
9079017720
0
0
0
0
0
0
0
29771837558
25274789112
12984451401
0
8882114144
0
28097121406
0
0
0
0
0
0
11240387124
0
0
0
0
0
0
0
0
0
0
0
0
0
0
0
0
0
9143377265
0
0
0
9646267506
0
8859053052
0
0
0
0
0
0
0
0
0
9691121645
0
0
0
0
0
0
0
0
0
0
0
0
8836054920
20831339891
0
0
0
0
10450001168
0
0
0
0
0
0
0
0
0
0
0
0
0
0
0
8829885957
0
0
9900322729
0
0
9674079347
0
8859653540
0
0
0
0
0
0
0
0
0
0
0
0
0
0
0
0
0
0
0
0
0
0
0
0
0
0
0
0
0
0
0
0
0
0
0
0
0
0
0
21208768831
0
0
0
0
0
0
0
0
0
0
0
0
0
0
0
0
0
0
0
0
0
0
0
0
0
0
0
0
0
0
0
0
0
0
0
0
0
0
0
0
0
0
0
0
0
8945343074
0
0
0
0
0
0
0
0
0
0
0
0
0
0
0
0
0
0
0
0
0
0
0
0
0
0
0
0
0
0
0
0
0
0
0
0
0
0
0
0
0
0
0
0
0
0
0
0
0
0
0
0
0
0
0
0
0
0
0
0
0
0
0
0
0
0
0
0
0
0
0
0
0
0
0
0
0
0
0
0
0
0
0
0
0
0
0
0
0
0
0
0
0
0
0
0
0
0
0
0
0
0
0
0
0
0
0
0
0
0
0
0
0
0
0
0
0
0
0
0
0
0
0
0
0
0
0
0
0
0
0
0
0
0
0
0
0
0
0
0
0
0
0
0
0
0
0
0
0
0
0
0
0
0
0
0
0
0
0
0
0
0
0
0
0
0
0
0
0
0
0
0
0
0
0
0
0
0
0
0
0
0
0
0
0
0
0
0
0
0
0
0
0
0
0
0
0
0
0
0
0
0
0
0
0
0
0
0
0
0
0
0
0
0
0
0
0
0
0
0
0
0
0
0
0
0
0
0
0
0
0
0
0
0
0
0
0
0
0
0
0
0
0
0
0
0
0
0
0
0
0
0
0
0
0
0
0
0
0
0
0
0
0
0
0
0
0
0
0
0
0
0
0
0
0
0
0
0
0
0
0
0
0
0
0
0
0
0
0
0
0
0
0
0
0
0
0
0
0
0
0
0
0
0
0
0
0
0
0
0
0
0
0
0
0
0
0
0
0
0
0
0
0
0
0
0
0
0
0
0
0
0
0
0
0
0
0
0
0
0
0
0
0
0
0
0
0
0
0
0
0
0
0
0
0
0
0
0
0
0
0
0
0
0
0
0
0
0
0
0
0
