195629352705615
176789673529077
161388005745086
149088428321671
135892835865097
122391678171352
117579277426142
104684395449245
99311971436336
93034739701190
88876842891196
83566032817540
77746086940777
74127657829230
71298651235934
69383906255268
64175758421561
61989535236444
58676900373616
57218707386843
56238820102596
52662930413176
50731479493089
50450140711717
50082768855781
45612220919252
43484441011975
45750966538205
42659866521708
41233426091145
41673350284638
40349921882030
39289547035993
37471264112598
36932045686393
34024135649512
35692464895356
35339667825107
33392824656526
33035135279874
33380366266275
32815156016554
32905955264003
31752247035753
30698305253359
31398717496442
28967433963949
29227603784000
27117122240775
28210587848315
28988118079524
27215678424696
25375904281748
25238214110813
25002394440893
25772448805026
28367135748831
24787155082817
25528164025161
23149109576962
24397744385867
22624994304620
24727684275288
22633435744619
22557014915956
22509496002065
22892159893374
23051983269210
21223214523842
22422947686615
20713673298930
20948732397242
20157059354664
19781543799348
21294184528230
19819128098242
19054136004642
20451031931197
18810490759201
19185376170281
18835209442250
17920145248183
17165164350716
17269408549636
19182412270502
17100400816856
17654980797921
18026273629360
16285189055379
15610019609980
15101353423890
15763852417896
15310551408047
15721617953558
14371122991103
15660903064759
14262609185721
14911609547252
14633787990621
15195665715471
14699582818200
13188518047810
14878662757832
14027559220244
13192066788240
13002099297462
13524765770010
12610605058990
13097267303204
12369853081836
12176145569568
12043491735955
10518550760544
11312261505501
10992137860129
10391785775516
11628744923644
10354688206168
10315581358127
10956919343836
10330350904926
10602650028140
10143983360795
9375909627687
9778043811589
10715044918835
10174540597709
9016808186347
10332923412884
10154617516404
8603966378660
9145239538784
8494207872508
8732177994299
8113382543978
9580058173662
8655513548686
8588941430821
7485726683403
8049647322600
8187988552654
8249552641722
8166136393572
7534042958671
8111854299918
7002478353035
7472428509723
7103070017046
6930335748463
7314749771287
6331202589502
7576125213732
6884643476387
7052829618733
6376279057055
6415669656360
6169854121067
5921672830068
6420662568946
5510049205752
6142835297472
6330418729781
6332926719139
5467703949220
5963880004343
5961540190684
6040211706601
4991457370741
5143729990855
4471314704527
5576299824766
4964560174968
4770389495421
4981106054148
5034904031346
5542619192743
5012998560472
5065992694609
4860325312018
4673586657757
4151483781194
5010179785034
3806202254169
4320888468506
4518734187580
4087741938437
4274367716409
4560469195713
4374702822619
4586893623761
3774474599570
4296115542685
4195490484973
3652404577276
4472254600447
4333465986032
3808281966523
4340486605374
3773969596630
3552615446083
3090511838367
3736562183822
4087088827111
4071560566074
3008299859175
3109479246182
4187166100098
3226287669844
3564440855460
2961388031210
3034048504296
3226449674031
3130646823553
2693549422901
2867972325456
3130275658518
3437971262508
3446172108486
3087291967738
2965102830131
2615990173421
3403037886327
2955596683420
2684982999516
3381632418154
2623494001644
2870683653357
2724029384064
2718641169836
2415902823300
2905111818709
2754389445960
2763940184244
2816749990044
2574430684441
2151781273938
2589282557018
2170206486843
1876080628981
2109629294697
2163872411215
2592779254022
2567976812441
2433875740929
2640068885300
2075285654644
2241384096206
2016416628188
2527143749160
2079426702231
1781303547159
2016060239049
2056372784897
1924118873257
2410062336562
1827968235174
2104665396032
1603267779366
1600310604003
1922533212883
1568754986707
1911291356713
1708634743890
1743210196168
1847269122961
1883665976965
1972583678776
1783645645797
1966325012949
1739023743229
1519295406879
1809017056626
1466212821412
1450102682767
1556692592515
1354195979250
1593585079584
1153403628702
1613771733205
1406528895714
1801724881987
1578492922951
1553910701135
1462930245247
1538557005638
1534114234085
1422587300606
1872431064902
1634646504270
1857647003808
1467487403946
1344786401258
1134708851224
1268258334116
1210576869027
1354749674645
1150643669529
1471948220759
1211789801497
1682743252410
1134602584203
1245776498837
1210713164228
1312538443017
1271748624068
1292689953261
1259079628585
997272606029
1391682380768
1378841971847
1514040891578
968712532683
928924963319
1201854146989
931575993865
1086146382424
918757012034
1054231338761
991847155012
1005960804261
1130605786020
798882740683
1305504933081
747947308385
930473907100
1123073361236
822048091223
1130455829722
1243827370791
1205892671985
961467883559
872115780440
1029947460591
1132247334421
793373547433
674078404699
575775028010
611269487198
972876847619
784305732957
1074145721967
982142781741
889490321037
811868208303
810998353287
1124960168536
609171485609
727669013398
844515508899
767951393448
773448515568
638103444547
761340815837
778251973453
887780849717
626469933151
742282184657
958522754442
562590638245
811892528251
578802668846
993302739511
761005364632
743064262139
902347383301
842627701730
723759237019
656295130606
665782755171
521023442383
1115811103569
959276186180
796347483435
1012387037405
820470515115
701084853657
862261754069
660212797674
876111308074
604338889152
666790381731
669258669560
581032252913
441546462927
496466920811
733345124911
709594948153
620432498524
717020609742
703001524756
574943252531
567452209149
503251812919
914762385144
690407541327
554441415947
503842588345
630607638911
499650929871
632115269782
763865828209
625104315521
678623891190
633732184077
654798563915
431927185973
666983215340
637240887152
443577252799
481545277745
524554396270
478250456843
459421996111
601455619339
554748735805
376740157797
621703932556
611694038630
476466635500
427394114250
628448678587
614653776331
637283369781
228937794511
428763447010
696742927651
458856196556
594071167695
632310485238
444783737920
459683892296
388800049969
312224381358
717375382222
606042188205
675900367982
484123035903
412864234863
477422328200
467899329499
426010903068
408359358877
288330872807
308188683720
395979511782
457334459521
539839031633
573451882441
510909048570
467541824323
457235387185
456630863560
645107699595
252846604255
635452308794
285541745635
392575739476
707193135643
517894815859
355584274461
349916614420
382828753945
434245584353
580775617113
341310515460
721940542267
494138885403
699532809433
373790877265
442546473674
509557325381
574311831815
202056734680
324090679060
381840003934
290366995093
366534545140
667787827704
451058895557
669848248317
591218547069
389874994601
420555296523
383882033812
557331401310
371798273272
368503590417
225420056527
178152251173
354615652545
418305190659
443276349426
467849282979
416397455551
381878623883
211847528228
414373272869
304889509450
463147437607
306424532972
316322931637
422756479659
318448899890
423743344785
255351474599
363363310510
464403602644
417217884757
335532807171
654593797296
417323118420
343040755915
644166432751
480127146425
355794252512
449234976359
515144137032
325661407488
288350628733
687362931313
386309323732
467744381412
381053362706
446487363837
349672736356
395937054241
404870226146
398232653462
259351694117
264742219938
377300273008
640080959048
552683528618
292145673457
354466830389
205093749428
260638024986
586853590981
292337385973
391973831253
595605039452
234437724844
258876850311
702240817635
440582337624
593721788599
288122719343
469087582079
265258454887
468041076835
512377713185
260561069377
260472311977
410843571071
305424116237
647608427999
282142089059
313483380102
242702820383
258130392022
351805421661
319410024954
347868016649
322745262615
205831625699
302371838948
331890701329
253683722138
286135434957
252742131467
254352874290
266206072553
231559536318
191967746045
161755520587
323137764876
216848541662
204648684987
224825662556
406280455834
436304105549
195978968740
264569606729
319847126378
181807291558
380427834536
302907112050
366544088197
312693493113
295144722220
244258961215
285395595151
379820888200
229688182583
207053201482
359918840033
309217279437
255688167932
269642187877
318564184846
261231017650
166276718576
392448681056
167559328108
296571503266
343315983926
343197597454
243764052947
497991705604
155949451718
199571541757
150696931830
337391477990
140664051560
373769374978
246393751960
370587453732
306490407882
135566430272
155126190607
342294599913
148799994526
269817517265
153443343210
155220203986
162473583836
319725229699
214393860704
496542654137
275361477213
276539588817
164144857603
220392364944
56711455278
406683668546
134732190424
95407212875
142843330761
124816625812
76105126526
246762122646
197966352149
170270265756
203944581696
180955092559
130490310707
147954051678
108329879720
122786262971
172509694541
132394715003
190613632460
115607456735
229069913750
231379804961
82991881105
55854769572
172034760934
113030871348
99509020668
81166449517
220508508152
69436461025
150553873357
120575909645
181671480067
139369655492
166192282911
169967955810
216773508309
160698881958
73474608394
200119170259
102917065436
51793485773
141201851157
92469889537
101240115025
78160537755
87888575751
106989590720
72604646448
93624430495
66287259312
107363385915
64662745615
105755513173
130727130413
38302768767
98372253444
129421448569
62661294015
64276253170
165608727114
49892590348
56574004202
58694231238
43617451230
57153236737
73461727351
96173263058
67083535057
33959484573
74188084500
49251037800
50890393537
42894178794
61441963694
68852885055
67505653888
144925176481
82803181328
121605296096
47847990178
75954623853
27453265915
63290747713
96677370081
47575599125
86225470590
48127177302
36273490346
35106793939
47225952064
79784748113
28869218780
110288557125
38711047354
82807202997
72521065771
42369839735
61079993364
113088636644
75288141716
30179330575
54399992857
38030631651
54456182699
32734005651
29049307340
25436849985
27697113658
37731258590
37912836009
37297600932
47404016789
44881833129
53106490462
21961145588
58347984441
24985729819
52128159761
62597353997
53905205199
22329594335
28377359218
29498775684
47883702005
22269744944
19883616436
37199660999
28654334226
32953239538
37744893000
57508146219
28318612032
15688835644
38976595250
49519604389
27752329738
70705785285
29705667652
29382999286
18122720513
15906985765
89669200947
32849617083
48772834801
9261886420
22047291153
22164937201
15607668578
35480849774
43155099221
13205379937
26781408989
11011201489
12732001504
22896868717
14192079560
18566478004
10035440700
20991765891
5015575120
11202580493
18177662859
8071357484
13898179180
25930232974
22327032597
9845978542
15102977863
8476840899
22864518034
7203380151
16474078077
7086434944
10671871551
5621393376
15427272146
10868840409
5333681894
12931634614
12442627091
15330763708
41462790124
2890549265
14768972097
11810732134
13711550531
5010880971
1667320162
2593941794
2432893411
6241188950
1743619367
19917788728
6774988039
4074549907
2296241585
5159492135
16935340838
3950698421
5134169347
3300502744
4547602769
6366975063
1856699728
4108017414
9423841171
2217608612
15710333010
4410324337
3271458334
1768000235
2000086937
4561695593
3925905770
4125935218
