18.739500
19.948500
21.157500
22.366500
23.575500
24.784500
25.993500
27.202500
28.411500
29.620500
30.829500
32.038500
33.247500
34.456500
35.665500
36.874500
38.083500
39.292500
40.501500
41.710500
42.919500
44.128500
45.337500
46.546500
47.755500
48.964500
50.173500
51.382500
52.591500
53.800500
55.009500
56.218500
57.427500
58.636500
59.845500
61.054500
62.263500
63.472500
64.681500
65.890500
67.099500
68.308500
69.517500
70.726500
71.935500
73.144500
74.353500
75.562500
76.771500
77.980500
79.189500
80.398500
81.607500
82.816500
84.025500
85.234500
86.443500
87.652500
88.861500
90.070500
91.279500
92.488500
93.697500
94.906500
96.115500
97.324500
98.533500
99.742500
100.951500
102.160500
103.369500
104.578500
105.787500
106.996500
108.205500
109.414500
110.623500
111.832500
113.041500
114.250500
115.459500
116.668500
117.877500
119.086500
120.295500
121.504500
122.713500
123.922500
125.131500
126.340500
127.549500
128.758500
129.967500
131.176500
132.385500
133.594500
134.803500
136.012500
137.221500
138.430500
139.639500
140.848500
142.057500
143.266500
144.475500
145.684500
146.893500
148.102500
149.311500
150.520500
151.729500
152.938500
154.147500
155.356500
156.565500
157.774500
158.983500
160.192500
161.401500
162.610500
163.819500
165.028500
166.237500
167.446500
168.655500
169.864500
171.073500
172.282500
173.491500
174.700500
175.909500
177.118500
178.327500
179.536500
180.745500
181.954500
183.163500
184.372500
185.581500
186.790500
187.999500
189.208500
190.417500
191.626500
192.835500
194.044500
195.253500
196.462500
197.671500
198.880500
200.089500
201.298500
202.507500
203.716500
204.925500
206.134500
207.343500
208.552500
209.761500
210.970500
212.179500
213.388500
214.597500
215.806500
217.015500
218.224500
219.433500
220.642500
221.851500
223.060500
224.269500
225.478500
226.687500
227.896500
229.105500
230.314500
231.523500
232.732500
233.941500
235.150500
236.359500
237.568500
238.777500
239.986500
241.195500
242.404500
243.613500
244.822500
246.031500
247.240500
248.449500
249.658500
250.867500
252.076500
253.285500
254.494500
255.703500
256.912500
258.121500
259.330500
260.539500
261.748500
262.957500
264.166500
265.375500
266.584500
267.793500
269.002500
270.211500
271.420500
272.629500
273.838500
275.047500
276.256500
277.465500
278.674500
279.883500
281.092500
282.301500
283.510500
284.719500
285.928500
287.137500
288.346500
289.555500
290.764500
291.973500
293.182500
294.391500
295.600500
296.809500
298.018500
299.227500
300.436500
301.645500
302.854500
304.063500
305.272500
306.481500
307.690500
308.899500
310.108500
311.317500
312.526500
313.735500
314.944500
316.153500
317.362500
318.571500
319.780500
320.989500
322.198500
323.407500
324.616500
325.825500
327.034500
328.243500
329.452500
330.661500
331.870500
333.079500
334.288500
335.497500
336.706500
337.915500
339.124500
340.333500
341.542500
342.751500
343.960500
345.169500
346.378500
347.587500
348.796500
350.005500
351.214500
352.423500
353.632500
354.841500
356.050500
357.259500
358.468500
359.677500
360.886500
362.095500
363.304500
364.513500
365.722500
366.931500
368.140500
369.349500
370.558500
371.767500
372.976500
374.185500
375.394500
376.603500
377.812500
379.021500
380.230500
381.439500
382.648500
383.857500
385.066500
386.275500
387.484500
388.693500
389.902500
391.111500
392.320500
393.529500
394.738500
395.947500
397.156500
398.365500
399.574500
400.783500
401.992500
403.201500
404.410500
405.619500
406.828500
408.037500
409.246500
410.455500
411.664500
412.873500
414.082500
415.291500
416.500500
417.709500
418.918500
420.127500
421.336500
422.545500
423.754500
424.963500
426.172500
427.381500
428.590500
429.799500
431.008500
432.217500
433.426500
434.635500
435.844500
437.053500
438.262500
439.471500
440.680500
441.889500
443.098500
444.307500
445.516500
446.725500
447.934500
449.143500
450.352500
451.561500
452.770500
453.979500
455.188500
456.397500
457.606500
458.815500
460.024500
461.233500
462.442500
463.651500
464.860500
466.069500
467.278500
468.487500
469.696500
470.905500
472.114500
473.323500
474.532500
475.741500
476.950500
478.159500
479.368500
480.577500
481.786500
482.995500
484.204500
485.413500
486.622500
487.831500
489.040500
490.249500
491.458500
492.667500
493.876500
495.085500
496.294500
497.503500
498.712500
499.921500
501.130500
502.339500
503.548500
504.757500
505.966500
507.175500
508.384500
509.593500
510.802500
512.011500
513.220500
514.429500
515.638500
516.847500
518.056500
519.265500
520.474500
521.683500
522.892500
524.101500
525.310500
526.519500
527.728500
528.937500
530.146500
531.355500
532.564500
533.773500
534.982500
536.191500
537.400500
538.609500
539.818500
541.027500
542.236500
543.445500
544.654500
545.863500
547.072500
548.281500
549.490500
550.699500
551.908500
553.117500
554.326500
556.744500
557.953500
559.162500
560.371500
561.580500
562.789500
563.998500
565.207500
566.416500
567.625500
568.834500
570.043500
571.252500
572.461500
573.670500
574.879500
576.088500
577.297500
578.506500
579.715500
580.924500
582.133500
583.342500
584.551500
585.760500
586.969500
588.178500
589.387500
590.596500
591.805500
593.014500
594.223500
