663281133326127232
402005535266706496
180561358590801984
94326552075400144
53750571874246008
32986754418086164
21766615411460692
15169271546824886
11185607669125978
8679544875000433
6932367693574254
5709597998078293
4896560618151914
4249032335222492
3762281937766955
3390634306420596
3011839356302321
2747941416783773
2524789839004852
2346259804896965
2191991206290445
2053379935802484
1915953287893578
1807191622751513
1723745615739343
1634861107816794
1521593854974240
1494745539346286
1389015605687871
1345696937242133
1283143815496116
1184855499676723
1162452992131219
1153556020081343
1099731990445069
1029489656721692
1021727575259103
947101659558167
964243279139285
921612555168849
876751465459875
849315689135533
825662563205244
784547424248851
764984856763941
751817901308261
743605331201423
695229909653357
696028817965826
678086166911026
646685946322026
635296493004944
625567152936175
590039258416549
579055839457649
548992384781798
522387759527571
530433627591929
529228584342962
498659846800038
500430041445812
494631190979982
481230366860383
472892444952454
442923981735418
427334891543810
421665651314756
420036236025088
408435789284997
391886405499152
387440577869261
377960294647917
364011254308192
369218677649331
351259066326524
331609791222682
319477256671038
318417292103850
319286079202578
300077221416230
310999870654354
292424212750463
279470100655852
287927454445370
271610401822888
283895350975643
276967104231939
255159915277290
269159809894362
268559755762123
243249835977009
260106113051736
236603534079830
240177915588173
241459489127860
237684191135567
230347803726862
214962799097484
210134428476629
230687865944652
210806171047763
210646225274247
198936920625670
200843376239042
190751945812927
201106459967239
191301085341202
186695159851955
174856802362514
187166704310484
174369583051415
167633109958914
157829519307718
164144105572890
160820227686481
165190399508079
159565081917528
168579312874509
145067600877236
153596098748913
145565360116677
140648690733819
153149991878873
141812163567891
141440396988372
131120577710004
145943360952635
131456573413942
141701681691552
131275222709288
120721793835856
118874497806645
127511723693718
116045023123058
115377665696529
122780078515188
122783968873004
107772004226056
104825667509529
107443422027012
109277345081171
92934563016700
99689820869701
99251707914834
97254887072585
95982171329977
95401290794965
96411499818694
88165106727528
88521733052986
90249274529939
83389962145409
84284439186378
85501803056587
81440681844669
84860600386861
75888440173633
73292740444872
75554156593919
77621471035948
80817564093150
62838575137743
68392700976043
67134071158316
72790864979402
68937494132301
69512652953191
61727301298342
69956203778887
64978272286162
65259779438005
69320965414414
59546547236299
59076553433560
59894708276845
58316008117336
55401606521929
51207461167299
61462857111297
63804181612727
49600804547068
52336527716449
54224934210102
51186997655064
44872976223864
48716984157840
52766501144789
48295699606991
48759600627186
42775176520714
51418388199147
41165937076382
46989739910867
47061745987758
38473937957012
39300178397326
39731097254377
39114487785880
39050707090856
41209388158426
40040505514305
40701301184881
40188965072904
40329830601839
36266477806051
40254209013350
33220696304073
38550614040670
37253813164840
40764423466117
35515089095003
37755736633395
36674369857380
34368934967907
35193210402833
35067954168520
29141247532701
29810629607925
31655270180155
32164220593753
29665002525481
28399114698075
31073803712946
28778181391204
30103831663483
26565911190773
29982506383163
36026854061664
27199349036075
26612525832178
24743670706338
22905959316944
28932041317023
25075870388715
29891389539863
24336908816122
25449679002500
23062772864613
26902380137005
19313923850902
26266286245650
19956361947398
19977720913309
22017213597482
21524619878013
24795660811778
23090493689099
19596610219749
19007875418861
16213926022989
19327091437805
19127049067962
18687783421173
14353571645800
19363980974872
19474698951568
15143579103417
16348130161346
18665712869426
14097354037902
14672969114938
15977522389378
17878473398115
13718816525250
15511253223813
13856843266785
14554687629656
16591377901347
16937941226952
12025438386114
12767179551612
14413003217079
13665796058269
17861350789688
15146939709810
12862574590614
17594449003761
12922258350967
12475918219168
12414774337256
10684652475380
10120831715077
10263859090866
13007342274912
14180623961342
8192454317416
11781345975932
12985097440722
12062803576985
10164356271516
8894513277413
8260071911050
11538360391767
10233859362393
11051141672580
8911414987337
8260071911050
11267705065629
7825259142795
8575980830336
10592492012577
12684809283519
8383844542955
9890974705177
8260071911050
9025410253621
13295615227890
7404859533416
10267762094273
10622567208149
6862964149587
6692216936301
7001111944976
6775969643197
6631490228753
9548631930358
9377041958363
9304092723124
7421343296104
9145079615806
4580040974245
6007204738303
5905130201059
7373535708444
7375064206295
6725358670258
6326946883010
7528242772820
4074324387197
6674071337297
7670066774547
5727223833729
4741248988365
5015043660280
5856431614816
6490056501539
4285574318520
4742591738319
5000201125118
6807953226944
6236388928302
3835033387273
6036774188760
3581719357334
5920647921483
3540030819021
4536839169445
6865020068043
7143673100215
5071081944171
7697144131342
4283439257644
6180248420108
5068719246624
5685730070214
4338606793480
3926456673923
4720041092028
6223610422536
6572740766459
3218315356748
2655023114266
3619898615008
3034527266250
3790073062916
2712706226869
4227602213621
4445552776232
4425038523777
1833572907354
4130035955525
5015043660280
4621470097504
2360020546014
5637191524507
1180010273007
3245028250769
2229936431569
1475012841259
4425038523777
2950025682518
4751189366368
1180010273007
2655023114266
2834632277088
2930189027781
1211140829553
1567421425192
2307768460370
1972564085133
2712050035461
915187790244
2950025682518
3245028250769
4193068468496
2732745143500
1770015409510
2401325057676
885007704755
2950025682518
3540030819021
2425419479395
2655023114266
3593938435308
3581376078080
2950025682518
1726395659290
1475012841259
3245028250769
2065017977762
2091233475228
3193246040832
2065017977762
2974472945073
1808324117431
926037291011
2652917171472
2903534496488
1524987282559
2655023114266
2403399537066
1135918133265
2722305721087
1180010273007
2408739373961
1498932247115
1475012841259
1475012841259
3644956073614
2065017977762
1475012841259
2065017977762
1770015409510
2065017977762
2065017977762
2404929546754
1180010273007
715895798779
2091279337447
2678000973157
2065017977762
885007704755
1475012841259
930031285895
366223078443
1180010273007
0
331915734106
1180010273007
1088493445158
2381098929091
1180010273007
1770015409510
911042422902
885007704755
590005136503
885007704755
1180010273007
1180010273007
885007704755
590005136503
1117964248000
909391417807
295002568251
1180010273007
1180010273007
295002568251
295002568251
590005136503
295002568251
1180010273007
590005136503
1180010273007
1475012841259
1133951002466
1474609168580
1475012841259
295002568251
590005136503
633459547331
249271977781
295002568251
885007704755
1770015409510
1180010273007
610685529290
614615487291
1762650792195
885007704755
295002568251
905531322672
295002568251
1475012841259
295002568251
590005136503
1475012841259
885007704755
590005136503
700907937569
1180010273007
295002568251
388319166764
590005136503
0
590005136503
590005136503
590005136503
1180010273007
295002568251
331489970540
0
590005136503
590005136503
590005136503
1180010273007
1475012841259
0
590005136503
638984939314
325041502731
0
295002568251
590005136503
295002568251
295002568251
295002568251
295002568251
560268259717
20500685255
0
295002568251
295002568251
295002568251
590005136503
295002568251
295002568251
375657165415
0
590005136503
0
1180010273007
580981727461
295002568251
0
590005136503
295002568251
295002568251
1180070066300
74933837926
590005136503
0
295002568251
295002568251
0
0
295002568251
885007704755
590005136503
885007704755
0
885007704755
0
50790104672
333513000651
859648824858
590005136503
1180010273007
295002568251
590005136503
0
0
0
295002568251
0
295002568251
590005136503
295002568251
295002568251
0
0
0
287260787457
0
590005136503
295002568251
295002568251
0
295002568251
0
0
590005136503
295002568251
295002568251
20513888112
295002568251
295002568251
295002568251
0
295002568251
295002568251
0
0
295002568251
199847099559
0
0
295002568251
590005136503
590005136503
0
295002568251
0
295002568251
0
0
0
295002568251
295002568251
0
0
0
0
0
295002568251
295002568251
295002568251
0
108991332746
0
0
295002568251
0
0
0
295002568251
295002568251
0
0
0
0
270800485166
0
295002568251
590005136503
0
590005136503
295002568251
0
295002568251
0
0
0
0
0
0
0
0
0
0
0
0
0
295002568251
0
0
0
0
0
590005136503
0
21253186556
0
0
295002568251
0
0
0
0
0
0
0
295002568251
0
0
0
0
0
0
0
295002568251
0
0
295002568251
124517378912
295002568251
0
0
0
0
326969213775
0
0
0
0
0
0
0
0
0
0
0
0
0
0
0
0
295002568251
0
295002568251
0
295002568251
295002568251
0
0
0
0
0
0
0
0
0
0
295002568251
0
0
0
0
0
0
0
0
0
0
0
0
0
0
0
0
0
0
0
0
0
295002568251
0
0
0
0
295002568251
0
0
0
0
0
0
295002568251
0
0
0
0
0
0
0
0
0
0
0
0
0
0
0
0
0
0
0
0
0
0
295002568251
0
0
0
295002568251
0
0
0
0
0
0
0
0
0
0
0
0
0
0
0
0
0
0
0
0
0
0
0
0
0
0
0
0
0
0
0
0
0
0
0
0
0
0
0
0
0
0
0
0
0
0
0
0
0
0
0
0
0
0
0
0
0
0
0
0
0
0
0
0
0
0
0
0
0
0
0
0
0
0
0
0
0
0
0
0
0
295002568251
0
0
0
0
0
0
0
295002568251
0
0
0
0
0
0
0
0
0
0
0
0
295002568251
0
0
0
0
0
0
0
0
0
0
0
0
0
0
0
0
0
0
0
0
0
0
0
0
0
0
0
0
0
0
0
0
0
0
0
0
0
0
0
0
0
0
0
0
0
0
0
0
0
0
0
0
0
0
0
0
0
0
0
0
0
0
0
0
0
0
0
0
0
0
0
0
0
0
0
0
0
0
0
0
0
0
0
0
0
0
0
0
0
0
0
0
0
0
0
0
0
0
0
0
0
0
295002568251
