1.074241446713990000e+14
9.865844126180800000e+13
9.182322969567800000e+13
8.173829417750600000e+13
7.730858333963900000e+13
7.602424135085900000e+13
6.409490751976400000e+13
6.088221594228700000e+13
5.842947628331500000e+13
5.623971848150800000e+13
5.397098873005500000e+13
4.940143223689800000e+13
4.405875114986000000e+13
4.447043182581500000e+13
4.021425491345000000e+13
3.713780288297400000e+13
3.362030705889300000e+13
3.418611854363100000e+13
3.543940084224900000e+13
2.702739887278600000e+13
2.767675657497300000e+13
2.718565320887500000e+13
2.575144356793000000e+13
2.202867906209900000e+13
2.312730226420900000e+13
1.822670627319300000e+13
2.183966782748300000e+13
1.797164223815800000e+13
1.556700252615400000e+13
1.590968823640000000e+13
1.579614361814200000e+13
1.675142866055400000e+13
1.346661648492100000e+13
1.281322140134000000e+13
1.384210472830900000e+13
1.070666565899200000e+13
1.350773235995700000e+13
1.188084231174900000e+13
1.108778775644000000e+13
1.007381364005700000e+13
1.075763872734100000e+13
8.286887199937000000e+12
1.005354056029500000e+13
8.264150301211000000e+12
7.576230336503000000e+12
8.127792488455000000e+12
8.362146136415000000e+12
7.141772215608000000e+12
6.187620965444000000e+12
6.316125557482000000e+12
5.842830301719000000e+12
6.988773922709000000e+12
6.466838812711000000e+12
5.286654010416000000e+12
6.076985947734000000e+12
5.690227340034000000e+12
4.526717831713000000e+12
3.963317437228000000e+12
4.472817069041000000e+12
4.563771717963000000e+12
4.188367997892000000e+12
5.853931401675000000e+12
3.266889646871000000e+12
3.451588682055000000e+12
3.769066929390000000e+12
4.917916190275000000e+12
3.424165063777000000e+12
3.276448564311000000e+12
3.984677815483000000e+12
2.758365727596000000e+12
3.252667856338000000e+12
2.737197833003000000e+12
2.227729522288000000e+12
2.594504889814000000e+12
2.176931453362000000e+12
2.529169454110000000e+12
2.439278946304000000e+12
2.421750541938000000e+12
1.838773520363000000e+12
2.087267866425000000e+12
2.060032202163000000e+12
1.838307876550000000e+12
1.538732940085000000e+12
1.874338112907000000e+12
1.556133253688000000e+12
1.982345849974000000e+12
1.986673425635000000e+12
1.674795751556000000e+12
1.549012754421000000e+12
2.056644114045000000e+12
1.432154581133000000e+12
1.320635431520000000e+12
1.397441679204000000e+12
1.615504495871000000e+12
1.410697459066000000e+12
6.627989532800000000e+11
1.338335501982000000e+12
1.030114088185000000e+12
1.339682709280000000e+12
1.008242839117000000e+12
1.101440189894000000e+12
9.238922427080000000e+11
1.424204346115000000e+12
1.288684563086000000e+12
1.070396975042000000e+12
1.049851568156000000e+12
9.738628901890000000e+11
1.224311141084000000e+12
7.012361660950000000e+11
7.871354645430000000e+11
6.954534521440000000e+11
7.427551726150000000e+11
9.243022927110000000e+11
4.976763871870000000e+11
5.866369915570000000e+11
8.217306210460000000e+11
2.338842038860000000e+11
8.305474191240000000e+11
2.899750669710000000e+11
5.109902932790000000e+11
6.560156361290000000e+11
5.705034432400000000e+11
6.201645505350000000e+11
5.865949860840000000e+11
5.795860430550000000e+11
3.404283754980000000e+11
5.504989446890000000e+11
4.782608157120000000e+11
3.373117911670000000e+11
3.984748429220000000e+11
3.658838092220000000e+11
2.381502690610000000e+11
3.001391513340000000e+11
3.517476831720000000e+11
5.222439980040000000e+11
2.824520626150000000e+11
3.247518463770000000e+11
3.606459768450000000e+11
3.190143218750000000e+11
3.431079985830000000e+11
2.888967198910000000e+11
2.402670096130000000e+11
2.380099833180000000e+11
3.234657627600000000e+11
4.304006323630000000e+11
3.811935492230000000e+11
2.020143675550000000e+11
4.792868201010000000e+11
3.962109085450000000e+11
1.572802867890000000e+11
3.446542695290000000e+11
2.336629063130000000e+11
2.776001275460000000e+11
2.954538392580000000e+11
1.046821852470000000e+11
4.066164111960000000e+11
4.213812053960000000e+11
1.709779112840000000e+11
1.661885706820000000e+11
2.945419908770000000e+11
2.403921764660000000e+11
1.039286091280000000e+11
2.795070071950000000e+11
1.403823469820000000e+11
3.717321279290000000e+11
2.257843880710000000e+11
2.168152638010000000e+11
1.196338041430000000e+11
1.149259295010000000e+11
5.976248698700000000e+10
7.550345669700000000e+10
1.532167964890000000e+11
