2297658568407328
2021792239602913
1818906768217583
1673856113356609
1529853594720635
1414680218908244
1306862653791930
1222405636446666
1133116635125598
1054588207449604
977091637341453
927373452861415
876566087471663
800660888746983
778757404707899
739110780232200
689548756068233
656239313601068
633491499731900
606003906035875
567685096842449
563586215786727
528311332520636
506918895136460
478445362571836
462719078996497
437971198912353
438315340559115
409371536765228
386917641715522
386792743816126
381155758634986
357529325590845
342165494106819
332775139835452
329534782706897
303743255385526
306131057312871
294947912340693
280716281818943
286810083753830
272141103443056
257499644686676
253809599666551
240951287472408
232790211755597
217810282735036
224190176288945
217685645172042
207379470397237
197542628409276
204013421511821
193302145327077
189131790584659
186869358885407
186265090749434
165252277612008
168310616026207
161649762483984
159831368129664
162874857234512
149391760932078
153545363351842
146697802837564
151001078957042
141435585304832
138276328450694
138069423638248
130018157074511
125886100500301
124415768135729
118117173822124
117199703048885
117036938562169
125486341723200
110172317392894
108091121989904
109070241260300
108016107194254
110779321580699
107037892206198
105973166771490
95434396291711
96914882114481
103809791618995
93286690741231
89934719139879
92938246534447
94221811877656
82464133653489
84331713818398
81910045568086
80726538593809
79500307506811
72489713341055
74426747756721
79195340729216
74048703856598
69628351225885
70640544807746
68189050478748
66734476638338
66780732755282
71032223502277
69814361822916
70440055730222
62982052049081
58581626688728
61417128723964
57662473479796
56165317778684
51802902249815
56589666115527
54338469616813
55444301260553
55498823142180
55256602602657
53073267782925
48830480051071
49366107391894
50656301019381
51696318587184
51111622356561
47124776383032
46126719734284
49559959857452
44548531738939
47695097783108
42800563884839
49736795358547
47128132292261
43136195985180
38421382310140
37880548359552
41459418534580
39498696330867
37812807254223
36606520575408
38257338739572
31583460733471
36694019114059
36405568503850
35998188462631
35144257114944
33727719689852
31840191766650
36100816317298
30300421606754
30997772236138
29725953692482
36640560957749
29304049944405
34041631189714
31518641495874
28411911541593
29700328823391
25217207500175
29455915350472
27869157850336
27855818193087
26298963455549
26201877889672
23080277841206
26700664701924
25972815436255
24269510121784
23101566886102
23463119616011
22606271766108
22221702514557
23309586081941
24666843957391
21190854184569
22031538171426
21149948127096
18763710914974
16852171729491
20894031091669
16921682546362
18850508619598
18461763703645
18436614836381
18773497596362
19913823335347
16837548835166
16540118129453
18619912485252
17609942978520
16868762685112
14770177803272
16191839335318
15863854582458
16379820188539
17263078799763
14969402293851
18458815102221
13058284698751
15164115275682
10641750583628
12705588144617
16352146897684
14261891018649
13366375034348
14468335103717
11965851229230
12190448276403
13735710083379
12912725056479
11525456791615
10402701720459
13264564506411
10874396275877
10765864388758
10125095965673
10861115913733
11191957347035
11530428550164
10179779162646
10568237639531
11157013456735
10424602142571
7441596625803
8816441913464
10896737797631
7382354945447
10580924457392
8467985456142
8752432370872
8900832722337
9542647293971
8130339602672
6933330180148
8170155916988
8398937873412
7936951905391
5685675725095
7296022688828
7468154367021
6770036947626
6733419939377
6408942969934
6120118805652
5914504600575
6601151376049
7144599059392
4768193734312
6392137098797
6132682402558
7257643707896
5804792003189
5323396254347
6394348089380
5882896686200
5991419341820
4180378725713
5670124344889
3846110699323
5062956296158
5364119969156
5706639580077
4303752425560
4691711041689
4529078729419
4659122306344
3362147791071
3841619471511
3435602297120
3881978427576
3884223700330
4232922229942
3389421948534
4295594288304
4825429486548
3581330933076
3455675111582
2820875338816
3286740791311
2546267546373
3917139614274
3268130221522
2884536437459
2910811133079
2187796022619
3861251263374
4298091001194
2124505088156
3139693876486
4147082291180
1601296462368
1462261392941
2174942837848
1119855843127
2735186430260
3876375433476
2653715401786
3808020485614
3158960814832
1907834023614
3227321871970
1685866714302
1245765576416
2920518179272
1898335893696
1731323457212
1878219659846
1452492672391
1317346355925
1885241585688
1412901092148
2316048619204
1347877349287
1474512724542
1692890988577
1091245525749
2302465373200
1405111516470
1789432551455
1322145122475
1699381426966
1489344412671
1705380342995
1268989951425
822521426043
686956001876
870627338588
1985087551803
1321960938843
1179283935723
598485314383
1894167018094
826366061847
1108377781932
1572854831356
1433490567293
1100226091676
1078409648871
276686790226
693984070678
732039271578
422909968725
465122205785
1255768358771
1144407001637
1068049783027
598780141289
611972383714
723823803356
623288555942
554577401952
529354856106
551374752117
724692320790
303779615897
1176418393072
663375040199
789163650310
221522101283
366750672534
368092621315
781449446712
180413826012
500496147690
779512335172
732491276341
577848402781
689218194168
279279175081
315111541292
409163206337
184881894109
36511322502
205129695441
210233801542
349408063829
630143662952
468028000828
165319066387
476874544193
208303303664
234807063800
657144974576
394830113732
203877934064
242144055515
217097473793
163644492289
172627923587
467063434724
235685543421
482284883462
349400023318
199277078764
457638197023
210284176619
851906169895
501360488644
175789666408
164032311137
323156014729
179171408725
18660831873
373476883754
175396371361
21474144792
7066482695
163969388585
25332876080
22065226746
305548920621
320794136944
454193774534
10457481038
22227746555
186259494909
300084325946
7458819164
182751420980
14030004573
321469745274
357208631318
