1.441500
1.472500
1.503500
1.534500
1.565500
1.596500
1.627500
1.658500
1.689500
1.720500
1.751500
1.782500
1.813500
1.844500
1.875500
1.906500
1.937500
1.968500
1.999500
2.030500
2.061500
2.092500
2.123500
2.154500
2.185500
2.216500
2.247500
2.278500
2.309500
2.340500
2.371500
2.402500
2.433500
2.464500
2.495500
2.526500
2.557500
2.588500
2.619500
2.650500
2.681500
2.712500
2.743500
2.774500
2.805500
2.836500
2.867500
2.898500
2.929500
2.960500
2.991500
3.022500
3.053500
3.084500
3.115500
3.146500
3.177500
3.208500
3.239500
3.270500
3.301500
3.332500
3.363500
3.394500
3.425500
3.456500
3.487500
3.518500
3.549500
3.580500
3.611500
3.642500
3.673500
3.704500
3.735500
3.766500
3.797500
3.828500
3.859500
3.890500
3.921500
3.952500
3.983500
4.014500
4.045500
4.076500
4.107500
4.138500
4.169500
4.200500
4.231500
4.262500
4.293500
4.324500
4.355500
4.386500
4.417500
4.448500
4.479500
4.510500
4.541500
4.572500
4.603500
4.634500
4.665500
4.696500
4.727500
4.758500
4.789500
4.820500
4.851500
4.882500
4.913500
4.944500
4.975500
5.006500
5.037500
5.068500
5.099500
5.130500
5.161500
5.192500
5.223500
5.254500
5.285500
5.316500
5.347500
5.378500
5.409500
5.440500
5.471500
5.502500
5.533500
5.564500
5.595500
5.626500
5.657500
5.688500
5.719500
5.750500
5.781500
5.812500
5.843500
5.874500
5.905500
5.936500
5.967500
5.998500
6.029500
6.060500
6.091500
6.122500
6.153500
6.184500
6.215500
6.246500
6.277500
6.308500
6.339500
6.370500
6.401500
6.432500
6.463500
6.494500
6.525500
6.556500
6.587500
6.618500
6.649500
6.680500
6.711500
6.742500
6.773500
6.804500
6.835500
6.866500
6.897500
6.928500
6.959500
6.990500
7.021500
7.052500
7.083500
7.114500
7.145500
7.176500
7.207500
7.238500
7.269500
7.300500
7.331500
7.362500
7.393500
7.424500
7.455500
7.486500
7.517500
7.548500
7.579500
7.610500
7.641500
7.672500
7.703500
7.734500
7.765500
7.796500
7.827500
7.858500
7.889500
7.920500
7.951500
7.982500
8.013500
8.044500
8.075500
8.106500
8.137500
8.168500
8.199500
8.230500
8.261500
8.292500
8.323500
8.354500
8.385500
8.416500
8.447500
8.478500
8.509500
8.540500
8.571500
8.602500
8.633500
8.664500
8.695500
8.726500
8.757500
8.788500
8.819500
8.850500
8.881500
8.912500
8.943500
8.974500
9.005500
9.036500
9.067500
9.098500
9.129500
9.160500
9.191500
9.222500
9.253500
9.284500
9.315500
9.346500
9.377500
9.408500
9.439500
9.470500
9.501500
9.532500
9.563500
9.594500
9.625500
9.656500
9.687500
9.718500
9.749500
9.780500
9.811500
9.842500
9.873500
9.904500
9.935500
9.966500
9.997500
10.028500
10.059500
10.090500
10.121500
10.152500
10.183500
10.214500
10.245500
10.276500
10.307500
10.338500
10.369500
10.400500
10.431500
10.462500
10.493500
10.524500
10.555500
10.586500
10.617500
10.648500
10.679500
10.710500
10.741500
10.772500
10.803500
10.834500
10.865500
10.896500
10.927500
10.958500
10.989500
11.020500
11.051500
11.082500
11.113500
11.144500
11.175500
11.206500
11.237500
11.268500
11.299500
11.330500
11.361500
11.392500
11.423500
11.454500
11.485500
11.516500
11.547500
11.578500
11.609500
11.640500
11.671500
11.702500
11.733500
11.764500
11.795500
11.826500
11.857500
11.888500
11.919500
11.950500
11.981500
12.012500
12.043500
12.074500
12.105500
12.136500
12.167500
12.198500
12.229500
12.260500
12.291500
12.322500
12.353500
12.384500
12.415500
12.446500
12.477500
12.508500
12.539500
12.570500
12.601500
12.632500
12.663500
12.694500
12.725500
12.756500
12.787500
12.818500
12.849500
12.880500
12.911500
12.942500
12.973500
13.004500
13.035500
13.066500
13.097500
13.128500
13.159500
13.190500
13.221500
13.252500
13.283500
13.314500
13.345500
13.376500
13.407500
13.438500
13.469500
13.500500
13.531500
13.562500
13.593500
13.624500
13.655500
13.686500
13.717500
13.748500
13.779500
13.810500
13.841500
13.872500
13.903500
13.934500
13.965500
13.996500
14.027500
14.058500
14.089500
14.120500
14.151500
14.182500
14.213500
14.244500
14.275500
14.306500
14.337500
14.368500
14.399500
14.430500
14.461500
14.492500
14.523500
14.554500
14.585500
14.616500
14.647500
14.678500
14.709500
14.740500
14.771500
14.802500
14.833500
14.864500
14.895500
14.926500
14.957500
14.988500
15.019500
15.050500
15.081500
15.112500
15.143500
15.174500
15.205500
15.236500
15.267500
15.298500
15.329500
15.360500
15.391500
15.422500
15.453500
15.484500
15.515500
15.546500
15.577500
15.608500
15.639500
15.670500
15.701500
15.732500
15.763500
15.794500
15.825500
15.856500
15.887500
