0.000000
0.504000
1.008000
1.512000
2.016000
2.520000
3.024000
3.528000
4.032000
4.536000
5.040000
5.544000
6.048000
6.552000
7.056000
7.560000
8.064000
8.568000
9.072000
9.576000
10.080000
10.584000
11.088000
11.592000
12.096000
12.600000
13.104000
13.608000
14.112000
14.616000
15.120000
15.624000
16.128000
16.632000
17.136000
17.640000
18.144000
18.648000
19.152000
19.656000
20.160000
20.664000
21.168000
21.672000
22.176000
22.680000
23.184000
23.688000
24.192000
24.696000
25.200000
25.704000
26.208000
26.712000
27.216000
27.720000
28.224000
28.728000
29.232000
29.736000
30.240000
30.744000
31.248000
31.752000
32.256000
32.760000
33.264000
33.768000
34.272000
34.776000
35.280000
35.784000
36.288000
36.792000
37.296000
37.800000
38.304000
38.808000
39.312000
39.816000
40.320000
40.824000
41.328000
41.832000
42.336000
42.840000
43.344000
43.848000
44.352000
44.856000
45.360000
45.864000
46.368000
46.872000
47.376000
47.880000
48.384000
48.888000
49.392000
49.896000
50.400000
50.904000
51.408000
51.912000
52.416000
52.920000
53.424000
53.928000
54.432000
54.936000
55.440000
55.944000
56.448000
56.952000
57.456000
57.960000
58.464000
58.968000
59.472000
59.976000
60.480000
60.984000
61.488000
61.992000
62.496000
63.000000
63.504000
64.008000
64.512000
65.016000
65.520000
66.024000
66.528000
67.032000
67.536000
68.040000
68.544000
69.048000
69.552000
70.056000
70.560000
71.064000
71.568000
72.072000
72.576000
73.080000
73.584000
74.088000
74.592000
75.096000
75.600000
76.104000
76.608000
77.112000
77.616000
78.120000
78.624000
79.128000
79.632000
80.136000
80.640000
81.144000
81.648000
82.152000
82.656000
83.160000
83.664000
84.168000
84.672000
85.176000
85.680000
86.184000
86.688000
87.192000
87.696000
88.200000
88.704000
89.208000
89.712000
90.216000
90.720000
91.224000
91.728000
92.232000
92.736000
93.240000
93.744000
94.248000
94.752000
95.256000
95.760000
96.264000
96.768000
97.272000
97.776000
98.280000
98.784000
99.288000
99.792000
100.296000
100.800000
101.304000
101.808000
102.312000
102.816000
103.320000
103.824000
104.328000
104.832000
105.336000
105.840000
106.344000
106.848000
107.352000
107.856000
108.360000
108.864000
109.368000
109.872000
110.376000
110.880000
111.384000
111.888000
112.392000
112.896000
113.400000
113.904000
114.408000
114.912000
115.416000
115.920000
116.424000
116.928000
117.432000
117.936000
118.440000
118.944000
119.448000
119.952000
120.456000
120.960000
121.464000
121.968000
122.472000
122.976000
123.480000
123.984000
124.488000
124.992000
125.496000
126.000000
126.504000
127.008000
127.512000
128.016000
128.520000
129.024000
129.528000
130.032000
130.536000
131.040000
131.544000
132.048000
132.552000
133.056000
133.560000
134.064000
134.568000
135.072000
135.576000
136.080000
136.584000
137.088000
137.592000
138.096000
138.600000
139.104000
139.608000
140.112000
140.616000
141.120000
141.624000
142.128000
142.632000
143.136000
143.640000
144.144000
144.648000
145.152000
145.656000
146.160000
146.664000
147.168000
147.672000
148.176000
148.680000
149.184000
149.688000
150.192000
150.696000
151.200000
151.704000
152.208000
152.712000
153.216000
153.720000
154.224000
154.728000
155.232000
155.736000
156.240000
156.744000
157.248000
157.752000
158.256000
158.760000
159.264000
159.768000
160.272000
160.776000
161.280000
161.784000
162.288000
162.792000
163.296000
163.800000
164.304000
164.808000
165.312000
165.816000
166.320000
166.824000
167.328000
167.832000
168.336000
168.840000
169.344000
169.848000
170.352000
170.856000
171.360000
171.864000
172.368000
172.872000
173.376000
173.880000
174.384000
174.888000
175.392000
175.896000
176.400000
176.904000
177.408000
177.912000
178.416000
178.920000
179.424000
179.928000
180.432000
180.936000
181.440000
181.944000
182.448000
182.952000
183.456000
183.960000
184.464000
184.968000
185.472000
185.976000
186.480000
186.984000
187.488000
187.992000
188.496000
189.000000
189.504000
190.008000
190.512000
191.016000
191.520000
192.024000
192.528000
193.032000
193.536000
194.040000
194.544000
195.048000
195.552000
196.056000
196.560000
197.064000
197.568000
198.072000
198.576000
199.080000
199.584000
200.088000
200.592000
201.096000
201.600000
202.104000
202.608000
203.112000
203.616000
204.120000
204.624000
205.128000
205.632000
206.136000
206.640000
207.144000
207.648000
208.152000
208.656000
209.160000
209.664000
210.168000
210.672000
211.176000
211.680000
212.184000
212.688000
213.192000
213.696000
214.200000
214.704000
215.208000
215.712000
216.216000
216.720000
217.224000
217.728000
218.232000
218.736000
219.240000
219.744000
220.248000
220.752000
221.256000
221.760000
222.264000
222.768000
223.272000
223.776000
224.280000
224.784000
225.288000
225.792000
226.296000
226.800000
227.304000
227.808000
228.312000
228.816000
229.320000
229.824000
230.328000
230.832000
231.336000
231.840000
232.344000
232.848000
233.352000
233.856000
234.360000
234.864000
235.368000
235.872000
236.376000
236.880000
237.384000
237.888000
238.392000
238.896000
239.400000
239.904000
240.408000
240.912000
241.416000
241.920000
242.424000
242.928000
243.432000
243.936000
244.440000
244.944000
245.448000
245.952000
246.456000
246.960000
247.464000
247.968000
248.472000
248.976000
249.480000
249.984000
250.488000
250.992000
251.496000
252.000000
252.504000
253.008000
253.512000
254.016000
254.520000
255.024000
255.528000
256.032000
256.536000
257.040000
257.544000
258.048000
258.552000
259.056000
259.560000
260.064000
260.568000
261.072000
261.576000
262.080000
262.584000
263.088000
263.592000
264.096000
264.600000
265.104000
265.608000
266.112000
266.616000
267.120000
267.624000
268.128000
268.632000
269.136000
269.640000
270.144000
270.648000
271.152000
271.656000
272.160000
272.664000
273.168000
273.672000
274.176000
274.680000
275.184000
275.688000
276.192000
276.696000
277.200000
277.704000
278.208000
278.712000
279.216000
279.720000
280.224000
280.728000
281.232000
281.736000
282.240000
282.744000
283.248000
283.752000
284.256000
284.760000
285.264000
285.768000
286.272000
286.776000
287.280000
287.784000
288.288000
288.792000
289.296000
289.800000
290.304000
290.808000
291.312000
291.816000
292.320000
292.824000
293.328000
293.832000
294.336000
294.840000
295.344000
295.848000
296.352000
296.856000
297.360000
297.864000
298.368000
298.872000
299.376000
299.880000
300.384000
300.888000
301.392000
301.896000
302.400000
302.904000
303.408000
303.912000
304.416000
304.920000
305.424000
305.928000
306.432000
306.936000
307.440000
307.944000
308.448000
308.952000
309.456000
309.960000
310.464000
310.968000
311.472000
311.976000
312.480000
312.984000
313.488000
313.992000
314.496000
315.000000
315.504000
316.008000
316.512000
317.016000
317.520000
318.024000
318.528000
319.032000
319.536000
320.040000
320.544000
321.048000
321.552000
322.056000
322.560000
323.064000
323.568000
324.072000
324.576000
325.080000
325.584000
326.088000
326.592000
327.096000
327.600000
328.104000
328.608000
329.112000
329.616000
330.120000
330.624000
331.128000
331.632000
332.136000
332.640000
333.144000
333.648000
334.152000
334.656000
335.160000
335.664000
336.168000
336.672000
337.176000
337.680000
338.184000
338.688000
339.192000
339.696000
340.200000
340.704000
341.208000
341.712000
342.216000
342.720000
343.224000
343.728000
344.232000
344.736000
345.240000
345.744000
346.248000
346.752000
347.256000
347.760000
348.264000
348.768000
349.272000
349.776000
350.280000
350.784000
351.288000
351.792000
352.296000
352.800000
353.304000
353.808000
354.312000
354.816000
355.320000
355.824000
356.328000
356.832000
357.336000
357.840000
358.344000
358.848000
359.352000
359.856000
360.360000
360.864000
361.368000
361.872000
362.376000
362.880000
363.384000
363.888000
364.392000
364.896000
365.400000
365.904000
366.408000
366.912000
367.416000
367.920000
368.424000
368.928000
369.432000
369.936000
370.440000
370.944000
371.448000
371.952000
372.456000
372.960000
373.464000
373.968000
374.472000
374.976000
375.480000
375.984000
376.488000
376.992000
377.496000
378.000000
378.504000
379.008000
379.512000
380.016000
380.520000
381.024000
381.528000
382.032000
382.536000
383.040000
383.544000
384.048000
384.552000
385.056000
385.560000
386.064000
386.568000
387.072000
387.576000
388.080000
388.584000
389.088000
389.592000
390.096000
390.600000
391.104000
391.608000
392.112000
392.616000
393.120000
393.624000
394.128000
394.632000
395.136000
395.640000
396.144000
396.648000
397.152000
397.656000
398.160000
398.664000
399.168000
399.672000
400.176000
400.680000
401.184000
401.688000
402.192000
402.696000
403.200000
403.704000
404.208000
404.712000
405.216000
405.720000
406.224000
406.728000
407.232000
407.736000
408.240000
408.744000
409.248000
409.752000
410.256000
410.760000
411.264000
411.768000
412.272000
412.776000
413.280000
413.784000
414.288000
414.792000
415.296000
415.800000
416.304000
416.808000
417.312000
417.816000
418.320000
418.824000
419.328000
419.832000
420.336000
420.840000
421.344000
421.848000
422.352000
422.856000
423.360000
423.864000
424.368000
424.872000
425.376000
425.880000
426.384000
426.888000
427.392000
427.896000
428.400000
428.904000
429.408000
429.912000
430.416000
430.920000
431.424000
431.928000
432.432000
432.936000
433.440000
433.944000
434.448000
434.952000
435.456000
435.960000
436.464000
436.968000
437.472000
437.976000
438.480000
438.984000
439.488000
439.992000
440.496000
441.000000
441.504000
442.008000
442.512000
443.016000
443.520000
444.024000
444.528000
445.032000
445.536000
446.040000
446.544000
447.048000
447.552000
448.056000
448.560000
449.064000
449.568000
450.072000
450.576000
451.080000
451.584000
452.088000
452.592000
453.096000
453.600000
454.104000
454.608000
455.112000
455.616000
456.120000
456.624000
457.128000
457.632000
458.136000
458.640000
459.144000
459.648000
460.152000
460.656000
461.160000
461.664000
462.168000
462.672000
463.176000
463.680000
464.184000
464.688000
465.192000
465.696000
466.200000
466.704000
467.208000
467.712000
468.216000
468.720000
469.224000
469.728000
470.232000
470.736000
471.240000
471.744000
472.248000
472.752000
473.256000
473.760000
474.264000
474.768000
475.272000
475.776000
476.280000
476.784000
477.288000
477.792000
478.296000
478.800000
479.304000
479.808000
480.312000
480.816000
481.320000
481.824000
482.328000
482.832000
483.336000
483.840000
484.344000
484.848000
485.352000
485.856000
486.360000
486.864000
487.368000
487.872000
488.376000
488.880000
489.384000
489.888000
490.392000
490.896000
491.400000
491.904000
492.408000
492.912000
493.416000
493.920000
494.424000
494.928000
495.432000
495.936000
496.440000
496.944000
497.448000
497.952000
498.456000
498.960000
499.464000
499.968000
500.472000
500.976000
501.480000
501.984000
502.488000
502.992000
503.496000
504.000000
