955521283331499
881118913603765
802116350311732
756778567948815
702852811249411
668763358365981
622007052042380
592049872546953
554890748081331
537865860001188
508828633318213
469252110645654
475753545656068
450556553422041
431597374093748
416290347669981
401957452324026
404504358523711
385635580749072
371183423652030
372470707247354
357003838479423
339403930646731
337951414004466
316791213526991
326141086413874
318508020233916
310524551293394
307675980396804
314878852092102
301983973328502
285038927280868
276913036473701
277471388463516
270719288942996
272350869344069
253534512701580
248931088005936
254572206047588
240085346423054
243793048283885
238105400928329
233697529679814
226302517498212
218583096843594
216257641659697
213483087363482
203618933128495
196536699699546
199149224477959
192858208802257
191141835925970
182324353139449
184260954850231
177670341664133
178533536615340
176052235396445
171912401366313
174871527404711
162229234853466
161260732962144
158533315070770
163771568155956
148095840221556
155341159233695
145465911093213
146715848736365
140604851767415
132263855166184
143903921051404
137626129993831
138299545704320
132946729919567
132872886998665
124601723892806
129883487639046
127399807410179
122335240881023
123882805563139
116716002961219
113839287642289
117495451769724
112042537684620
113442009621499
103617604786284
108031844311877
106727798178534
101089433615853
101435951456124
102148636191540
101026529170474
97989927939943
94964764514917
96636173640485
93241409952351
90193507042908
88942077401981
90887172882837
89569681476511
88293694781194
90287212340364
89874394085082
89366354343195
83582020635790
82074056218131
78930135368853
81737490952847
76724365613868
77587867428987
74963546014476
76316675517534
76176825095324
69049446888932
73237875949109
71317706127482
70692251524526
67947602196678
62183047079891
66721097541732
68232259444065
64313587550343
64504413489310
64312052350760
61613703458895
59832603214426
64688671074258
61948205904080
57458285138126
54997852107787
57227158937110
57780940154921
55621302321988
53408072147331
55631210996694
54194200027144
48977342688215
54010238329729
48822312744963
50223488922262
46432940094040
48668137291021
46829122860006
44744801324330
45015087083633
41691546541141
42641028211552
43018324699585
43930805549097
42442368714306
39651994023685
38556261071915
40563973844069
39156732412654
39714455168610
37795418142043
38026366145707
37402595818510
36171652789628
34169193393890
31332602861714
33524750445964
30965328910858
33175082411587
31797414272339
30474118934712
32183686360979
28887001959352
29083184148424
30066070432753
29908090402332
28159374606769
27299177917963
27543306777837
27837410084694
27209448622313
26537290448747
27369754926957
26064189482062
25239718347959
26386672347567
24258503054307
24531981463127
24680481947537
23348860375932
21129498567601
22851123312582
21504271827433
22954251887081
22659234892680
22228675717360
22937263834295
20403222976195
19893287028782
20580444064494
17496285319000
20970262732723
17465195567493
19124100444339
19405295064351
19432890251624
17777211807466
19348207748460
15335673965324
14856044576755
16709620564584
18956954331034
18948366033539
17473367446847
17660389374117
16396110277727
17141624369488
17967916479591
17325379389084
15625536567424
15346519101757
16725539547295
18666331722325
17004967492884
17068343288661
17860135431403
16718888796747
18809940406064
17182879785275
13789669612077
16298802281051
16487048398120
15335380545385
14589258283724
14273892434921
14646275469386
13363697225564
17138107191847
14484570886370
13394638416564
12799458739265
15263517818364
13595981115183
13293224445527
12765226666373
13005945097492
13318402649749
13049452255316
12259857903942
13669038688309
11409768916324
13181315703227
12706830683432
11328989456707
11997713360824
13379282676861
11936630700433
13034334583179
10821509101109
11516550223086
9481098814670
10195556321942
10046719344383
10595196957295
12713711959364
10717627673364
10714660874673
11422914421374
10553307490840
11313764180626
10082577163176
11066012065240
8886830033927
11584106668080
11325913433302
9681516294514
9992503442504
11138377706606
11568985682501
8686960215548
10648025826986
9411013866950
7944612078164
11961964262825
8743815131857
8183360178507
9705436813527
7688463703707
7753102485317
9455166965904
6974198369044
8600394445563
9503434195171
7522284324451
8598360401517
7684896732197
10849518754190
9366272120195
8114590736972
9329654762740
8073796956933
7656820352515
7293834272865
6360026036855
7817733573855
7296125750442
6656586940412
8456131446293
6904401587189
6308385091150
7128186541087
6604706110647
6015148079627
6730545516288
7078515760928
6624553024824
7458824387303
7190363210569
8683469774643
7711300019871
8281000972772
6380454850368
7487015420936
6914283052592
6756000171143
8038888644793
5473282389168
7088525062981
6378600256338
6047687121254
6859800354994
6570108924726
6459192770595
7161921672074
4725545819146
6563094460122
5573650748730
6024184444021
4295911568801
5185967601987
6511417161589
5482708759505
6103936743536
5749182462651
5122483161820
4762023796397
5376382179983
7142967321124
4137098528831
5829657904364
5786708693601
4452687590918
4970677028287
6075131990210
4559280915945
5641941851501
5618905093763
5017698866186
4770980643722
5881057985024
4407689859770
4842546100825
4357930527505
6352240745240
4029426668429
4273194965459
4513983526638
4228178020751
4850539306762
4666321830656
4902084403418
3791817843400
4351751869301
4494459160873
4073681969829
5609620953670
4194757011540
5021331336464
4674830908637
4956415300413
4373661168584
3605662150981
4142945245809
3813616449458
3312083336363
3520731596219
3792167972281
2960905325650
4339758261546
3773419154395
5377111917545
3381140815953
3952578344215
4203914555554
3189195325317
3421910604823
5307654063198
2783485341479
3420588037932
3640250516645
3326573037520
3964638047784
3788888220776
4090612444974
3083951274851
3434687824972
3888826200517
3925225400547
2742382031824
3164683001179
3381490644830
2749815015169
2629024034880
3462541501541
2340853631215
3731289296009
2847531752687
4442401088640
2549577929488
3088128102012
3542227122737
3177640789850
3288543332724
2798037281373
2994653078320
2564927837447
3461261094214
2340012193182
2562656103016
3840532124288
3117582866012
3030937788806
3545099886192
2978240236281
3066832194637
3975341566330
2214736515831
2743349175975
2969999622350
2750406093584
1862659120647
2891633434852
2333275003536
2908065513313
3027087407324
3043475407796
2620231520735
3889129485476
2118501514530
2658499363733
2069861828081
3582652949553
2524088592061
4115568481835
2411228000875
2906718938657
2178127057331
3487965666346
2214477921395
2894750310001
3676609857676
2856413082633
2133184561170
2320672826204
1787209182530
1990219037803
2801888046277
3381745889884
3176693886911
2794251209417
2081195236279
2367083745577
2639703084844
2798083834017
2114816890497
2773459479792
2590838329426
2566945151947
1911087894192
2984849038728
2133657151036
2685103570746
1594575387439
1505402464359
2106294167609
2581436050175
1589893373321
2441997229444
1900914488908
2227828639549
2254308134115
1625741592153
1914043745613
1781290241745
2038053299009
2192449017662
1326173918163
1744451299602
1701793237126
2184454606870
1575966197588
2327842205824
1637917258565
2092598978673
2493252166715
2068873239031
2032205125333
2056291782852
1605415771473
1259606668862
2324201255529
1620180252327
1796365103329
1506972871542
2410882820139
1969667990646
2215421402677
1379058993776
1563137300529
2578722182912
2446338468420
1432034740292
1145798144688
2424156280136
2218228007656
2037108715084
1267981254071
2809266861775
1728210085725
1936824749565
1988955691357
1238732945283
1879025623589
1633541705030
1593884963439
1459301387043
1636041499948
1523247400362
1381658532050
1137612523007
1750476752048
1520579644149
1639242818615
1351766659836
1482285771273
1545556712397
936793396304
1611408553697
2071810423780
1347214910223
1113365657101
1692036128400
1354435653577
1187446431335
1293441185896
771842298115
1093607633689
1246818489533
846710803597
1197182915334
1257597409872
1881752162009
811414045651
1633535119178
617580057333
1073276902584
1527961729630
1438058108099
928005437971
1217826936363
1233154986837
1340592737114
887868876884
1333430205627
1008271086436
827057279418
1320420940245
577764266812
1216057849895
736780557467
1005807522117
873437726801
522742989760
740651741087
695691427368
1224758984366
665915083268
683814765834
1245588642158
550657738173
941819046087
960750518352
998032439578
729489165051
1037406080908
1067855411582
1256096399136
965350108403
622752359391
1054414123073
974176704338
883909968774
1428182111327
844980487241
869646016869
1078806674175
826741951266
732195463609
741227934231
631210540255
840322664631
1121145339558
1304545813962
1011537933306
278922882938
943191786138
406366268247
989866461889
494602691736
575689349453
730315505087
673058634259
1295751084104
1285987387568
726036659022
906328779111
943523850688
718496088104
825305467693
1200741147325
960380286379
1450774889521
1016569479481
514356809872
935218033869
804691873269
475952273365
834582844575
837636627858
573436021830
1005863199023
1260209870751
411002220877
532462943148
719593495650
375320276180
1142851637642
700980476538
663991029406
635896163110
451282342730
789193136262
1037746162679
571017874068
499318513354
309636824971
598341421298
678560306253
520180502549
862038502168
457050685913
537164148308
486095852047
745005388046
634013397733
558258344186
531134545337
409579082238
1011168084140
725155904913
852430791440
708397647453
187419635304
530714219575
268007071827
519845301613
512246004822
1018619843695
515352639913
520603073705
677759361333
480926525383
917068923898
723996354964
581954311660
434980635601
669015612419
338425342935
416237966539
777520477031
306704495695
412648509673
398069142728
427182451237
575664219650
469877425064
565368497629
404340340330
295695742555
266595636527
374999673072
238294974150
983682070759
619561190186
546894530944
361838169306
574456935757
329584381054
583427378749
644010619228
562537470970
207783781477
492994376033
346129804889
504755703423
434534270457
232886994105
516890961492
636960870736
260771112634
430483483373
360423802944
431778326460
193777387573
415371893019
156954286780
199840769294
227436751687
42785379758
287291372853
59521773583
369499658934
280950164714
100547909380
124648199619
107363401044
169089384409
161800534800
253944304908
247878174412
273060684556
187572156348
182068652612
118431214495
149832408624
180220704079
506577297248
75001748917
425329083507
168278535513
447349534549
254913731355
115543669837
152572263490
8497625375
196975080496
309666218524
96283200732
202955199063
329921340211
385617791529
127487822115
62430993580
106433553999
64017789907
320911015608
109793904458
245370695333
98663871038
142818561377
76634937550
4538292016
92882342232
8371451799
262277382796
229404163505
132321983015
280696577863
44700226874
126965639676
104737621949
215231834247
36444118746
44321265565
144403766438
149041670462
237700545651
161536027976
50864252385
159988152000
240784223404
52594835846
171997636424
19157120295
82634285228
74469873452
38951773265
33474116348
5377123761
40360539948
10280160339
243839783835
151867827353
48969668730
77582618726
165233811029
103630827513
15707447278
180475992518
274499268137
117809643970
109008106404
3162552124
163423727265
152182048197
57093664929
81817249313
21902599387
33249839074
26596709851
8334835703
