0.000000
0.929000
1.858000
2.787000
3.716000
4.645000
5.574000
6.503000
7.432000
8.361000
9.290000
10.219000
11.148000
12.077000
13.006000
13.935000
14.864000
15.793000
16.722000
17.651000
18.580000
19.509000
20.438000
21.367000
22.296000
23.225000
24.154000
25.083000
26.012000
26.941000
27.870000
28.799000
29.728000
30.657000
31.586000
32.515000
33.444000
34.373000
35.302000
36.231000
37.160000
38.089000
39.018000
39.947000
40.876000
41.805000
42.734000
43.663000
44.592000
45.521000
46.450000
47.379000
48.308000
49.237000
50.166000
51.095000
52.024000
52.953000
53.882000
54.811000
55.740000
56.669000
57.598000
58.527000
59.456000
60.385000
61.314000
62.243000
63.172000
64.101000
65.030000
65.959000
66.888000
67.817000
68.746000
69.675000
70.604000
71.533000
72.462000
73.391000
74.320000
75.249000
76.178000
77.107000
78.036000
78.965000
79.894000
80.823000
81.752000
82.681000
83.610000
84.539000
85.468000
86.397000
87.326000
88.255000
89.184000
90.113000
91.042000
91.971000
92.900000
93.829000
94.758000
95.687000
96.616000
97.545000
98.474000
99.403000
100.332000
101.261000
102.190000
103.119000
104.048000
104.977000
105.906000
106.835000
107.764000
108.693000
109.622000
110.551000
111.480000
112.409000
113.338000
114.267000
115.196000
116.125000
117.054000
117.983000
118.912000
119.841000
120.770000
121.699000
122.628000
123.557000
124.486000
125.415000
126.344000
127.273000
128.202000
129.131000
130.060000
130.989000
131.918000
132.847000
133.776000
134.705000
135.634000
136.563000
137.492000
138.421000
139.350000
140.279000
141.208000
142.137000
143.066000
143.995000
144.924000
145.853000
146.782000
147.711000
148.640000
149.569000
150.498000
151.427000
152.356000
153.285000
154.214000
155.143000
156.072000
157.001000
157.930000
158.859000
159.788000
160.717000
161.646000
162.575000
163.504000
164.433000
165.362000
166.291000
167.220000
168.149000
169.078000
170.007000
170.936000
171.865000
172.794000
173.723000
174.652000
175.581000
176.510000
177.439000
178.368000
179.297000
180.226000
181.155000
182.084000
183.013000
183.942000
184.871000
185.800000
186.729000
187.658000
188.587000
189.516000
190.445000
191.374000
192.303000
193.232000
194.161000
195.090000
196.019000
196.948000
197.877000
198.806000
199.735000
200.664000
201.593000
202.522000
203.451000
204.380000
205.309000
206.238000
207.167000
208.096000
209.025000
209.954000
210.883000
211.812000
212.741000
213.670000
214.599000
215.528000
216.457000
217.386000
218.315000
219.244000
220.173000
221.102000
222.031000
222.960000
223.889000
224.818000
225.747000
226.676000
227.605000
228.534000
229.463000
230.392000
231.321000
232.250000
233.179000
234.108000
235.037000
235.966000
236.895000
237.824000
238.753000
239.682000
240.611000
241.540000
242.469000
243.398000
244.327000
245.256000
246.185000
247.114000
248.043000
248.972000
249.901000
250.830000
251.759000
252.688000
253.617000
254.546000
255.475000
256.404000
257.333000
258.262000
259.191000
260.120000
261.049000
261.978000
262.907000
263.836000
264.765000
265.694000
266.623000
267.552000
268.481000
269.410000
270.339000
271.268000
272.197000
273.126000
274.055000
274.984000
275.913000
276.842000
277.771000
278.700000
279.629000
280.558000
281.487000
282.416000
283.345000
284.274000
285.203000
286.132000
287.061000
287.990000
288.919000
289.848000
290.777000
291.706000
292.635000
293.564000
294.493000
295.422000
296.351000
297.280000
298.209000
299.138000
300.067000
300.996000
301.925000
302.854000
303.783000
304.712000
305.641000
306.570000
307.499000
308.428000
309.357000
310.286000
311.215000
312.144000
313.073000
314.002000
314.931000
315.860000
316.789000
317.718000
318.647000
319.576000
320.505000
321.434000
322.363000
323.292000
324.221000
325.150000
326.079000
327.008000
327.937000
328.866000
329.795000
330.724000
331.653000
332.582000
333.511000
334.440000
335.369000
336.298000
337.227000
338.156000
339.085000
340.014000
340.943000
341.872000
342.801000
343.730000
344.659000
345.588000
346.517000
347.446000
348.375000
349.304000
350.233000
351.162000
352.091000
353.020000
353.949000
354.878000
355.807000
356.736000
357.665000
358.594000
359.523000
360.452000
361.381000
362.310000
363.239000
364.168000
365.097000
366.026000
366.955000
367.884000
368.813000
369.742000
370.671000
371.600000
372.529000
373.458000
374.387000
375.316000
376.245000
377.174000
378.103000
379.032000
379.961000
380.890000
381.819000
382.748000
383.677000
384.606000
385.535000
386.464000
387.393000
388.322000
389.251000
390.180000
391.109000
392.038000
392.967000
393.896000
394.825000
395.754000
396.683000
397.612000
398.541000
399.470000
400.399000
401.328000
402.257000
403.186000
404.115000
405.044000
405.973000
406.902000
407.831000
408.760000
409.689000
410.618000
411.547000
412.476000
413.405000
414.334000
415.263000
416.192000
417.121000
418.050000
418.979000
419.908000
420.837000
421.766000
422.695000
423.624000
424.553000
425.482000
426.411000
427.340000
428.269000
429.198000
430.127000
431.056000
431.985000
432.914000
433.843000
434.772000
435.701000
436.630000
437.559000
438.488000
439.417000
440.346000
441.275000
442.204000
443.133000
444.062000
444.991000
445.920000
446.849000
447.778000
448.707000
449.636000
450.565000
451.494000
452.423000
453.352000
454.281000
455.210000
456.139000
457.068000
457.997000
458.926000
459.855000
460.784000
461.713000
462.642000
463.571000
464.500000
465.429000
466.358000
467.287000
468.216000
469.145000
470.074000
471.003000
471.932000
472.861000
473.790000
474.719000
475.648000
476.577000
477.506000
478.435000
479.364000
480.293000
481.222000
482.151000
483.080000
484.009000
484.938000
485.867000
486.796000
487.725000
488.654000
489.583000
490.512000
491.441000
492.370000
493.299000
494.228000
495.157000
496.086000
497.015000
497.944000
498.873000
499.802000
500.731000
501.660000
502.589000
503.518000
504.447000
505.376000
506.305000
507.234000
508.163000
509.092000
510.021000
510.950000
511.879000
512.808000
513.737000
514.666000
515.595000
516.524000
517.453000
518.382000
519.311000
520.240000
521.169000
522.098000
523.027000
523.956000
524.885000
525.814000
526.743000
527.672000
528.601000
529.530000
530.459000
531.388000
532.317000
533.246000
534.175000
535.104000
536.033000
536.962000
537.891000
538.820000
539.749000
540.678000
541.607000
542.536000
543.465000
544.394000
545.323000
546.252000
547.181000
548.110000
549.039000
549.968000
550.897000
551.826000
552.755000
553.684000
554.613000
555.542000
556.471000
557.400000
558.329000
559.258000
560.187000
561.116000
562.045000
562.974000
563.903000
564.832000
565.761000
566.690000
567.619000
568.548000
569.477000
570.406000
571.335000
572.264000
573.193000
574.122000
575.051000
575.980000
576.909000
577.838000
578.767000
579.696000
580.625000
581.554000
582.483000
583.412000
584.341000
585.270000
586.199000
587.128000
588.057000
588.986000
589.915000
590.844000
591.773000
592.702000
593.631000
594.560000
595.489000
596.418000
597.347000
598.276000
599.205000
600.134000
601.063000
601.992000
602.921000
603.850000
604.779000
605.708000
606.637000
607.566000
608.495000
609.424000
610.353000
611.282000
612.211000
613.140000
614.069000
614.998000
615.927000
616.856000
617.785000
618.714000
619.643000
620.572000
621.501000
622.430000
623.359000
624.288000
625.217000
626.146000
627.075000
628.004000
628.933000
629.862000
630.791000
631.720000
632.649000
633.578000
634.507000
635.436000
636.365000
637.294000
638.223000
639.152000
640.081000
641.010000
641.939000
642.868000
643.797000
644.726000
645.655000
646.584000
647.513000
648.442000
649.371000
650.300000
651.229000
652.158000
653.087000
654.016000
654.945000
655.874000
656.803000
657.732000
658.661000
659.590000
660.519000
661.448000
662.377000
663.306000
664.235000
665.164000
666.093000
667.022000
667.951000
668.880000
669.809000
670.738000
671.667000
672.596000
673.525000
674.454000
675.383000
676.312000
677.241000
678.170000
679.099000
680.028000
680.957000
681.886000
682.815000
683.744000
684.673000
685.602000
686.531000
687.460000
688.389000
689.318000
690.247000
691.176000
692.105000
693.034000
693.963000
694.892000
695.821000
696.750000
697.679000
698.608000
699.537000
700.466000
701.395000
702.324000
703.253000
704.182000
705.111000
706.040000
706.969000
707.898000
708.827000
709.756000
710.685000
711.614000
712.543000
713.472000
714.401000
715.330000
716.259000
717.188000
718.117000
719.046000
719.975000
720.904000
721.833000
722.762000
723.691000
724.620000
725.549000
726.478000
727.407000
728.336000
729.265000
730.194000
731.123000
732.052000
732.981000
733.910000
734.839000
735.768000
736.697000
737.626000
738.555000
739.484000
740.413000
741.342000
742.271000
743.200000
744.129000
745.058000
745.987000
746.916000
747.845000
748.774000
749.703000
750.632000
751.561000
752.490000
753.419000
754.348000
755.277000
756.206000
757.135000
758.064000
758.993000
759.922000
760.851000
761.780000
762.709000
763.638000
764.567000
765.496000
766.425000
767.354000
768.283000
769.212000
770.141000
771.070000
771.999000
772.928000
773.857000
774.786000
775.715000
776.644000
777.573000
778.502000
779.431000
780.360000
781.289000
782.218000
783.147000
784.076000
785.005000
785.934000
786.863000
787.792000
788.721000
789.650000
790.579000
791.508000
792.437000
793.366000
794.295000
795.224000
796.153000
797.082000
798.011000
798.940000
799.869000
800.798000
801.727000
802.656000
803.585000
804.514000
805.443000
806.372000
807.301000
808.230000
809.159000
810.088000
811.017000
811.946000
812.875000
813.804000
814.733000
815.662000
816.591000
817.520000
818.449000
819.378000
820.307000
821.236000
822.165000
823.094000
824.023000
824.952000
825.881000
826.810000
827.739000
828.668000
829.597000
830.526000
831.455000
832.384000
833.313000
834.242000
835.171000
836.100000
837.029000
837.958000
838.887000
839.816000
840.745000
841.674000
842.603000
843.532000
844.461000
845.390000
846.319000
847.248000
848.177000
849.106000
850.035000
850.964000
851.893000
852.822000
853.751000
854.680000
855.609000
856.538000
857.467000
858.396000
859.325000
860.254000
861.183000
862.112000
863.041000
863.970000
864.899000
865.828000
866.757000
867.686000
868.615000
869.544000
870.473000
871.402000
872.331000
873.260000
874.189000
875.118000
876.047000
876.976000
877.905000
878.834000
879.763000
880.692000
881.621000
882.550000
883.479000
884.408000
885.337000
886.266000
887.195000
888.124000
889.053000
889.982000
890.911000
891.840000
892.769000
893.698000
894.627000
895.556000
896.485000
897.414000
898.343000
899.272000
900.201000
901.130000
902.059000
902.988000
903.917000
904.846000
905.775000
906.704000
907.633000
908.562000
909.491000
910.420000
911.349000
912.278000
913.207000
914.136000
915.065000
915.994000
916.923000
917.852000
918.781000
919.710000
920.639000
921.568000
922.497000
923.426000
924.355000
925.284000
926.213000
927.142000
928.071000
929.000000
