19.235500
20.476500
21.717500
22.958500
24.199500
25.440500
26.681500
27.922500
29.163500
30.404500
31.645500
32.886500
34.127500
35.368500
36.609500
37.850500
39.091500
40.332500
41.573500
42.814500
44.055500
45.296500
46.537500
47.778500
49.019500
50.260500
51.501500
52.742500
53.983500
55.224500
56.465500
57.706500
58.947500
60.188500
61.429500
62.670500
63.911500
65.152500
66.393500
67.634500
68.875500
70.116500
71.357500
72.598500
73.839500
75.080500
76.321500
77.562500
78.803500
80.044500
81.285500
82.526500
83.767500
85.008500
86.249500
87.490500
88.731500
89.972500
91.213500
92.454500
93.695500
94.936500
96.177500
97.418500
98.659500
99.900500
101.141500
102.382500
103.623500
104.864500
106.105500
107.346500
108.587500
109.828500
111.069500
112.310500
113.551500
114.792500
116.033500
117.274500
118.515500
119.756500
120.997500
122.238500
123.479500
124.720500
125.961500
127.202500
128.443500
129.684500
130.925500
132.166500
133.407500
134.648500
135.889500
137.130500
138.371500
139.612500
140.853500
142.094500
143.335500
144.576500
145.817500
147.058500
148.299500
149.540500
150.781500
152.022500
153.263500
154.504500
155.745500
156.986500
158.227500
159.468500
160.709500
161.950500
163.191500
164.432500
165.673500
166.914500
168.155500
169.396500
170.637500
171.878500
173.119500
174.360500
175.601500
176.842500
178.083500
179.324500
180.565500
181.806500
183.047500
184.288500
185.529500
186.770500
188.011500
189.252500
190.493500
191.734500
192.975500
194.216500
195.457500
196.698500
197.939500
199.180500
200.421500
201.662500
202.903500
204.144500
205.385500
206.626500
207.867500
209.108500
210.349500
211.590500
212.831500
214.072500
215.313500
216.554500
217.795500
219.036500
220.277500
221.518500
222.759500
224.000500
225.241500
226.482500
227.723500
228.964500
230.205500
231.446500
232.687500
233.928500
235.169500
236.410500
237.651500
238.892500
240.133500
241.374500
242.615500
243.856500
245.097500
246.338500
247.579500
248.820500
250.061500
251.302500
252.543500
253.784500
255.025500
256.266500
257.507500
258.748500
259.989500
261.230500
262.471500
263.712500
264.953500
266.194500
267.435500
268.676500
269.917500
271.158500
272.399500
273.640500
274.881500
276.122500
277.363500
278.604500
279.845500
281.086500
282.327500
283.568500
284.809500
286.050500
287.291500
288.532500
289.773500
291.014500
292.255500
293.496500
294.737500
295.978500
297.219500
298.460500
299.701500
300.942500
302.183500
303.424500
304.665500
305.906500
307.147500
308.388500
309.629500
310.870500
312.111500
313.352500
314.593500
315.834500
317.075500
318.316500
319.557500
320.798500
322.039500
323.280500
324.521500
325.762500
327.003500
328.244500
329.485500
330.726500
331.967500
333.208500
334.449500
335.690500
336.931500
338.172500
339.413500
340.654500
341.895500
343.136500
344.377500
345.618500
346.859500
348.100500
349.341500
350.582500
351.823500
353.064500
354.305500
355.546500
356.787500
358.028500
359.269500
360.510500
361.751500
362.992500
364.233500
365.474500
366.715500
367.956500
369.197500
370.438500
371.679500
372.920500
374.161500
375.402500
376.643500
377.884500
379.125500
380.366500
381.607500
382.848500
384.089500
385.330500
386.571500
387.812500
389.053500
390.294500
391.535500
392.776500
394.017500
395.258500
396.499500
397.740500
398.981500
400.222500
401.463500
402.704500
403.945500
405.186500
406.427500
407.668500
408.909500
410.150500
411.391500
412.632500
413.873500
415.114500
416.355500
417.596500
418.837500
420.078500
421.319500
422.560500
423.801500
425.042500
426.283500
427.524500
428.765500
430.006500
431.247500
432.488500
433.729500
434.970500
436.211500
437.452500
438.693500
439.934500
441.175500
442.416500
443.657500
444.898500
446.139500
447.380500
448.621500
449.862500
451.103500
452.344500
453.585500
454.826500
456.067500
457.308500
458.549500
459.790500
461.031500
462.272500
463.513500
464.754500
465.995500
467.236500
468.477500
469.718500
470.959500
472.200500
473.441500
474.682500
475.923500
477.164500
478.405500
479.646500
480.887500
482.128500
483.369500
484.610500
485.851500
487.092500
488.333500
489.574500
490.815500
492.056500
493.297500
494.538500
495.779500
497.020500
498.261500
499.502500
500.743500
501.984500
503.225500
504.466500
505.707500
506.948500
508.189500
509.430500
510.671500
511.912500
513.153500
514.394500
515.635500
516.876500
518.117500
519.358500
520.599500
521.840500
523.081500
524.322500
525.563500
526.804500
528.045500
529.286500
530.527500
531.768500
533.009500
534.250500
535.491500
536.732500
537.973500
539.214500
540.455500
541.696500
542.937500
544.178500
545.419500
546.660500
547.901500
549.142500
550.383500
551.624500
552.865500
554.106500
555.347500
556.588500
557.829500
559.070500
560.311500
561.552500
562.793500
564.034500
565.275500
566.516500
567.757500
568.998500
570.239500
571.480500
572.721500
573.962500
575.203500
576.444500
577.685500
578.926500
580.167500
581.408500
582.649500
583.890500
585.131500
586.372500
587.613500
588.854500
590.095500
591.336500
592.577500
593.818500
595.059500
596.300500
597.541500
598.782500
600.023500
601.264500
602.505500
603.746500
604.987500
606.228500
607.469500
608.710500
609.951500
611.192500
612.433500
613.674500
614.915500
616.156500
617.397500
618.638500
619.879500
621.120500
622.361500
623.602500
624.843500
626.084500
627.325500
628.566500
629.807500
631.048500
632.289500
633.530500
634.771500
636.012500
637.253500
638.494500
639.735500
640.976500
642.217500
643.458500
644.699500
645.940500
647.181500
648.422500
649.663500
650.904500
652.145500
653.386500
654.627500
655.868500
657.109500
658.350500
659.591500
660.832500
662.073500
663.314500
664.555500
665.796500
667.037500
668.278500
669.519500
670.760500
672.001500
673.242500
674.483500
675.724500
676.965500
678.206500
679.447500
680.688500
681.929500
683.170500
684.411500
685.652500
686.893500
688.134500
689.375500
690.616500
691.857500
693.098500
694.339500
695.580500
696.821500
698.062500
699.303500
700.544500
701.785500
703.026500
704.267500
705.508500
706.749500
707.990500
709.231500
710.472500
711.713500
712.954500
714.195500
715.436500
716.677500
717.918500
719.159500
720.400500
721.641500
722.882500
724.123500
725.364500
726.605500
727.846500
729.087500
730.328500
731.569500
732.810500
734.051500
735.292500
736.533500
737.774500
739.015500
740.256500
741.497500
742.738500
743.979500
745.220500
746.461500
747.702500
748.943500
750.184500
751.425500
752.666500
753.907500
755.148500
756.389500
757.630500
758.871500
760.112500
761.353500
762.594500
763.835500
765.076500
766.317500
767.558500
768.799500
770.040500
771.281500
772.522500
773.763500
775.004500
776.245500
777.486500
778.727500
779.968500
781.209500
782.450500
783.691500
784.932500
786.173500
787.414500
788.655500
789.896500
791.137500
792.378500
793.619500
794.860500
796.101500
797.342500
798.583500
799.824500
801.065500
802.306500
803.547500
804.788500
806.029500
807.270500
808.511500
809.752500
810.993500
812.234500
813.475500
814.716500
815.957500
817.198500
818.439500
819.680500
820.921500
822.162500
823.403500
824.644500
825.885500
827.126500
828.367500
829.608500
830.849500
832.090500
833.331500
834.572500
835.813500
837.054500
838.295500
839.536500
840.777500
842.018500
843.259500
844.500500
845.741500
846.982500
848.223500
849.464500
850.705500
851.946500
853.187500
854.428500
855.669500
856.910500
858.151500
859.392500
860.633500
861.874500
863.115500
864.356500
865.597500
866.838500
868.079500
869.320500
870.561500
871.802500
873.043500
874.284500
875.525500
876.766500
878.007500
879.248500
880.489500
881.730500
882.971500
884.212500
885.453500
886.694500
887.935500
889.176500
890.417500
891.658500
892.899500
894.140500
895.381500
896.622500
897.863500
899.104500
900.345500
901.586500
902.827500
904.068500
905.309500
906.550500
907.791500
909.032500
910.273500
911.514500
912.755500
913.996500
915.237500
916.478500
917.719500
918.960500
920.201500
921.442500
922.683500
923.924500
925.165500
926.406500
927.647500
928.888500
930.129500
931.370500
932.611500
933.852500
935.093500
936.334500
937.575500
938.816500
940.057500
941.298500
942.539500
943.780500
945.021500
946.262500
947.503500
948.744500
949.985500
951.226500
952.467500
953.708500
954.949500
956.190500
957.431500
958.672500
959.913500
961.154500
962.395500
963.636500
964.877500
966.118500
967.359500
968.600500
969.841500
971.082500
972.323500
973.564500
974.805500
976.046500
977.287500
978.528500
979.769500
981.010500
982.251500
983.492500
984.733500
985.974500
987.215500
988.456500
989.697500
990.938500
992.179500
993.420500
994.661500
995.902500
997.143500
998.384500
999.625500
1000.866500
1002.107500
1003.348500
1004.589500
1005.830500
1007.071500
1008.312500
1009.553500
1010.794500
1012.035500
1013.276500
1014.517500
1015.758500
1016.999500
1018.240500
1019.481500
1020.722500
1021.963500
1023.204500
1024.445500
1025.686500
1026.927500
1028.168500
1029.409500
1030.650500
1031.891500
1033.132500
1034.373500
1035.614500
1036.855500
1038.096500
1039.337500
1040.578500
1041.819500
1043.060500
1044.301500
1045.542500
1046.783500
1048.024500
1049.265500
1050.506500
1051.747500
1052.988500
1054.229500
1055.470500
1056.711500
1057.952500
1059.193500
1060.434500
1061.675500
1062.916500
1064.157500
1065.398500
1066.639500
1067.880500
1069.121500
1070.362500
1071.603500
1072.844500
1074.085500
1075.326500
1076.567500
1077.808500
1079.049500
1080.290500
1081.531500
1082.772500
1084.013500
1085.254500
1086.495500
1087.736500
1088.977500
1090.218500
1091.459500
1092.700500
1093.941500
1095.182500
1096.423500
1097.664500
1098.905500
1100.146500
1101.387500
1102.628500
1103.869500
1105.110500
1106.351500
1107.592500
1108.833500
1110.074500
1111.315500
1112.556500
1113.797500
1115.038500
1116.279500
1117.520500
1118.761500
1120.002500
1121.243500
1122.484500
1123.725500
1124.966500
1126.207500
1127.448500
1128.689500
1129.930500
1131.171500
1132.412500
1133.653500
1134.894500
1136.135500
1137.376500
1138.617500
1139.858500
1141.099500
1142.340500
1143.581500
1144.822500
1146.063500
1147.304500
1148.545500
1149.786500
1151.027500
1152.268500
1153.509500
1154.750500
1155.991500
1157.232500
