1.620299999999999940e+01
1.718499999999999872e+01
1.816700000000000159e+01
1.914900000000000091e+01
2.013100000000000023e+01
2.111299999999999955e+01
2.209499999999999886e+01
2.307699999999999818e+01
2.405900000000000105e+01
2.504100000000000037e+01
2.602299999999999969e+01
2.700499999999999901e+01
2.798700000000000188e+01
2.896900000000000119e+01
2.995100000000000051e+01
3.093299999999999983e+01
3.191499999999999915e+01
3.289699999999999847e+01
3.387899999999999778e+01
3.486099999999999710e+01
3.584300000000000352e+01
3.682500000000000284e+01
3.780700000000000216e+01
3.878900000000000148e+01
3.977100000000000080e+01
4.075300000000000011e+01
4.173499999999999943e+01
4.271699999999999875e+01
4.369899999999999807e+01
4.468099999999999739e+01
4.566299999999999670e+01
4.664500000000000313e+01
4.762700000000000244e+01
4.860900000000000176e+01
4.959100000000000108e+01
5.057300000000000040e+01
5.155499999999999972e+01
5.253699999999999903e+01
5.351899999999999835e+01
5.450099999999999767e+01
5.548299999999999699e+01
5.646500000000000341e+01
5.744700000000000273e+01
5.842900000000000205e+01
5.941100000000000136e+01
6.039300000000000068e+01
6.137500000000000000e+01
6.235699999999999932e+01
6.333899999999999864e+01
6.432099999999999795e+01
6.530299999999999727e+01
6.628499999999999659e+01
6.726699999999999591e+01
6.824899999999999523e+01
6.923099999999999454e+01
7.021299999999999386e+01
7.119499999999999318e+01
7.217700000000000671e+01
7.315900000000000603e+01
7.414100000000000534e+01
7.512300000000000466e+01
7.610500000000000398e+01
7.708700000000000330e+01
7.806900000000000261e+01
7.905100000000000193e+01
8.003300000000000125e+01
8.101500000000000057e+01
8.199699999999999989e+01
8.297899999999999920e+01
8.396099999999999852e+01
8.494299999999999784e+01
8.592499999999999716e+01
8.690699999999999648e+01
8.788899999999999579e+01
8.887099999999999511e+01
8.985299999999999443e+01
9.083499999999999375e+01
9.181700000000000728e+01
9.279900000000000659e+01
9.378100000000000591e+01
9.476300000000000523e+01
9.574500000000000455e+01
9.672700000000000387e+01
9.770900000000000318e+01
9.869100000000000250e+01
9.967300000000000182e+01
1.006550000000000011e+02
1.016370000000000005e+02
1.026189999999999998e+02
1.036009999999999991e+02
1.045829999999999984e+02
1.055649999999999977e+02
1.065469999999999970e+02
1.075289999999999964e+02
1.085109999999999957e+02
1.094929999999999950e+02
1.104749999999999943e+02
1.114569999999999936e+02
1.124389999999999930e+02
1.134210000000000065e+02
1.144030000000000058e+02
1.153850000000000051e+02
1.163670000000000044e+02
1.173490000000000038e+02
1.183310000000000031e+02
1.193130000000000024e+02
1.202950000000000017e+02
1.212770000000000010e+02
1.222590000000000003e+02
1.232409999999999997e+02
1.242229999999999990e+02
1.252049999999999983e+02
1.261869999999999976e+02
1.271689999999999969e+02
1.281510000000000105e+02
1.291329999999999814e+02
1.301150000000000091e+02
1.310969999999999800e+02
1.320790000000000077e+02
1.330609999999999786e+02
1.340430000000000064e+02
1.350249999999999773e+02
1.360070000000000050e+02
1.369889999999999759e+02
1.379710000000000036e+02
1.389529999999999745e+02
1.399350000000000023e+02
1.409169999999999732e+02
1.418990000000000009e+02
1.428810000000000002e+02
1.438629999999999995e+02
1.448450000000000273e+02
1.458269999999999982e+02
1.468090000000000259e+02
1.477909999999999968e+02
1.487730000000000246e+02
1.497549999999999955e+02
1.507370000000000232e+02
1.517189999999999941e+02
1.527010000000000218e+02
1.536829999999999927e+02
1.546650000000000205e+02
1.556469999999999914e+02
1.566290000000000191e+02
1.576109999999999900e+02
1.585930000000000177e+02
1.595749999999999886e+02
1.605570000000000164e+02
1.615389999999999873e+02
1.625210000000000150e+02
1.635029999999999859e+02
1.644850000000000136e+02
1.654669999999999845e+02
1.664490000000000123e+02
1.674309999999999832e+02
1.684130000000000109e+02
1.693949999999999818e+02
1.703770000000000095e+02
1.713589999999999804e+02
1.723410000000000082e+02
1.733229999999999791e+02
1.743050000000000068e+02
1.752869999999999777e+02
1.762690000000000055e+02
1.772509999999999764e+02
1.782330000000000041e+02
1.792149999999999750e+02
1.801970000000000027e+02
1.811789999999999736e+02
1.821610000000000014e+02
1.831429999999999723e+02
1.841250000000000000e+02
1.851070000000000277e+02
1.860889999999999986e+02
1.870710000000000264e+02
1.880529999999999973e+02
1.890350000000000250e+02
1.900169999999999959e+02
1.909990000000000236e+02
1.919809999999999945e+02
1.929630000000000223e+02
1.939449999999999932e+02
1.949270000000000209e+02
1.959089999999999918e+02
1.968910000000000196e+02
1.978729999999999905e+02
1.988550000000000182e+02
1.998369999999999891e+02
2.008190000000000168e+02
2.018009999999999877e+02
2.027830000000000155e+02
2.037649999999999864e+02
2.047470000000000141e+02
2.057289999999999850e+02
2.067110000000000127e+02
2.076929999999999836e+02
2.086750000000000114e+02
2.096569999999999823e+02
2.106390000000000100e+02
2.116209999999999809e+02
2.126030000000000086e+02
2.135849999999999795e+02
2.145670000000000073e+02
2.155489999999999782e+02
2.165310000000000059e+02
2.175129999999999768e+02
2.184950000000000045e+02
2.194769999999999754e+02
2.204590000000000032e+02
2.214409999999999741e+02
2.224230000000000018e+02
2.234049999999999727e+02
2.243870000000000005e+02
2.253689999999999998e+02
2.263509999999999991e+02
2.273330000000000268e+02
2.283149999999999977e+02
2.292970000000000255e+02
2.302789999999999964e+02
2.312610000000000241e+02
2.322429999999999950e+02
2.332250000000000227e+02
2.342069999999999936e+02
2.351890000000000214e+02
2.361709999999999923e+02
2.371530000000000200e+02
2.381349999999999909e+02
2.391170000000000186e+02
2.400989999999999895e+02
2.410810000000000173e+02
2.420629999999999882e+02
2.430450000000000159e+02
2.440269999999999868e+02
2.450090000000000146e+02
2.459909999999999854e+02
2.469730000000000132e+02
2.479549999999999841e+02
2.489370000000000118e+02
2.499189999999999827e+02
2.509010000000000105e+02
2.518829999999999814e+02
2.528650000000000091e+02
2.538469999999999800e+02
2.548290000000000077e+02
2.558110000000000070e+02
2.567930000000000064e+02
2.577749999999999773e+02
2.587570000000000050e+02
2.597390000000000327e+02
2.607210000000000036e+02
2.617029999999999745e+02
2.626850000000000023e+02
2.636670000000000300e+02
2.646490000000000009e+02
2.656309999999999718e+02
2.666129999999999995e+02
2.675950000000000273e+02
2.685769999999999982e+02
2.695589999999999691e+02
2.705409999999999968e+02
2.715230000000000246e+02
2.725049999999999955e+02
2.734869999999999663e+02
2.744689999999999941e+02
2.754510000000000218e+02
2.764329999999999927e+02
2.774149999999999636e+02
2.783969999999999914e+02
2.793790000000000191e+02
2.803609999999999900e+02
2.813429999999999609e+02
2.823249999999999886e+02
2.833070000000000164e+02
2.842889999999999873e+02
2.852709999999999582e+02
2.862530000000000427e+02
2.872350000000000136e+02
2.882169999999999845e+02
2.891990000000000123e+02
2.901810000000000400e+02
2.911630000000000109e+02
2.921449999999999818e+02
2.931270000000000095e+02
2.941090000000000373e+02
2.950910000000000082e+02
2.960729999999999791e+02
2.970550000000000068e+02
2.980370000000000346e+02
2.990190000000000055e+02
3.000009999999999764e+02
3.009830000000000041e+02
3.019650000000000318e+02
3.029470000000000027e+02
3.039289999999999736e+02
3.049110000000000014e+02
3.058930000000000291e+02
3.068750000000000000e+02
3.078569999999999709e+02
3.088389999999999986e+02
3.098210000000000264e+02
3.108029999999999973e+02
3.117849999999999682e+02
3.127669999999999959e+02
3.137490000000000236e+02
3.147309999999999945e+02
3.157129999999999654e+02
3.166949999999999932e+02
3.176770000000000209e+02
3.186589999999999918e+02
3.196409999999999627e+02
3.206229999999999905e+02
3.216050000000000182e+02
3.225869999999999891e+02
3.235689999999999600e+02
3.245509999999999877e+02
3.255330000000000155e+02
3.265149999999999864e+02
3.274969999999999573e+02
3.284790000000000418e+02
3.294610000000000127e+02
3.304429999999999836e+02
3.314250000000000114e+02
3.324070000000000391e+02
3.333890000000000100e+02
3.343709999999999809e+02
3.353530000000000086e+02
3.363350000000000364e+02
3.373170000000000073e+02
3.382989999999999782e+02
3.392810000000000059e+02
3.402630000000000337e+02
3.412450000000000045e+02
3.422269999999999754e+02
3.432090000000000032e+02
3.441910000000000309e+02
3.451730000000000018e+02
3.461549999999999727e+02
3.471370000000000005e+02
3.481190000000000282e+02
3.491009999999999991e+02
3.500829999999999700e+02
3.510649999999999977e+02
3.520470000000000255e+02
3.530289999999999964e+02
3.540109999999999673e+02
3.549929999999999950e+02
3.559750000000000227e+02
3.569569999999999936e+02
3.579389999999999645e+02
3.589209999999999923e+02
3.599030000000000200e+02
3.608849999999999909e+02
3.618669999999999618e+02
3.628489999999999895e+02
3.638310000000000173e+02
3.648129999999999882e+02
3.657949999999999591e+02
3.667769999999999868e+02
3.677590000000000146e+02
3.687409999999999854e+02
3.697230000000000132e+02
3.707050000000000409e+02
3.716870000000000118e+02
3.726689999999999827e+02
3.736510000000000105e+02
3.746330000000000382e+02
3.756150000000000091e+02
3.765969999999999800e+02
3.775790000000000077e+02
3.785610000000000355e+02
3.795430000000000064e+02
3.805249999999999773e+02
3.815070000000000050e+02
3.824890000000000327e+02
3.834710000000000036e+02
3.844529999999999745e+02
3.854350000000000023e+02
3.864170000000000300e+02
3.873990000000000009e+02
3.883809999999999718e+02
3.893629999999999995e+02
3.903450000000000273e+02
3.913269999999999982e+02
3.923089999999999691e+02
3.932909999999999968e+02
3.942730000000000246e+02
3.952549999999999955e+02
3.962369999999999663e+02
3.972189999999999941e+02
3.982010000000000218e+02
3.991829999999999927e+02
4.001649999999999636e+02
4.011469999999999914e+02
4.021290000000000191e+02
4.031109999999999900e+02
4.040929999999999609e+02
4.050749999999999886e+02
4.060570000000000164e+02
4.070389999999999873e+02
4.080209999999999582e+02
4.090030000000000427e+02
4.099850000000000136e+02
4.109669999999999845e+02
4.119490000000000123e+02
4.129310000000000400e+02
4.139130000000000109e+02
4.148949999999999818e+02
4.158770000000000095e+02
4.168590000000000373e+02
4.178410000000000082e+02
4.188229999999999791e+02
4.198050000000000068e+02
4.207870000000000346e+02
4.217690000000000055e+02
4.227509999999999764e+02
4.237330000000000041e+02
4.247150000000000318e+02
4.256970000000000027e+02
4.266789999999999736e+02
4.276610000000000014e+02
4.286430000000000291e+02
4.296250000000000000e+02
4.306069999999999709e+02
4.315889999999999986e+02
4.325710000000000264e+02
4.335529999999999973e+02
4.345349999999999682e+02
4.355169999999999959e+02
4.364990000000000236e+02
4.374809999999999945e+02
4.384629999999999654e+02
4.394449999999999932e+02
4.404270000000000209e+02
4.414089999999999918e+02
4.423909999999999627e+02
4.433729999999999905e+02
4.443550000000000182e+02
4.453369999999999891e+02
4.463189999999999600e+02
4.473009999999999877e+02
4.482830000000000155e+02
4.492649999999999864e+02
4.502469999999999573e+02
4.512290000000000418e+02
4.522110000000000127e+02
4.531929999999999836e+02
4.541750000000000114e+02
4.551570000000000391e+02
4.561390000000000100e+02
4.571209999999999809e+02
4.581030000000000086e+02
4.590850000000000364e+02
4.600670000000000073e+02
4.610489999999999782e+02
4.620310000000000059e+02
4.630130000000000337e+02
4.639950000000000045e+02
4.649769999999999754e+02
4.659590000000000032e+02
4.669410000000000309e+02
4.679230000000000018e+02
4.689049999999999727e+02
4.698870000000000005e+02
4.708690000000000282e+02
4.718509999999999991e+02
4.728329999999999700e+02
4.738149999999999977e+02
4.747970000000000255e+02
4.757789999999999964e+02
4.767609999999999673e+02
4.777429999999999950e+02
4.787250000000000227e+02
4.797069999999999936e+02
4.806889999999999645e+02
4.816709999999999923e+02
4.826530000000000200e+02
4.836349999999999909e+02
4.846169999999999618e+02
4.855989999999999895e+02
4.865810000000000173e+02
4.875629999999999882e+02
4.885449999999999591e+02
4.895269999999999868e+02
4.905090000000000146e+02
4.914909999999999854e+02
4.924730000000000132e+02
4.934550000000000409e+02
4.944370000000000118e+02
4.954189999999999827e+02
4.964010000000000105e+02
4.973830000000000382e+02
4.983650000000000091e+02
4.993469999999999800e+02
5.003290000000000077e+02
5.013110000000000355e+02
5.022930000000000064e+02
5.032749999999999773e+02
5.042570000000000050e+02
5.052390000000000327e+02
5.062210000000000036e+02
5.072029999999999745e+02
5.081850000000000023e+02
5.091670000000000300e+02
5.101490000000000009e+02
5.111309999999999718e+02
5.121130000000000564e+02
5.130950000000000273e+02
5.140769999999999982e+02
5.150589999999999691e+02
5.160409999999999400e+02
5.170230000000000246e+02
5.180049999999999955e+02
5.189869999999999663e+02
5.199690000000000509e+02
5.209510000000000218e+02
5.219329999999999927e+02
5.229149999999999636e+02
5.238969999999999345e+02
5.248790000000000191e+02
5.258609999999999900e+02
5.268429999999999609e+02
5.278250000000000455e+02
5.288070000000000164e+02
5.297889999999999873e+02
5.307709999999999582e+02
5.317529999999999291e+02
5.327350000000000136e+02
5.337169999999999845e+02
5.346990000000000691e+02
5.356810000000000400e+02
5.366630000000000109e+02
5.376449999999999818e+02
5.386269999999999527e+02
5.396090000000000373e+02
5.405910000000000082e+02
5.415729999999999791e+02
5.425550000000000637e+02
5.435370000000000346e+02
5.445190000000000055e+02
5.455009999999999764e+02
5.464829999999999472e+02
5.474650000000000318e+02
5.484470000000000027e+02
5.494289999999999736e+02
5.504110000000000582e+02
