1.223644999999999925e+02
1.283335000000000150e+02
1.343025000000000091e+02
1.402715000000000032e+02
1.462404999999999973e+02
1.522094999999999914e+02
1.581784999999999854e+02
1.641475000000000080e+02
1.701165000000000020e+02
1.760854999999999961e+02
1.820544999999999902e+02
1.880235000000000127e+02
1.939925000000000068e+02
1.999615000000000009e+02
2.059304999999999950e+02
2.118994999999999891e+02
2.178684999999999832e+02
2.238375000000000057e+02
2.298064999999999998e+02
2.357754999999999939e+02
2.417445000000000164e+02
2.477135000000000105e+02
2.536825000000000045e+02
2.596514999999999986e+02
2.656204999999999927e+02
2.715895000000000437e+02
2.775584999999999809e+02
2.835275000000000318e+02
2.894964999999999691e+02
2.954655000000000200e+02
3.014344999999999573e+02
3.074035000000000082e+02
3.133725000000000023e+02
3.193414999999999964e+02
3.253105000000000473e+02
3.312794999999999845e+02
3.372485000000000355e+02
3.432174999999999727e+02
3.491865000000000236e+02
3.551554999999999609e+02
3.611245000000000118e+02
3.670934999999999491e+02
3.730625000000000000e+02
3.790315000000000509e+02
3.850004999999999882e+02
3.909695000000000391e+02
3.969384999999999764e+02
4.029075000000000273e+02
4.088764999999999645e+02
4.148455000000000155e+02
4.208144999999999527e+02
4.267835000000000036e+02
4.327524999999999977e+02
4.387214999999999918e+02
4.446905000000000427e+02
4.506594999999999800e+02
4.566285000000000309e+02
4.625974999999999682e+02
4.685665000000000191e+02
4.745354999999999563e+02
4.805045000000000073e+02
4.864735000000000014e+02
4.924424999999999955e+02
4.984115000000000464e+02
5.043804999999999836e+02
5.103494999999999777e+02
5.163184999999999718e+02
5.222875000000000227e+02
5.282564999999999600e+02
5.342255000000000109e+02
5.401945000000000618e+02
5.461634999999999991e+02
5.521324999999999363e+02
5.581014999999999873e+02
5.640705000000000382e+02
5.700394999999999754e+02
5.760085000000000264e+02
5.819774999999999636e+02
5.879465000000000146e+02
5.939155000000000655e+02
5.998845000000000027e+02
6.058534999999999400e+02
6.118224999999999909e+02
6.177915000000000418e+02
6.237604999999999791e+02
6.297295000000000300e+02
6.356984999999999673e+02
6.416675000000000182e+02
6.476365000000000691e+02
6.536055000000000064e+02
6.595744999999999436e+02
6.655434999999999945e+02
6.715125000000000455e+02
6.774814999999999827e+02
6.834504999999999200e+02
6.894194999999999709e+02
6.953885000000000218e+02
7.013575000000000728e+02
7.073265000000000100e+02
7.132954999999999472e+02
7.192644999999999982e+02
7.252335000000000491e+02
7.312024999999999864e+02
7.371714999999999236e+02
7.431404999999999745e+02
7.491095000000000255e+02
7.550785000000000764e+02
7.610475000000000136e+02
7.670164999999999509e+02
7.729855000000000018e+02
7.789545000000000528e+02
7.849234999999999900e+02
7.908924999999999272e+02
7.968614999999999782e+02
8.028305000000000291e+02
8.087995000000000800e+02
8.147685000000000173e+02
8.207374999999999545e+02
8.267065000000000055e+02
8.326755000000000564e+02
8.386444999999999936e+02
8.446134999999999309e+02
8.505824999999999818e+02
8.565515000000000327e+02
8.625204999999999700e+02
8.684895000000000209e+02
8.744584999999999582e+02
8.804275000000000091e+02
8.863965000000000600e+02
8.923654999999999973e+02
8.983344999999999345e+02
9.043034999999999854e+02
9.102725000000000364e+02
9.162414999999999736e+02
9.222105000000000246e+02
9.281794999999999618e+02
9.341485000000000127e+02
9.401175000000000637e+02
9.460865000000000009e+02
9.520554999999999382e+02
9.580244999999999891e+02
9.639935000000000400e+02
9.699624999999999773e+02
9.759315000000000282e+02
9.819004999999999654e+02
9.878695000000000164e+02
9.938385000000000673e+02
9.998075000000000045e+02
1.005776499999999942e+03
1.011745499999999993e+03
1.017714500000000044e+03
1.023683499999999867e+03
1.029652499999999918e+03
1.035621499999999969e+03
1.041590500000000020e+03
1.047559500000000071e+03
1.053528499999999894e+03
1.059497499999999945e+03
1.065466499999999996e+03
1.071435500000000047e+03
1.077404500000000098e+03
1.083373499999999922e+03
1.089342499999999973e+03
1.095311500000000024e+03
1.101280500000000075e+03
1.107249499999999898e+03
1.113218499999999949e+03
1.119187500000000000e+03
1.125156500000000051e+03
1.131125500000000102e+03
1.137094499999999925e+03
1.143063499999999976e+03
1.149032500000000027e+03
1.155001500000000078e+03
1.160970499999999902e+03
1.166939499999999953e+03
1.172908500000000004e+03
1.178877500000000055e+03
1.184846500000000106e+03
1.190815499999999929e+03
1.196784499999999980e+03
1.202753500000000031e+03
1.208722500000000082e+03
1.214691499999999905e+03
1.220660499999999956e+03
1.226629500000000007e+03
1.232598500000000058e+03
1.238567500000000109e+03
1.244536499999999933e+03
1.250505499999999984e+03
1.256474500000000035e+03
1.262443500000000085e+03
1.268412499999999909e+03
1.274381499999999960e+03
1.280350500000000011e+03
1.286319500000000062e+03
1.292288500000000113e+03
1.298257499999999936e+03
1.304226499999999987e+03
1.310195500000000038e+03
1.316164499999999862e+03
1.322133499999999913e+03
1.328102499999999964e+03
1.334071500000000015e+03
1.340040500000000065e+03
1.346009500000000116e+03
1.351978499999999940e+03
1.357947499999999991e+03
1.363916500000000042e+03
1.369885499999999865e+03
1.375854499999999916e+03
1.381823499999999967e+03
1.387792500000000018e+03
1.393761500000000069e+03
1.399730500000000120e+03
1.405699499999999944e+03
1.411668499999999995e+03
1.417637500000000045e+03
1.423606499999999869e+03
1.429575499999999920e+03
1.435544499999999971e+03
1.441513500000000022e+03
1.447482500000000073e+03
1.453451500000000124e+03
1.459420499999999947e+03
1.465389499999999998e+03
1.471358500000000049e+03
1.477327499999999873e+03
1.483296499999999924e+03
1.489265499999999975e+03
1.495234500000000025e+03
1.501203500000000076e+03
1.507172500000000127e+03
1.513141499999999951e+03
1.519110500000000002e+03
1.525079500000000053e+03
1.531048499999999876e+03
1.537017499999999927e+03
1.542986499999999978e+03
1.548955500000000029e+03
1.554924500000000080e+03
1.560893500000000131e+03
1.566862499999999955e+03
1.572831500000000005e+03
1.578800500000000056e+03
1.584769499999999880e+03
1.590738499999999931e+03
1.596707499999999982e+03
1.602676500000000033e+03
1.608645500000000084e+03
1.614614500000000135e+03
1.620583499999999958e+03
1.626552500000000009e+03
1.632521500000000060e+03
1.638490499999999884e+03
1.644459499999999935e+03
1.650428499999999985e+03
1.656397500000000036e+03
1.662366500000000087e+03
1.668335500000000138e+03
1.674304499999999962e+03
1.680273500000000013e+03
1.686242500000000064e+03
1.692211499999999887e+03
1.698180499999999938e+03
1.704149499999999989e+03
1.710118500000000040e+03
1.716087500000000091e+03
1.722056499999999915e+03
1.728025499999999965e+03
1.733994500000000016e+03
1.739963500000000067e+03
1.745932499999999891e+03
1.751901499999999942e+03
1.757870499999999993e+03
1.763839500000000044e+03
1.769808500000000095e+03
1.775777499999999918e+03
1.781746499999999969e+03
1.787715500000000020e+03
1.793684500000000071e+03
1.799653499999999894e+03
1.805622499999999945e+03
1.811591499999999996e+03
1.817560500000000047e+03
1.823529500000000098e+03
1.829498499999999922e+03
1.835467499999999973e+03
1.841436500000000024e+03
1.847405500000000075e+03
1.853374499999999898e+03
1.859343499999999949e+03
1.865312500000000000e+03
1.871281500000000051e+03
1.877250500000000102e+03
1.883219499999999925e+03
1.889188499999999976e+03
1.895157500000000027e+03
1.901126500000000078e+03
1.907095499999999902e+03
1.913064499999999953e+03
1.919033500000000004e+03
1.925002500000000055e+03
1.930971500000000106e+03
1.936940499999999929e+03
1.942909499999999980e+03
1.948878500000000031e+03
1.954847500000000082e+03
1.960816499999999905e+03
1.966785499999999956e+03
1.972754500000000007e+03
1.978723500000000058e+03
1.984692500000000109e+03
1.990661499999999933e+03
1.996630499999999984e+03
2.002599500000000035e+03
2.008568500000000085e+03
2.014537499999999909e+03
2.020506499999999960e+03
2.026475500000000011e+03
2.032444500000000062e+03
2.038413500000000113e+03
2.044382499999999936e+03
2.050351499999999760e+03
2.056320499999999811e+03
2.062289499999999862e+03
2.068258499999999913e+03
2.074227499999999964e+03
2.080196500000000015e+03
2.086165500000000065e+03
2.092134500000000116e+03
2.098103500000000167e+03
2.104072500000000218e+03
2.110041499999999814e+03
2.116010499999999865e+03
2.121979499999999916e+03
2.127948499999999967e+03
2.133917500000000018e+03
2.139886500000000069e+03
2.145855500000000120e+03
2.151824500000000171e+03
2.157793499999999767e+03
2.163762499999999818e+03
2.169731499999999869e+03
2.175700499999999920e+03
2.181669499999999971e+03
2.187638500000000022e+03
2.193607500000000073e+03
2.199576500000000124e+03
2.205545500000000175e+03
2.211514500000000226e+03
2.217483499999999822e+03
2.223452499999999873e+03
2.229421499999999924e+03
2.235390499999999975e+03
2.241359500000000025e+03
2.247328500000000076e+03
2.253297500000000127e+03
2.259266500000000178e+03
2.265235499999999774e+03
2.271204499999999825e+03
2.277173499999999876e+03
2.283142499999999927e+03
2.289111499999999978e+03
2.295080500000000029e+03
2.301049500000000080e+03
2.307018500000000131e+03
2.312987500000000182e+03
2.318956500000000233e+03
2.324925499999999829e+03
2.330894499999999880e+03
2.336863499999999931e+03
2.342832499999999982e+03
2.348801500000000033e+03
2.354770500000000084e+03
2.360739500000000135e+03
2.366708500000000186e+03
2.372677499999999782e+03
2.378646499999999833e+03
2.384615499999999884e+03
2.390584499999999935e+03
2.396553499999999985e+03
2.402522500000000036e+03
2.408491500000000087e+03
2.414460500000000138e+03
2.420429500000000189e+03
2.426398500000000240e+03
2.432367499999999836e+03
2.438336499999999887e+03
2.444305499999999938e+03
2.450274499999999989e+03
2.456243500000000040e+03
2.462212500000000091e+03
2.468181500000000142e+03
2.474150500000000193e+03
2.480119499999999789e+03
2.486088499999999840e+03
2.492057499999999891e+03
2.498026499999999942e+03
2.503995499999999993e+03
2.509964500000000044e+03
2.515933500000000095e+03
2.521902500000000146e+03
2.527871500000000196e+03
2.533840500000000247e+03
2.539809499999999844e+03
2.545778499999999894e+03
2.551747499999999945e+03
2.557716499999999996e+03
2.563685500000000047e+03
2.569654500000000098e+03
2.575623500000000149e+03
2.581592500000000200e+03
2.587561499999999796e+03
2.593530499999999847e+03
2.599499499999999898e+03
2.605468499999999949e+03
2.611437500000000000e+03
2.617406500000000051e+03
2.623375500000000102e+03
2.629344500000000153e+03
2.635313500000000204e+03
2.641282499999999800e+03
2.647251499999999851e+03
2.653220499999999902e+03
2.659189499999999953e+03
2.665158500000000004e+03
2.671127500000000055e+03
2.677096500000000106e+03
2.683065500000000156e+03
2.689034499999999753e+03
2.695003499999999804e+03
2.700972499999999854e+03
2.706941499999999905e+03
2.712910499999999956e+03
2.718879500000000007e+03
2.724848500000000058e+03
2.730817500000000109e+03
2.736786500000000160e+03
2.742755500000000211e+03
2.748724499999999807e+03
2.754693499999999858e+03
2.760662499999999909e+03
2.766631499999999960e+03
2.772600500000000011e+03
2.778569500000000062e+03
2.784538500000000113e+03
2.790507500000000164e+03
2.796476499999999760e+03
2.802445499999999811e+03
2.808414499999999862e+03
2.814383499999999913e+03
2.820352499999999964e+03
2.826321500000000015e+03
2.832290500000000065e+03
2.838259500000000116e+03
2.844228500000000167e+03
2.850197500000000218e+03
2.856166499999999814e+03
2.862135499999999865e+03
2.868104499999999916e+03
2.874073499999999967e+03
2.880042500000000018e+03
2.886011500000000069e+03
2.891980500000000120e+03
2.897949500000000171e+03
2.903918499999999767e+03
2.909887499999999818e+03
2.915856499999999869e+03
2.921825499999999920e+03
2.927794499999999971e+03
2.933763500000000022e+03
2.939732500000000073e+03
2.945701500000000124e+03
2.951670500000000175e+03
2.957639500000000226e+03
2.963608499999999822e+03
2.969577499999999873e+03
2.975546499999999924e+03
2.981515499999999975e+03
2.987484500000000025e+03
2.993453500000000076e+03
2.999422500000000127e+03
3.005391500000000178e+03
3.011360499999999774e+03
3.017329499999999825e+03
3.023298499999999876e+03
3.029267499999999927e+03
3.035236499999999978e+03
3.041205500000000029e+03
3.047174500000000080e+03
3.053143500000000131e+03
3.059112500000000182e+03
3.065081500000000233e+03
3.071050499999999829e+03
3.077019499999999880e+03
3.082988499999999931e+03
3.088957499999999982e+03
3.094926500000000033e+03
3.100895500000000084e+03
3.106864500000000135e+03
3.112833500000000186e+03
3.118802499999999782e+03
3.124771499999999833e+03
3.130740499999999884e+03
3.136709499999999935e+03
3.142678499999999985e+03
3.148647500000000036e+03
3.154616500000000087e+03
3.160585500000000138e+03
3.166554500000000189e+03
3.172523500000000240e+03
3.178492499999999836e+03
3.184461499999999887e+03
3.190430499999999938e+03
3.196399499999999989e+03
3.202368500000000040e+03
3.208337500000000091e+03
3.214306500000000142e+03
3.220275500000000193e+03
3.226244499999999789e+03
3.232213499999999840e+03
3.238182499999999891e+03
3.244151499999999942e+03
3.250120499999999993e+03
3.256089500000000044e+03
3.262058500000000095e+03
3.268027500000000146e+03
3.273996500000000196e+03
3.279965500000000247e+03
3.285934499999999844e+03
3.291903499999999894e+03
3.297872499999999945e+03
3.303841499999999996e+03
3.309810500000000047e+03
3.315779500000000098e+03
3.321748500000000149e+03
3.327717500000000200e+03
3.333686499999999796e+03
3.339655499999999847e+03
3.345624499999999898e+03
3.351593499999999949e+03
3.357562500000000000e+03
3.363531500000000051e+03
3.369500500000000102e+03
3.375469500000000153e+03
3.381438500000000204e+03
3.387407499999999800e+03
3.393376499999999851e+03
3.399345499999999902e+03
3.405314499999999953e+03
3.411283500000000004e+03
3.417252500000000055e+03
3.423221500000000106e+03
3.429190500000000156e+03
3.435159499999999753e+03
3.441128499999999804e+03
3.447097499999999854e+03
3.453066499999999905e+03
3.459035499999999956e+03
3.465004500000000007e+03
3.470973500000000058e+03
3.476942500000000109e+03
3.482911500000000160e+03
3.488880500000000211e+03
3.494849499999999807e+03
3.500818499999999858e+03
3.506787499999999909e+03
3.512756499999999960e+03
3.518725500000000011e+03
3.524694500000000062e+03
3.530663500000000113e+03
3.536632500000000164e+03
3.542601499999999760e+03
3.548570499999999811e+03
3.554539499999999862e+03
3.560508499999999913e+03
3.566477499999999964e+03
3.572446500000000015e+03
3.578415500000000065e+03
3.584384500000000116e+03
3.590353500000000167e+03
3.596322500000000218e+03
3.602291499999999814e+03
3.608260499999999865e+03
3.614229499999999916e+03
3.620198499999999967e+03
3.626167500000000018e+03
3.632136500000000069e+03
3.638105500000000120e+03
3.644074500000000171e+03
3.650043499999999767e+03
3.656012499999999818e+03
3.661981499999999869e+03
3.667950499999999920e+03
3.673919499999999971e+03
3.679888500000000022e+03
3.685857500000000073e+03
3.691826500000000124e+03
3.697795500000000175e+03
3.703764500000000226e+03
3.709733499999999822e+03
3.715702499999999873e+03
3.721671499999999924e+03
3.727640499999999975e+03
3.733609500000000025e+03
3.739578500000000076e+03
3.745547500000000127e+03
3.751516500000000178e+03
3.757485499999999774e+03
3.763454499999999825e+03
3.769423499999999876e+03
3.775392499999999927e+03
3.781361499999999978e+03
3.787330500000000029e+03
3.793299500000000080e+03
3.799268500000000131e+03
3.805237500000000182e+03
3.811206500000000233e+03
3.817175499999999829e+03
3.823144499999999880e+03
3.829113499999999931e+03
3.835082499999999982e+03
3.841051500000000033e+03
3.847020500000000084e+03
3.852989500000000135e+03
3.858958500000000186e+03
3.864927499999999782e+03
3.870896499999999833e+03
3.876865499999999884e+03
3.882834499999999935e+03
3.888803499999999985e+03
3.894772500000000036e+03
3.900741500000000087e+03
3.906710500000000138e+03
3.912679500000000189e+03
3.918648500000000240e+03
3.924617499999999836e+03
3.930586499999999887e+03
3.936555499999999938e+03
3.942524499999999989e+03
3.948493500000000040e+03
3.954462500000000091e+03
3.960431500000000142e+03
3.966400500000000193e+03
3.972369499999999789e+03
3.978338499999999840e+03
3.984307499999999891e+03
3.990276499999999942e+03
3.996245499999999993e+03
4.002214500000000044e+03
4.008183500000000095e+03
4.014152500000000146e+03
4.020121500000000196e+03
4.026090500000000247e+03
4.032059499999999844e+03
4.038028499999999894e+03
4.043997499999999945e+03
4.049966499999999996e+03
4.055935500000000047e+03
4.061904500000000098e+03
4.067873500000000149e+03
4.073842500000000200e+03
4.079811499999999796e+03
4.085780499999999847e+03
4.091749499999999898e+03
4.097718499999999949e+03
4.103687500000000000e+03
4.109656499999999141e+03
4.115625500000000102e+03
4.121594499999999243e+03
4.127563500000000204e+03
4.133532499999999345e+03
4.139501500000000306e+03
4.145470499999999447e+03
4.151439500000000407e+03
4.157408499999999549e+03
4.163377500000000509e+03
4.169346499999999651e+03
4.175315500000000611e+03
4.181284499999999753e+03
4.187253500000000713e+03
4.193222499999999854e+03
4.199191500000000815e+03
4.205160499999999956e+03
4.211129500000000007e+03
4.217098500000000058e+03
4.223067499999999200e+03
4.229036500000000160e+03
4.235005499999999302e+03
4.240974500000000262e+03
4.246943499999999403e+03
4.252912500000000364e+03
4.258881499999999505e+03
4.264850500000000466e+03
4.270819499999999607e+03
4.276788500000000568e+03
4.282757499999999709e+03
4.288726500000000669e+03
4.294695499999999811e+03
4.300664500000000771e+03
4.306633499999999913e+03
4.312602500000000873e+03
4.318571500000000015e+03
4.324540499999999156e+03
4.330509500000000116e+03
4.336478499999999258e+03
4.342447500000000218e+03
4.348416499999999360e+03
4.354385500000000320e+03
4.360354499999999462e+03
4.366323500000000422e+03
4.372292499999999563e+03
4.378261500000000524e+03
4.384230499999999665e+03
4.390199500000000626e+03
4.396168499999999767e+03
4.402137500000000728e+03
4.408106499999999869e+03
4.414075500000000829e+03
4.420044499999999971e+03
4.426013500000000022e+03
4.431982500000000073e+03
4.437951499999999214e+03
4.443920500000000175e+03
4.449889499999999316e+03
4.455858500000000276e+03
4.461827499999999418e+03
4.467796500000000378e+03
4.473765499999999520e+03
4.479734500000000480e+03
4.485703499999999622e+03
4.491672500000000582e+03
4.497641499999999724e+03
4.503610500000000684e+03
4.509579499999999825e+03
4.515548500000000786e+03
4.521517499999999927e+03
4.527486499999999978e+03
4.533455500000000029e+03
4.539424499999999171e+03
4.545393500000000131e+03
4.551362499999999272e+03
4.557331500000000233e+03
4.563300499999999374e+03
4.569269500000000335e+03
4.575238499999999476e+03
4.581207500000000437e+03
4.587176499999999578e+03
4.593145500000000538e+03
4.599114499999999680e+03
4.605083500000000640e+03
4.611052499999999782e+03
4.617021500000000742e+03
4.622990499999999884e+03
4.628959500000000844e+03
4.634928499999999985e+03
4.640897499999999127e+03
4.646866500000000087e+03
4.652835499999999229e+03
4.658804500000000189e+03
4.664773499999999331e+03
4.670742500000000291e+03
4.676711499999999432e+03
4.682680500000000393e+03
4.688649499999999534e+03
4.694618500000000495e+03
4.700587499999999636e+03
4.706556500000000597e+03
4.712525499999999738e+03
4.718494500000000698e+03
4.724463499999999840e+03
4.730432500000000800e+03
4.736401499999999942e+03
4.742370499999999993e+03
4.748339500000000044e+03
4.754308499999999185e+03
4.760277500000000146e+03
4.766246499999999287e+03
4.772215500000000247e+03
4.778184499999999389e+03
4.784153500000000349e+03
4.790122499999999491e+03
4.796091500000000451e+03
4.802060499999999593e+03
4.808029500000000553e+03
4.813998499999999694e+03
4.819967500000000655e+03
4.825936499999999796e+03
4.831905500000000757e+03
4.837874499999999898e+03
4.843843500000000859e+03
4.849812500000000000e+03
4.855781499999999141e+03
4.861750500000000102e+03
4.867719499999999243e+03
4.873688500000000204e+03
4.879657499999999345e+03
4.885626500000000306e+03
4.891595499999999447e+03
4.897564500000000407e+03
4.903533499999999549e+03
