6.402435230374980000e+14
5.936377300270940000e+14
5.753944970248640000e+14
5.398451068512990000e+14
5.162762163964090000e+14
4.863483000692760000e+14
4.743438585883600000e+14
4.575710295035600000e+14
4.412793225548300000e+14
4.242967411670930000e+14
4.133784756744350000e+14
4.112669981958210000e+14
3.990141076216040000e+14
3.849576465725500000e+14
3.628944826672680000e+14
3.567489069398730000e+14
3.430625924625300000e+14
3.514685063144400000e+14
3.257716310940110000e+14
3.286733807931620000e+14
3.189790828500680000e+14
3.144797644136960000e+14
2.996092434278200000e+14
2.942020353866560000e+14
2.891260230917950000e+14
2.857868209888140000e+14
2.842847002819930000e+14
2.732598144848650000e+14
2.702067815652940000e+14
2.670977678233880000e+14
2.567198894024060000e+14
2.487443441476980000e+14
2.551845009060990000e+14
2.498228167238760000e+14
2.448779714739780000e+14
2.316745237921850000e+14
2.349017602360370000e+14
2.299569688493920000e+14
2.223992606651400000e+14
2.155171279806380000e+14
2.179855240593390000e+14
2.081454828952670000e+14
2.128516004634940000e+14
2.007568068248840000e+14
1.948116154818480000e+14
1.997067556916940000e+14
1.936297897569400000e+14
1.964639547192000000e+14
1.892757513765430000e+14
1.852986363907610000e+14
1.848007219016640000e+14
1.739468663241210000e+14
1.761033215403220000e+14
1.705685373368850000e+14
1.671230142978950000e+14
1.688731693739810000e+14
1.689474320966770000e+14
1.620105446511460000e+14
1.615552573857610000e+14
1.521936756741340000e+14
1.454732997188920000e+14
1.554699137142740000e+14
1.512558928104990000e+14
1.463368472274240000e+14
1.480224186672710000e+14
1.457423492545090000e+14
1.360218212973790000e+14
1.300163306341820000e+14
1.344716659171930000e+14
1.306331643233400000e+14
1.281510672079540000e+14
1.298503333784220000e+14
1.269800385836410000e+14
1.224676888783830000e+14
1.248473267601080000e+14
1.182614052614480000e+14
1.216884166027850000e+14
1.187956951920980000e+14
1.160711994976150000e+14
1.141338884204750000e+14
1.076231653916100000e+14
1.079654134798300000e+14
1.052135418733060000e+14
1.058485349387290000e+14
1.058402195194600000e+14
1.046100332012540000e+14
1.033421394463410000e+14
9.662755481255500000e+13
9.666707138985800000e+13
9.996582800586900000e+13
9.702441334810100000e+13
1.004357318755170000e+14
9.390405594807300000e+13
9.133654565759700000e+13
8.698234703169400000e+13
8.062156617087100000e+13
8.431945061671000000e+13
9.216098295164600000e+13
8.683708196141800000e+13
8.553783725906400000e+13
8.188828567977200000e+13
8.022208544459000000e+13
7.894947883312500000e+13
8.807427871482200000e+13
7.914701635808500000e+13
8.262847989270500000e+13
7.442950332483200000e+13
8.008685686638200000e+13
8.213956681129700000e+13
8.078652623379200000e+13
7.492146879233700000e+13
7.600546160251100000e+13
7.121719865663100000e+13
7.136842499224200000e+13
6.758123878255200000e+13
7.218090820903400000e+13
7.046709894552600000e+13
6.664497847234200000e+13
6.581497727846200000e+13
6.290790431331200000e+13
6.681466234371900000e+13
6.536226705120800000e+13
5.947574890703300000e+13
6.353591299345000000e+13
5.991571076497300000e+13
5.874357151543700000e+13
6.004187564438900000e+13
5.815880420857100000e+13
6.124845762386200000e+13
5.437735101314400000e+13
5.514160462972500000e+13
5.288126064152400000e+13
5.383857655446000000e+13
5.183129830432700000e+13
5.100073933991800000e+13
4.951277219154600000e+13
5.216172550287600000e+13
5.089199468093300000e+13
4.936800050154200000e+13
4.401018589332900000e+13
4.825958934841000000e+13
4.812530944531500000e+13
4.792202736822500000e+13
4.604085598161300000e+13
4.179152456109500000e+13
4.300274539298500000e+13
4.064687351001600000e+13
4.024976569432400000e+13
3.991352134271000000e+13
3.586464685774000000e+13
3.820221197887700000e+13
3.771199591251100000e+13
3.736369437432000000e+13
3.708482481755200000e+13
3.652863585219100000e+13
3.617507875213200000e+13
3.213688988123400000e+13
3.295455207409800000e+13
3.065093640935300000e+13
3.131467197635800000e+13
3.330835836942600000e+13
3.108668081563400000e+13
3.265046679044700000e+13
3.187116977708600000e+13
3.229732302737600000e+13
3.106510664474800000e+13
2.962545259330000000e+13
3.015605279470200000e+13
2.962841430289000000e+13
2.884531088721300000e+13
3.012086023390200000e+13
2.665866942488600000e+13
2.765969235709500000e+13
2.464778916363200000e+13
2.624941135279300000e+13
2.512242023422200000e+13
2.576805719056300000e+13
2.417230205144300000e+13
2.418133169069400000e+13
2.435081743825400000e+13
2.504443518704900000e+13
2.373077140174300000e+13
2.234519772682100000e+13
2.231713725313300000e+13
2.372859346784900000e+13
2.218734417034200000e+13
2.162860575716900000e+13
2.219180664226800000e+13
1.989166291654900000e+13
2.440389816133100000e+13
2.249163880356600000e+13
2.668847726580900000e+13
2.118586241554200000e+13
2.021787976262100000e+13
1.957926133343800000e+13
2.402030151089200000e+13
2.072194381187500000e+13
1.922018440592400000e+13
2.067360181178000000e+13
1.756337809275500000e+13
1.731793301368100000e+13
1.818126159214300000e+13
1.961422605182200000e+13
1.671375270725500000e+13
1.893339129952900000e+13
1.504437391617300000e+13
1.655941592054800000e+13
1.508383062832100000e+13
1.729200550165900000e+13
1.625779375220100000e+13
1.619562529328300000e+13
1.709913205355700000e+13
1.460892909910500000e+13
1.523321644338600000e+13
1.600338093641600000e+13
1.645935578893000000e+13
1.570312128191300000e+13
1.439574057951100000e+13
1.396445378546100000e+13
1.343866525007600000e+13
1.467795097477100000e+13
1.573819990292800000e+13
1.247643625667300000e+13
1.711828405783800000e+13
1.512840187237800000e+13
1.237175759231600000e+13
1.450589453031900000e+13
1.480645877400200000e+13
1.355473018677300000e+13
1.282558440146200000e+13
1.294421173504400000e+13
1.132933108335200000e+13
1.113774950330200000e+13
1.170192585009600000e+13
1.119561791501700000e+13
1.348199756482300000e+13
1.320572252243000000e+13
1.188744642812900000e+13
1.092190074143100000e+13
1.140736820677000000e+13
1.409332125841100000e+13
1.160428281207700000e+13
1.193510450110000000e+13
1.382126155441700000e+13
1.348179990433300000e+13
1.225329847025600000e+13
1.083877909017800000e+13
1.149382609242900000e+13
1.207334390949600000e+13
1.063128142500100000e+13
9.606258802974000000e+12
1.148377898777500000e+13
1.169892927152600000e+13
9.894436191690000000e+12
9.945869390035000000e+12
9.798740967897000000e+12
1.079174744851700000e+13
8.337660475412000000e+12
1.235767999434100000e+13
8.505207103435000000e+12
9.713521475447000000e+12
9.018712710622000000e+12
1.127743904350100000e+13
1.037861425340500000e+13
8.121568063859000000e+12
9.797442909809000000e+12
7.786277504754000000e+12
8.229921532721000000e+12
1.038486333810000000e+13
7.623317303477000000e+12
8.076063265344000000e+12
7.870754546628000000e+12
8.544693025411000000e+12
8.895372827280000000e+12
7.658512189757000000e+12
9.857618223630000000e+12
9.224095897311000000e+12
8.066142449763000000e+12
9.525666956536000000e+12
8.812274992374000000e+12
9.593309387032000000e+12
9.646105517137000000e+12
9.185859467456000000e+12
9.146855227512000000e+12
9.592794954262000000e+12
9.009866122414000000e+12
8.088569840122000000e+12
7.710058030525000000e+12
7.323112382940000000e+12
8.108951784237000000e+12
7.364204645615000000e+12
7.193686986852000000e+12
7.465424491928000000e+12
6.689231269080000000e+12
7.398497874260000000e+12
8.366148447915000000e+12
6.728296943356000000e+12
7.035365694910000000e+12
6.625288250263000000e+12
7.635172139209000000e+12
8.288353851031000000e+12
6.533579145717000000e+12
7.368109620467000000e+12
8.651048757015000000e+12
7.680707379925000000e+12
6.753003850633000000e+12
6.923865420595000000e+12
7.223985138695000000e+12
6.742705344673000000e+12
8.052600373575000000e+12
7.380854129598000000e+12
7.423989571498000000e+12
7.146031708634000000e+12
6.139463946762000000e+12
7.041043279130000000e+12
6.603906196331000000e+12
6.416747759302000000e+12
5.432597570175000000e+12
5.839087580985000000e+12
5.499900367140000000e+12
6.051603449979000000e+12
5.898361831868000000e+12
6.474324618777000000e+12
6.621053370294000000e+12
7.846336860100000000e+12
7.612347056836000000e+12
5.903982671233000000e+12
6.705229091001000000e+12
5.475041192777000000e+12
4.793969976062000000e+12
6.550828483312000000e+12
5.053726749305000000e+12
4.958982081861000000e+12
6.123209426526000000e+12
4.761499904912000000e+12
6.421042372001000000e+12
6.373147090052000000e+12
4.801453552472000000e+12
5.530771957712000000e+12
5.323202887176000000e+12
4.941908509145000000e+12
4.752165236537000000e+12
5.274582853604000000e+12
5.029177352686000000e+12
4.872593916484000000e+12
5.004154334690000000e+12
5.260351008836000000e+12
4.279732462762000000e+12
5.895507862297000000e+12
4.330146029136000000e+12
4.958318897471000000e+12
6.108084612338000000e+12
4.723540531587000000e+12
4.863585458869000000e+12
4.714835520907000000e+12
4.950441217764000000e+12
5.856164673874000000e+12
3.982045939078000000e+12
4.761995695739000000e+12
4.249851226739000000e+12
5.422321586957000000e+12
4.278965070766000000e+12
5.460005815368000000e+12
4.345143537609000000e+12
3.235133163053000000e+12
4.863357017620000000e+12
5.561649357854000000e+12
4.574392352246000000e+12
3.637501760919000000e+12
5.225333394395000000e+12
5.842512376348000000e+12
4.534819518586000000e+12
3.829634327783000000e+12
4.499627146979000000e+12
4.351752291061000000e+12
4.773681980218000000e+12
3.033746542429000000e+12
5.680024059565000000e+12
4.115190371554000000e+12
4.197266928067000000e+12
2.853130441889000000e+12
4.554854212992000000e+12
4.656033368121000000e+12
4.254322166994000000e+12
4.362695978536000000e+12
4.205883065418000000e+12
4.786814185296000000e+12
2.875214421302000000e+12
4.186309188615000000e+12
3.929610133924000000e+12
3.856497203814000000e+12
3.801210806597000000e+12
5.144722411255000000e+12
4.173731452078000000e+12
3.930612457042000000e+12
3.015501325279000000e+12
4.099979221344000000e+12
3.986440051977000000e+12
3.127985856760000000e+12
3.739436627670000000e+12
2.769535936111000000e+12
2.894798524100000000e+12
3.618531559502000000e+12
4.346127607804000000e+12
2.727927062351000000e+12
2.997191024899000000e+12
3.550286911744000000e+12
3.587357068275000000e+12
3.189007413562000000e+12
2.884751615128000000e+12
2.580722940638000000e+12
3.382122042061000000e+12
3.516474886659000000e+12
3.456316251123000000e+12
2.739550573212000000e+12
3.160030268595000000e+12
3.105525911659000000e+12
2.935543392525000000e+12
3.699428074460000000e+12
2.885689819624000000e+12
3.221998312115000000e+12
3.565680681123000000e+12
2.737030610457000000e+12
3.297807051222000000e+12
2.819064799968000000e+12
3.324454208633000000e+12
2.688931274786000000e+12
2.740894597918000000e+12
2.602527828939000000e+12
3.303123843305000000e+12
2.615322155394000000e+12
2.947021689345000000e+12
3.298696209807000000e+12
3.052956069780000000e+12
3.384282808747000000e+12
2.046522978310000000e+12
2.184625159079000000e+12
3.232005585691000000e+12
3.305373768163000000e+12
2.229908276778000000e+12
2.896573733430000000e+12
3.259102800151000000e+12
3.075865722390000000e+12
1.794900819452000000e+12
3.328677983633000000e+12
2.726764373875000000e+12
2.669226368571000000e+12
1.912521301000000000e+12
2.399732018370000000e+12
3.066161689313000000e+12
2.224208544351000000e+12
3.221521194955000000e+12
2.377903333538000000e+12
2.531832285743000000e+12
2.388210035286000000e+12
2.749938901770000000e+12
2.024219142099000000e+12
3.104315381590000000e+12
2.201180175510000000e+12
2.113960122478000000e+12
2.048596097641000000e+12
2.757356108219000000e+12
2.745676468466000000e+12
2.495983359521000000e+12
2.963461347413000000e+12
2.454409978770000000e+12
2.859619628912000000e+12
2.302232728861000000e+12
2.169306307672000000e+12
2.159837293430000000e+12
1.288679733234000000e+12
1.803846803722000000e+12
2.633028713489000000e+12
2.773233115380000000e+12
2.610281183926000000e+12
2.833654822327000000e+12
1.412834474946000000e+12
2.089334837011000000e+12
2.914352586558000000e+12
2.147362676412000000e+12
2.745998702735000000e+12
2.186898787683000000e+12
2.895362169244000000e+12
1.995130657612000000e+12
1.836178597273000000e+12
1.435067007320000000e+12
3.567586057982000000e+12
2.020976886545000000e+12
1.420719536494000000e+12
1.805900625571000000e+12
1.750436394243000000e+12
1.746749241954000000e+12
1.969254060270000000e+12
2.060559793801000000e+12
2.818602612858000000e+12
2.179577252770000000e+12
1.864286006559000000e+12
2.479523266257000000e+12
1.528575653445000000e+12
1.747553743885000000e+12
2.223214487698000000e+12
1.597054809471000000e+12
2.240633725761000000e+12
1.853045770651000000e+12
1.673009364312000000e+12
2.134368278129000000e+12
1.313328761844000000e+12
1.803548341563000000e+12
1.563549175405000000e+12
1.360225608621000000e+12
1.554559380926000000e+12
1.173443718205000000e+12
1.889049867589000000e+12
1.330284203296000000e+12
1.216124720837000000e+12
2.390115610605000000e+12
1.907595248005000000e+12
1.496579154909000000e+12
1.218011832723000000e+12
2.088337475629000000e+12
1.676049784103000000e+12
2.085494617055000000e+12
1.434948082726000000e+12
1.216972498088000000e+12
1.833672792455000000e+12
1.576642685759000000e+12
1.456579641077000000e+12
1.179611729797000000e+12
1.628669311849000000e+12
1.922280818823000000e+12
1.175018674435000000e+12
1.041062675187000000e+12
1.515075917428000000e+12
1.251962887916000000e+12
1.746979544541000000e+12
1.762519559970000000e+12
9.978863424000000000e+11
1.390553856172000000e+12
1.267390983583000000e+12
7.429299484010000000e+11
8.317433349600000000e+11
1.611565992717000000e+12
1.400895262688000000e+12
1.157991853289000000e+12
1.335209223171000000e+12
8.122885487700000000e+11
1.244032784857000000e+12
1.130286012032000000e+12
1.045120426124000000e+12
1.294311094987000000e+12
1.254676227122000000e+12
1.206398870579000000e+12
1.760417203553000000e+12
6.596288987840000000e+11
1.025760431390000000e+12
8.317195842590000000e+11
1.559303714365000000e+12
6.636912726250000000e+11
9.519805748670000000e+11
8.372723679220000000e+11
8.230289155600000000e+11
9.897031607500000000e+11
8.859512108590000000e+11
8.208039960930000000e+11
1.342242918639000000e+12
1.608547429203000000e+12
6.192290550550000000e+11
7.556361367300000000e+11
1.389599423241000000e+12
6.874303894200000000e+11
1.152681292638000000e+12
7.804165029660000000e+11
5.002516906740000000e+11
7.732994039600000000e+11
1.239520711569000000e+12
1.073190914574000000e+12
1.138037103866000000e+12
5.248142153250000000e+11
1.253324911233000000e+12
5.355634489950000000e+11
9.206731240110000000e+11
1.049413126639000000e+12
1.080438311808000000e+12
1.079176192153000000e+12
7.061923220200000000e+11
1.013897522407000000e+12
9.657106703070000000e+11
9.794864999430000000e+11
6.533909326280000000e+11
1.092337451736000000e+12
9.928583857340000000e+11
7.561602818110000000e+11
6.075628388840000000e+11
7.685121611690000000e+11
6.226510429380000000e+11
5.453484665270000000e+11
1.180970553325000000e+12
8.452960084890000000e+11
8.650575476790000000e+11
9.284175148070000000e+11
8.095986505660000000e+11
8.628883620760000000e+11
9.198044326080000000e+11
1.029186869849000000e+12
8.128232452580000000e+11
5.854714196680000000e+11
1.217362798630000000e+12
9.260173222830000000e+11
9.353181648600000000e+11
6.309724707230000000e+11
8.242423531210000000e+11
7.526451569510000000e+11
4.957953618070000000e+11
8.422408295370000000e+11
9.119760861610000000e+11
1.107974249425000000e+12
4.200504364710000000e+11
9.394752328120000000e+11
2.666027041460000000e+11
4.196418238010000000e+11
5.386758066550000000e+11
7.794587701320000000e+11
6.411742661910000000e+11
6.207730108070000000e+11
8.768471358810000000e+11
3.889625608390000000e+11
5.847368709210000000e+11
7.784905379180000000e+11
5.762772057020000000e+11
4.309252236760000000e+11
6.494243075190000000e+11
5.963650797860000000e+11
6.969868427520000000e+11
2.778493726900000000e+11
5.262409455320000000e+11
4.379155758480000000e+11
7.630278398950000000e+11
4.126024056620000000e+11
8.063297979770000000e+11
6.528236287800000000e+11
6.795406140990000000e+11
5.371723489510000000e+11
6.427785155670000000e+11
6.804124713580000000e+11
6.819810686420000000e+11
3.482872636740000000e+11
3.959674575090000000e+11
2.361549420680000000e+11
2.330468955010000000e+11
9.471477312520000000e+11
3.863754468710000000e+11
3.459706914370000000e+11
4.350478284180000000e+11
3.514972825320000000e+11
5.338261037950000000e+11
8.495684748780000000e+11
5.483101216550000000e+11
6.884811252470000000e+11
6.558516258310000000e+11
4.132469953270000000e+11
8.378762070350000000e+11
2.903136801210000000e+11
4.199104584110000000e+11
5.078891917790000000e+11
4.425926503320000000e+11
4.527556326060000000e+11
2.888968816660000000e+11
2.527948093250000000e+11
3.712779638810000000e+11
3.674490353630000000e+11
3.813954705010000000e+11
3.350068860680000000e+11
1.441295616000000000e+11
2.129656792870000000e+11
3.917762329950000000e+11
6.045492631200000000e+11
3.580366290050000000e+11
5.214571290150000000e+11
2.876883031820000000e+11
2.599973748160000000e+11
4.081511195880000000e+11
2.087809887040000000e+11
2.878062563040000000e+11
1.644458433410000000e+11
5.667351193310000000e+11
1.037329678189000000e+12
3.558681202180000000e+11
6.414605982930000000e+11
2.855582753860000000e+11
2.916159500980000000e+11
2.978270790110000000e+11
3.214717886990000000e+11
2.122119119680000000e+11
1.704243295420000000e+11
1.124585751840000000e+11
3.780853579440000000e+11
3.781654266610000000e+11
1.417455301950000000e+11
3.494906249700000000e+11
7.462146291700000000e+10
5.339313352810000000e+11
2.925556464470000000e+11
1.759742211850000000e+11
2.655697779920000000e+11
1.717151482810000000e+11
2.598980321550000000e+11
2.971405360470000000e+11
1.804573788980000000e+11
3.949632950800000000e+10
1.242997720330000000e+11
2.728607405970000000e+11
4.412420556170000000e+11
1.617899204550000000e+11
3.437551060390000000e+11
2.086116689920000000e+11
1.630598829450000000e+11
3.693176689970000000e+11
1.602089629050000000e+11
1.847374355590000000e+11
1.974800285150000000e+11
3.039557604680000000e+11
1.492031304020000000e+11
4.099247759020000000e+11
3.120361073090000000e+11
3.812255055010000000e+11
2.391579784480000000e+11
3.803954272700000000e+10
3.259749101670000000e+11
1.047152488660000000e+11
8.752633010200000000e+10
2.084513852770000000e+11
3.036949217380000000e+11
2.485175374650000000e+11
9.448319178000000000e+10
1.246567763700000000e+11
1.438528423410000000e+11
1.152720400700000000e+11
2.500252319080000000e+11
2.323938177780000000e+11
3.624965376990000000e+11
2.691367263200000000e+10
4.193622411200000000e+11
2.521396390730000000e+11
2.955159283730000000e+11
2.343658780460000000e+11
1.607424754750000000e+11
1.105733112870000000e+11
1.909298139770000000e+11
8.780774327300000000e+10
2.308553770810000000e+11
1.304504949700000000e+11
6.305695593500000000e+10
7.003683333800000000e+10
2.742110594800000000e+10
2.137013787550000000e+11
2.796355115510000000e+11
2.130231378250000000e+11
1.410535168540000000e+11
2.818314831770000000e+11
2.374648917780000000e+11
1.109940149030000000e+11
3.212573896600000000e+11
7.918506076200000000e+10
1.519352759740000000e+11
1.351531530210000000e+11
1.494118456830000000e+11
1.751977500910000000e+11
2.376581883560000000e+11
1.775875299060000000e+11
7.865703974200000000e+10
6.574946463600000000e+10
2.577338573130000000e+11
9.467098506800000000e+10
7.536310162700000000e+10
1.379463046160000000e+11
1.902357466730000000e+11
7.215532258200000000e+10
1.059705724970000000e+11
7.456107039300000000e+10
3.405388182760000000e+11
9.936711838300000000e+10
3.064001990500000000e+10
6.183666144000000000e+10
1.383922302830000000e+11
2.330302069920000000e+11
1.019558339210000000e+11
1.426124558660000000e+11
5.991548669300000000e+10
5.783248251100000000e+10
5.098198843600000000e+10
7.536516917300000000e+10
3.128839427400000000e+10
8.630523088400000000e+10
1.863694449340000000e+11
3.084744146000000000e+09
8.770701875500000000e+10
2.339604340100000000e+10
3.075833162200000000e+10
8.939948945000000000e+10
8.294770191400000000e+10
6.647694785000000000e+09
2.562789916800000000e+10
