4.025363941056490000e+15
3.623146539947493000e+15
3.266248085414157000e+15
2.981883711836162000e+15
2.704237328058554000e+15
2.432455184770609000e+15
2.219206826225474000e+15
2.088797210349147000e+15
1.958950561642661000e+15
1.807714452159580000e+15
1.713712474796582000e+15
1.593560819988233000e+15
1.500492059106039000e+15
1.408548169710649000e+15
1.362085959815275000e+15
1.255791378096782000e+15
1.219214556421834000e+15
1.164253689235923000e+15
1.090902482397717000e+15
1.053026106409649000e+15
9.729228120117890000e+14
9.593758119303890000e+14
9.057854333376550000e+14
8.465496901182110000e+14
8.214458422429240000e+14
8.073384822005820000e+14
7.677258607366550000e+14
7.324002893441730000e+14
6.818779934020050000e+14
7.107501190015610000e+14
6.595395075186330000e+14
6.593677585780570000e+14
5.975300649010310000e+14
5.839027864812000000e+14
5.588212512956050000e+14
5.617732217386440000e+14
5.429804430738960000e+14
4.935629459467660000e+14
4.912698259492540000e+14
4.675514259949780000e+14
4.587875867234310000e+14
4.434777284225510000e+14
4.416901522507810000e+14
4.071857201884910000e+14
4.144726409422260000e+14
3.877407662089380000e+14
3.718216437754390000e+14
3.439240568985950000e+14
3.565732402724700000e+14
3.682264353744250000e+14
3.354813127177250000e+14
3.220231066477200000e+14
3.131844957718330000e+14
3.167887725276890000e+14
2.994810505435980000e+14
2.778859970008730000e+14
2.909144636387880000e+14
2.983737356876600000e+14
2.882045781443610000e+14
2.636950982774650000e+14
2.463139151039540000e+14
2.515834276983870000e+14
2.334755704617530000e+14
2.366604393001850000e+14
2.197751253054550000e+14
2.320844626331650000e+14
2.140379309099830000e+14
2.021670954766550000e+14
2.087257836152990000e+14
2.019065591746790000e+14
1.947209787624580000e+14
1.877219079207170000e+14
1.817880184599040000e+14
1.793695224643170000e+14
1.696014605317090000e+14
1.697731874764470000e+14
1.787230886097140000e+14
1.719723033546420000e+14
1.548332900151610000e+14
1.533964783431410000e+14
1.548225493813080000e+14
1.491025524028690000e+14
1.535412110899960000e+14
1.253338607677970000e+14
1.340880085326780000e+14
1.367136177051020000e+14
1.310244256055560000e+14
1.245235255030390000e+14
1.295579148057170000e+14
1.328096021847580000e+14
1.197792066382870000e+14
1.143557191591940000e+14
1.023982615422220000e+14
1.136756056174230000e+14
1.146266752209960000e+14
1.029853796880790000e+14
1.023586175305940000e+14
1.110833356628060000e+14
1.109245126789520000e+14
1.052439872208290000e+14
9.127259132513500000e+13
1.060342004162720000e+14
8.698245661300100000e+13
9.610570518026100000e+13
9.206163753145900000e+13
8.487663587204000000e+13
7.945523213837600000e+13
8.909422895540000000e+13
7.948509077743700000e+13
7.223873976420500000e+13
7.607718065693400000e+13
7.576597901622100000e+13
8.175305423110400000e+13
7.637424854278900000e+13
7.422030018958400000e+13
7.238229651389900000e+13
6.793259298498700000e+13
7.007060009252600000e+13
6.398842344969200000e+13
6.139203786697500000e+13
6.473011347832700000e+13
6.399541262783700000e+13
5.773524366862400000e+13
5.804732124641100000e+13
5.483988156492500000e+13
6.361144338919100000e+13
5.504874006451500000e+13
5.351753434746800000e+13
4.665155088590500000e+13
4.694039878310700000e+13
5.071202814027000000e+13
5.178009598654100000e+13
5.242696442178900000e+13
5.080168650908100000e+13
5.455209671374600000e+13
4.879654727334300000e+13
4.423226932456000000e+13
4.729180762845400000e+13
4.410710213233000000e+13
4.115662605911000000e+13
4.839232183846600000e+13
4.271647431138200000e+13
3.893819545705800000e+13
3.983068685234900000e+13
4.120193512861300000e+13
3.492164243072000000e+13
3.656575423946300000e+13
3.611452847320800000e+13
3.350254272264400000e+13
3.698126324743400000e+13
3.365376089292300000e+13
3.583744322208900000e+13
3.489601471790500000e+13
3.239033099976200000e+13
4.021785274908700000e+13
2.564139593484200000e+13
2.707147383087300000e+13
3.017072923474100000e+13
2.740720331382400000e+13
2.700259411621300000e+13
2.856394441643900000e+13
1.847008326012400000e+13
2.988590365061600000e+13
2.855344944980100000e+13
2.738323128935500000e+13
2.467244425156500000e+13
2.919757555042100000e+13
2.909089473721600000e+13
2.693551673965200000e+13
2.851041527403100000e+13
2.884698029865900000e+13
2.401877355600000000e+13
2.175616007373100000e+13
2.023070574980000000e+13
2.219482501958100000e+13
2.389318726370500000e+13
2.207181560248100000e+13
2.317672446646600000e+13
2.381416786468200000e+13
2.173055983351300000e+13
1.522665243953300000e+13
1.993815233745300000e+13
2.083562463075900000e+13
1.855800981760200000e+13
1.806464039375300000e+13
2.027429093857500000e+13
2.082659105999100000e+13
2.068707448075900000e+13
1.458899536042500000e+13
1.736673000638700000e+13
1.360241373433400000e+13
1.718385189679900000e+13
1.798645845949100000e+13
1.852610825003200000e+13
1.604441478410500000e+13
1.946708547857800000e+13
1.339055432891200000e+13
1.243186966938600000e+13
1.644518136765100000e+13
1.279129461428000000e+13
1.224226779401200000e+13
1.640954363432800000e+13
1.254530421455400000e+13
1.372004543995500000e+13
1.162391586958700000e+13
1.106675552574000000e+13
1.154226257330100000e+13
1.446293279400600000e+13
1.302743519010200000e+13
1.035197757690100000e+13
8.646757262614000000e+12
1.309159672268500000e+13
1.472123501828200000e+13
1.100603056314000000e+13
8.970034128981000000e+12
1.178203394758400000e+13
1.095750787265400000e+13
1.102350908196500000e+13
1.238986358269400000e+13
1.164760674883600000e+13
9.115911355568000000e+12
8.252056719746000000e+12
1.036333297193700000e+13
6.993438239720000000e+12
9.958391479739000000e+12
8.431372104347000000e+12
6.145346593285000000e+12
7.970827835923000000e+12
9.278955762956000000e+12
8.966512927989000000e+12
5.774710341356000000e+12
6.715617119529000000e+12
5.668193282880000000e+12
7.716760580207000000e+12
5.866465367840000000e+12
5.343149116080000000e+12
8.112424100523000000e+12
4.993454144324000000e+12
4.450190944659000000e+12
5.537252408808000000e+12
6.290201920509000000e+12
6.437381686870000000e+12
6.167837150402000000e+12
6.364162974359000000e+12
3.218805051824000000e+12
7.470414416628000000e+12
5.695738260205000000e+12
6.296954407665000000e+12
8.400501487556000000e+12
6.763591934195000000e+12
5.414514110739000000e+12
7.989251564932000000e+12
6.104255011318000000e+12
4.915285756263000000e+12
4.304081593085000000e+12
5.132026274890000000e+12
7.860071699659000000e+12
5.334995058777000000e+12
3.161861538370000000e+12
4.520940437463000000e+12
4.664540042993000000e+12
2.188743977449000000e+12
5.150069966075000000e+12
4.990656166742000000e+12
3.633236545965000000e+12
5.350897028781000000e+12
5.070911077175000000e+12
4.073304136695000000e+12
4.767286585851000000e+12
4.608756294671000000e+12
4.147593213846000000e+12
4.466416459535000000e+12
4.891049576141000000e+12
3.910167803532000000e+12
3.650615288423000000e+12
4.555589395354000000e+12
3.883204227357000000e+12
3.350796433649000000e+12
3.985137809409000000e+12
4.842329118487000000e+12
4.591490108486000000e+12
3.371820894227000000e+12
2.826204713306000000e+12
3.779503450076000000e+12
3.891637031127000000e+12
3.164470405969000000e+12
3.694400774815000000e+12
1.857647692364000000e+12
3.380724241033000000e+12
3.859448792873000000e+12
3.161671931465000000e+12
2.396181011676000000e+12
2.703940860912000000e+12
2.731591549400000000e+12
5.127818975100000000e+12
3.011579500503000000e+12
3.152634362439000000e+12
3.022385376789000000e+12
2.596327587607000000e+12
2.746558215527000000e+12
2.478600889196000000e+12
1.475012841259000000e+12
2.131434024285000000e+12
3.245028250769000000e+12
2.359986162382000000e+12
1.617601577426000000e+12
3.587959693884000000e+12
2.170876845085000000e+12
2.713844712466000000e+12
3.072883083305000000e+12
1.180010273007000000e+12
3.931744544346000000e+12
1.023466485242000000e+12
1.201061726113000000e+12
1.257214155128000000e+12
2.121501783088000000e+12
1.180010273007000000e+12
3.858816975968000000e+12
2.318941711593000000e+12
2.127841850405000000e+12
1.475012841259000000e+12
2.106997902723000000e+12
1.212034216851000000e+12
2.189182192411000000e+12
1.448480899676000000e+12
1.583335483552000000e+12
1.618695367016000000e+12
1.978592973796000000e+12
1.236867938714000000e+12
1.338410906648000000e+12
8.850077047550000000e+11
9.546803441080000000e+11
2.111615064295000000e+12
3.300463532624000000e+12
1.216269063251000000e+12
1.836431456033000000e+12
6.105064435050000000e+11
2.907936307695000000e+12
2.049805681120000000e+12
8.850077047550000000e+11
1.475012841259000000e+12
1.499646583923000000e+12
1.947226063691000000e+12
5.541378441590000000e+11
1.180010273007000000e+12
5.900051365030000000e+11
1.855465153372000000e+12
1.475012841259000000e+12
2.421678415511000000e+12
1.265999398001000000e+12
1.227085304629000000e+12
8.850077047550000000e+11
2.107839640282000000e+12
1.819605322459000000e+12
1.495529080346000000e+12
1.007865105543000000e+12
9.310291591660000000e+11
1.770015409510000000e+12
1.577656047910000000e+12
4.474291331390000000e+11
1.517682657384000000e+12
8.850077047550000000e+11
8.850077047550000000e+11
