2283296965854781
2137840378212420
1961383128502926
1844132344586924
1732900144545645
1605278516632922
1528968311432484
1466571058807223
1371142115404927
1311469863436592
1240304367921741
1183790507317896
1136747193669127
1084601552090752
1054216272427370
993156660942738
949388222874468
926921640093611
873407633986758
849353264900954
829267778490215
814154248700364
768298101422091
729259761284584
737818507543984
706564622332434
676339297234745
665796999527027
664859080592302
649132123864898
619439243862800
597938084491318
586846160041689
566852982919730
552302019614650
548558805143020
525135683268629
522521681573836
504353852496728
497620950662867
469713242925880
473822037932405
463508064400414
453824600810835
432819174607302
427764171369076
422323088474479
420886484492435
417858272884076
402606852482216
388949353696509
391388444990354
390588128920891
378571404257833
359915047677702
366851965626053
349598263330339
355356968177712
338498319841667
340720970661377
327269897618272
335896818187985
330207400407152
315553756118037
305622201825237
313372658123397
298772819400413
299830371991076
305553970507744
290537138385618
289866410265908
275686263345861
274843612234672
262880848744856
273005855896232
267318654715606
245867711708604
259595710076120
262459381944640
256639709916395
250370350403782
239841760601366
239149427394008
245095701074082
235751936831669
235239698430941
229854838013107
224344612763037
220504907983594
209855297152099
209142752927850
212335014880888
211053651229985
221073855711801
210169304528448
203293211394481
192204122652541
196886859944922
190705187609483
190684816123371
191062540337306
192170601834069
184482704748207
180373132824606
175274185086222
182894158031545
188961997778818
171575313304946
164686724160966
176352904639583
166258585691531
171068152461243
165475884020093
157597462129437
159105894422879
153036291913342
150554702658362
153323614479970
149523028937711
148354415058296
142484520312514
151435755657248
142391066218799
148101542228284
141580938321791
137133020943891
140518061266295
139312371083286
138510581812222
135541476393526
133262405144600
124634411469659
133694943203419
124570250016306
121493840213744
124461133664595
119359771686509
117554931363969
121799506226874
118188107674296
113526533004657
115943977776519
112993186615608
110628853543463
115157165111118
109949412222991
113086509807448
112982528677508
110859665203651
107504517309886
104957904616921
102539573006881
107300014233594
103809968448724
99312159048209
96347804517256
93917632939190
99504270594476
97509653190716
95836496697441
93427435050129
94773773536550
88264770234557
97005220165215
93636043917103
87047830065486
87192530933923
83343190408745
82995774639642
83301198820193
78297546902453
83230771133029
83315307790066
81609741067222
81750093779559
81082823992298
71967870211771
75231843392113
74974713153486
69963677644615
79557232511120
70788420117003
68819256815994
77759273677810
70537370378542
71039098445427
67481897616760
72661053493939
66295986901659
65735855819266
67562345688183
68660205297426
72347581495031
65087713840802
65125115694291
66995438191650
65914026542709
65236306426921
62687702476348
63249624747025
62416938431508
60641942037924
58954754279513
59229489469871
62751505150118
59237422450267
58569807336449
60975039166907
58276191126886
56620223809779
55599606218551
58727808967693
51054008981282
56299439199865
53174005176423
54391856749781
53292581019390
53033652661529
51854535751557
48795441228909
51813765194998
49005254571582
51093207018976
48199965613534
49723688402523
47338103487070
48869563811667
46354798631920
44596315089043
50993304675935
47586993912134
49568110942449
46176278658661
44117142190829
44162615456854
45822600570574
43026495811602
45139263589085
45282033112574
43879204414931
37353316344575
38844509393816
39801719186715
40022126673065
40552142685203
42067100362493
39132887866130
36555864650188
35942448961756
37442664702852
37739577590716
38294395244035
37652718581569
38127742162541
38282678902320
35442164495204
37351163276076
35272676355163
33029061862379
32640958030275
31727614370490
30964051488011
32377597802675
32043155328923
31200696483763
30745028307678
32628152869892
30492906960422
33263768225414
31644144867601
29284575124408
29847451303829
27447573791333
32348791590337
34256922912183
30735313292818
30958863164059
26647155701961
30064507995115
29692689005945
26627880064935
29902751712725
26649634563946
26211780435005
31810331027396
25101420440965
24721109345457
22816182041641
24706214311868
24625953217803
24818611186018
24727510307425
21800243646388
21723865839091
22775683571389
26624779033887
24461363756432
21551889972138
21491786992478
20952550999979
22923833340443
22997454791668
22636525757497
19640231666835
20461294751596
22081733758577
21254698900406
23426802905755
20294231646011
23910888166978
20958103033171
19826713142153
19983926633475
19171953174114
19212466027442
19581827739832
20842088872106
21000668605077
21578795734418
16852727243692
20354422556654
18504525053640
17249176671668
18551432046817
15917289723988
17994489351163
17856645919403
17937338776657
19004579468511
18435173782656
16862096563021
17781661705871
14048920873947
15893900604586
16351980267617
17454971048317
16446351701294
16776481347441
12625870101577
16750048562018
14943578866118
13550748362252
14620101759010
15056607553709
12472492534634
13878489925632
13303292106402
13646176962537
12049763961065
14366928061494
13091888540592
14680468503582
12741857764675
10713674815921
12246573340871
14126079914913
13555178194661
12124375457067
15553596803546
13121740921276
10128202183032
12110938165648
10373937505378
11977097790654
12481351636005
10101911087316
10467307534364
11301944542231
10577097196077
10626440259528
10714081485749
12262133588720
11817284186887
9383796430600
12031718014379
9733484434891
11732333145459
10046708654253
11512972087111
11683087462918
10008021525491
9448875443766
11086947566095
9745751359052
10709511242118
9364404534591
8106655770491
7915536177921
8009570701755
9347268665819
9102087236449
9712389267064
7737068760289
9072275745325
9526279161147
8014748235216
8355358355094
8959372316756
8268130997940
9368927015071
7214878356117
8986679393661
9393247624551
6941713515637
6388635153645
7902117383734
7229865478224
9180342133317
8788759986470
6939400049164
7834487319162
4957033810270
7713531919043
7604271231826
6680821983202
6965103910030
5940114821623
7151436381299
7992936642653
7394424693735
6594585410017
6513103943429
7674622488698
8382569824199
5893838465109
6863104639833
6531648095607
6797929920507
6899118003523
5793502409030
8048397700719
6639136014141
6115478549448
6189551311791
7208169539192
6629853215922
5807146073967
6748103571943
6897895218200
6289117096349
4765607041699
4621105374690
5311924531284
6112888232144
5984581542493
5342935942763
5456297205808
6402869779160
5928898948374
5269971971582
5934959764740
4469531599180
4059266138160
5166446212096
5802979892631
5806854920229
5815348485417
6382602356949
4825370268164
3776292140662
4579117706885
4760200660014
6340791952768
5508891228386
4282287741812
4433816557655
3849891079839
3817610944453
4983432809168
4724463404232
4940040606547
5135745253673
4784923603347
4593814876194
4790488393488
2892199498765
4443426950338
3625130097800
4395193022788
3552458344507
3776786114119
4248475643913
3843235860455
4619324473485
4936098223732
4416395009513
3388351095806
5034574742866
4228932888807
4551760971873
3502948735715
3492634236204
2839816960857
3539353334236
3232855880687
4116050526940
2291708961681
3525183396728
4406552542411
3290076695701
3770714520050
2921159328341
3330929815118
4277401865180
2260208851130
2532628190137
4129524330771
3201559027947
3305680226604
2782795222619
2954856153306
2444991823360
4423631721997
3895226217688
2904233366802
2910917583645
3185087499615
3629989507939
3138740301068
3753683364493
3613668201923
2309722602311
3149027506970
2371623795413
1119698652886
2326861755304
2242232694810
2472936835031
3216412289117
2810515365896
2581471930696
2173467251497
3004657343049
2986831261801
2690697497304
3453904561197
1876857916890
2404320806723
2199897525543
2784127292146
3032166086456
3221579939310
1916029711903
3373143314983
2296908355536
1799248595503
2266247404802
2300670016761
1218306906377
2319737329966
2103611033579
3699835893413
1241593872738
1988242777337
2154373019097
1923532270199
1810384337140
1796602391181
1653573008991
1591443349976
2040170044191
2111537690418
1888368382491
1645734843868
1347410408120
1678642947966
1815374536103
2387743322891
2142793748092
1737252104016
1774377140236
1860195685959
1622631022472
1701853042406
1296568141865
1809500494113
1244929414056
1768345703845
1559249438124
1947685267790
1327123414024
1262797899297
1826345528541
1722909454072
2287312604817
1074411675362
1854205500103
1264233434673
1271509771279
1008521713687
1309942839590
1674789182284
2270217460125
1607091065075
2264996639279
1295699258472
1347616737862
1328850050184
1398023114433
1418012968122
1488683680373
2143504245184
939406820301
1588950089697
1000945204048
1626178011647
1220444079847
2200443713492
849336531445
1635154725306
1135737139845
1157694588048
1733310893773
1425114645804
1262518762965
1264590161438
1555032848686
1588935685408
1036835385121
1113012623624
998817712496
1522642480562
359594866681
883256538418
1458827684280
1208723492886
1288554309003
659705156728
745469567737
673699487988
1182913067970
811681214540
592972959291
587511463048
901616483686
1216649759088
350715954691
507277164242
544287598952
879602880600
757523084190
1038590958071
552573607399
1016508128240
1002382271743
1481929501351
1106135800453
1050985753558
827669797763
1449409200366
548685985149
732799551000
660423826758
449486577872
1434791630544
283675775983
1086050114191
1105314522472
767899735109
298850187501
690698132193
1224845022806
865131113269
522348222681
798845512149
684733853919
1057859692912
782579496253
939566773160
407235436559
822310305188
804754251373
922964489714
743651935766
427184650532
870183140647
1190558359787
935813530802
445681837873
154609934013
561202164609
702574893982
86521596408
310450842758
329197954904
516932665960
787432904552
401096887122
684598196563
549626388010
399151335164
612892113098
511772224620
481041692932
518109031997
549839440374
344324313982
231000172716
200880607617
514689618391
472293694811
640068298523
490092708552
431253195512
296916527271
408311019770
441838671609
586680127496
563975679654
175428505628
440532706604
615510157071
162235370477
438361639775
983151017188
192813923784
590619778233
322611087203
463642336132
225526754178
475046259216
502033240655
563961441868
299426355379
327973318454
371642963928
301692072974
389103833302
180271258576
659313292429
335032075194
507020473804
299677924103
168015885207
274779153177
720549603556
397207808992
576961767847
322679211814
257275781347
314093095632
432812101259
299130735654
460019480228
525378813660
367494920881
675683450329
234636652783
415504358469
580167929976
282126896910
28148208599
180151883508
418664290672
519399300397
204187422974
48138006653
190593428080
198313703665
301652454332
366299023723
554723116127
316628926136
159864873663
122639390754
421370408143
376256734626
286826548043
236084214577
419351157596
177353448683
335938151840
466402915927
267151882442
106037404679
325995464914
70527226853
287401851924
187485062107
184820392415
16893956942
206558262006
80564350537
523954971511
450810820006
190992215016
79580328728
264417004953
130380881558
64059395587
4783005996
85877746377
196836993816
192045015652
125880284734
63804184635
376473102959
397023087840
60414719302
677503175177
156668760238
93175762293
233248150036
204293449880
96980625051
62880474149
316916604048
136966867779
