0.000000
7.361000
14.722000
22.083000
29.444000
36.805000
44.166000
51.527000
58.888000
66.249000
73.610000
80.971000
88.332000
95.693000
103.054000
110.415000
117.776000
125.137000
132.498000
139.859000
147.220000
154.581000
161.942000
169.303000
176.664000
184.025000
191.386000
198.747000
206.108000
213.469000
220.830000
228.191000
235.552000
242.913000
250.274000
257.635000
264.996000
272.357000
279.718000
287.079000
294.440000
301.801000
309.162000
316.523000
323.884000
331.245000
338.606000
345.967000
353.328000
360.689000
368.050000
375.411000
382.772000
390.133000
397.494000
404.855000
412.216000
419.577000
426.938000
434.299000
441.660000
449.021000
456.382000
463.743000
471.104000
478.465000
485.826000
493.187000
500.548000
507.909000
515.270000
522.631000
529.992000
537.353000
544.714000
552.075000
559.436000
566.797000
574.158000
581.519000
588.880000
596.241000
603.602000
610.963000
618.324000
625.685000
633.046000
640.407000
647.768000
655.129000
662.490000
669.851000
677.212000
684.573000
691.934000
699.295000
706.656000
714.017000
721.378000
728.739000
736.100000
743.461000
750.822000
758.183000
765.544000
772.905000
780.266000
787.627000
794.988000
802.349000
809.710000
817.071000
824.432000
831.793000
839.154000
846.515000
853.876000
861.237000
868.598000
875.959000
883.320000
890.681000
898.042000
905.403000
912.764000
920.125000
927.486000
934.847000
942.208000
949.569000
956.930000
964.291000
971.652000
979.013000
986.374000
993.735000
1001.096000
1008.457000
1015.818000
1023.179000
1030.540000
1037.901000
1045.262000
1052.623000
1059.984000
1067.345000
1074.706000
1082.067000
1089.428000
1096.789000
1104.150000
1111.511000
1118.872000
1126.233000
1133.594000
1140.955000
1148.316000
1155.677000
1163.038000
1170.399000
1177.760000
1185.121000
1192.482000
1199.843000
1207.204000
1214.565000
1221.926000
1229.287000
1236.648000
1244.009000
1251.370000
1258.731000
1266.092000
1273.453000
1280.814000
1288.175000
1295.536000
1302.897000
1310.258000
1317.619000
1324.980000
1332.341000
1339.702000
1347.063000
1354.424000
1361.785000
1369.146000
1376.507000
1383.868000
1391.229000
1398.590000
1405.951000
1413.312000
1420.673000
1428.034000
1435.395000
1442.756000
1450.117000
1457.478000
1464.839000
1472.200000
1479.561000
1486.922000
1494.283000
1501.644000
1509.005000
1516.366000
1523.727000
1531.088000
1538.449000
1545.810000
1553.171000
1560.532000
1567.893000
1575.254000
1582.615000
1589.976000
1597.337000
1604.698000
1612.059000
1619.420000
1626.781000
1634.142000
1641.503000
1648.864000
1656.225000
1663.586000
1670.947000
1678.308000
1685.669000
1693.030000
1700.391000
1707.752000
1715.113000
1722.474000
1729.835000
1737.196000
1744.557000
1751.918000
1759.279000
1766.640000
1774.001000
1781.362000
1788.723000
1796.084000
1803.445000
1810.806000
1818.167000
1825.528000
1832.889000
1840.250000
1847.611000
1854.972000
1862.333000
1869.694000
1877.055000
1884.416000
1891.777000
1899.138000
1906.499000
1913.860000
1921.221000
1928.582000
1935.943000
1943.304000
1950.665000
1958.026000
1965.387000
1972.748000
1980.109000
1987.470000
1994.831000
2002.192000
2009.553000
2016.914000
2024.275000
2031.636000
2038.997000
2046.358000
2053.719000
2061.080000
2068.441000
2075.802000
2083.163000
2090.524000
2097.885000
2105.246000
2112.607000
2119.968000
2127.329000
2134.690000
2142.051000
2149.412000
2156.773000
2164.134000
2171.495000
2178.856000
2186.217000
2193.578000
2200.939000
2208.300000
2215.661000
2223.022000
2230.383000
2237.744000
2245.105000
2252.466000
2259.827000
2267.188000
2274.549000
2281.910000
2289.271000
2296.632000
2303.993000
2311.354000
2318.715000
2326.076000
2333.437000
2340.798000
2348.159000
2355.520000
2362.881000
2370.242000
2377.603000
2384.964000
2392.325000
2399.686000
2407.047000
2414.408000
2421.769000
2429.130000
2436.491000
2443.852000
2451.213000
2458.574000
2465.935000
2473.296000
2480.657000
2488.018000
2495.379000
2502.740000
2510.101000
2517.462000
2524.823000
2532.184000
2539.545000
2546.906000
2554.267000
2561.628000
2568.989000
2576.350000
2583.711000
2591.072000
2598.433000
2605.794000
2613.155000
2620.516000
2627.877000
2635.238000
2642.599000
2649.960000
2657.321000
2664.682000
2672.043000
2679.404000
2686.765000
2694.126000
2701.487000
2708.848000
2716.209000
2723.570000
2730.931000
2738.292000
2745.653000
2753.014000
2760.375000
2767.736000
2775.097000
2782.458000
2789.819000
2797.180000
2804.541000
2811.902000
2819.263000
2826.624000
2833.985000
2841.346000
2848.707000
2856.068000
2863.429000
2870.790000
2878.151000
2885.512000
2892.873000
2900.234000
2907.595000
2914.956000
2922.317000
2929.678000
2937.039000
2944.400000
2951.761000
2959.122000
2966.483000
2973.844000
2981.205000
2988.566000
2995.927000
3003.288000
3010.649000
3018.010000
3025.371000
3032.732000
3040.093000
3047.454000
3054.815000
3062.176000
3069.537000
3076.898000
3084.259000
3091.620000
3098.981000
3106.342000
3113.703000
3121.064000
3128.425000
3135.786000
3143.147000
3150.508000
3157.869000
3165.230000
3172.591000
3179.952000
3187.313000
3194.674000
3202.035000
3209.396000
3216.757000
3224.118000
3231.479000
3238.840000
3246.201000
3253.562000
3260.923000
3268.284000
3275.645000
3283.006000
3290.367000
3297.728000
3305.089000
3312.450000
3319.811000
3327.172000
3334.533000
3341.894000
3349.255000
3356.616000
3363.977000
3371.338000
3378.699000
3386.060000
3393.421000
3400.782000
3408.143000
3415.504000
3422.865000
3430.226000
3437.587000
3444.948000
3452.309000
3459.670000
3467.031000
3474.392000
3481.753000
3489.114000
3496.475000
3503.836000
3511.197000
3518.558000
3525.919000
3533.280000
3540.641000
3548.002000
3555.363000
3562.724000
3570.085000
3577.446000
3584.807000
3592.168000
3599.529000
3606.890000
3614.251000
3621.612000
3628.973000
3636.334000
3643.695000
3651.056000
3658.417000
3665.778000
3673.139000
3680.500000
3687.861000
3695.222000
3702.583000
3709.944000
3717.305000
3724.666000
3732.027000
3739.388000
3746.749000
3754.110000
3761.471000
3768.832000
3776.193000
3783.554000
3790.915000
3798.276000
3805.637000
3812.998000
3820.359000
3827.720000
3835.081000
3842.442000
3849.803000
3857.164000
3864.525000
3871.886000
3879.247000
3886.608000
3893.969000
3901.330000
3908.691000
3916.052000
3923.413000
3930.774000
3938.135000
3945.496000
3952.857000
3960.218000
3967.579000
3974.940000
3982.301000
3989.662000
3997.023000
4004.384000
4011.745000
4019.106000
4026.467000
4033.828000
4041.189000
4048.550000
4055.911000
4063.272000
4070.633000
4077.994000
4085.355000
4092.716000
4100.077000
4107.438000
4114.799000
4122.160000
4129.521000
4136.882000
4144.243000
4151.604000
4158.965000
4166.326000
4173.687000
4181.048000
4188.409000
4195.770000
4203.131000
4210.492000
4217.853000
4225.214000
4232.575000
4239.936000
4247.297000
4254.658000
4262.019000
4269.380000
4276.741000
4284.102000
4291.463000
4298.824000
4306.185000
4313.546000
4320.907000
4328.268000
4335.629000
4342.990000
4350.351000
4357.712000
4365.073000
4372.434000
4379.795000
4387.156000
4394.517000
4401.878000
4409.239000
4416.600000
4423.961000
4431.322000
4438.683000
4446.044000
4453.405000
4460.766000
4468.127000
4475.488000
4482.849000
4490.210000
4497.571000
4504.932000
4512.293000
4519.654000
4527.015000
4534.376000
4541.737000
4549.098000
4556.459000
4563.820000
4571.181000
4578.542000
4585.903000
4593.264000
4600.625000
4607.986000
4615.347000
4622.708000
4630.069000
4637.430000
4644.791000
4652.152000
4659.513000
4666.874000
4674.235000
4681.596000
4688.957000
4696.318000
4703.679000
4711.040000
4718.401000
4725.762000
4733.123000
4740.484000
4747.845000
4755.206000
4762.567000
4769.928000
4777.289000
4784.650000
4792.011000
4799.372000
4806.733000
4814.094000
4821.455000
4828.816000
4836.177000
4843.538000
4850.899000
4858.260000
4865.621000
4872.982000
4880.343000
4887.704000
4895.065000
4902.426000
4909.787000
4917.148000
4924.509000
4931.870000
4939.231000
4946.592000
4953.953000
4961.314000
4968.675000
4976.036000
4983.397000
4990.758000
4998.119000
5005.480000
5012.841000
5020.202000
5027.563000
5034.924000
5042.285000
5049.646000
5057.007000
5064.368000
5071.729000
5079.090000
5086.451000
5093.812000
5101.173000
5108.534000
5115.895000
5123.256000
5130.617000
5137.978000
5145.339000
5152.700000
5160.061000
5167.422000
5174.783000
5182.144000
5189.505000
5196.866000
5204.227000
5211.588000
5218.949000
5226.310000
5233.671000
5241.032000
5248.393000
5255.754000
5263.115000
5270.476000
5277.837000
5285.198000
5292.559000
5299.920000
5307.281000
5314.642000
5322.003000
5329.364000
5336.725000
5344.086000
5351.447000
5358.808000
5366.169000
5373.530000
5380.891000
5388.252000
5395.613000
5402.974000
5410.335000
5417.696000
5425.057000
5432.418000
5439.779000
5447.140000
5454.501000
5461.862000
5469.223000
5476.584000
5483.945000
5491.306000
5498.667000
5506.028000
5513.389000
5520.750000
5528.111000
5535.472000
5542.833000
5550.194000
5557.555000
5564.916000
5572.277000
5579.638000
5586.999000
5594.360000
5601.721000
5609.082000
5616.443000
5623.804000
5631.165000
5638.526000
5645.887000
5653.248000
5660.609000
5667.970000
5675.331000
5682.692000
5690.053000
5697.414000
5704.775000
5712.136000
5719.497000
5726.858000
5734.219000
5741.580000
5748.941000
5756.302000
5763.663000
5771.024000
5778.385000
5785.746000
5793.107000
5800.468000
5807.829000
5815.190000
5822.551000
5829.912000
5837.273000
5844.634000
5851.995000
5859.356000
5866.717000
5874.078000
5881.439000
5888.800000
5896.161000
5903.522000
5910.883000
5918.244000
5925.605000
5932.966000
5940.327000
5947.688000
5955.049000
5962.410000
5969.771000
5977.132000
5984.493000
5991.854000
5999.215000
6006.576000
6013.937000
6021.298000
6028.659000
6036.020000
6043.381000
6050.742000
6058.103000
6065.464000
6072.825000
6080.186000
6087.547000
6094.908000
6102.269000
6109.630000
6116.991000
6124.352000
6131.713000
6139.074000
6146.435000
6153.796000
6161.157000
6168.518000
6175.879000
6183.240000
6190.601000
6197.962000
6205.323000
6212.684000
6220.045000
6227.406000
6234.767000
6242.128000
6249.489000
6256.850000
6264.211000
6271.572000
6278.933000
6286.294000
6293.655000
6301.016000
6308.377000
6315.738000
6323.099000
6330.460000
6337.821000
6345.182000
6352.543000
6359.904000
6367.265000
6374.626000
6381.987000
6389.348000
6396.709000
6404.070000
6411.431000
6418.792000
6426.153000
6433.514000
6440.875000
6448.236000
6455.597000
6462.958000
6470.319000
6477.680000
6485.041000
6492.402000
6499.763000
6507.124000
6514.485000
6521.846000
6529.207000
6536.568000
6543.929000
6551.290000
6558.651000
6566.012000
6573.373000
6580.734000
6588.095000
6595.456000
6602.817000
6610.178000
6617.539000
6624.900000
6632.261000
6639.622000
6646.983000
6654.344000
6661.705000
6669.066000
6676.427000
6683.788000
6691.149000
6698.510000
6705.871000
6713.232000
6720.593000
6727.954000
6735.315000
6742.676000
6750.037000
6757.398000
6764.759000
6772.120000
6779.481000
6786.842000
6794.203000
6801.564000
6808.925000
6816.286000
6823.647000
6831.008000
6838.369000
6845.730000
6853.091000
6860.452000
6867.813000
6875.174000
6882.535000
6889.896000
6897.257000
6904.618000
6911.979000
6919.340000
6926.701000
6934.062000
6941.423000
6948.784000
6956.145000
6963.506000
6970.867000
6978.228000
6985.589000
6992.950000
7000.311000
7007.672000
7015.033000
7022.394000
7029.755000
7037.116000
7044.477000
7051.838000
7059.199000
7066.560000
7073.921000
7081.282000
7088.643000
7096.004000
7103.365000
7110.726000
7118.087000
7125.448000
7132.809000
7140.170000
7147.531000
7154.892000
7162.253000
7169.614000
7176.975000
7184.336000
7191.697000
7199.058000
7206.419000
7213.780000
7221.141000
7228.502000
7235.863000
7243.224000
7250.585000
7257.946000
7265.307000
7272.668000
7280.029000
7287.390000
7294.751000
7302.112000
7309.473000
7316.834000
7324.195000
7331.556000
7338.917000
7346.278000
7353.639000
7361.000000
