4.939849999999999852e+01
5.258549999999999613e+01
5.577250000000000085e+01
5.895949999999999847e+01
6.214650000000000318e+01
6.533350000000000080e+01
6.852049999999999841e+01
7.170750000000001023e+01
7.489449999999999363e+01
7.808150000000000546e+01
8.126849999999998886e+01
8.445550000000000068e+01
8.764250000000001251e+01
9.082949999999999591e+01
9.401650000000000773e+01
9.720349999999999113e+01
1.003905000000000030e+02
1.035775000000000006e+02
1.067644999999999982e+02
1.099515000000000100e+02
1.131384999999999934e+02
1.163255000000000052e+02
1.195124999999999886e+02
1.226995000000000005e+02
1.258865000000000123e+02
1.290734999999999957e+02
1.322605000000000075e+02
1.354474999999999909e+02
1.386345000000000027e+02
1.418215000000000146e+02
1.450084999999999980e+02
1.481954999999999814e+02
1.513824999999999932e+02
1.545695000000000050e+02
1.577565000000000168e+02
1.609435000000000002e+02
1.641304999999999836e+02
1.673174999999999955e+02
1.705045000000000073e+02
1.736915000000000191e+02
1.768785000000000025e+02
1.800654999999999859e+02
1.832524999999999977e+02
1.864395000000000095e+02
1.896264999999999930e+02
1.928135000000000048e+02
1.960004999999999882e+02
1.991875000000000000e+02
2.023745000000000118e+02
2.055614999999999952e+02
2.087485000000000070e+02
2.119354999999999905e+02
2.151225000000000023e+02
2.183095000000000141e+02
2.214964999999999975e+02
2.246834999999999809e+02
2.278704999999999927e+02
2.310575000000000045e+02
2.342445000000000164e+02
2.374314999999999998e+02
2.406184999999999832e+02
2.438054999999999950e+02
2.469925000000000068e+02
2.501795000000000186e+02
2.533665000000000020e+02
2.565534999999999854e+02
2.597404999999999973e+02
2.629275000000000091e+02
2.661145000000000209e+02
2.693015000000000327e+02
2.724884999999999877e+02
2.756754999999999995e+02
2.788625000000000114e+02
2.820494999999999663e+02
2.852364999999999782e+02
2.884234999999999900e+02
2.916105000000000018e+02
2.947975000000000136e+02
2.979845000000000255e+02
3.011714999999999804e+02
3.043584999999999923e+02
3.075455000000000041e+02
3.107325000000000159e+02
3.139194999999999709e+02
3.171064999999999827e+02
3.202934999999999945e+02
3.234805000000000064e+02
3.266675000000000182e+02
3.298545000000000300e+02
3.330414999999999850e+02
3.362284999999999968e+02
3.394155000000000086e+02
3.426025000000000205e+02
3.457894999999999754e+02
3.489764999999999873e+02
3.521634999999999991e+02
3.553505000000000109e+02
3.585375000000000227e+02
3.617244999999999777e+02
3.649114999999999895e+02
3.680985000000000014e+02
3.712855000000000132e+02
3.744724999999999682e+02
3.776594999999999800e+02
3.808464999999999918e+02
3.840335000000000036e+02
3.872205000000000155e+02
3.904075000000000273e+02
3.935944999999999823e+02
3.967814999999999941e+02
3.999685000000000059e+02
4.031555000000000177e+02
4.063424999999999727e+02
4.095294999999999845e+02
4.127164999999999964e+02
4.159035000000000082e+02
4.190905000000000200e+02
4.222775000000000318e+02
4.254644999999999868e+02
4.286514999999999986e+02
4.318385000000000105e+02
4.350255000000000223e+02
4.382124999999999773e+02
4.413994999999999891e+02
4.445865000000000009e+02
4.477735000000000127e+02
4.509605000000000246e+02
4.541474999999999795e+02
4.573344999999999914e+02
4.605215000000000032e+02
4.637085000000000150e+02
4.668954999999999700e+02
4.700824999999999818e+02
4.732694999999999936e+02
4.764565000000000055e+02
4.796435000000000173e+02
4.828305000000000291e+02
4.860174999999999841e+02
4.892044999999999959e+02
4.923915000000000077e+02
4.955785000000000196e+02
4.987654999999999745e+02
5.019524999999999864e+02
5.051394999999999982e+02
5.083265000000000100e+02
5.115135000000000218e+02
5.147004999999999200e+02
5.178875000000000455e+02
5.210744999999999436e+02
5.242615000000000691e+02
5.274484999999999673e+02
5.306355000000000928e+02
5.338224999999999909e+02
5.370095000000000027e+02
5.401965000000000146e+02
5.433834999999999127e+02
5.465705000000000382e+02
5.497574999999999363e+02
5.529445000000000618e+02
5.561314999999999600e+02
5.593185000000000855e+02
5.625054999999999836e+02
5.656924999999999955e+02
5.688795000000000073e+02
5.720664999999999054e+02
5.752535000000000309e+02
5.784404999999999291e+02
5.816275000000000546e+02
5.848144999999999527e+02
5.880015000000000782e+02
5.911884999999999764e+02
5.943755000000001019e+02
5.975625000000000000e+02
6.007494999999998981e+02
6.039365000000000236e+02
6.071234999999999218e+02
6.103105000000000473e+02
6.134974999999999454e+02
6.166845000000000709e+02
6.198714999999999691e+02
6.230585000000000946e+02
6.262454999999999927e+02
6.294325000000000045e+02
6.326195000000000164e+02
6.358064999999999145e+02
6.389935000000000400e+02
6.421804999999999382e+02
6.453675000000000637e+02
6.485544999999999618e+02
6.517415000000000873e+02
6.549284999999999854e+02
6.581154999999999973e+02
6.613025000000000091e+02
6.644894999999999072e+02
6.676765000000000327e+02
6.708634999999999309e+02
6.740505000000000564e+02
6.772374999999999545e+02
6.804245000000000800e+02
6.836114999999999782e+02
6.867985000000001037e+02
6.899855000000000018e+02
6.931724999999999000e+02
6.963595000000000255e+02
6.995464999999999236e+02
7.027335000000000491e+02
7.059204999999999472e+02
7.091075000000000728e+02
7.122944999999999709e+02
7.154815000000000964e+02
7.186684999999999945e+02
7.218554999999998927e+02
7.250425000000000182e+02
7.282294999999999163e+02
7.314165000000000418e+02
7.346034999999999400e+02
7.377905000000000655e+02
7.409774999999999636e+02
7.441645000000000891e+02
7.473514999999999873e+02
7.505384999999999991e+02
7.537255000000000109e+02
7.569124999999999091e+02
7.600995000000000346e+02
7.632864999999999327e+02
7.664735000000000582e+02
7.696604999999999563e+02
7.728475000000000819e+02
7.760344999999999800e+02
7.792215000000001055e+02
7.824085000000000036e+02
7.855954999999999018e+02
7.887825000000000273e+02
7.919694999999999254e+02
7.951565000000000509e+02
7.983434999999999491e+02
8.015305000000000746e+02
8.047174999999999727e+02
8.079045000000000982e+02
8.110914999999999964e+02
8.142784999999998945e+02
8.174655000000000200e+02
8.206524999999999181e+02
8.238395000000000437e+02
8.270264999999999418e+02
8.302135000000000673e+02
8.334004999999999654e+02
8.365875000000000909e+02
8.397744999999999891e+02
8.429615000000000009e+02
8.461485000000000127e+02
8.493354999999999109e+02
8.525225000000000364e+02
8.557094999999999345e+02
8.588965000000000600e+02
8.620834999999999582e+02
8.652705000000000837e+02
8.684574999999999818e+02
8.716445000000001073e+02
8.748315000000000055e+02
8.780184999999999036e+02
8.812055000000000291e+02
8.843924999999999272e+02
8.875795000000000528e+02
8.907664999999999509e+02
8.939535000000000764e+02
8.971404999999999745e+02
9.003275000000001000e+02
9.035144999999999982e+02
9.067014999999998963e+02
9.098885000000000218e+02
9.130754999999999200e+02
9.162625000000000455e+02
9.194494999999999436e+02
9.226365000000000691e+02
9.258234999999999673e+02
9.290105000000000928e+02
9.321974999999999909e+02
9.353845000000000027e+02
9.385715000000000146e+02
9.417584999999999127e+02
9.449455000000000382e+02
9.481324999999999363e+02
9.513195000000000618e+02
9.545064999999999600e+02
9.576935000000000855e+02
9.608804999999999836e+02
9.640674999999999955e+02
9.672545000000000073e+02
9.704414999999999054e+02
9.736285000000000309e+02
9.768154999999999291e+02
9.800025000000000546e+02
9.831894999999999527e+02
9.863765000000000782e+02
9.895634999999999764e+02
9.927505000000001019e+02
9.959375000000000000e+02
9.991244999999998981e+02
1.002311500000000024e+03
1.005498499999999922e+03
1.008685500000000047e+03
1.011872499999999945e+03
1.015059500000000071e+03
1.018246499999999969e+03
1.021433500000000095e+03
1.024620499999999993e+03
1.027807499999999891e+03
1.030994500000000016e+03
1.034181500000000142e+03
1.037368500000000040e+03
1.040555499999999938e+03
1.043742499999999836e+03
1.046929499999999962e+03
1.050116500000000087e+03
1.053303499999999985e+03
1.056490499999999884e+03
1.059677500000000009e+03
1.062864500000000135e+03
1.066051500000000033e+03
1.069238499999999931e+03
1.072425500000000056e+03
1.075612499999999955e+03
1.078799500000000080e+03
1.081986499999999978e+03
1.085173499999999876e+03
1.088360500000000002e+03
1.091547500000000127e+03
1.094734500000000025e+03
1.097921499999999924e+03
1.101108500000000049e+03
1.104295499999999947e+03
1.107482500000000073e+03
1.110669499999999971e+03
1.113856499999999869e+03
1.117043499999999995e+03
1.120230500000000120e+03
1.123417500000000018e+03
1.126604499999999916e+03
1.129791500000000042e+03
1.132978499999999940e+03
1.136165500000000065e+03
1.139352499999999964e+03
1.142539499999999862e+03
1.145726499999999987e+03
1.148913500000000113e+03
1.152100500000000011e+03
1.155287499999999909e+03
1.158474500000000035e+03
1.161661500000000160e+03
1.164848500000000058e+03
1.168035499999999956e+03
1.171222499999999854e+03
1.174409499999999980e+03
1.177596500000000106e+03
1.180783500000000004e+03
1.183970499999999902e+03
1.187157500000000027e+03
1.190344500000000153e+03
1.193531500000000051e+03
1.196718499999999949e+03
1.199905499999999847e+03
1.203092499999999973e+03
1.206279500000000098e+03
1.209466499999999996e+03
1.212653499999999894e+03
1.215840500000000020e+03
1.219027500000000146e+03
1.222214500000000044e+03
1.225401499999999942e+03
1.228588499999999840e+03
1.231775499999999965e+03
1.234962500000000091e+03
1.238149499999999989e+03
1.241336499999999887e+03
1.244523500000000013e+03
1.247710500000000138e+03
1.250897500000000036e+03
1.254084499999999935e+03
1.257271500000000060e+03
1.260458499999999958e+03
1.263645500000000084e+03
1.266832499999999982e+03
1.270019499999999880e+03
1.273206500000000005e+03
1.276393500000000131e+03
1.279580500000000029e+03
1.282767499999999927e+03
1.285954500000000053e+03
1.289141499999999951e+03
1.292328500000000076e+03
1.295515499999999975e+03
1.298702499999999873e+03
1.301889499999999998e+03
1.305076500000000124e+03
1.308263500000000022e+03
1.311450499999999920e+03
1.314637500000000045e+03
1.317824499999999944e+03
1.321011500000000069e+03
1.324198499999999967e+03
1.327385499999999865e+03
1.330572499999999991e+03
1.333759500000000116e+03
1.336946500000000015e+03
1.340133499999999913e+03
1.343320500000000038e+03
1.346507500000000164e+03
1.349694500000000062e+03
1.352881499999999960e+03
1.356068499999999858e+03
1.359255499999999984e+03
1.362442500000000109e+03
1.365629500000000007e+03
1.368816499999999905e+03
1.372003500000000031e+03
1.375190500000000156e+03
1.378377500000000055e+03
1.381564499999999953e+03
1.384751499999999851e+03
1.387938499999999976e+03
1.391125500000000102e+03
1.394312500000000000e+03
1.397499499999999898e+03
1.400686500000000024e+03
1.403873500000000149e+03
1.407060500000000047e+03
1.410247499999999945e+03
1.413434499999999844e+03
1.416621499999999969e+03
1.419808500000000095e+03
1.422995499999999993e+03
1.426182499999999891e+03
1.429369500000000016e+03
1.432556500000000142e+03
1.435743500000000040e+03
1.438930499999999938e+03
1.442117499999999836e+03
1.445304499999999962e+03
1.448491500000000087e+03
1.451678499999999985e+03
1.454865499999999884e+03
1.458052500000000009e+03
1.461239500000000135e+03
1.464426500000000033e+03
1.467613499999999931e+03
1.470800500000000056e+03
1.473987499999999955e+03
1.477174500000000080e+03
1.480361499999999978e+03
1.483548499999999876e+03
1.486735500000000002e+03
1.489922500000000127e+03
1.493109500000000025e+03
1.496296499999999924e+03
1.499483500000000049e+03
1.502670499999999947e+03
1.505857500000000073e+03
1.509044499999999971e+03
1.512231499999999869e+03
1.515418499999999995e+03
1.518605500000000120e+03
1.521792500000000018e+03
1.524979499999999916e+03
1.528166500000000042e+03
1.531353499999999940e+03
1.534540500000000065e+03
1.537727499999999964e+03
1.540914499999999862e+03
1.544101499999999987e+03
1.547288500000000113e+03
1.550475500000000011e+03
1.553662499999999909e+03
1.556849500000000035e+03
1.560036500000000160e+03
1.563223500000000058e+03
1.566410499999999956e+03
1.569597499999999854e+03
1.572784499999999980e+03
1.575971500000000106e+03
1.579158500000000004e+03
1.582345499999999902e+03
1.585532500000000027e+03
1.588719500000000153e+03
1.591906500000000051e+03
1.595093499999999949e+03
1.598280499999999847e+03
1.601467499999999973e+03
1.604654500000000098e+03
1.607841499999999996e+03
1.611028499999999894e+03
1.614215500000000020e+03
1.617402500000000146e+03
1.620589500000000044e+03
1.623776499999999942e+03
1.626963499999999840e+03
1.630150499999999965e+03
1.633337500000000091e+03
1.636524499999999989e+03
1.639711499999999887e+03
1.642898500000000013e+03
1.646085500000000138e+03
1.649272500000000036e+03
1.652459499999999935e+03
1.655646500000000060e+03
1.658833499999999958e+03
1.662020500000000084e+03
1.665207499999999982e+03
1.668394499999999880e+03
1.671581500000000005e+03
1.674768500000000131e+03
1.677955500000000029e+03
1.681142499999999927e+03
1.684329500000000053e+03
1.687516499999999951e+03
1.690703500000000076e+03
1.693890499999999975e+03
1.697077499999999873e+03
1.700264499999999998e+03
1.703451500000000124e+03
1.706638500000000022e+03
1.709825499999999920e+03
1.713012500000000045e+03
1.716199499999999944e+03
1.719386500000000069e+03
1.722573499999999967e+03
1.725760499999999865e+03
1.728947499999999991e+03
1.732134500000000116e+03
1.735321500000000015e+03
1.738508499999999913e+03
1.741695500000000038e+03
1.744882500000000164e+03
1.748069500000000062e+03
1.751256499999999960e+03
1.754443499999999858e+03
1.757630499999999984e+03
1.760817500000000109e+03
1.764004500000000007e+03
1.767191499999999905e+03
1.770378500000000031e+03
1.773565500000000156e+03
1.776752500000000055e+03
1.779939499999999953e+03
1.783126499999999851e+03
1.786313499999999976e+03
1.789500500000000102e+03
1.792687500000000000e+03
1.795874499999999898e+03
1.799061500000000024e+03
1.802248500000000149e+03
1.805435500000000047e+03
1.808622499999999945e+03
1.811809499999999844e+03
1.814996499999999969e+03
1.818183500000000095e+03
1.821370499999999993e+03
1.824557499999999891e+03
1.827744500000000016e+03
1.830931500000000142e+03
1.834118500000000040e+03
1.837305499999999938e+03
1.840492499999999836e+03
1.843679499999999962e+03
1.846866500000000087e+03
1.850053499999999985e+03
1.853240499999999884e+03
1.856427500000000009e+03
1.859614500000000135e+03
1.862801500000000033e+03
1.865988499999999931e+03
1.869175500000000056e+03
1.872362499999999955e+03
1.875549500000000080e+03
1.878736499999999978e+03
1.881923499999999876e+03
1.885110500000000002e+03
1.888297500000000127e+03
1.891484500000000025e+03
1.894671499999999924e+03
1.897858500000000049e+03
1.901045499999999947e+03
1.904232500000000073e+03
1.907419499999999971e+03
1.910606499999999869e+03
1.913793499999999995e+03
1.916980500000000120e+03
1.920167500000000018e+03
1.923354499999999916e+03
1.926541500000000042e+03
1.929728499999999940e+03
1.932915500000000065e+03
1.936102499999999964e+03
1.939289499999999862e+03
1.942476499999999987e+03
1.945663500000000113e+03
1.948850500000000011e+03
1.952037499999999909e+03
1.955224500000000035e+03
1.958411500000000160e+03
1.961598500000000058e+03
1.964785499999999956e+03
1.967972499999999854e+03
1.971159499999999980e+03
1.974346500000000106e+03
1.977533500000000004e+03
1.980720499999999902e+03
1.983907500000000027e+03
1.987094500000000153e+03
1.990281500000000051e+03
1.993468499999999949e+03
1.996655499999999847e+03
1.999842499999999973e+03
2.003029500000000098e+03
2.006216499999999996e+03
2.009403499999999894e+03
2.012590500000000020e+03
2.015777500000000146e+03
2.018964500000000044e+03
2.022151499999999942e+03
2.025338499999999840e+03
2.028525499999999965e+03
2.031712500000000091e+03
2.034899499999999989e+03
2.038086499999999887e+03
2.041273500000000013e+03
2.044460500000000138e+03
2.047647500000000036e+03
2.050834499999999935e+03
2.054021499999999833e+03
2.057208499999999731e+03
2.060395500000000084e+03
2.063582499999999982e+03
2.066769499999999880e+03
2.069956500000000233e+03
2.073143500000000131e+03
2.076330500000000029e+03
2.079517499999999927e+03
2.082704499999999825e+03
2.085891499999999724e+03
2.089078500000000076e+03
2.092265499999999975e+03
2.095452499999999873e+03
2.098639500000000226e+03
2.101826500000000124e+03
2.105013500000000022e+03
2.108200499999999920e+03
2.111387499999999818e+03
2.114574500000000171e+03
2.117761500000000069e+03
2.120948499999999967e+03
2.124135499999999865e+03
2.127322500000000218e+03
2.130509500000000116e+03
2.133696500000000015e+03
2.136883499999999913e+03
2.140070499999999811e+03
2.143257500000000164e+03
2.146444500000000062e+03
2.149631499999999960e+03
2.152818499999999858e+03
2.156005500000000211e+03
2.159192500000000109e+03
2.162379500000000007e+03
2.165566499999999905e+03
2.168753499999999804e+03
2.171940500000000156e+03
2.175127500000000055e+03
2.178314499999999953e+03
2.181501499999999851e+03
2.184688500000000204e+03
2.187875500000000102e+03
2.191062500000000000e+03
2.194249499999999898e+03
2.197436499999999796e+03
2.200623500000000149e+03
2.203810500000000047e+03
2.206997499999999945e+03
2.210184499999999844e+03
2.213371500000000196e+03
2.216558500000000095e+03
2.219745499999999993e+03
2.222932499999999891e+03
2.226119499999999789e+03
2.229306500000000142e+03
2.232493500000000040e+03
2.235680499999999938e+03
2.238867499999999836e+03
2.242054500000000189e+03
2.245241500000000087e+03
2.248428499999999985e+03
2.251615499999999884e+03
2.254802499999999782e+03
2.257989500000000135e+03
2.261176500000000033e+03
2.264363499999999931e+03
2.267550499999999829e+03
2.270737500000000182e+03
2.273924500000000080e+03
2.277111499999999978e+03
2.280298499999999876e+03
2.283485499999999774e+03
2.286672500000000127e+03
2.289859500000000025e+03
2.293046499999999924e+03
2.296233500000000276e+03
2.299420500000000175e+03
2.302607500000000073e+03
2.305794499999999971e+03
2.308981499999999869e+03
2.312168499999999767e+03
2.315355500000000120e+03
2.318542500000000018e+03
2.321729499999999916e+03
2.324916500000000269e+03
2.328103500000000167e+03
2.331290500000000065e+03
2.334477499999999964e+03
2.337664499999999862e+03
2.340851499999999760e+03
2.344038500000000113e+03
2.347225500000000011e+03
2.350412499999999909e+03
2.353599500000000262e+03
2.356786500000000160e+03
2.359973500000000058e+03
2.363160499999999956e+03
2.366347499999999854e+03
2.369534499999999753e+03
2.372721500000000106e+03
2.375908500000000004e+03
2.379095499999999902e+03
2.382282500000000255e+03
2.385469500000000153e+03
2.388656500000000051e+03
2.391843499999999949e+03
2.395030499999999847e+03
2.398217499999999745e+03
2.401404500000000098e+03
2.404591499999999996e+03
2.407778499999999894e+03
2.410965500000000247e+03
2.414152500000000146e+03
2.417339500000000044e+03
2.420526499999999942e+03
2.423713499999999840e+03
2.426900499999999738e+03
2.430087500000000091e+03
2.433274499999999989e+03
2.436461499999999887e+03
2.439648500000000240e+03
2.442835500000000138e+03
2.446022500000000036e+03
2.449209499999999935e+03
2.452396499999999833e+03
2.455583499999999731e+03
2.458770500000000084e+03
2.461957499999999982e+03
2.465144499999999880e+03
2.468331500000000233e+03
2.471518500000000131e+03
2.474705500000000029e+03
2.477892499999999927e+03
2.481079499999999825e+03
2.484266499999999724e+03
2.487453500000000076e+03
2.490640499999999975e+03
2.493827499999999873e+03
2.497014500000000226e+03
2.500201500000000124e+03
2.503388500000000022e+03
2.506575499999999920e+03
2.509762499999999818e+03
2.512949500000000171e+03
2.516136500000000069e+03
2.519323499999999967e+03
2.522510499999999865e+03
2.525697500000000218e+03
2.528884500000000116e+03
2.532071500000000015e+03
2.535258499999999913e+03
2.538445499999999811e+03
2.541632500000000164e+03
2.544819500000000062e+03
2.548006499999999960e+03
2.551193499999999858e+03
2.554380500000000211e+03
2.557567500000000109e+03
2.560754500000000007e+03
2.563941499999999905e+03
2.567128499999999804e+03
2.570315500000000156e+03
2.573502500000000055e+03
2.576689499999999953e+03
2.579876499999999851e+03
2.583063500000000204e+03
2.586250500000000102e+03
2.589437500000000000e+03
2.592624499999999898e+03
2.595811499999999796e+03
2.598998500000000149e+03
2.602185500000000047e+03
2.605372499999999945e+03
2.608559499999999844e+03
2.611746500000000196e+03
2.614933500000000095e+03
2.618120499999999993e+03
2.621307499999999891e+03
2.624494499999999789e+03
2.627681500000000142e+03
2.630868500000000040e+03
2.634055499999999938e+03
2.637242499999999836e+03
2.640429500000000189e+03
2.643616500000000087e+03
