9.099358446671310000e+14
8.397100952733540000e+14
7.687778831818870000e+14
7.071274427289190000e+14
6.495446638829470000e+14
6.140271638135460000e+14
5.860910486468130000e+14
5.482872282621890000e+14
5.229890894703870000e+14
4.941216431913060000e+14
4.708353995032850000e+14
4.494109631321980000e+14
4.287344517145590000e+14
4.112814986620960000e+14
3.951466250099920000e+14
3.867892577381280000e+14
3.711905726926620000e+14
3.625067677712610000e+14
3.550967581493380000e+14
3.370058290610150000e+14
3.357684274318230000e+14
3.241880342412490000e+14
3.149669419328470000e+14
3.174141122975000000e+14
3.031174467523660000e+14
3.040582212345030000e+14
2.922851439661750000e+14
2.859046962926420000e+14
2.863008928968660000e+14
2.801357668519160000e+14
2.764942425517820000e+14
2.695516075807450000e+14
2.611562870817640000e+14
2.576991711267100000e+14
2.563514706725100000e+14
2.452573519546850000e+14
2.469292201446740000e+14
2.518228184479300000e+14
2.427868779836910000e+14
2.419873378019550000e+14
2.405771934864610000e+14
2.296641475906590000e+14
2.275154595166940000e+14
2.199203376295410000e+14
2.192056720425480000e+14
2.196157226074470000e+14
2.163709547529940000e+14
2.125686888514860000e+14
2.161425857353530000e+14
2.077330800861450000e+14
2.067907071120050000e+14
2.085721278079030000e+14
2.015004832946130000e+14
1.975744922994990000e+14
1.957405321352180000e+14
1.986073172827000000e+14
1.907889759587270000e+14
1.876792885534160000e+14
1.906278023195970000e+14
1.858374994095500000e+14
1.835311493025410000e+14
1.792450715677890000e+14
1.801863674126870000e+14
1.769996633180520000e+14
1.768046262678890000e+14
1.750890520363140000e+14
1.750603438443330000e+14
1.666558940293770000e+14
1.656749855514120000e+14
1.632010260894350000e+14
1.668348862502340000e+14
1.622897705325450000e+14
1.629504537985850000e+14
1.559673124995370000e+14
1.580137060037670000e+14
1.514448677821360000e+14
1.582833227020500000e+14
1.506917421287810000e+14
1.498549283980140000e+14
1.450355966513130000e+14
1.445674130053860000e+14
1.460027790233240000e+14
1.493215649418470000e+14
1.384328949311840000e+14
1.386848274715190000e+14
1.419912117651290000e+14
1.366110284934270000e+14
1.358027133625960000e+14
1.298437482822140000e+14
1.313430453826110000e+14
1.342647965897280000e+14
1.287473470132460000e+14
1.280883602235310000e+14
1.218847191564760000e+14
1.201972552846650000e+14
1.244298802823390000e+14
1.186473140648780000e+14
1.201282441982640000e+14
1.218817607926230000e+14
1.170283842557850000e+14
1.166548365398010000e+14
1.127225864130770000e+14
1.107264901028210000e+14
1.086257858777280000e+14
1.106158621357340000e+14
1.090328423641440000e+14
1.089587953032420000e+14
1.097749421174300000e+14
1.032831006219340000e+14
1.038473190324590000e+14
9.927564708413600000e+13
1.029297585589150000e+14
1.008233971858550000e+14
9.770640567141700000e+13
1.000075977237030000e+14
9.837391820005300000e+13
9.836892510255600000e+13
9.413731334972700000e+13
9.438355526791100000e+13
9.055029910971500000e+13
9.025797678318100000e+13
9.073618407085200000e+13
9.010172224952400000e+13
8.954803672808700000e+13
8.944976984277700000e+13
8.412505601287600000e+13
8.524994396791200000e+13
8.268613646289800000e+13
8.267513048672000000e+13
7.971423013441500000e+13
7.979606154976400000e+13
8.361063414427300000e+13
8.079319899592400000e+13
7.571721480072300000e+13
7.693600561736400000e+13
7.994957406802500000e+13
7.772188051903000000e+13
7.349810441464500000e+13
7.447500180816300000e+13
7.617955593592800000e+13
7.288273265534200000e+13
7.017380848767700000e+13
7.124258516293400000e+13
7.043190647789200000e+13
7.073682875407900000e+13
6.734321616560500000e+13
6.955495996923600000e+13
6.948236313255500000e+13
6.439323957999000000e+13
6.383576208388800000e+13
6.500186807990100000e+13
6.315800990853000000e+13
6.363857452715200000e+13
6.284109070270300000e+13
6.152372880383400000e+13
5.915597665287000000e+13
5.835366752049600000e+13
6.037456215581600000e+13
6.050107341097600000e+13
5.517571599110000000e+13
6.048201539138400000e+13
5.545790633991300000e+13
5.629121247431200000e+13
5.496337209177200000e+13
5.425735432309100000e+13
5.683200791255100000e+13
5.541123192331900000e+13
5.130605034132700000e+13
5.196556637390700000e+13
5.017039242305200000e+13
5.124112306744400000e+13
5.242947867910100000e+13
5.028827205814900000e+13
4.945877186041200000e+13
5.033735884304200000e+13
4.719118067007400000e+13
4.590566156589300000e+13
4.649867100912700000e+13
4.551890836400800000e+13
4.508757891643000000e+13
4.503599373709800000e+13
4.396381762210500000e+13
4.383581049198600000e+13
4.353976632336300000e+13
4.134402978528200000e+13
4.169935563932800000e+13
4.017018558365200000e+13
4.178305276114400000e+13
4.365790870349500000e+13
4.188638305798200000e+13
3.879888760924500000e+13
3.792334802799400000e+13
3.826518874252800000e+13
3.791385387951300000e+13
3.705627261076000000e+13
3.713575038659300000e+13
3.657725754884800000e+13
3.566346605617100000e+13
3.559715780862100000e+13
3.686968160520100000e+13
3.419269254502900000e+13
3.544003300718700000e+13
3.476650983791900000e+13
3.487395091671900000e+13
3.416568205274200000e+13
3.343431419827800000e+13
3.280717962044500000e+13
3.045617278772900000e+13
3.247740814638500000e+13
3.037084195211500000e+13
2.956112339448100000e+13
3.173724461382800000e+13
3.016995897306500000e+13
2.912626286618100000e+13
2.823957640471600000e+13
2.937117653298200000e+13
2.828237755437300000e+13
2.753217652135900000e+13
2.788249088358200000e+13
2.614893851802300000e+13
2.726929398921600000e+13
2.747109854701800000e+13
2.822703893035100000e+13
2.448568599098700000e+13
2.667407028900100000e+13
2.660364953964900000e+13
2.519032768475300000e+13
2.578509474468000000e+13
2.524964245179900000e+13
2.328785657156400000e+13
2.378790046123000000e+13
2.225630582532700000e+13
2.267792116523100000e+13
2.099018142512700000e+13
2.285421974848100000e+13
2.101008012195900000e+13
2.236979814875700000e+13
2.056056594486800000e+13
2.110470188315800000e+13
1.977546442185100000e+13
2.000067215747200000e+13
2.102086220984600000e+13
2.073047934996400000e+13
2.065531124862700000e+13
1.999804083778100000e+13
1.828609337939700000e+13
1.971927727248000000e+13
1.779910186550700000e+13
1.943571278351200000e+13
1.820935442969500000e+13
1.779711868457400000e+13
1.832793012273900000e+13
1.832430370681300000e+13
1.947189812277600000e+13
1.901590299382200000e+13
1.607991462005500000e+13
1.543598174331300000e+13
1.767153394647200000e+13
1.766112506328500000e+13
1.737546293188400000e+13
1.770450335071700000e+13
1.624959277839800000e+13
1.643311746992200000e+13
1.409490182907700000e+13
1.460719842327700000e+13
1.607921803518000000e+13
1.513373440749300000e+13
1.497980304234300000e+13
1.501253532119100000e+13
1.456959730687700000e+13
1.422847466254900000e+13
1.381107083579500000e+13
1.337734826602100000e+13
1.513412459209000000e+13
1.452518359806600000e+13
1.345087979010800000e+13
1.445220924727400000e+13
1.495839129402700000e+13
1.327035181587500000e+13
1.258586940141200000e+13
1.273958288030500000e+13
1.131914388800600000e+13
1.231647704799600000e+13
1.172720172572300000e+13
1.336984452902200000e+13
1.170911581886700000e+13
1.144697329479300000e+13
1.238115578439700000e+13
1.139697785956900000e+13
1.243428043957800000e+13
1.155792789488600000e+13
1.132972724618300000e+13
1.054321277423700000e+13
1.227766547681400000e+13
1.200469217712600000e+13
1.063288884750800000e+13
9.598820130125000000e+12
1.174449399176600000e+13
9.551066939366000000e+12
1.151862614418600000e+13
1.039123027915300000e+13
9.927340548419000000e+12
9.940740403172000000e+12
1.005065220745200000e+13
8.556906017413000000e+12
9.415264195635000000e+12
9.796599765837000000e+12
9.521773560699000000e+12
9.765511771099000000e+12
9.158371816996000000e+12
8.330881020135000000e+12
8.066279555322000000e+12
9.912043143091000000e+12
8.968886307310000000e+12
8.330521882489000000e+12
9.235596521919000000e+12
7.744763957326000000e+12
8.362392400419000000e+12
7.656469781929000000e+12
7.878419319601000000e+12
8.590334197643000000e+12
7.697396040803000000e+12
8.332226753596000000e+12
7.224191638863000000e+12
8.401241535099000000e+12
9.300993323911000000e+12
7.328758523036000000e+12
7.118705184527000000e+12
8.493832947082000000e+12
8.150649102740000000e+12
7.223808364860000000e+12
7.666391509978000000e+12
6.669670444544000000e+12
7.235532402775000000e+12
6.795903862207000000e+12
6.835511619164000000e+12
7.097469550424000000e+12
7.189637712123000000e+12
6.515183928675000000e+12
6.492980002046000000e+12
6.955754148636000000e+12
6.250194473791000000e+12
6.888148457530000000e+12
6.343924650240000000e+12
5.972415858383000000e+12
6.792515486964000000e+12
6.810491392843000000e+12
5.819816613349000000e+12
6.280967298051000000e+12
5.151618799049000000e+12
6.814817191824000000e+12
6.127206229587000000e+12
5.628750092854000000e+12
5.323665718493000000e+12
6.203113348729000000e+12
5.818041555954000000e+12
5.659234056512000000e+12
6.694245931695000000e+12
5.819585915598000000e+12
5.894408436547000000e+12
5.949644712027000000e+12
5.844416050170000000e+12
5.606163228350000000e+12
5.165267284471000000e+12
5.352408294401000000e+12
5.635050517441000000e+12
4.561445950050000000e+12
5.136610796097000000e+12
5.200722757448000000e+12
5.147327516684000000e+12
5.000906485697000000e+12
4.608555036024000000e+12
4.903598699808000000e+12
5.242843526634000000e+12
5.305570254410000000e+12
4.679486486835000000e+12
4.742352777460000000e+12
4.414291303477000000e+12
4.665311192505000000e+12
3.969622265755000000e+12
4.257700212862000000e+12
3.826638802341000000e+12
4.034638287503000000e+12
3.952129889603000000e+12
3.974339807994000000e+12
4.233701934705000000e+12
4.541700705455000000e+12
4.319311921699000000e+12
3.930911338056000000e+12
4.415957263105000000e+12
3.655822307153000000e+12
4.115399304122000000e+12
4.486527937029000000e+12
3.786163140810000000e+12
4.082002887958000000e+12
4.459228065554000000e+12
3.986083203078000000e+12
3.529862779639000000e+12
3.963296033768000000e+12
3.711923969860000000e+12
3.486231935377000000e+12
3.990096937665000000e+12
4.127717886650000000e+12
4.190299415070000000e+12
3.270470067507000000e+12
3.259030918755000000e+12
4.057082940364000000e+12
3.408736121008000000e+12
3.705080321426000000e+12
3.427254803170000000e+12
3.689161473820000000e+12
3.361387407712000000e+12
2.719321915860000000e+12
3.205831516590000000e+12
3.326944089489000000e+12
3.574360565722000000e+12
3.869439321817000000e+12
3.933157592638000000e+12
2.799756239405000000e+12
3.826418267602000000e+12
3.301399150988000000e+12
3.009497512628000000e+12
3.577154573647000000e+12
3.751376469874000000e+12
2.992463120950000000e+12
3.229390626090000000e+12
2.487678219046000000e+12
3.130233823290000000e+12
3.014796735919000000e+12
3.541513623778000000e+12
3.025099477641000000e+12
2.720381229503000000e+12
2.644739970637000000e+12
3.044789447814000000e+12
3.224325339734000000e+12
2.968820232374000000e+12
2.784390468229000000e+12
2.297892567695000000e+12
2.645085701740000000e+12
2.532899126172000000e+12
2.926700091035000000e+12
3.090156796591000000e+12
2.747011466143000000e+12
3.342649318164000000e+12
2.636122643530000000e+12
2.198217778337000000e+12
2.151880629538000000e+12
2.438969669532000000e+12
2.698482630342000000e+12
2.345965051994000000e+12
2.599927570201000000e+12
2.867884439669000000e+12
2.187798090452000000e+12
2.321633156510000000e+12
2.353027869851000000e+12
2.355793411398000000e+12
2.457129866182000000e+12
2.456698329614000000e+12
2.853674506697000000e+12
2.246305872290000000e+12
2.503972496617000000e+12
1.993592783840000000e+12
2.302858692645000000e+12
2.617956793800000000e+12
2.566282879839000000e+12
2.207461641198000000e+12
2.536454518877000000e+12
2.023470209836000000e+12
2.489509196373000000e+12
2.148538079486000000e+12
2.126676214680000000e+12
2.105459740623000000e+12
1.747768362037000000e+12
1.756230406059000000e+12
2.010077963903000000e+12
1.798219893358000000e+12
2.137050275719000000e+12
1.861252767739000000e+12
1.607551996084000000e+12
1.859254651810000000e+12
1.857283728106000000e+12
1.799250881341000000e+12
2.020832906247000000e+12
1.785438560748000000e+12
2.042925416236000000e+12
1.756376908541000000e+12
2.377880672994000000e+12
1.630632285717000000e+12
1.548502761308000000e+12
1.554234282758000000e+12
1.811686487871000000e+12
1.387760182527000000e+12
1.205150856814000000e+12
1.981560683791000000e+12
1.412372463402000000e+12
1.464468773821000000e+12
1.519874061809000000e+12
1.509970369382000000e+12
1.802338693447000000e+12
1.301879294422000000e+12
1.531708893740000000e+12
1.242435461933000000e+12
1.903374054286000000e+12
1.303415557864000000e+12
1.220849452297000000e+12
1.576690393041000000e+12
1.729673365624000000e+12
1.508907596199000000e+12
1.226233291859000000e+12
1.402474581183000000e+12
1.367222237810000000e+12
1.534065939762000000e+12
1.239511694234000000e+12
1.162635814647000000e+12
1.451176965638000000e+12
1.525407646883000000e+12
1.223851731658000000e+12
1.356220771744000000e+12
1.360064397744000000e+12
1.179297871021000000e+12
1.569423560432000000e+12
1.041913984533000000e+12
1.198439653399000000e+12
9.290175443980000000e+11
1.581652395826000000e+12
1.129103638006000000e+12
1.187268576422000000e+12
1.012740751270000000e+12
1.109443735256000000e+12
9.554240385490000000e+11
1.317461191616000000e+12
8.954889124880000000e+11
1.065458506937000000e+12
9.647937096930000000e+11
1.141713473567000000e+12
8.017104979820000000e+11
9.868482611650000000e+11
9.803905675890000000e+11
9.509315275200000000e+11
9.091842621500000000e+11
8.282495734590000000e+11
9.418829210710000000e+11
7.093712640490000000e+11
8.456466870270000000e+11
9.196539880260000000e+11
1.013505403890000000e+12
1.043684219429000000e+12
9.650823043630000000e+11
8.172943151410000000e+11
9.928997934630000000e+11
7.563252225440000000e+11
1.049561042551000000e+12
9.155916287790000000e+11
7.513249835840000000e+11
9.047973187240000000e+11
1.085391546926000000e+12
9.896388000100000000e+11
7.709303346040000000e+11
5.743305874070000000e+11
8.656580057630000000e+11
7.504088958270000000e+11
5.864125122280000000e+11
9.458194286170000000e+11
8.256689385670000000e+11
8.107128837910000000e+11
7.086199277160000000e+11
3.930970157750000000e+11
9.425325747790000000e+11
6.593807323140000000e+11
7.010106619190000000e+11
7.037428283970000000e+11
7.827971169100000000e+11
7.107397434140000000e+11
6.442267822120000000e+11
9.366758566770000000e+11
5.616292263190000000e+11
6.782042344840000000e+11
6.612930543070000000e+11
5.092703864240000000e+11
6.164915944320000000e+11
3.855528519330000000e+11
7.068072972350000000e+11
4.394896843970000000e+11
7.946367749460000000e+11
5.454550093640000000e+11
5.066334846510000000e+11
4.327336286050000000e+11
3.765179166300000000e+11
5.721184170880000000e+11
9.364547792770000000e+11
4.736953720960000000e+11
5.456511787710000000e+11
5.710163920120000000e+11
6.581124402060000000e+11
4.227043014040000000e+11
5.432977164290000000e+11
3.323716806950000000e+11
3.090896212100000000e+11
6.548386523240000000e+11
3.753800075510000000e+11
3.253394503380000000e+11
2.977424508380000000e+11
4.485158359900000000e+11
3.774407605250000000e+11
5.930414602720000000e+11
5.710818134030000000e+11
5.307271824760000000e+11
3.998774817290000000e+11
4.611772143980000000e+11
5.340857548250000000e+11
5.071824344760000000e+11
3.071850703220000000e+11
3.845120359820000000e+11
4.302057089920000000e+11
4.004205672650000000e+11
3.654833141420000000e+11
3.535582498430000000e+11
4.717471158190000000e+11
3.374725761220000000e+11
3.445733565500000000e+11
4.253473748830000000e+11
4.118402997040000000e+11
2.469863681390000000e+11
2.979039187600000000e+11
3.358735868440000000e+11
3.419891067400000000e+11
1.598160795520000000e+11
2.402148307520000000e+11
5.771018756320000000e+11
3.153377394490000000e+11
2.247677828280000000e+11
1.366352321960000000e+11
1.868767699330000000e+11
3.014385956970000000e+11
2.170496087770000000e+11
2.137025771630000000e+11
2.342388207690000000e+11
1.786246140610000000e+11
3.023647551260000000e+11
3.424896147150000000e+11
1.623796584660000000e+11
3.409318136330000000e+11
2.540326777910000000e+11
2.458131648410000000e+11
2.135403625930000000e+11
1.495509467480000000e+11
2.713595723010000000e+11
1.373808792280000000e+11
1.730359540370000000e+11
2.802481219970000000e+11
1.202660039470000000e+11
2.528075878200000000e+11
3.770943696650000000e+11
1.192463852950000000e+11
2.464385539900000000e+11
1.615413719790000000e+11
2.147977519020000000e+11
2.069859431350000000e+11
2.496944911270000000e+11
2.788180871110000000e+11
2.941390541030000000e+11
3.607660587880000000e+11
1.877380929650000000e+11
1.939377451350000000e+11
1.282368641670000000e+11
2.123328508150000000e+11
2.320734419960000000e+11
2.700118484200000000e+11
1.950968124030000000e+11
1.400818747380000000e+11
2.169806928210000000e+11
1.734732188060000000e+11
2.764340359620000000e+11
1.544096459310000000e+11
1.239741673310000000e+11
1.999775528090000000e+11
1.627850525730000000e+11
1.642529638990000000e+11
1.371372619510000000e+11
2.166528930690000000e+11
1.238545617350000000e+11
1.762589465650000000e+11
1.416677768150000000e+11
2.286888958330000000e+11
1.856448201060000000e+11
2.473780390520000000e+11
1.253999133800000000e+11
1.198580676840000000e+11
6.969542851100000000e+10
3.977093675300000000e+10
1.405847227630000000e+11
1.691182425000000000e+11
9.267514406800000000e+10
8.949247622800000000e+10
1.419136185050000000e+11
9.300720743100000000e+10
1.203561977410000000e+11
1.601653231490000000e+11
1.102478581640000000e+11
8.898431033000000000e+10
8.218524885500000000e+10
1.113362273680000000e+11
5.959136665600000000e+10
1.192097278340000000e+11
8.494161147600000000e+10
1.025907330920000000e+11
1.215042007850000000e+11
5.727109130000000000e+10
5.955336095900000000e+10
1.082952598560000000e+11
7.662270100400000000e+10
5.537345859300000000e+10
1.106953755250000000e+11
1.052158613370000000e+11
8.168603975000000000e+10
4.356439806500000000e+10
8.269362266900000000e+10
7.201070561400000000e+10
9.133239097800000000e+10
8.723887806200000000e+10
8.285884879900000000e+10
8.848008595300000000e+10
1.627452819590000000e+11
1.098373532480000000e+11
1.656826002520000000e+11
9.832463486900000000e+10
2.318100344300000000e+10
6.949997873600000000e+10
1.062386714690000000e+11
2.967179343700000000e+10
3.138378176300000000e+10
2.827153158300000000e+10
5.943705642900000000e+10
7.832362803000000000e+10
5.612501561300000000e+10
2.708663939700000000e+10
6.332301408300000000e+10
4.036853747200000000e+10
6.311060030200000000e+10
1.267833669160000000e+11
1.372208411290000000e+11
1.529511937330000000e+11
4.340221220800000000e+10
6.172492929700000000e+10
6.160796296900000000e+10
8.837231465900000000e+10
8.723161123400000000e+10
5.181508713400000000e+10
1.619937241970000000e+11
2.697459403600000000e+10
1.155906287480000000e+11
5.848342623600000000e+10
5.271524627000000000e+10
4.343804728700000000e+10
5.175160900000000000e+10
2.024616560000000000e+10
1.750373383600000000e+10
1.894835901200000000e+10
7.811832629900000000e+10
9.982921881000000000e+10
4.714379623100000000e+10
3.442445002700000000e+10
4.140893540600000000e+10
8.069158726800000000e+10
3.334522990400000000e+10
2.617418148400000000e+10
2.061867601600000000e+10
7.582449534100000000e+10
1.264498795600000000e+10
3.702456620200000000e+10
4.503627921200000000e+10
1.389598305330000000e+11
7.948113873200000000e+10
1.462738465730000000e+11
2.942241803700000000e+10
2.019792374600000000e+10
5.436800688700000000e+10
4.988124819300000000e+10
3.235610692600000000e+10
1.028518123810000000e+11
6.696179904000000000e+10
3.580287181000000000e+10
2.439694345600000000e+10
6.013179589000000000e+09
3.582706553900000000e+10
3.317088812700000000e+10
7.444904585000000000e+09
1.044981867300000000e+10
4.065720929400000000e+10
8.562703898600000000e+10
1.917883226000000000e+10
1.674560833200000000e+10
8.109292449000000000e+09
2.955991157900000000e+10
4.570655792700000000e+10
1.466018134300000000e+10
2.254807668500000000e+10
2.273645386000000000e+10
3.749809637500000000e+10
1.536490384100000000e+10
1.679412149400000000e+10
2.795625971200000000e+10
3.233098425200000000e+10
3.395292818700000000e+10
2.198215127500000000e+10
3.657717126700000000e+10
1.104924221340000000e+11
1.311287843950000000e+11
1.026552665420000000e+11
1.791562707500000000e+10
3.270708368300000000e+10
5.223037998200000000e+10
1.476276735100000000e+10
2.884599074300000000e+10
1.140709233600000000e+10
