9.236754050793900000e+13
8.902690134621200000e+13
8.027533066189300000e+13
7.371611009542000000e+13
7.200781266713500000e+13
6.555117287443900000e+13
6.273235863787500000e+13
5.747244192809300000e+13
5.727489031112000000e+13
5.136251151800300000e+13
5.039038578581000000e+13
4.800653231736000000e+13
4.440292579377100000e+13
4.518679163425000000e+13
4.085981853641100000e+13
3.834836086326700000e+13
3.849217675174900000e+13
3.499303884500000000e+13
3.453348151085400000e+13
3.248786404095300000e+13
3.128920879934900000e+13
2.855282261189300000e+13
2.910702534478000000e+13
2.828376114569400000e+13
2.766823068438900000e+13
2.685021032635300000e+13
2.547433996698100000e+13
2.416125457414600000e+13
2.421354829433000000e+13
2.310027079730100000e+13
2.374079274590500000e+13
2.212999280174300000e+13
2.124244932946800000e+13
2.182071409754200000e+13
2.157418304136200000e+13
1.970067315891800000e+13
1.978560472347500000e+13
1.828431739101600000e+13
1.794786173339200000e+13
1.689615463022200000e+13
1.657443257652900000e+13
1.725372614414600000e+13
1.673642703552800000e+13
1.654761574433700000e+13
1.523574618884300000e+13
1.618188549853200000e+13
1.472437557884900000e+13
1.464826154814400000e+13
1.390559626848500000e+13
1.420325785810800000e+13
1.406782489739000000e+13
1.321587705111100000e+13
1.288649932397500000e+13
1.322917133779300000e+13
1.260045825492400000e+13
1.216021483530900000e+13
1.221687495298000000e+13
1.307927662563000000e+13
1.155727921807200000e+13
1.095797758506800000e+13
1.143902335683200000e+13
1.193569658216500000e+13
1.004348705130500000e+13
1.137107155975200000e+13
1.070219427113000000e+13
1.032210011010200000e+13
1.029491664239000000e+13
8.780743395810000000e+12
9.421366062313000000e+12
9.500711504627000000e+12
1.044285406760000000e+13
9.287637083253000000e+12
9.240890782165000000e+12
8.977752215985000000e+12
9.385214977114000000e+12
8.555131562940000000e+12
9.006724348374000000e+12
8.268865280756000000e+12
8.279305205264000000e+12
7.745328958637000000e+12
8.219288589674000000e+12
7.438157405004000000e+12
7.252072860901000000e+12
7.294288140608000000e+12
6.838411849471000000e+12
7.462233495432000000e+12
6.876622942306000000e+12
6.796487484648000000e+12
6.374752589642000000e+12
6.003602453898000000e+12
7.002825379529000000e+12
7.041577835747000000e+12
6.119201457049000000e+12
6.266920221195000000e+12
5.703284369312000000e+12
6.202685145244000000e+12
6.827945089027000000e+12
5.904014120330000000e+12
5.992007681110000000e+12
6.118807740301000000e+12
5.318785887346000000e+12
5.552224547560000000e+12
5.499470768152000000e+12
5.373293059352000000e+12
5.186306264095000000e+12
5.356993093685000000e+12
5.595056133791000000e+12
5.200474418243000000e+12
4.986559359157000000e+12
5.098308624919000000e+12
4.683954615784000000e+12
4.465307805006000000e+12
4.676785523121000000e+12
4.284552454230000000e+12
4.514208466343000000e+12
4.457747967322000000e+12
3.999706673827000000e+12
4.314140271392000000e+12
4.617855511656000000e+12
4.438424361955000000e+12
4.883957391005000000e+12
4.156408795560000000e+12
4.116666558762000000e+12
3.419312393282000000e+12
3.966496997783000000e+12
3.854479281989000000e+12
3.819886966112000000e+12
3.559018149680000000e+12
3.702867287986000000e+12
3.139197065562000000e+12
3.071387262330000000e+12
3.155593672870000000e+12
3.167872761791000000e+12
3.738734821740000000e+12
2.865926119765000000e+12
2.766884744494000000e+12
3.643610206646000000e+12
2.819408335320000000e+12
3.197540497878000000e+12
2.842608339705000000e+12
3.056516662061000000e+12
2.954185921008000000e+12
3.074166733804000000e+12
2.657600642276000000e+12
3.269313372907000000e+12
2.861569403987000000e+12
2.485354950359000000e+12
2.953535519937000000e+12
2.586009498992000000e+12
2.440529763576000000e+12
2.941462990193000000e+12
2.468349165035000000e+12
2.751996465595000000e+12
2.640055438758000000e+12
2.150828625749000000e+12
2.522689152749000000e+12
2.148089870802000000e+12
2.128964118840000000e+12
2.243758889440000000e+12
2.262551020924000000e+12
2.322624793813000000e+12
2.001314109154000000e+12
2.001737960223000000e+12
1.851963708486000000e+12
2.195324293219000000e+12
2.211961567638000000e+12
1.749598127681000000e+12
1.734874084258000000e+12
1.671281900183000000e+12
1.855299873313000000e+12
1.985152456142000000e+12
2.068564928920000000e+12
1.848676743412000000e+12
1.721146949963000000e+12
1.526532828237000000e+12
1.702264872340000000e+12
1.628004681453000000e+12
1.567666199279000000e+12
1.598159508586000000e+12
1.513907756821000000e+12
1.471907856214000000e+12
1.534353852120000000e+12
1.377986429981000000e+12
1.554811726664000000e+12
1.492445339017000000e+12
1.290313737413000000e+12
1.180820197314000000e+12
1.672483569064000000e+12
1.212069861029000000e+12
1.296758046788000000e+12
1.196725037196000000e+12
1.455446111588000000e+12
1.731335584352000000e+12
1.065697937725000000e+12
1.052528912354000000e+12
1.332522969768000000e+12
1.645482225650000000e+12
1.063158947967000000e+12
1.217949593761000000e+12
1.283896233165000000e+12
1.285695491265000000e+12
1.312496183973000000e+12
1.043818095133000000e+12
1.174499065566000000e+12
1.269821433995000000e+12
1.260401438258000000e+12
9.465465540460000000e+11
9.159659486900000000e+11
7.962255369690000000e+11
8.344309720510000000e+11
9.464508598710000000e+11
1.046547327434000000e+12
1.173669542345000000e+12
9.448132656220000000e+11
8.705527702850000000e+11
8.886087978520000000e+11
8.328255804480000000e+11
7.454649166650000000e+11
6.839859763540000000e+11
7.128522583850000000e+11
7.515682626130000000e+11
6.399699742350000000e+11
7.171138670510000000e+11
7.733447048930000000e+11
6.525073810790000000e+11
8.620271924630000000e+11
8.828861454810000000e+11
7.177426529670000000e+11
9.188465155110000000e+11
7.624393680370000000e+11
6.880134129530000000e+11
7.116829886650000000e+11
7.205868398000000000e+11
4.793156009000000000e+11
6.609348160600000000e+11
5.631485733210000000e+11
7.112104467720000000e+11
6.461066326620000000e+11
6.705447962230000000e+11
7.213446750360000000e+11
6.425944253860000000e+11
4.445793223890000000e+11
7.717850449200000000e+11
3.804074833690000000e+11
5.100165490150000000e+11
6.490339083910000000e+11
8.064361704190000000e+11
9.324987086510000000e+11
7.866127041270000000e+11
9.906284852330000000e+11
3.836073114730000000e+11
5.036589829520000000e+11
4.282532137580000000e+11
4.470554646070000000e+11
8.990609734200000000e+11
8.934479173220000000e+11
5.337207939860000000e+11
4.857326019530000000e+11
5.392166023410000000e+11
4.529925753030000000e+11
4.540836858200000000e+11
4.693035553220000000e+11
4.508925338860000000e+11
4.956540552170000000e+11
5.120286649920000000e+11
2.717925102690000000e+11
2.763785861670000000e+11
4.243426840350000000e+11
3.478044270100000000e+11
2.885218086210000000e+11
3.246078798510000000e+11
7.172210605710000000e+11
3.079916430890000000e+11
3.539187045980000000e+11
3.439689921390000000e+11
2.696644608220000000e+11
5.342971812730000000e+11
4.318515481400000000e+11
2.660310298450000000e+11
5.346228939790000000e+11
4.206492966820000000e+11
3.166074561620000000e+11
1.788856640540000000e+11
4.545763823890000000e+11
2.517376644470000000e+11
2.347588719890000000e+11
2.192818544270000000e+11
4.519565458720000000e+11
1.805088390240000000e+11
1.867393293130000000e+11
2.263429610940000000e+11
3.313443324950000000e+11
2.926295649260000000e+11
4.676281662840000000e+11
4.625644879270000000e+11
1.595605472540000000e+11
4.066556060180000000e+11
3.278605593470000000e+11
5.294790946840000000e+11
1.728465870330000000e+11
2.340958830690000000e+11
3.788596244770000000e+11
2.882018483560000000e+11
3.092081340970000000e+11
3.526993285040000000e+11
3.782532290320000000e+11
3.829855045690000000e+11
2.680512409450000000e+11
2.786443405690000000e+11
1.601062033970000000e+11
1.578735430910000000e+11
1.361688271560000000e+11
1.221615845450000000e+11
3.453117706620000000e+11
2.413192539330000000e+11
1.789338034390000000e+11
1.101641374800000000e+11
1.338591689510000000e+11
1.426031083480000000e+11
1.867903263010000000e+11
1.111332399760000000e+11
1.004013202110000000e+11
2.355759370870000000e+11
1.136043897440000000e+11
1.173131911090000000e+11
2.371211418930000000e+11
1.137914037290000000e+11
3.059234514920000000e+11
8.751303069000000000e+10
9.219408674200000000e+10
7.387970952300000000e+10
2.049566933850000000e+11
1.426750285220000000e+11
6.944487353800000000e+10
3.358324532000000000e+11
8.823687818400000000e+10
7.389866233600000000e+10
2.198256375810000000e+11
9.710211514700000000e+10
7.160810403900000000e+10
2.090424235610000000e+11
3.934163964210000000e+11
1.351977792020000000e+11
7.577721736300000000e+10
5.502845422100000000e+10
1.080904107280000000e+11
5.600615367600000000e+10
2.371017316930000000e+11
1.585087627810000000e+11
1.237744340650000000e+11
5.859930401300000000e+10
6.481048272900000000e+10
6.945431109200000000e+10
6.620561640700000000e+10
2.350318394970000000e+11
4.318426217100000000e+10
2.511898034550000000e+11
1.023207769620000000e+11
2.083321594980000000e+11
7.416457214500000000e+10
4.124520597800000000e+10
1.996110178990000000e+11
6.263178436900000000e+10
2.277650963970000000e+11
1.116520222230000000e+11
1.720179459790000000e+11
1.965862802510000000e+11
9.083807425200000000e+10
3.136193274640000000e+11
1.991337619810000000e+11
1.760972984600000000e+11
8.613928784700000000e+10
8.886345432500000000e+10
5.658945969300000000e+10
3.518749707600000000e+10
1.591986144080000000e+11
3.387580549000000000e+11
2.089313697510000000e+11
2.904952435300000000e+10
7.247927911100000000e+10
5.298981390700000000e+10
7.973594920000000000e+10
2.990887321000000000e+11
4.386199416000000000e+09
5.911380941800000000e+10
5.440012720300000000e+10
1.395524105300000000e+11
2.921922774430000000e+11
3.681429576600000000e+10
6.786929826000000000e+10
1.607311958900000000e+10
4.072206016200000000e+10
1.852147117430000000e+11
4.026147352300000000e+10
4.105897584140000000e+11
3.140245884040000000e+11
3.190659166100000000e+10
1.614816903330000000e+11
7.796062330000000000e+10
8.443620912400000000e+10
5.655627322900000000e+10
2.938621822800000000e+10
2.280090776800000000e+10
2.649748656770000000e+11
3.041581752260000000e+11
1.683233858990000000e+11
2.973239086100000000e+10
6.055750003300000000e+10
2.893606491700000000e+10
4.378946204900000000e+10
2.186993370600000000e+10
1.866260796800000000e+10
1.420978610650000000e+11
8.008731972600000000e+10
5.363898406600000000e+10
2.185023338200000000e+10
3.962320712000000000e+09
1.213202544600000000e+10
3.066383901000000000e+10
2.356306558200000000e+10
3.996314754800000000e+10
2.746474633510000000e+11
1.543721384070000000e+11
6.274855083000000000e+10
1.307741092600000000e+10
1.639024193380000000e+11
1.461088420980000000e+11
1.778213340940000000e+11
3.045484985000000000e+10
8.576191977000000000e+09
1.674415505120000000e+11
3.016496664900000000e+10
1.296852965510000000e+11
2.841959756800000000e+11
4.562390753000000000e+09
1.425969748910000000e+11
1.418194102220000000e+11
3.758462322800000000e+10
1.446602621200000000e+11
1.422365426600000000e+10
5.835886226600000000e+10
1.254587749500000000e+10
2.451050081900000000e+10
1.091597408200000000e+10
7.664897592000000000e+09
1.425884126740000000e+11
1.353522217400000000e+11
1.556014145380000000e+11
6.027479922000000000e+10
8.793825904000000000e+09
4.911382854100000000e+10
8.515008177800000000e+10
2.728331727000000000e+09
4.503878514300000000e+10
9.640166828000000000e+09
2.337702354000000000e+10
1.514639264370000000e+11
7.827570095000000000e+09
1.574538289110000000e+11
6.516475947000000000e+09
5.916761405000000000e+09
1.332423509200000000e+10
1.593493948100000000e+10
2.601118467200000000e+10
5.239197364000000000e+09
1.413960059300000000e+11
1.298144201490000000e+11
