259955844478887
221157061255791
195365155444702
173728577746744
155004813130826
138568718451234
125139879256554
109291270222727
99490549930291
91180512252346
81699810689313
76590551606927
68622756209967
63219656795896
56707988462733
54402967681300
48506493438857
46346982748505
42767293009255
37897742429457
35700039953092
34440983867141
31761589452851
29868767371098
27804884646253
25220016668351
25085762801989
22640668141926
22206733931532
20765229587061
18259104850379
17413902336774
17720387146489
15357207378315
14760244630384
13600105872412
13150332584122
12950239530984
13044739311219
11136229809161
10881408522098
10228623429455
9677059909279
8570564500328
8357026032323
8571815624480
8941167459262
7900446015770
6925542082045
6966005160660
6038626928723
5897902220792
5712868529943
6230379999373
5101014321518
5468152478486
5006277911567
4732508808854
4487033718330
5032884632204
4055664788363
4584295921235
3973127043996
4447424720372
3413644921435
3722769997741
3665471250588
2930363222366
3161405133377
2811771869569
3194671569892
2483402701972
2381372007435
2749284914661
2624637107505
2769032626560
2296649760544
2485257235201
2409061657861
2267203747362
1944269047149
1941822228483
1760259706984
1875479747121
1984269093043
2274687802957
2100759328806
1767387762498
1772075107787
1772427563091
2051525649619
1674234632766
1726028449921
2107551222075
1514495431746
1700369476746
1719658720721
1523147725507
1296141670959
1403086477735
1331058471584
1551681241132
1113310516233
1270295443654
1167119240992
1558034661555
1524531367136
1403120225331
1315374572585
756514363998
1140800089656
1832552855801
998979295613
1085485993234
906891898033
873516125527
1620852502795
1120441552776
1163993316676
791632984446
1499645833769
1075158598330
660172565943
1304173873712
1019118029604
1124616074647
1002601458968
764795404800
1229557787561
948725805506
1054308636478
931932599581
1031109358811
492893601284
807425627075
1057291680899
1079400102657
628328148016
887059488242
588470783593
503712435644
954488780132
926862914302
669653162041
977444965048
791820701404
710684999998
419241599293
400307226427
509871036295
683071810181
769957188897
595639536741
582797972338
577756135643
869451550654
516611837452
323484929608
777857001759
369924842594
482149692790
504632093668
848227389967
578492433246
710916700983
662475986105
404878029788
632022658404
438042744118
436413866602
388669085782
634901117100
758598837236
442534358806
602135819287
341891763083
337803601189
513033738732
454099622952
537550962447
612394111246
363375510946
351914496079
546121362958
518557666307
220448319706
697942300293
513059275614
631666265355
670644476617
362203312442
873743674169
317619080775
256461704468
602238019246
191198240835
167827044569
217634638747
415884911831
337630459406
488239036963
219265921334
375003715799
392846233329
481008337188
438107148343
305007207118
185787023800
400738768959
342640258538
265176324414
163399892826
146372704092
460578545659
252739367915
215424538100
854794893556
273083188948
121066046762
190825611632
464014804549
371038985920
367141260247
548549975578
261191225532
462041906487
488253315182
481284350908
402288422484
396707968108
652343744683
379774737150
141503076752
588547708947
511008023033
277103593740
345370143960
172072687897
218261910652
321332135220
168951098698
336005875736
308766633189
265104807985
151444787844
165927253344
526239543959
284149452103
317629401946
212791767366
136432470701
40866652513
175550420377
355753798835
286672459367
108503856060
245393943566
222394585317
130446063648
119469733877
323967266855
352033699394
244046393355
23234554700
153708842922
255330166627
212715577114
183994614258
206058250846
488766993851
163799651176
119068881385
323650033936
272443596796
364215275598
278665682986
262155866068
37868201109
200336369707
110936956832
43654687663
89827989652
395360937636
360958068206
20574681534
354413023218
390226440193
43269912458
302467602321
73420353667
208256716918
105182256152
130111354784
44168600814
53199487919
184234887330
165714111072
182884066099
26112782019
213557722266
404929761549
672431114608
323100632131
104680924600
314249493432
421249865703
159068887047
348099200352
252872118660
106005094976
294588286962
130438046313
181313879913
208915756475
179246749520
249569053359
243892460500
337985215516
263223192289
151833341578
66137461882
255377589255
291152691401
55826279344
131162990248
338583901567
26267052849
44192027024
108808787127
521937842349
116444755191
67854621970
147112490961
46163775742
50581878672
230499597726
141919883150
91449922541
140583899080
160933048004
111074405976
405303290899
329994660157
276790452539
27791167989
136136477553
357999863373
291623773764
368317267639
164414137604
156190322797
177484046087
176611313639
81396148829
237904657666
82828824952
130670345239
86286487231
155952981683
404485313312
6129587442
8801017415
355341784361
130390280994
88205995389
112485746886
226046236368
26973000460
8092190973
1440494503
232138027541
80835533855
90869873332
126312677606
25491465928
67609264649
125177429600
17269164273
5675726164
255704733318
135025596345
10642684828
120943728517
53555194924
213193945173
140214763059
67998641399
14549994718
11671140577
129623139018
125197122344
130205681927
165688820107
199835894443
111921422174
229157086420
151124477638
388589046230
256885576987
4511050399
132260555252
20709910286
158962302894
412781278478
87188679218
10267181365
16484124967
14920360010
167975960324
214623406616
128029541345
76916457587
235861960712
87325924623
113850058893
302398232255
6521325151
11049186728
121235088463
282795168947
95972943683
197107627826
100854599198
13478422131
207199177179
13924938358
135488153276
50570679301
199562505499
2079260350
15908991331
3262274407
312609649216
237565974650
222691222199
2852779060
1346997266
232259584274
117180521391
368090876697
122906952190
11959349588
11187036325
149132040266
156279235266
88962078090
117242470185
118444524770
127237503512
302787017013
1879028306
35667016382
126733043083
27868994931
46953692802
291425957898
6527203498
11980543354
2884821258
84391694819
330172753953
10583223401
2949427378
1293103087
130948236902
121779145322
3612495162
220909669917
128051342392
3770326505
82778226951
35833511551
146492357405
145774322106
4110651649
