0
1019103150562820
28840380824080428
18286338863396364
13021049010889714
9937246030360462
7824293649160968
6309074346673937
5201510120985543
4366469090880941
3650554874210765
3181913192021597
2794216956624246
2447914214599084
2172561825887060
1921312637814743
1729327318452344
1564463281262368
1443470048372074
1314411817726016
1209044035515950
1084056669827146
1023280569119766
956114934199368
905237493040453
829945471676499
786391655742950
726666631546789
691453838341642
632585907442557
628586584253882
588584409846252
559349341681737
537059415086758
503328122699748
466547844407594
466046042566208
435074308263817
420061250845020
394187927407598
392303514578648
372522886697124
341497154304369
348906365510793
327556114342099
312779071802111
299567311993666
289313227960311
272686732681260
269212467959592
260911121744685
253220498579365
247004629338715
249890898715215
224877475093703
230949037948107
218010666903900
219843197174555
199032371548657
198836739083176
194407390678946
189167943860417
180752108705590
171143917752803
169420595046707
173001588703863
160402492708546
160776922439534
154563079824804
148347633542846
148926364694434
138224388235206
145061815814481
133808216816985
133693172315625
125973313069637
123739224126726
126307198783544
119887122747090
120182539347502
112575730335372
108047609714893
113852265018112
108050876986882
97809817460109
103926264510114
100582662606577
94259364378417
95605269255739
92328750799886
96334995247966
88673404365979
82665886651045
88006038906343
84215226257620
85569469119377
75998698818878
81167880642137
80758394945921
71348277926691
76850791915082
77343081024794
67288886355109
72965313606312
70329352614532
63696058593898
68331848728958
63493533987709
63814595052981
65802641618373
60994305264250
60233198715679
60701563841529
54911095789992
55533996510941
52122440498390
56855136177600
52404186029342
54118447488154
54112483425213
55514267933036
52551685502912
45668602479292
52354770098484
43629362028110
50549353911414
46833748344016
48973394853334
40766412460774
45920289560071
45416621404963
47230768477360
44150758538828
39612567385754
41201333348423
35343889259394
44943206962680
37733263593245
40051421150987
36082925332251
36661805860022
37721665888432
37506143214368
35929071959214
32892876216679
35690036417178
29826540691638
36397194653931
33255801595439
30691016097932
28493987085690
32630592427613
29785401604008
28421805342494
28342168492089
26935496014883
29023119657099
31306504989585
27171409110906
27528139611222
25594896539686
28489181147199
26165149745135
27154883328751
23364356633283
22825852860126
24715814849084
24898097947981
21391415297947
22840783827190
23842913066682
20841536374722
19700768883003
21096198905681
21888194189287
21221586215611
20113994860561
20070399462035
20278469951235
19597775547667
17729025918312
17394280019810
19354444545845
17254175019354
18058125861662
18646406189831
17874634370512
15268487744889
14695837349492
15224153741659
17627209987886
14507491657729
14296518687232
15795963797270
15019284374328
14757875509913
17448708303678
13075323117646
15600991880494
13010473710917
13944381770674
14914688648206
14330016693960
12278666219127
9847564232164
10654643725694
12254888315239
12269156315086
10318664464122
15065228097838
10335375579847
11673768546972
12333489092281
9779005785226
12090924059262
10663898839890
11798708645019
8468908011881
11020609833249
10161854073681
11028199504568
8881352748863
11154366142497
8980147879441
9104095942086
12142040493012
7723136158947
9744025188749
8949764340577
8729970908700
8791367989869
7730107601546
7892310928733
7968190448868
6702511791907
8258446333952
8934962580102
4892621320182
9594786137408
4994399020860
5805262899100
5878027243740
8505243506283
7185687880383
8421931447325
5940439674660
6170364838182
4167066676480
6684469050899
6806176049950
6309069669582
4230394732457
6513997861664
7363866582103
5739629526922
5533479217466
6126635138027
4981907552800
4369328183930
5104464816440
6445072501809
4326620388492
3307082611901
5175876640021
5140130791514
4369991558837
4330532353764
2863007628228
4298311952401
2824915478663
4628348793842
4106000915259
4605145199351
4150036125384
4000843008506
4179860364002
3334151744614
4084512866410
4271060759753
4819356390945
3384297786506
3529475989158
3809359245095
3450404506998
2423611456592
4030726094495
3791648542227
2394178690563
2968035937731
2168387749124
2172880388653
3480927411510
1829731411223
2070566774991
2410212622342
2116572417087
1671532939848
3710281925094
3015606412264
1723823177847
1819345798876
2557580391144
3056244165795
1301726696934
1526864119767
1967517870571
811928703110
2099056159382
1312536313483
1746385452680
2007513008846
1123147644983
1765682408506
1515933279576
1867563985940
2253643257735
1538945047226
1681858437248
2529446406615
1151476657457
1626459988564
519853578943
377236847307
1547877957553
636306407131
964832341878
1374706679152
1345178492945
872613967947
1551605503532
986147348453
770376283083
806138617197
624739294222
1377274050723
1435526358881
1382176286991
1091097221565
325075366935
1446789116399
654752904420
761934163012
1084652032115
616808332859
811768132983
1107197051240
972119590466
710406790548
787377568927
966927022320
453528391412
388669207113
600168651892
621361113401
300084325946
1224711169619
450126488919
742236694111
535507247617
572262086861
315677735028
798120953869
150042162973
599573048545
374056136320
150042162973
770023717939
1050295140811
354475979533
930265703799
300084325946
402403530069
600168651892
450126488919
450126488919
424219192385
488246372625
300084325946
612378349174
311452993831
150042162973
60239743986
466440834498
463784327070
267168402173
60577274922
466371569296
338903367399
312305248757
169805557166
311369772542
150042162973
13954772351
0
128507769764
26811333700
450126488919
300084325946
471238911399
160609986900
219150487841
90547097472
0
0
150042162973
0
150042162973
426399952430
150042162973
166978288466
34404868360
17896597444
10425524568
318644345969
332270700426
193206286092
300084325946
160719549931
47577916041
0
150042162973
0
13484057397
53013991656
300084325946
0
12479620112
0
0
44494377628
11796977810
52487131446
0
0
164626012806
14929147500
11752497586
0
0
10814922529
150042162973
0
150042162973
300084325946
21302016182
16639680967
160471284689
0
0
0
243875594848
150042162973
0
12828852896
28544242149
0
38655764294
162782178711
150042162973
27796320619
0
163305461143
0
0
0
0
0
0
150042162973
0
150042162973
160467742568
0
18665477910
10519161087
16114323684
150042162973
0
0
0
20829111065
0
0
0
0
0
58942931342
0
0
0
0
0
0
0
0
0
0
0
0
0
11410965954
0
0
0
0
0
0
0
0
0
0
0
12142626320
0
150042162973
0
150042162973
0
150042162973
0
0
0
0
0
0
0
0
0
0
0
10691310427
0
0
0
0
0
12821744586
0
0
0
0
0
0
0
0
150042162973
0
0
0
0
0
0
0
0
0
0
150042162973
0
0
0
0
0
0
0
0
0
0
0
0
0
0
26126870019
0
0
0
0
0
0
0
0
0
0
0
0
0
0
0
0
0
150042162973
0
0
0
0
0
0
0
150042162973
0
0
0
0
12218448639
0
0
0
14803586759
0
0
0
0
0
0
0
0
0
150042162973
0
0
0
0
13949991227
0
0
0
0
0
0
0
0
0
0
22456647988
0
0
0
0
0
26126870019
48928206916
0
0
0
0
0
0
0
0
0
0
0
0
150042162973
0
0
0
0
0
0
0
0
0
0
0
0
0
0
0
0
0
0
0
0
0
0
0
0
0
0
0
0
0
0
0
0
0
0
0
0
0
0
0
0
0
0
0
0
0
0
0
0
0
0
0
0
0
0
0
0
0
0
0
0
0
0
0
0
0
0
0
0
0
0
0
0
0
0
0
0
0
0
0
0
0
0
0
0
0
0
0
0
0
0
0
0
0
0
0
0
0
0
0
0
0
0
0
0
0
0
0
0
0
0
0
0
0
0
0
0
0
0
0
0
0
0
0
0
0
0
0
0
0
0
0
0
0
0
0
0
0
0
0
0
0
0
0
0
0
0
0
0
0
0
0
0
0
0
0
0
0
0
0
0
0
0
0
0
0
0
0
0
0
0
0
0
0
0
0
0
0
0
0
0
0
0
0
0
0
0
0
0
0
0
0
0
0
0
0
0
0
0
0
0
0
0
0
0
0
0
0
0
0
0
0
0
0
0
0
0
0
0
0
0
0
0
0
0
0
0
0
0
0
0
0
0
0
0
0
0
0
0
0
0
0
0
0
0
0
0
0
0
0
0
0
0
0
0
0
0
0
0
0
0
0
0
0
0
0
0
0
0
0
0
0
0
0
0
0
0
0
0
0
0
0
0
0
0
0
0
0
0
0
0
0
0
0
0
0
0
0
0
0
0
0
0
0
0
0
0
0
0
0
0
0
0
0
0
0
0
0
0
0
0
0
0
0
0
0
0
0
0
0
0
0
0
0
0
0
0
0
0
0
0
0
0
0
0
0
0
0
