0
0
0
0
0
0
0
0
0
0
0
0
0
0
0
0
0
0
0
0
0
0
0
0
0
0
0
0
0
0
61503166008708
68538649027073
57745237705822
49822757500296
45768956145086
35470220387858
36193283291158
263396823581894
225784964916222
207699293711689
184689281792028
158958587342070
136224162649663
120345754470849
112296681949444
94530989924735
91905882301502
80558965551969
68797426748300
61392688610304
59855462948428
53592072164936
48835713507525
45750263496136
47060590115960
38989708284204
35654178667745
35244848285318
30057812720196
30884623848026
27276249849759
26011189242963
23813933826580
22752731121103
21382894393749
19860924052132
19763198727952
18707910660718
16634381083382
16056936781348
14557271188688
14766989439680
13505549287954
13059148345308
11855182456142
12627527898584
11491792751964
12080926776582
10255978051001
9262913166213
9883570053287
8849144441682
8549986119302
9124532218108
7618330091581
8291352589923
7024939890711
8132018099751
8137909929884
6562938115984
6587090204831
6603859568058
6714934469460
6754744545247
5319349475546
6068997591762
5224423693766
6252061789216
5059234169229
5079220240320
4958914321346
4951835265798
4973479376257
4368312436024
4300223264430
3978104503379
4814858071545
4579131142827
4131697866817
3941263324487
3954123097824
4241192915962
3950939774427
4429874991731
3258040978561
3334055934543
3200055606141
2978067939359
3702864565604
2865962510808
3496865267397
3136913611394
3193505508825
3407013885310
3373673969348
3180222899479
2626076367873
2693599097373
2827540872700
2782714798243
3161553793161
2981902987496
2820001454273
2810337652230
1995659927479
2130808068685
2632521772584
1963961926548
2142703560752
2215295195956
2210560972412
2079780177520
1955998079528
1695374226277
2270224763578
1788266080248
2337748285812
2072773644538
2013775114587
1597287430578
1860450931327
1781810881985
1962730895793
1706193660481
1593254554677
2065584819996
1490746308679
1490871451938
1737463984704
1784220615603
1425351271797
1856371330079
1755859803205
2006357839449
1623337440360
1710917019444
1282882022685
1415202347482
1222057119649
1339754811928
1595767007171
1441550934368
1296522528304
1593155031222
1259450713047
1733780240245
1379158988107
1136998217225
1551195701025
1173368465973
1357051667343
1432887758731
1459418801609
1021974387739
1611609136427
1154738782494
1004265072856
1151926828607
1257454385973
1035663734940
1110472759088
921688496845
1401214354703
1082399941646
1401276265406
1045062635269
914980212077
1134032675042
840314290583
1025549537186
807795622056
869863010859
940119848061
720870767552
847534417742
804161434533
874572343911
803781659763
803277416566
889378324024
956634323113
885050327395
868441004967
896316511968
909668247733
759930976365
938132639297
727954656402
882194558197
835997567207
774076981076
664702254820
772062061211
892406923888
589406030853
650403636667
780100660269
691306633191
619443413106
592942742128
624055919541
581227533994
545102817777
663054980236
793940397554
665212791477
641826702406
604570169903
567704344918
767855506295
600971437684
775247262146
607719574541
617309521713
514492667997
562822062677
605162817933
473888508885
479204495334
426386353008
410761883602
450639928653
556076230089
566077718518
488876803793
451991479703
504142687382
489240978025
437019969356
463136090234
391376284241
391179438817
414339480702
501779740033
536394720896
396800537863
364825415607
345886220528
422770704315
357087052570
312893715752
326832971962
358970720186
393436939398
266381491177
237736262268
247935113221
389340283687
376971522690
262520318340
298701931462
291329272884
307921757831
305495778255
394181156198
438807138401
253776268460
329305915167
306605527512
212005965198
276737467719
260820801064
242516162586
207949507776
301509870938
387483680730
251274960933
230738270707
220236785196
204819775726
279207935660
277658725141
403336969793
189593520109
212402929295
245694839877
238096442081
204527846449
186436454034
165246385400
243820953507
246939148656
152548252677
233258589414
255173929217
157556519747
160493693254
213686410048
230730550431
169282170378
250900360072
257165477658
111138882360
165621564995
172652963793
185506976644
217875551169
165959061025
217749527407
194560688435
113594132308
157138591765
107139648207
132871243516
118894724502
127471001973
118427580087
110552028143
151381590942
196862647814
154472869577
97767401284
156143356988
155687153651
88297117320
97677997451
167470736795
117148608146
106977412950
129138136656
105452552284
139763165219
184638643811
118558272088
72888649217
111464050119
105858604449
110019286425
79338599680
130436667685
122924269191
172180228753
123829240686
90518222066
69263985088
79076428844
148090635443
48505789538
53549162521
88546768790
123888305065
82838818984
49969715033
100829133335
96602174245
90729673797
175704688157
90953960100
84639488036
72286600998
93462976494
112639543677
80150162675
78172194975
36346194609
79422196885
76606674566
155774771437
43333216554
69501151489
57699615554
48344050425
56664077422
67027873442
50426724999
52681325821
33669112021
46322591629
61176111071
55017035451
32220038108
65615224199
46558123508
70825124057
59871078607
67695168599
39286204737
31390751663
61622779978
36319115790
22179828739
38447199051
48681498960
64867440960
48516035805
32904110318
10075333413
48933191513
48757342052
32527308585
24602806677
71527507150
33692784090
61294252038
7117676352
50980118426
48939696025
31822576411
26843309000
27863247626
37897381125
32802008595
18889849302
35823210295
27289641237
34524068066
17968908269
20175056100
41532325427
20140260089
33335456502
8874732071
14705529850
8095956352
19789974029
100818534722
10283289975
47351107240
7837216460
42612211366
32311167494
10353231833
18896030974
16945047017
28788695336
29449423322
24436278688
51103733882
15877509204
16192199082
8083509068
24670207828
21345913157
10792667981
18125126163
7068225351
7664973770
17108848460
34135463492
17869186882
24854350322
13731690171
14533496484
56141066342
2581496346
39878516038
14635514266
26104790638
19585513809
10849703631
19958239190
22256186342
3861885566
22937782169
7945473648
14029707084
25752404506
10785931508
30288685802
4800299858
34501210602
11538401048
8064019089
3366217024
25383403196
3672360518
3602592801
10562758444
5866800302
14241643526
21140126798
9648296768
10298166590
14447816827
6211854488
9890628668
13011057427
17775979218
13173231890
22700815209
17166135237
13002154400
2330064497
15869296285
2897797542
5574374863
13073820236
4663445762
0
0
9719982584
0
3987552389
11969849591
2622947314
13102408333
2966489257
12057159182
16766185862
5787721677
5502500322
8620841198
5178301208
0
4815890107
22452706636
4072379529
15485687209
6649000061
0
17583278284
4675130954
5064644446
6360076757
0
6570437878
0
8318292640
0
5959079188
0
4818214466
4108033276
3327767381
3143819627
4656345391
2891096612
5662445200
0
8410268764
19990844181
3840272021
0
11960680234
3646121367
2380910847
0
5371418228
7485296683
2466071749
7749163847
5343380490
2456848851
11143944559
16496103355
0
2450763958
8795091127
2321554493
2325420543
3985974734
4937683034
2334569901
3672139188
0
0
5618805222
17586468589
9521415472
0
0
12214231882
6245114339
0
2558143567
0
0
0
0
2512981722
2536041977
0
9217795696
0
6027901932
2614754502
0
0
0
0
0
2352580021
9827092082
0
0
6844969849
0
3507277938
0
2438600812
7120642841
0
2327355106
0
0
0
9684228078
0
0
0
2326583522
4247260739
0
2971806442
0
0
0
0
0
0
0
0
0
33743116570
0
3026687962
0
4237879108
0
0
0
0
0
0
3249247292
0
0
0
0
3009723821
2321884129
0
4052179815
0
0
0
9074686108
0
0
0
0
0
0
0
0
2375033096
0
4360998390
0
0
0
0
0
0
0
0
0
0
0
0
0
0
0
0
0
0
0
6824437504
0
2453236427
0
0
0
0
0
0
0
0
0
0
0
2326987863
0
0
0
0
0
0
0
0
0
0
0
5948558720
0
0
0
0
0
0
0
0
0
0
0
0
0
0
0
0
0
2804224473
0
0
0
0
0
0
0
0
0
0
0
0
0
0
0
0
0
0
0
0
2882660403
0
6635841538
0
0
0
0
0
0
0
0
0
0
0
0
0
0
0
0
0
0
0
0
0
0
0
0
0
0
0
0
0
0
0
0
0
0
0
0
0
0
0
0
0
0
0
0
0
0
0
0
0
0
0
0
0
0
0
0
0
0
0
0
0
0
0
0
0
0
0
0
0
0
0
0
0
0
0
0
0
0
0
0
0
0
0
0
0
0
0
0
0
0
0
0
0
0
0
0
0
0
0
0
0
0
0
0
0
0
0
0
0
2872246368
0
0
0
0
0
0
0
0
0
0
0
0
0
0
0
0
0
0
0
0
0
0
0
0
0
0
0
0
0
0
0
0
0
0
0
0
0
0
0
0
0
0
0
0
0
0
0
0
0
0
0
0
0
0
0
0
0
0
0
0
0
0
0
0
0
0
0
0
0
0
0
0
0
0
0
0
0
0
0
0
0
0
0
0
0
0
0
0
0
0
0
0
0
0
0
0
0
0
0
0
0
0
0
0
0
0
0
0
0
0
0
0
0
0
0
0
0
0
0
0
0
0
0
0
0
