0.000000
5.680000
11.360000
17.040000
22.720000
28.400000
34.080000
39.760000
45.440000
51.120000
56.800000
62.480000
68.160000
73.840000
79.520000
85.200000
90.880000
96.560000
102.240000
107.920000
113.600000
119.280000
124.960000
130.640000
136.320000
142.000000
147.680000
153.360000
159.040000
164.720000
170.400000
176.080000
181.760000
187.440000
193.120000
198.800000
204.480000
210.160000
215.840000
221.520000
227.200000
232.880000
238.560000
244.240000
249.920000
255.600000
261.280000
266.960000
272.640000
278.320000
284.000000
289.680000
295.360000
301.040000
306.720000
312.400000
318.080000
323.760000
329.440000
335.120000
340.800000
346.480000
352.160000
357.840000
363.520000
369.200000
374.880000
380.560000
386.240000
391.920000
397.600000
403.280000
408.960000
414.640000
420.320000
426.000000
431.680000
437.360000
443.040000
448.720000
454.400000
460.080000
465.760000
471.440000
477.120000
482.800000
488.480000
494.160000
499.840000
505.520000
511.200000
516.880000
522.560000
528.240000
533.920000
539.600000
545.280000
550.960000
556.640000
562.320000
568.000000
573.680000
579.360000
585.040000
590.720000
596.400000
602.080000
607.760000
613.440000
619.120000
624.800000
630.480000
636.160000
641.840000
647.520000
653.200000
658.880000
664.560000
670.240000
675.920000
681.600000
687.280000
692.960000
698.640000
704.320000
710.000000
715.680000
721.360000
727.040000
732.720000
738.400000
744.080000
749.760000
755.440000
761.120000
766.800000
772.480000
778.160000
783.840000
789.520000
795.200000
800.880000
806.560000
812.240000
817.920000
823.600000
829.280000
834.960000
840.640000
846.320000
852.000000
857.680000
863.360000
869.040000
874.720000
880.400000
886.080000
891.760000
897.440000
903.120000
908.800000
914.480000
920.160000
925.840000
931.520000
937.200000
942.880000
948.560000
954.240000
959.920000
965.600000
971.280000
976.960000
982.640000
988.320000
994.000000
999.680000
1005.360000
1011.040000
1016.720000
1022.400000
1028.080000
1033.760000
1039.440000
1045.120000
1050.800000
1056.480000
1062.160000
1067.840000
1073.520000
1079.200000
1084.880000
1090.560000
1096.240000
1101.920000
1107.600000
1113.280000
1118.960000
1124.640000
1130.320000
1136.000000
1141.680000
1147.360000
1153.040000
1158.720000
1164.400000
1170.080000
1175.760000
1181.440000
1187.120000
1192.800000
1198.480000
1204.160000
1209.840000
1215.520000
1221.200000
1226.880000
1232.560000
1238.240000
1243.920000
1249.600000
1255.280000
1260.960000
1266.640000
1272.320000
1278.000000
1283.680000
1289.360000
1295.040000
1300.720000
1306.400000
1312.080000
1317.760000
1323.440000
1329.120000
1334.800000
1340.480000
1346.160000
1351.840000
1357.520000
1363.200000
1368.880000
1374.560000
1380.240000
1385.920000
1391.600000
1397.280000
1402.960000
1408.640000
1414.320000
1420.000000
1425.680000
1431.360000
1437.040000
1442.720000
1448.400000
1454.080000
1459.760000
1465.440000
1471.120000
1476.800000
1482.480000
1488.160000
1493.840000
1499.520000
1505.200000
1510.880000
1516.560000
1522.240000
1527.920000
1533.600000
1539.280000
1544.960000
1550.640000
1556.320000
1562.000000
1567.680000
1573.360000
1579.040000
1584.720000
1590.400000
1596.080000
1601.760000
1607.440000
1613.120000
1618.800000
1624.480000
1630.160000
1635.840000
1641.520000
1647.200000
1652.880000
1658.560000
1664.240000
1669.920000
1675.600000
1681.280000
1686.960000
1692.640000
1698.320000
1704.000000
1709.680000
1715.360000
1721.040000
1726.720000
1732.400000
1738.080000
1743.760000
1749.440000
1755.120000
1760.800000
1766.480000
1772.160000
1777.840000
1783.520000
1789.200000
1794.880000
1800.560000
1806.240000
1811.920000
1817.600000
1823.280000
1828.960000
1834.640000
1840.320000
1846.000000
1851.680000
1857.360000
1863.040000
1868.720000
1874.400000
1880.080000
1885.760000
1891.440000
1897.120000
1902.800000
1908.480000
1914.160000
1919.840000
1925.520000
1931.200000
1936.880000
1942.560000
1948.240000
1953.920000
1959.600000
1965.280000
1970.960000
1976.640000
1982.320000
1988.000000
1993.680000
1999.360000
2005.040000
2010.720000
2016.400000
2022.080000
2027.760000
2033.440000
2039.120000
2044.800000
2050.480000
2056.160000
2061.840000
2067.520000
2073.200000
2078.880000
2084.560000
2090.240000
2095.920000
2101.600000
2107.280000
2112.960000
2118.640000
2124.320000
2130.000000
2135.680000
2141.360000
2147.040000
2152.720000
2158.400000
2164.080000
2169.760000
2175.440000
2181.120000
2186.800000
2192.480000
2198.160000
2203.840000
2209.520000
2215.200000
2220.880000
2226.560000
2232.240000
2237.920000
2243.600000
2249.280000
2254.960000
2260.640000
2266.320000
2272.000000
2277.680000
2283.360000
2289.040000
2294.720000
2300.400000
2306.080000
2311.760000
2317.440000
2323.120000
2328.800000
2334.480000
2340.160000
2345.840000
2351.520000
2357.200000
2362.880000
2368.560000
2374.240000
2379.920000
2385.600000
2391.280000
2396.960000
2402.640000
2408.320000
2414.000000
2419.680000
2425.360000
2431.040000
2436.720000
2442.400000
2448.080000
2453.760000
2459.440000
2465.120000
2470.800000
2476.480000
2482.160000
2487.840000
2493.520000
2499.200000
2504.880000
2510.560000
2516.240000
2521.920000
2527.600000
2533.280000
2538.960000
2544.640000
2550.320000
2556.000000
2561.680000
2567.360000
2573.040000
2578.720000
2584.400000
2590.080000
2595.760000
2601.440000
2607.120000
2612.800000
2618.480000
2624.160000
2629.840000
2635.520000
2641.200000
2646.880000
2652.560000
2658.240000
2663.920000
2669.600000
2675.280000
2680.960000
2686.640000
2692.320000
2698.000000
2703.680000
2709.360000
2715.040000
2720.720000
2726.400000
2732.080000
2737.760000
2743.440000
2749.120000
2754.800000
2760.480000
2766.160000
2771.840000
2777.520000
2783.200000
2788.880000
2794.560000
2800.240000
2805.920000
2811.600000
2817.280000
2822.960000
2828.640000
2834.320000
2840.000000
2845.680000
2851.360000
2857.040000
2862.720000
2868.400000
2874.080000
2879.760000
2885.440000
2891.120000
2896.800000
2902.480000
2908.160000
2913.840000
2919.520000
2925.200000
2930.880000
2936.560000
2942.240000
2947.920000
2953.600000
2959.280000
2964.960000
2970.640000
2976.320000
2982.000000
2987.680000
2993.360000
2999.040000
3004.720000
3010.400000
3016.080000
3021.760000
3027.440000
3033.120000
3038.800000
3044.480000
3050.160000
3055.840000
3061.520000
3067.200000
3072.880000
3078.560000
3084.240000
3089.920000
3095.600000
3101.280000
3106.960000
3112.640000
3118.320000
3124.000000
3129.680000
3135.360000
3141.040000
3146.720000
3152.400000
3158.080000
3163.760000
3169.440000
3175.120000
3180.800000
3186.480000
3192.160000
3197.840000
3203.520000
3209.200000
3214.880000
3220.560000
3226.240000
3231.920000
3237.600000
3243.280000
3248.960000
3254.640000
3260.320000
3266.000000
3271.680000
3277.360000
3283.040000
3288.720000
3294.400000
3300.080000
3305.760000
3311.440000
3317.120000
3322.800000
3328.480000
3334.160000
3339.840000
3345.520000
3351.200000
3356.880000
3362.560000
3368.240000
3373.920000
3379.600000
3385.280000
3390.960000
3396.640000
3402.320000
3408.000000
3413.680000
3419.360000
3425.040000
3430.720000
3436.400000
3442.080000
3447.760000
3453.440000
3459.120000
3464.800000
3470.480000
3476.160000
3481.840000
3487.520000
3493.200000
3498.880000
3504.560000
3510.240000
3515.920000
3521.600000
3527.280000
3532.960000
3538.640000
3544.320000
3550.000000
3555.680000
3561.360000
3567.040000
3572.720000
3578.400000
3584.080000
3589.760000
3595.440000
3601.120000
3606.800000
3612.480000
3618.160000
3623.840000
3629.520000
3635.200000
3640.880000
3646.560000
3652.240000
3657.920000
3663.600000
3669.280000
3674.960000
3680.640000
3686.320000
3692.000000
3697.680000
3703.360000
3709.040000
3714.720000
3720.400000
3726.080000
3731.760000
3737.440000
3743.120000
3748.800000
3754.480000
3760.160000
3765.840000
3771.520000
3777.200000
3782.880000
3788.560000
3794.240000
3799.920000
3805.600000
3811.280000
3816.960000
3822.640000
3828.320000
3834.000000
3839.680000
3845.360000
3851.040000
3856.720000
3862.400000
3868.080000
3873.760000
3879.440000
3885.120000
3890.800000
3896.480000
3902.160000
3907.840000
3913.520000
3919.200000
3924.880000
3930.560000
3936.240000
3941.920000
3947.600000
3953.280000
3958.960000
3964.640000
3970.320000
3976.000000
3981.680000
3987.360000
3993.040000
3998.720000
4004.400000
4010.080000
4015.760000
4021.440000
4027.120000
4032.800000
4038.480000
4044.160000
4049.840000
4055.520000
4061.200000
4066.880000
4072.560000
4078.240000
4083.920000
4089.600000
4095.280000
4100.960000
4106.640000
4112.320000
4118.000000
4123.680000
4129.360000
4135.040000
4140.720000
4146.400000
4152.080000
4157.760000
4163.440000
4169.120000
4174.800000
4180.480000
4186.160000
4191.840000
4197.520000
4203.200000
4208.880000
4214.560000
4220.240000
4225.920000
4231.600000
4237.280000
4242.960000
4248.640000
4254.320000
4260.000000
4265.680000
4271.360000
4277.040000
4282.720000
4288.400000
4294.080000
4299.760000
4305.440000
4311.120000
4316.800000
4322.480000
4328.160000
4333.840000
4339.520000
4345.200000
4350.880000
4356.560000
4362.240000
4367.920000
4373.600000
4379.280000
4384.960000
4390.640000
4396.320000
4402.000000
4407.680000
4413.360000
4419.040000
4424.720000
4430.400000
4436.080000
4441.760000
4447.440000
4453.120000
4458.800000
4464.480000
4470.160000
4475.840000
4481.520000
4487.200000
4492.880000
4498.560000
4504.240000
4509.920000
4515.600000
4521.280000
4526.960000
4532.640000
4538.320000
4544.000000
4549.680000
4555.360000
4561.040000
4566.720000
4572.400000
4578.080000
4583.760000
4589.440000
4595.120000
4600.800000
4606.480000
4612.160000
4617.840000
4623.520000
4629.200000
4634.880000
4640.560000
4646.240000
4651.920000
4657.600000
4663.280000
4668.960000
4674.640000
4680.320000
4686.000000
4691.680000
4697.360000
4703.040000
4708.720000
4714.400000
4720.080000
4725.760000
4731.440000
4737.120000
4742.800000
4748.480000
4754.160000
4759.840000
4765.520000
4771.200000
4776.880000
4782.560000
4788.240000
4793.920000
4799.600000
4805.280000
4810.960000
4816.640000
4822.320000
4828.000000
4833.680000
4839.360000
4845.040000
4850.720000
4856.400000
4862.080000
4867.760000
4873.440000
4879.120000
4884.800000
4890.480000
4896.160000
4901.840000
4907.520000
4913.200000
4918.880000
4924.560000
4930.240000
4935.920000
4941.600000
4947.280000
4952.960000
4958.640000
4964.320000
4970.000000
4975.680000
4981.360000
4987.040000
4992.720000
4998.400000
5004.080000
5009.760000
5015.440000
5021.120000
5026.800000
5032.480000
5038.160000
5043.840000
5049.520000
5055.200000
5060.880000
5066.560000
5072.240000
5077.920000
5083.600000
5089.280000
5094.960000
5100.640000
5106.320000
5112.000000
5117.680000
5123.360000
5129.040000
5134.720000
5140.400000
5146.080000
5151.760000
5157.440000
5163.120000
5168.800000
5174.480000
5180.160000
5185.840000
5191.520000
5197.200000
5202.880000
5208.560000
5214.240000
5219.920000
5225.600000
5231.280000
5236.960000
5242.640000
5248.320000
5254.000000
5259.680000
5265.360000
5271.040000
5276.720000
5282.400000
5288.080000
5293.760000
5299.440000
5305.120000
5310.800000
5316.480000
5322.160000
5327.840000
5333.520000
5339.200000
5344.880000
5350.560000
5356.240000
5361.920000
5367.600000
5373.280000
5378.960000
5384.640000
5390.320000
5396.000000
5401.680000
5407.360000
5413.040000
5418.720000
5424.400000
5430.080000
5435.760000
5441.440000
5447.120000
5452.800000
5458.480000
5464.160000
5469.840000
5475.520000
5481.200000
5486.880000
5492.560000
5498.240000
5503.920000
5509.600000
5515.280000
5520.960000
5526.640000
5532.320000
5538.000000
5543.680000
5549.360000
5555.040000
5560.720000
5566.400000
5572.080000
5577.760000
5583.440000
5589.120000
5594.800000
5600.480000
5606.160000
5611.840000
5617.520000
5623.200000
5628.880000
5634.560000
5640.240000
5645.920000
5651.600000
5657.280000
5662.960000
5668.640000
5674.320000
5680.000000
