9.948458817189880000e+14
8.279770206706390000e+14
6.820837112352830000e+14
5.646619612716570000e+14
4.751284422339950000e+14
4.075312241979250000e+14
3.541296681550580000e+14
3.027599578056470000e+14
2.726643356462230000e+14
2.424813130769470000e+14
2.178071071461900000e+14
1.894894784020360000e+14
1.699847375897350000e+14
1.590946159749370000e+14
1.484564924603130000e+14
1.326259363179250000e+14
1.299906715114210000e+14
1.132757978148830000e+14
1.092168939228560000e+14
1.010996574862470000e+14
9.506616249696900000e+13
9.677757988717000000e+13
9.299750200285800000e+13
8.041840397776300000e+13
8.173596694817200000e+13
7.295576734377700000e+13
6.730001883961100000e+13
6.259738412052400000e+13
6.591991108305400000e+13
6.358665073395300000e+13
5.720747126795900000e+13
5.807086903287100000e+13
5.478414211250200000e+13
5.807400655308600000e+13
5.208757001925000000e+13
5.385380295507600000e+13
5.025878989944100000e+13
4.824044406150400000e+13
4.803448003647300000e+13
4.632610489787600000e+13
4.138699503763400000e+13
4.121297818042400000e+13
4.254551679188300000e+13
4.469628566563300000e+13
3.934732478559300000e+13
3.870527199839600000e+13
3.775123094726500000e+13
3.268112332478100000e+13
3.369501951924300000e+13
3.571827311504400000e+13
3.329774614282600000e+13
3.222554706636200000e+13
3.048273150179200000e+13
2.953879334031200000e+13
2.971987855226900000e+13
2.919403938580900000e+13
3.499280732003800000e+13
2.805734684719300000e+13
3.047098145622400000e+13
2.536317008084100000e+13
2.435825929344300000e+13
2.787988042953300000e+13
2.543119837593500000e+13
2.401617731636500000e+13
2.145056090843300000e+13
2.313992956828600000e+13
2.332752597146400000e+13
2.282633929978000000e+13
2.229577579278900000e+13
1.815295404188400000e+13
1.902644916486100000e+13
2.157719032646000000e+13
1.832174605141100000e+13
1.825965614399600000e+13
1.893062055968900000e+13
1.632338950162100000e+13
1.923330624342800000e+13
2.092679070470000000e+13
1.701714782449600000e+13
1.737091316954900000e+13
1.568746052685000000e+13
1.669024900967200000e+13
1.504519298261200000e+13
1.562247331977100000e+13
1.660198129315800000e+13
1.551343106303500000e+13
1.132902556418800000e+13
1.357130175117000000e+13
1.313641475339600000e+13
1.319887099282300000e+13
1.788639865238200000e+13
1.454103728698900000e+13
1.348000525193700000e+13
1.247780333918100000e+13
1.115247141387800000e+13
1.299473449562200000e+13
1.102085206695100000e+13
1.498265503709600000e+13
1.105423384736400000e+13
1.090207467572400000e+13
9.342696535323000000e+12
1.044358077215500000e+13
1.196345665827100000e+13
1.008891367195700000e+13
9.625673422668000000e+12
1.077897000009000000e+13
1.027110997874800000e+13
1.089798751043100000e+13
1.022432022149600000e+13
9.995762647283000000e+12
8.766550599459000000e+12
1.028956300229000000e+13
1.011551066195400000e+13
9.630373105934000000e+12
7.736638530007000000e+12
7.639637146187000000e+12
9.707210383228000000e+12
1.114984101585400000e+13
9.239815233226000000e+12
7.656528061862000000e+12
8.003863270486000000e+12
8.665740896601000000e+12
6.154415755125000000e+12
7.054397115569000000e+12
8.473001503347000000e+12
7.102838132564000000e+12
7.761342680629000000e+12
5.782781928131000000e+12
7.322403126194000000e+12
8.219492357690000000e+12
6.341710154222000000e+12
6.982493573750000000e+12
7.509767282348000000e+12
6.200965712467000000e+12
6.607732983151000000e+12
6.982787717126000000e+12
6.402991890180000000e+12
5.738785444775000000e+12
6.260620093827000000e+12
5.749391216052000000e+12
5.557473580789000000e+12
4.693001507575000000e+12
3.823440019536000000e+12
5.497767035419000000e+12
4.510723566140000000e+12
5.449579544217000000e+12
3.262368206988000000e+12
5.014853800307000000e+12
4.066860635573000000e+12
5.371637060606000000e+12
5.442132810529000000e+12
4.248123569240000000e+12
5.045381768195000000e+12
4.305911323113000000e+12
5.976857042604000000e+12
4.723031189504000000e+12
3.919224258671000000e+12
4.968726326338000000e+12
3.341919805616000000e+12
4.542077667968000000e+12
4.777044136835000000e+12
3.324121548618000000e+12
4.016145765350000000e+12
3.751404989982000000e+12
4.505896648388000000e+12
3.433652098451000000e+12
3.818494779723000000e+12
3.853023013028000000e+12
2.948186403339000000e+12
3.801420370934000000e+12
4.124523228763000000e+12
3.094967096021000000e+12
3.054245391756000000e+12
2.618287967496000000e+12
3.166438376159000000e+12
3.756643440656000000e+12
4.147845159708000000e+12
4.774188621065000000e+12
2.859706073849000000e+12
4.001006744886000000e+12
3.179548574931000000e+12
3.342946267094000000e+12
2.544047422413000000e+12
3.228059222905000000e+12
2.646849628672000000e+12
2.450574644419000000e+12
3.892817239313000000e+12
3.621814689230000000e+12
3.159923109899000000e+12
3.272802488274000000e+12
2.501114612718000000e+12
2.592743115246000000e+12
2.778436174885000000e+12
2.770661030089000000e+12
1.976847669817000000e+12
3.447919396792000000e+12
2.259366484262000000e+12
2.655524946286000000e+12
2.312781083001000000e+12
2.076618980689000000e+12
2.327642925941000000e+12
2.362969643993000000e+12
1.950194732784000000e+12
1.406683298844000000e+12
1.933560994881000000e+12
1.637733441508000000e+12
1.713062998184000000e+12
2.015155202436000000e+12
1.388052960213000000e+12
2.250796141309000000e+12
2.691640990366000000e+12
3.358637321659000000e+12
1.662747880461000000e+12
1.780272071450000000e+12
3.148954078122000000e+12
1.336281352691000000e+12
1.777715106132000000e+12
1.846396939527000000e+12
2.053789651205000000e+12
2.204808537468000000e+12
1.817848673425000000e+12
2.480579002730000000e+12
1.737295247549000000e+12
1.358699149879000000e+12
1.570616558149000000e+12
1.475959672630000000e+12
2.296854211506000000e+12
1.226326603653000000e+12
2.121940279807000000e+12
1.311369626760000000e+12
1.200256219490000000e+12
7.461619210860000000e+11
1.493283799875000000e+12
2.268525132256000000e+12
1.370646142812000000e+12
2.254540750159000000e+12
2.271013456269000000e+12
2.538332197126000000e+12
2.129494685888000000e+12
2.230420428307000000e+12
1.588685679833000000e+12
1.541993817585000000e+12
1.651087549633000000e+12
2.430533351334000000e+12
1.720723880991000000e+12
1.182226514642000000e+12
9.390620936940000000e+11
1.186803598412000000e+12
1.254782175042000000e+12
1.313326663828000000e+12
1.374082109093000000e+12
1.562588074673000000e+12
1.439970231159000000e+12
1.692795684305000000e+12
1.749077273660000000e+12
8.764132154310000000e+11
1.052959974390000000e+12
1.289630129058000000e+12
2.065925615553000000e+12
1.445164780841000000e+12
1.168472375999000000e+12
9.790135931230000000e+11
7.251826099020000000e+11
1.021753274507000000e+12
7.931053612050000000e+11
9.466427609130000000e+11
1.632286220789000000e+12
5.301061600360000000e+11
1.297013904789000000e+12
1.213089201996000000e+12
6.715339467620000000e+11
7.076129138590000000e+11
7.675369809530000000e+11
1.335351611227000000e+12
8.098161737170000000e+11
4.934473607580000000e+11
1.434487824807000000e+12
8.593904196480000000e+11
8.931062454180000000e+11
9.335593786330000000e+11
7.540119454950000000e+11
9.599711606830000000e+11
7.476017520460000000e+11
1.546258864315000000e+12
5.008715461260000000e+11
1.202796417835000000e+12
6.949320014460000000e+11
9.368379855850000000e+11
4.984490513170000000e+11
1.268508339093000000e+12
8.492486676500000000e+11
1.516336739658000000e+12
9.388930824230000000e+11
1.141188646783000000e+12
1.646422097982000000e+12
1.967898351508000000e+12
6.738042031140000000e+11
6.789830011930000000e+11
1.009148120824000000e+12
5.248810938000000000e+11
8.033210106310000000e+11
8.492634262570000000e+11
6.265785396200000000e+11
7.932625209920000000e+11
6.540035805110000000e+11
6.869054123410000000e+11
7.501145807200000000e+11
4.813310412640000000e+11
3.795889786200000000e+10
6.353552713460000000e+11
9.342141148380000000e+11
5.423624360440000000e+11
4.285192255200000000e+11
9.983137312500000000e+11
2.339076220210000000e+11
4.953642856450000000e+11
8.618197200790000000e+11
8.326904961680000000e+11
4.965087297240000000e+11
5.171963961350000000e+11
3.856072024450000000e+11
4.976044725200000000e+11
1.730874220140000000e+11
5.092639859480000000e+11
3.939123184330000000e+11
6.268584117630000000e+11
7.766900663340000000e+11
2.366444975700000000e+11
7.934820577680000000e+11
6.581829585270000000e+11
7.553727415310000000e+11
9.460123635000000000e+11
3.345065276190000000e+11
1.531944671190000000e+11
6.908329195570000000e+11
7.475302914430000000e+11
4.634183657490000000e+11
6.147191601360000000e+11
3.170611066510000000e+11
1.393417533700000000e+10
9.314356471190000000e+11
1.171286584159000000e+12
6.584124946660000000e+11
3.034555712120000000e+11
4.756106461170000000e+11
6.414736810000000000e+11
6.096119669730000000e+11
1.719030272540000000e+11
4.577639282980000000e+11
5.357625250910000000e+11
3.316097780350000000e+11
3.283438717660000000e+11
6.620303293440000000e+11
1.316206203480000000e+11
5.751599795500000000e+10
4.668482244090000000e+11
2.621763724900000000e+10
2.386520400390000000e+11
2.362111040030000000e+11
1.157352713647000000e+12
7.502108148650000000e+11
4.837887754000000000e+11
4.641466857500000000e+11
1.679526313510000000e+11
4.829219353530000000e+11
9.242545403660000000e+11
3.865192855180000000e+11
3.212893045200000000e+11
4.559098942720000000e+11
3.121922183740000000e+11
4.644285868610000000e+11
3.149691080270000000e+11
4.501264889190000000e+11
3.213080190160000000e+11
8.516009157100000000e+11
2.542304289700000000e+10
4.685915965140000000e+11
1.500421629730000000e+11
6.298038852600000000e+10
2.541834397980000000e+11
5.740877399820000000e+11
7.613500011250000000e+11
3.106892005650000000e+11
4.803394732930000000e+11
4.407053500010000000e+11
5.186703458900000000e+10
6.206629490630000000e+11
2.717262953690000000e+11
1.830403873840000000e+11
3.113418339000000000e+09
2.764737948210000000e+11
7.748636831050000000e+11
6.369924598300000000e+10
3.063214311570000000e+11
1.945736105980000000e+11
1.668475011600000000e+10
1.830106718800000000e+10
7.539167127530000000e+11
3.651711201640000000e+11
1.992933749570000000e+11
1.685201911550000000e+11
3.364118189470000000e+11
6.373761167000000000e+11
1.500421629730000000e+11
4.685060256080000000e+11
3.260551937390000000e+11
1.061875529900000000e+11
8.107150610390000000e+11
1.601703939450000000e+11
1.362315074520000000e+11
7.662075772850000000e+11
4.565949300150000000e+11
2.098074740650000000e+11
1.725774736670000000e+11
5.515367572000000000e+09
7.546538372010000000e+11
3.000843259460000000e+11
3.000843259460000000e+11
1.698878570040000000e+11
2.812100648000000000e+09
3.127461292330000000e+11
3.046655651100000000e+11
4.736585510160000000e+11
3.062520552700000000e+11
1.500421629730000000e+11
1.603670146940000000e+11
