1.775805709227870000e+14
1.680705666635780000e+14
1.599099306972760000e+14
1.460440483520920000e+14
1.399571362496580000e+14
1.319688684850000000e+14
1.241943530410830000e+14
1.173883516970370000e+14
1.099119286381170000e+14
1.094606294298620000e+14
9.938558920130000000e+13
9.446518855510200000e+13
9.068786045325200000e+13
8.519767283607600000e+13
7.688218952784700000e+13
7.886303974626600000e+13
7.519316427926700000e+13
7.083615907422700000e+13
6.619387402647700000e+13
6.034781137859100000e+13
6.152331878289900000e+13
5.875577612515200000e+13
5.443059625653200000e+13
5.189704024068100000e+13
5.194757244577400000e+13
4.946416977262500000e+13
4.746899742722000000e+13
4.276964054778900000e+13
4.195374764125000000e+13
3.830510601490500000e+13
4.103234492672700000e+13
3.868301200840900000e+13
3.822371187457300000e+13
3.421313392664400000e+13
3.522019889449500000e+13
3.154983858131600000e+13
3.036095946287100000e+13
3.021860711583500000e+13
2.803847191406900000e+13
2.776816788161800000e+13
2.681978693264800000e+13
2.555633602437300000e+13
2.341830648056700000e+13
2.445048613998600000e+13
2.181459852605400000e+13
2.144322011435600000e+13
2.177453515910100000e+13
2.077825375833700000e+13
1.769283000857800000e+13
1.999445687498200000e+13
1.771046696289700000e+13
1.771983296259100000e+13
1.661972972327200000e+13
1.750260947954400000e+13
1.711168865581600000e+13
1.467862757635000000e+13
1.493516540330300000e+13
1.329822241002300000e+13
1.504993699941100000e+13
1.272253512902200000e+13
1.258775456617700000e+13
1.136307128717000000e+13
1.252549025815900000e+13
1.203909615666600000e+13
1.096948940765700000e+13
1.011124950558200000e+13
1.081748323156700000e+13
1.064469406033900000e+13
9.445943497622000000e+12
1.010882240398600000e+13
8.843297250314000000e+12
9.244441596916000000e+12
8.334131112037000000e+12
7.978692062833000000e+12
7.610569307634000000e+12
7.510892435685000000e+12
7.587821489431000000e+12
6.704524313183000000e+12
6.699513012139000000e+12
6.959411672942000000e+12
6.123235206184000000e+12
6.675116723525000000e+12
6.401466716088000000e+12
6.068899949228000000e+12
6.086253285244000000e+12
6.205798213798000000e+12
5.980683930304000000e+12
5.297858258092000000e+12
5.253379720316000000e+12
5.574906670946000000e+12
5.441670337948000000e+12
4.548411271983000000e+12
4.956084640965000000e+12
4.603508761436000000e+12
4.022710013808000000e+12
4.343122793836000000e+12
4.429426144280000000e+12
4.279089511740000000e+12
3.582270163017000000e+12
3.761035044557000000e+12
3.835315717431000000e+12
3.718041235088000000e+12
3.219412311992000000e+12
3.519609419069000000e+12
3.733713943305000000e+12
3.211969610259000000e+12
2.851283975360000000e+12
3.095668222721000000e+12
3.246670336031000000e+12
3.064193574838000000e+12
2.963531094921000000e+12
2.902155092166000000e+12
2.886982353841000000e+12
2.627633806415000000e+12
2.477918934854000000e+12
2.405767964549000000e+12
2.453273480268000000e+12
2.197758797404000000e+12
2.493189696044000000e+12
1.727104325521000000e+12
2.370260334368000000e+12
1.984622199108000000e+12
2.156864683972000000e+12
2.000028304482000000e+12
2.021676948042000000e+12
1.809251833748000000e+12
1.846390522850000000e+12
1.571577312310000000e+12
1.916073851218000000e+12
1.801557242542000000e+12
1.519441559308000000e+12
1.450670655616000000e+12
1.585389981199000000e+12
1.565795255644000000e+12
1.394743331049000000e+12
1.666931164158000000e+12
1.609394322150000000e+12
1.269540159737000000e+12
1.217154718222000000e+12
1.364308863071000000e+12
1.263919569640000000e+12
1.287995707652000000e+12
1.215844869824000000e+12
1.189906869294000000e+12
8.888819860100000000e+11
1.083115201711000000e+12
1.144533967208000000e+12
1.149720830819000000e+12
1.014664915086000000e+12
1.030574863151000000e+12
1.149712438432000000e+12
9.810794590430000000e+11
9.623934243010000000e+11
9.154073963940000000e+11
9.262689589050000000e+11
7.291793371310000000e+11
7.799655636880000000e+11
6.838902792230000000e+11
7.577804171580000000e+11
7.711825998600000000e+11
7.816928137140000000e+11
7.515212625540000000e+11
7.225871161740000000e+11
8.947318236130000000e+11
9.512228725680000000e+11
6.357740995840000000e+11
5.476856352310000000e+11
7.315669304960000000e+11
5.931856543080000000e+11
6.124494926310000000e+11
5.510371379070000000e+11
6.541843508590000000e+11
6.419727681220000000e+11
7.048250831930000000e+11
8.138831919760000000e+11
7.779477358000000000e+11
5.185555332670000000e+11
5.149674569710000000e+11
4.300652393960000000e+11
3.969703822920000000e+11
5.772842051490000000e+11
5.217072217050000000e+11
5.124943540790000000e+11
3.910447866480000000e+11
5.578451054490000000e+11
5.840304174340000000e+11
2.872066456070000000e+11
3.310434433370000000e+11
5.908986864620000000e+11
5.241370429720000000e+11
3.699208521950000000e+11
3.625049652750000000e+11
3.055958827880000000e+11
3.839284962120000000e+11
3.639914565490000000e+11
3.301372096030000000e+11
3.144043510260000000e+11
2.941442000500000000e+11
2.726661347900000000e+11
3.130200918180000000e+11
2.398272877970000000e+11
2.222324159330000000e+11
3.068334965900000000e+11
2.607735385730000000e+11
2.490705164350000000e+11
3.250181226030000000e+11
3.357617739930000000e+11
3.250035880320000000e+11
2.787291800390000000e+11
2.851647666240000000e+11
3.897891724740000000e+11
3.233882878570000000e+11
1.664244005530000000e+11
2.155697553230000000e+11
3.888269118500000000e+11
3.163482607150000000e+11
1.882616377870000000e+11
1.718548282840000000e+11
1.831826655450000000e+11
2.077272208230000000e+11
2.271358986240000000e+11
2.266772971250000000e+11
1.659549778310000000e+11
1.192734602460000000e+11
1.515479534760000000e+11
1.901049947330000000e+11
2.097393725060000000e+11
1.615005301890000000e+11
1.594261127280000000e+11
1.172889390690000000e+11
2.885150500910000000e+11
1.069890194070000000e+11
1.908204327210000000e+11
1.483538861070000000e+11
1.347640864680000000e+11
1.960416780240000000e+11
1.059984400120000000e+11
1.149237337710000000e+11
1.148738356920000000e+11
9.843247803500000000e+10
7.378080383500000000e+10
1.419536459750000000e+11
1.565466421000000000e+11
7.501507583200000000e+10
1.550087585530000000e+11
1.072617743710000000e+11
1.428892071420000000e+11
1.524408300040000000e+11
7.559268896700000000e+10
1.626867462580000000e+11
1.427903511340000000e+11
1.564108987660000000e+11
1.385313228150000000e+11
1.443283090010000000e+11
1.432573457250000000e+11
1.503362299920000000e+11
9.115744641100000000e+10
3.452134741700000000e+10
9.225359183900000000e+10
1.253814396130000000e+11
8.790224468800000000e+10
6.278163670500000000e+10
5.027945538200000000e+10
2.178555789500000000e+10
8.542783168900000000e+10
9.650950285800000000e+10
1.459614609200000000e+11
1.272045970890000000e+11
2.780386245900000000e+10
1.166823498600000000e+11
1.319068991120000000e+11
5.861355989800000000e+10
7.958732179000000000e+10
1.495802127900000000e+11
3.872535516700000000e+10
7.255717125400000000e+10
1.076836463240000000e+11
7.120420275700000000e+10
6.321052637700000000e+10
8.167063416700000000e+10
1.085964586100000000e+11
1.038899064430000000e+11
7.002305998800000000e+10
3.565748936400000000e+10
6.910410331100000000e+10
5.239295298300000000e+10
7.609415450600000000e+10
5.445117793500000000e+10
5.260615779900000000e+10
5.883819405600000000e+10
6.076670819900000000e+10
9.328539468500000000e+10
3.719149310300000000e+10
2.223461947400000000e+10
7.281967260400000000e+10
1.750923340800000000e+10
2.851638646700000000e+10
1.403036472700000000e+10
4.791491919900000000e+10
5.801246042900000000e+10
6.562327959100000000e+10
2.646832134500000000e+10
5.694067881000000000e+10
3.866610219100000000e+10
4.777867064000000000e+10
1.865387395500000000e+10
5.844448657100000000e+10
6.235237031500000000e+10
1.144118964200000000e+10
9.293219734300000000e+10
6.088546882700000000e+10
4.278079847900000000e+10
8.725557695900000000e+10
1.020757622100000000e+10
7.817906095300000000e+10
3.317370732500000000e+10
