22.521500
23.974500
25.427500
26.880500
28.333500
29.786500
31.239500
32.692500
34.145500
35.598500
37.051500
38.504500
39.957500
41.410500
42.863500
44.316500
45.769500
47.222500
48.675500
50.128500
51.581500
53.034500
54.487500
55.940500
57.393500
58.846500
60.299500
61.752500
63.205500
64.658500
66.111500
67.564500
69.017500
70.470500
71.923500
73.376500
74.829500
76.282500
77.735500
79.188500
80.641500
82.094500
83.547500
85.000500
86.453500
87.906500
89.359500
90.812500
92.265500
93.718500
95.171500
96.624500
98.077500
99.530500
100.983500
102.436500
103.889500
105.342500
106.795500
108.248500
109.701500
111.154500
112.607500
114.060500
115.513500
116.966500
118.419500
119.872500
121.325500
122.778500
124.231500
125.684500
127.137500
128.590500
130.043500
131.496500
132.949500
134.402500
135.855500
137.308500
138.761500
140.214500
141.667500
143.120500
144.573500
146.026500
147.479500
148.932500
150.385500
151.838500
153.291500
154.744500
156.197500
157.650500
159.103500
160.556500
162.009500
163.462500
164.915500
166.368500
167.821500
169.274500
170.727500
172.180500
173.633500
175.086500
176.539500
177.992500
179.445500
180.898500
182.351500
183.804500
185.257500
186.710500
188.163500
189.616500
191.069500
192.522500
193.975500
195.428500
196.881500
198.334500
199.787500
201.240500
202.693500
204.146500
205.599500
207.052500
208.505500
209.958500
211.411500
212.864500
214.317500
215.770500
217.223500
218.676500
220.129500
221.582500
223.035500
224.488500
225.941500
227.394500
228.847500
230.300500
231.753500
233.206500
234.659500
236.112500
237.565500
239.018500
240.471500
241.924500
243.377500
244.830500
246.283500
247.736500
249.189500
250.642500
252.095500
253.548500
255.001500
256.454500
257.907500
259.360500
260.813500
262.266500
263.719500
265.172500
266.625500
268.078500
269.531500
270.984500
272.437500
273.890500
275.343500
276.796500
278.249500
279.702500
281.155500
282.608500
284.061500
285.514500
286.967500
288.420500
289.873500
291.326500
292.779500
294.232500
295.685500
297.138500
298.591500
300.044500
301.497500
302.950500
304.403500
305.856500
307.309500
308.762500
310.215500
311.668500
313.121500
314.574500
316.027500
317.480500
318.933500
320.386500
321.839500
323.292500
324.745500
326.198500
327.651500
329.104500
330.557500
332.010500
333.463500
334.916500
336.369500
337.822500
339.275500
340.728500
342.181500
343.634500
345.087500
346.540500
347.993500
349.446500
350.899500
352.352500
353.805500
355.258500
356.711500
358.164500
359.617500
361.070500
362.523500
363.976500
365.429500
366.882500
368.335500
369.788500
371.241500
372.694500
374.147500
375.600500
377.053500
378.506500
379.959500
381.412500
382.865500
384.318500
385.771500
387.224500
388.677500
390.130500
391.583500
393.036500
394.489500
395.942500
397.395500
398.848500
400.301500
401.754500
403.207500
404.660500
406.113500
407.566500
409.019500
410.472500
411.925500
413.378500
414.831500
416.284500
417.737500
419.190500
420.643500
422.096500
423.549500
425.002500
426.455500
427.908500
429.361500
430.814500
432.267500
433.720500
435.173500
436.626500
438.079500
439.532500
440.985500
442.438500
443.891500
445.344500
446.797500
448.250500
449.703500
451.156500
452.609500
454.062500
455.515500
456.968500
458.421500
459.874500
461.327500
462.780500
464.233500
465.686500
467.139500
468.592500
470.045500
471.498500
472.951500
474.404500
475.857500
477.310500
478.763500
480.216500
481.669500
483.122500
484.575500
486.028500
487.481500
488.934500
490.387500
491.840500
493.293500
494.746500
496.199500
497.652500
499.105500
500.558500
502.011500
503.464500
504.917500
506.370500
507.823500
509.276500
510.729500
512.182500
513.635500
515.088500
516.541500
517.994500
519.447500
520.900500
522.353500
523.806500
525.259500
526.712500
528.165500
529.618500
531.071500
532.524500
533.977500
535.430500
536.883500
538.336500
539.789500
541.242500
542.695500
544.148500
545.601500
547.054500
548.507500
549.960500
551.413500
552.866500
554.319500
555.772500
557.225500
558.678500
560.131500
561.584500
563.037500
564.490500
565.943500
567.396500
568.849500
570.302500
571.755500
573.208500
574.661500
576.114500
577.567500
579.020500
580.473500
581.926500
583.379500
584.832500
586.285500
587.738500
589.191500
590.644500
592.097500
593.550500
595.003500
596.456500
597.909500
599.362500
600.815500
602.268500
603.721500
605.174500
606.627500
608.080500
609.533500
610.986500
612.439500
613.892500
615.345500
616.798500
618.251500
619.704500
621.157500
622.610500
624.063500
625.516500
626.969500
628.422500
629.875500
631.328500
632.781500
634.234500
635.687500
637.140500
638.593500
640.046500
641.499500
642.952500
644.405500
645.858500
647.311500
648.764500
650.217500
651.670500
653.123500
654.576500
656.029500
657.482500
658.935500
660.388500
661.841500
663.294500
664.747500
666.200500
667.653500
669.106500
670.559500
672.012500
673.465500
674.918500
676.371500
677.824500
679.277500
680.730500
682.183500
683.636500
685.089500
686.542500
687.995500
689.448500
690.901500
692.354500
693.807500
695.260500
696.713500
698.166500
699.619500
701.072500
702.525500
703.978500
705.431500
706.884500
708.337500
709.790500
711.243500
712.696500
714.149500
715.602500
717.055500
718.508500
719.961500
721.414500
722.867500
724.320500
725.773500
727.226500
728.679500
730.132500
731.585500
733.038500
734.491500
735.944500
737.397500
738.850500
740.303500
741.756500
743.209500
744.662500
746.115500
747.568500
749.021500
750.474500
751.927500
753.380500
754.833500
756.286500
757.739500
759.192500
760.645500
762.098500
763.551500
765.004500
766.457500
767.910500
769.363500
770.816500
772.269500
773.722500
775.175500
776.628500
778.081500
779.534500
780.987500
782.440500
783.893500
785.346500
786.799500
788.252500
789.705500
791.158500
792.611500
794.064500
795.517500
796.970500
798.423500
799.876500
801.329500
802.782500
804.235500
805.688500
807.141500
808.594500
810.047500
811.500500
812.953500
814.406500
815.859500
817.312500
818.765500
820.218500
821.671500
823.124500
824.577500
826.030500
827.483500
828.936500
830.389500
831.842500
833.295500
834.748500
836.201500
837.654500
839.107500
840.560500
842.013500
843.466500
844.919500
846.372500
847.825500
849.278500
850.731500
852.184500
853.637500
855.090500
856.543500
857.996500
859.449500
860.902500
862.355500
863.808500
865.261500
866.714500
868.167500
869.620500
871.073500
872.526500
873.979500
875.432500
876.885500
878.338500
879.791500
881.244500
882.697500
884.150500
885.603500
887.056500
888.509500
889.962500
891.415500
892.868500
894.321500
895.774500
897.227500
898.680500
900.133500
901.586500
903.039500
904.492500
905.945500
907.398500
908.851500
910.304500
911.757500
913.210500
914.663500
916.116500
917.569500
919.022500
920.475500
921.928500
923.381500
924.834500
926.287500
927.740500
929.193500
930.646500
932.099500
933.552500
935.005500
936.458500
937.911500
939.364500
940.817500
942.270500
943.723500
945.176500
946.629500
948.082500
949.535500
950.988500
952.441500
953.894500
955.347500
956.800500
958.253500
959.706500
961.159500
962.612500
964.065500
965.518500
966.971500
968.424500
969.877500
971.330500
972.783500
974.236500
975.689500
977.142500
978.595500
980.048500
981.501500
982.954500
984.407500
985.860500
987.313500
988.766500
990.219500
991.672500
993.125500
994.578500
997.484500
1000.390500
1001.843500
1003.296500
1004.749500
1006.202500
1007.655500
1009.108500
1010.561500
1012.014500
1013.467500
1014.920500
1016.373500
1017.826500
1019.279500
1020.732500
1022.185500
1025.091500
1026.544500
1027.997500
1029.450500
1030.903500
1032.356500
1033.809500
1036.715500
1038.168500
1039.621500
1041.074500
1042.527500
1043.980500
1045.433500
1046.886500
1048.339500
1049.792500
1051.245500
1054.151500
1057.057500
1058.510500
1059.963500
1061.416500
1062.869500
1064.322500
