168005633278384
152824889245830
137449460004656
120365090233119
119313014063976
108267697830516
98952380895817
92114966996927
83642878042224
78070383201956
74444139674681
71533069784164
66872721828709
61387687169202
55314940456930
59188564603167
52660527401160
52760564281066
47664427106456
46111125939030
43088962618268
44038876103165
41829836421488
39334691361702
40093125953973
36459821649120
33451527602752
34957268269161
31107378834093
29078574498628
32074900536989
31351155153687
27427164996809
27271766058283
25980067401312
26374648011164
24716250716274
23526994606305
22375689241303
21125203271142
19644666974514
23077941372604
18865696139183
20868414227288
17256531167787
18661672732102
19493226393508
21481360462851
17925022154134
17382146891173
17981494271609
16491144959887
18182556062974
16342368050077
17608556409167
14698042232193
14761546029151
12742822858429
13025095770959
13796865100167
12675953520101
13045090097248
12683888070726
14681304749948
14023546102947
12444515031044
14192135609021
12315984151354
10915661725807
11753533302071
10765715266501
10893290986095
9538889031773
12024255327886
9814233684328
10080988583537
10209979792044
9315864809153
10256758014617
9259013538281
9205346292533
9798969053567
10636959020720
7661582446755
8465762819265
10167781135714
8308524307131
7711397345110
8387043509527
8267048823641
9826631497421
8012365974976
8190342615302
7694194323439
6900611227365
6547069055380
6980217690441
8359846464130
7824014434662
7346998152870
6778597884802
5368648311955
7850180464199
7955916937697
6492933106549
7132929346263
6786646360266
6618539927986
7075560927345
7419321049257
7131926338018
5240424779948
5736779193712
6555726971569
7442373986215
5903233287193
6230500930792
5517947013872
6453309861539
5665040342091
7177018183186
5396319067130
5946770043552
7334936250930
6278062887739
6299673180532
5445304053194
6206993015060
5960748094081
4549724022320
4954599055481
4209964364161
4375437578506
5952624814349
4716692188657
4648004305490
4348591722581
5335638842671
4446214943320
4485776447332
4190878975852
5046960493228
4547668993937
4076751325368
5630705454772
4731991781868
4069697457291
4033427494310
4332832108631
3578029770048
5791603614772
3869187513263
4416639308276
4350387534867
4063700577270
4748312882320
3627885409565
4290674662763
4637707036937
3335361546997
4007395989979
4628777094133
4135539996614
4296791034401
3887454050282
4256132672731
2741605560917
5230226538119
3267159960284
3743645537242
3997580725994
4284571915811
5090338029396
2372680580551
2987769834243
3714615608276
3335577073391
2718197784443
2904662235057
3105884890506
3158227971508
3243481742257
2793170362341
2979166193508
2252402186975
3722538291095
2238329863690
2240064770155
2885703324809
2578050704208
3178137514684
3571283107263
2976031326806
3555728093485
2388768842128
2134458366747
1542354060422
3221115844329
3659316767033
3088922504288
2139632370015
2823187943831
1550208839779
2004407133341
1980462545812
3389290931888
1615736179150
1947780213727
1760425635317
1812619592915
1637527953119
1888879860190
1901454328195
2186592250437
1644945995792
1712103790611
2021221489407
2749316453815
2427812589810
1649638279086
1463039227620
2211857849021
1774897229258
1309862047520
2197089451383
2013488677165
2400609013383
2105413084513
1578249397878
1235462461041
1444487256018
1956250212191
2181630267224
1998697978716
1032928555054
1494408135372
1195409012411
2204117935426
953163042926
1492769582572
1329538388766
1673117615475
1673271551759
1488014975222
1734798448856
2275888138606
1759297912699
1620759847509
1784372057601
1506223757434
913745833421
1133578005640
1586157710169
1793489721794
1502349942849
1649875313063
1527078520487
1037139693685
1264771027734
1437514088508
1447299813228
1322053824438
1564279581555
1183992906671
768135532055
2179609880791
1810238227392
907302747680
1013152059419
1363996097121
1089665935342
1294057826938
994919980055
596598524834
1736893055677
1208960362143
1032265025933
1223645567889
1158878499224
1260197202910
696746405784
1274464127198
1260341103572
849738626787
1041878851115
1162257999943
844887994695
1133067441051
853331453510
657409994191
865202796991
739952865039
807500079799
707635968813
865873041045
837248003581
765567663471
844673599295
764112532757
1101085208119
893176032024
879048971510
1450749140039
428702434427
754113841905
910191704167
555783833639
1063205854224
713756787141
388525011794
566960558158
862705778435
510418089888
608497128328
882139472993
662281008862
578790281676
555899691056
741630204620
956301101386
928365163447
439057683010
789438222883
620395904098
836892076397
500783336860
769397473840
871384271890
817605238827
274092528298
364439374620
543667320839
853468056555
553736940795
574775187246
786823486831
308878649111
521406929927
278359833101
667433380319
425716695491
241638537298
308745566033
940740667646
515128837815
572997748944
477638530143
381967147203
841771587536
627313564684
373872146803
510287140314
546869911491
354586842582
464739035916
367335045715
456278472588
334002656786
348495252594
169060668271
315351764040
361059691531
519701862860
392303990824
441025385957
184155719112
269847477936
372297480059
444569362600
391529926358
128049854669
404754022731
308630609984
237538746610
545788387081
454259182950
370408667783
128956646677
193021310371
79258765492
173817308833
123053768770
272046080378
278173388534
275250160160
750692642943
490397062708
347017639363
156939038460
458413911656
536151906135
315688886603
278778167263
97578635483
120313839317
252719047384
274260662769
123112995131
361129524594
238884840418
446756925930
103569577078
201432343970
84209915326
564037490071
247075838883
69153242129
242144075970
80524537365
221704057771
203255222642
235156051038
185407277492
309581841538
255707661482
526140677883
40025572150
202989752252
356177394199
323662963997
231989965260
51637084846
207510145084
202695403918
168295085827
56738905663
385932511256
145484208616
58931088494
522810138421
243826330001
66363705974
56348919474
348061944469
81961669184
232128474271
85551495363
171719962738
195167674034
359478463826
61055317310
244583656353
74343223446
181748988027
266743578447
223137774978
180681613899
222443784596
187790692565
74737827635
48018689547
327290665380
80471432350
35439627624
75033503619
46877264153
203757839459
29601147747
196795801706
34026367172
44654693087
95618233267
46840115034
207244431711
34166705249
69367006631
25205693192
33091059065
324510667048
35209219268
73588726141
29479462591
187764192247
39773483588
30009803385
58339628378
186377654999
32152842412
39257136531
40459719723
29874977779
152982238521
46487985090
9044507162
52722594877
176785520037
173998247030
32231062006
24953914605
30712395621
150994056121
9920387668
171162849814
193935023825
191326149042
9379948897
47915413055
28987231782
58347045801
28960135338
182920261384
31294556925
179486164068
36035140045
20979106470
31772132824
70895906974
12346353904
21114343697
11236097171
180501520103
40095024330
20160667309
36624877803
10301442336
9347224325
161594528851
185533052099
15136331813
3178750519
1699207604
34847311324
12337461199
18868732951
15647094971
32259745940
9773787745
182931402645
12214140109
13629996981
14909408173
12452033454
8211008570
10610501056
145235536334
20361948735
4239765138
17050112258
161711643373
28923752728
20430936597
17259370291
37791849656
18279138259
15772309584
18119118292
13512657559
10903464742
31429251993
18612345200
176693831912
8449123646
17100203240
6877299178
10267701325
15025579494
1975691495
19258997723
1615007508
18191110958
18570787048
5809428682
5486768034
22616750340
14796516892
9716585274
11138667687
121485374660
28356804306
14769173869
12604961143
3562613834
181430193341
5581219506
10812306670
13775351747
8705621170
2337755795
5998306348
150042162973
157121173133
15338127698
1908890576
16925131419
11332315409
15293271482
8546950866
5589123530
3868419900
6337764363
154817573966
8114235943
4066418089
3990961427
1667811438
15238069208
1921591754
9496625093
4597391333
14321119691
