2.601449999999999818e+01
2.728350000000000009e+01
2.855250000000000199e+01
2.982150000000000034e+01
3.109049999999999869e+01
3.235949999999999704e+01
3.362850000000000250e+01
3.489749999999999375e+01
3.616649999999999920e+01
3.743550000000000466e+01
3.870449999999999591e+01
3.997350000000000136e+01
4.124249999999999972e+01
4.251149999999999807e+01
4.378050000000000352e+01
4.504949999999999477e+01
4.631850000000000023e+01
4.758750000000000568e+01
4.885649999999999693e+01
5.012550000000000239e+01
5.139450000000000074e+01
5.266349999999999909e+01
5.393250000000000455e+01
5.520149999999999579e+01
5.647050000000000125e+01
5.773949999999999960e+01
5.900849999999999795e+01
6.027750000000000341e+01
6.154649999999999466e+01
6.281550000000000011e+01
6.408449999999999136e+01
6.535349999999999682e+01
6.662250000000000227e+01
6.789150000000000773e+01
6.916049999999999898e+01
7.042949999999999022e+01
7.169849999999999568e+01
7.296750000000000114e+01
7.423650000000000659e+01
7.550549999999999784e+01
7.677450000000000330e+01
7.804349999999999454e+01
7.931250000000000000e+01
8.058150000000000546e+01
8.185049999999999670e+01
8.311950000000000216e+01
8.438849999999999341e+01
8.565749999999999886e+01
8.692650000000000432e+01
8.819550000000000978e+01
8.946450000000000102e+01
9.073349999999999227e+01
9.200249999999999773e+01
9.327150000000000318e+01
9.454050000000000864e+01
9.580949999999999989e+01
9.707849999999999113e+01
9.834749999999999659e+01
9.961650000000000205e+01
1.008855000000000075e+02
1.021544999999999987e+02
1.034235000000000042e+02
1.046924999999999955e+02
1.059615000000000009e+02
1.072305000000000064e+02
1.084994999999999976e+02
1.097685000000000031e+02
1.110374999999999943e+02
1.123064999999999998e+02
1.135755000000000052e+02
1.148444999999999965e+02
1.161135000000000019e+02
1.173824999999999932e+02
1.186514999999999986e+02
1.199205000000000041e+02
1.211895000000000095e+02
1.224585000000000008e+02
1.237274999999999920e+02
1.249964999999999975e+02
1.262655000000000030e+02
1.275345000000000084e+02
1.288034999999999854e+02
1.300724999999999909e+02
1.313414999999999964e+02
1.326105000000000018e+02
1.338795000000000073e+02
1.351485000000000127e+02
1.364174999999999898e+02
1.376864999999999952e+02
1.389555000000000007e+02
1.402245000000000061e+02
1.414934999999999832e+02
1.427624999999999886e+02
1.440314999999999941e+02
1.453004999999999995e+02
1.465695000000000050e+02
1.478385000000000105e+02
1.491075000000000159e+02
1.503764999999999930e+02
1.516454999999999984e+02
1.529145000000000039e+02
1.541835000000000093e+02
1.554524999999999864e+02
1.567214999999999918e+02
1.579904999999999973e+02
1.592595000000000027e+02
1.605285000000000082e+02
1.617975000000000136e+02
1.630664999999999907e+02
1.643354999999999961e+02
1.656045000000000016e+02
1.668735000000000070e+02
1.681424999999999841e+02
1.694114999999999895e+02
1.706804999999999950e+02
1.719495000000000005e+02
1.732185000000000059e+02
1.744875000000000114e+02
1.757565000000000168e+02
1.770254999999999939e+02
1.782944999999999993e+02
1.795635000000000048e+02
1.808325000000000102e+02
1.821014999999999873e+02
1.833704999999999927e+02
1.846394999999999982e+02
1.859085000000000036e+02
1.871775000000000091e+02
1.884465000000000146e+02
1.897154999999999916e+02
1.909844999999999970e+02
1.922535000000000025e+02
1.935225000000000080e+02
1.947914999999999850e+02
1.960604999999999905e+02
1.973294999999999959e+02
1.985985000000000014e+02
1.998675000000000068e+02
2.011365000000000123e+02
2.024054999999999893e+02
2.036744999999999948e+02
2.049435000000000002e+02
2.062125000000000057e+02
2.074815000000000111e+02
2.087504999999999882e+02
2.100194999999999936e+02
2.112884999999999991e+02
2.125575000000000045e+02
2.138265000000000100e+02
2.150955000000000155e+02
2.163644999999999925e+02
2.176334999999999980e+02
2.189025000000000034e+02
2.201715000000000089e+02
2.214404999999999859e+02
2.227094999999999914e+02
2.239784999999999968e+02
2.252475000000000023e+02
2.265165000000000077e+02
2.277855000000000132e+02
2.290544999999999902e+02
2.303234999999999957e+02
2.315925000000000011e+02
2.328615000000000066e+02
2.341304999999999836e+02
2.353994999999999891e+02
2.366684999999999945e+02
2.379375000000000000e+02
2.392065000000000055e+02
2.404755000000000109e+02
2.417445000000000164e+02
2.430134999999999934e+02
2.442824999999999989e+02
2.455515000000000043e+02
2.468205000000000098e+02
2.480894999999999868e+02
2.493584999999999923e+02
2.506274999999999977e+02
2.518965000000000032e+02
2.531655000000000086e+02
2.544345000000000141e+02
2.557035000000000196e+02
2.569725000000000250e+02
2.582414999999999736e+02
2.595104999999999791e+02
2.607794999999999845e+02
2.620484999999999900e+02
2.633174999999999955e+02
2.645865000000000009e+02
2.658555000000000064e+02
2.671245000000000118e+02
2.683935000000000173e+02
2.696625000000000227e+02
2.709315000000000282e+02
2.722004999999999768e+02
2.734694999999999823e+02
2.747384999999999877e+02
2.760074999999999932e+02
2.772764999999999986e+02
2.785455000000000041e+02
2.798145000000000095e+02
2.810835000000000150e+02
2.823525000000000205e+02
2.836214999999999691e+02
2.848904999999999745e+02
2.861594999999999800e+02
2.874284999999999854e+02
2.886974999999999909e+02
2.899664999999999964e+02
2.912355000000000018e+02
2.925045000000000073e+02
2.937735000000000127e+02
2.950425000000000182e+02
2.963115000000000236e+02
2.975805000000000291e+02
2.988494999999999777e+02
3.001184999999999832e+02
3.013874999999999886e+02
3.026564999999999941e+02
3.039254999999999995e+02
3.051945000000000050e+02
3.064635000000000105e+02
3.077325000000000159e+02
3.090015000000000214e+02
3.102704999999999700e+02
3.115394999999999754e+02
3.128084999999999809e+02
3.140774999999999864e+02
3.153464999999999918e+02
3.166154999999999973e+02
3.178845000000000027e+02
3.191535000000000082e+02
3.204225000000000136e+02
3.216915000000000191e+02
3.229605000000000246e+02
3.242295000000000300e+02
3.254984999999999786e+02
3.267674999999999841e+02
3.280364999999999895e+02
3.293054999999999950e+02
3.305745000000000005e+02
3.318435000000000059e+02
3.331125000000000114e+02
3.343815000000000168e+02
3.356505000000000223e+02
3.369194999999999709e+02
3.381884999999999764e+02
3.394574999999999818e+02
3.407264999999999873e+02
3.419954999999999927e+02
3.432644999999999982e+02
3.445335000000000036e+02
3.458025000000000091e+02
3.470715000000000146e+02
3.483405000000000200e+02
3.496095000000000255e+02
3.508785000000000309e+02
3.521474999999999795e+02
3.534164999999999850e+02
3.546854999999999905e+02
3.559544999999999959e+02
3.572235000000000014e+02
3.584925000000000068e+02
3.597615000000000123e+02
3.610305000000000177e+02
3.622995000000000232e+02
3.635684999999999718e+02
3.648374999999999773e+02
3.661064999999999827e+02
3.673754999999999882e+02
3.686444999999999936e+02
3.699134999999999991e+02
3.711825000000000045e+02
3.724515000000000100e+02
3.737205000000000155e+02
3.749895000000000209e+02
3.762585000000000264e+02
3.775274999999999750e+02
3.787964999999999804e+02
3.800654999999999859e+02
3.813344999999999914e+02
3.826034999999999968e+02
3.838725000000000023e+02
3.851415000000000077e+02
3.864105000000000132e+02
3.876795000000000186e+02
3.889485000000000241e+02
3.902174999999999727e+02
3.914864999999999782e+02
3.927554999999999836e+02
3.940244999999999891e+02
3.952934999999999945e+02
3.965625000000000000e+02
3.978315000000000055e+02
3.991005000000000109e+02
4.003695000000000164e+02
4.016385000000000218e+02
4.029075000000000273e+02
4.041764999999999759e+02
4.054454999999999814e+02
4.067144999999999868e+02
4.079834999999999923e+02
4.092524999999999977e+02
4.105215000000000032e+02
4.117905000000000086e+02
4.130595000000000141e+02
4.143285000000000196e+02
4.155975000000000250e+02
4.168664999999999736e+02
4.181354999999999791e+02
4.194044999999999845e+02
4.206734999999999900e+02
4.219424999999999955e+02
4.232115000000000009e+02
4.244805000000000064e+02
4.257495000000000118e+02
4.270185000000000173e+02
4.282875000000000227e+02
4.295565000000000282e+02
4.308254999999999768e+02
4.320944999999999823e+02
4.333634999999999877e+02
4.346324999999999932e+02
4.359014999999999986e+02
4.371705000000000041e+02
4.384395000000000095e+02
4.397085000000000150e+02
4.409775000000000205e+02
4.422464999999999691e+02
4.435154999999999745e+02
4.447844999999999800e+02
4.460534999999999854e+02
4.473224999999999909e+02
4.485914999999999964e+02
4.498605000000000018e+02
4.511295000000000073e+02
4.523985000000000127e+02
4.536675000000000182e+02
4.549365000000000236e+02
4.562055000000000291e+02
4.574744999999999777e+02
4.587434999999999832e+02
4.600124999999999886e+02
4.612814999999999941e+02
4.625504999999999995e+02
4.638195000000000050e+02
4.650885000000000105e+02
4.663575000000000159e+02
4.676265000000000214e+02
4.688954999999999700e+02
4.701644999999999754e+02
4.714334999999999809e+02
4.727024999999999864e+02
4.739714999999999918e+02
4.752404999999999973e+02
4.765095000000000027e+02
4.777785000000000082e+02
4.790475000000000136e+02
4.803165000000000191e+02
4.815855000000000246e+02
4.828545000000000300e+02
4.841234999999999786e+02
4.853924999999999841e+02
4.866614999999999895e+02
4.879304999999999950e+02
4.891995000000000005e+02
4.904685000000000059e+02
4.917375000000000114e+02
4.930065000000000168e+02
4.942755000000000223e+02
4.955444999999999709e+02
4.968134999999999764e+02
4.980824999999999818e+02
4.993514999999999873e+02
5.006204999999999927e+02
5.018894999999999982e+02
5.031585000000000036e+02
5.044275000000000091e+02
5.056965000000000146e+02
5.069655000000000200e+02
5.082345000000000255e+02
5.095035000000000309e+02
5.107724999999999795e+02
5.120415000000000418e+02
5.133105000000000473e+02
5.145795000000000528e+02
5.158485000000000582e+02
5.171174999999999500e+02
5.183864999999999554e+02
5.196554999999999609e+02
5.209244999999999663e+02
5.221934999999999718e+02
5.234624999999999773e+02
5.247314999999999827e+02
5.260004999999999882e+02
5.272694999999999936e+02
5.285384999999999991e+02
5.298075000000000045e+02
5.310765000000000100e+02
5.323455000000000155e+02
5.336145000000000209e+02
5.348835000000000264e+02
5.361525000000000318e+02
5.374215000000000373e+02
5.386905000000000427e+02
5.399595000000000482e+02
5.412285000000000537e+02
5.424974999999999454e+02
5.437664999999999509e+02
5.450354999999999563e+02
5.463044999999999618e+02
5.475734999999999673e+02
5.488424999999999727e+02
5.501114999999999782e+02
5.513804999999999836e+02
5.526494999999999891e+02
5.539184999999999945e+02
5.551875000000000000e+02
5.564565000000000055e+02
5.577255000000000109e+02
5.589945000000000164e+02
5.602635000000000218e+02
5.615325000000000273e+02
5.628015000000000327e+02
5.640705000000000382e+02
5.653395000000000437e+02
5.666085000000000491e+02
5.678775000000000546e+02
5.691464999999999463e+02
5.704154999999999518e+02
5.716844999999999573e+02
5.729534999999999627e+02
5.742224999999999682e+02
5.754914999999999736e+02
5.767604999999999791e+02
5.780294999999999845e+02
5.792984999999999900e+02
5.805674999999999955e+02
5.818365000000000009e+02
5.831055000000000064e+02
5.843745000000000118e+02
5.856435000000000173e+02
5.869125000000000227e+02
5.881815000000000282e+02
5.894505000000000337e+02
5.907195000000000391e+02
5.919885000000000446e+02
5.932575000000000500e+02
5.945264999999999418e+02
5.957954999999999472e+02
5.970644999999999527e+02
5.983334999999999582e+02
5.996024999999999636e+02
6.008714999999999691e+02
6.021404999999999745e+02
6.034094999999999800e+02
6.046784999999999854e+02
6.059474999999999909e+02
6.072164999999999964e+02
6.084855000000000018e+02
6.097545000000000073e+02
6.110235000000000127e+02
6.122925000000000182e+02
6.135615000000000236e+02
6.148305000000000291e+02
6.160995000000000346e+02
6.173685000000000400e+02
6.186375000000000455e+02
6.199065000000000509e+02
6.211755000000000564e+02
6.224444999999999482e+02
6.237134999999999536e+02
6.249824999999999591e+02
6.262514999999999645e+02
6.275204999999999700e+02
6.287894999999999754e+02
6.300584999999999809e+02
6.313274999999999864e+02
6.325964999999999918e+02
6.338654999999999973e+02
6.351345000000000027e+02
6.364035000000000082e+02
6.376725000000000136e+02
6.389415000000000191e+02
6.402105000000000246e+02
6.414795000000000300e+02
6.427485000000000355e+02
6.440175000000000409e+02
6.452865000000000464e+02
6.465555000000000518e+02
6.478244999999999436e+02
6.490934999999999491e+02
6.503624999999999545e+02
6.516314999999999600e+02
6.529004999999999654e+02
6.541694999999999709e+02
6.554384999999999764e+02
6.567074999999999818e+02
6.579764999999999873e+02
6.592454999999999927e+02
6.605144999999999982e+02
6.617835000000000036e+02
6.630525000000000091e+02
6.643215000000000146e+02
6.655905000000000200e+02
6.668595000000000255e+02
6.681285000000000309e+02
6.693975000000000364e+02
6.706665000000000418e+02
6.719355000000000473e+02
6.732045000000000528e+02
6.744735000000000582e+02
6.757424999999999500e+02
6.770114999999999554e+02
6.782804999999999609e+02
6.795494999999999663e+02
6.808184999999999718e+02
6.820874999999999773e+02
6.833564999999999827e+02
6.846254999999999882e+02
6.858944999999999936e+02
6.871634999999999991e+02
6.884325000000000045e+02
6.897015000000000100e+02
6.909705000000000155e+02
6.922395000000000209e+02
6.935085000000000264e+02
6.947775000000000318e+02
6.960465000000000373e+02
6.973155000000000427e+02
6.985845000000000482e+02
6.998535000000000537e+02
7.011224999999999454e+02
7.023914999999999509e+02
7.036604999999999563e+02
7.049294999999999618e+02
7.061984999999999673e+02
7.074674999999999727e+02
7.087364999999999782e+02
7.100054999999999836e+02
7.112744999999999891e+02
7.125434999999999945e+02
7.138125000000000000e+02
7.150815000000000055e+02
7.163505000000000109e+02
7.176195000000000164e+02
7.188885000000000218e+02
7.201575000000000273e+02
7.214265000000000327e+02
7.226955000000000382e+02
7.239645000000000437e+02
7.252335000000000491e+02
7.265025000000000546e+02
7.277714999999999463e+02
7.290404999999999518e+02
7.303094999999999573e+02
7.315784999999999627e+02
7.328474999999999682e+02
7.341164999999999736e+02
7.353854999999999791e+02
7.366544999999999845e+02
7.379234999999999900e+02
7.391924999999999955e+02
7.404615000000000009e+02
7.417305000000000064e+02
7.429995000000000118e+02
7.442685000000000173e+02
7.455375000000000227e+02
7.468065000000000282e+02
7.480755000000000337e+02
7.493445000000000391e+02
7.506135000000000446e+02
7.518825000000000500e+02
7.531514999999999418e+02
7.544204999999999472e+02
7.556894999999999527e+02
7.569584999999999582e+02
7.582274999999999636e+02
7.594964999999999691e+02
7.607654999999999745e+02
