1.520490384680324000e+15
1.431530960948144000e+15
1.318493689578914000e+15
1.240368105958620000e+15
1.180879059420821000e+15
1.127748161154550000e+15
1.052432825703404000e+15
1.011230610628462000e+15
9.534009353381340000e+14
9.131087103788910000e+14
8.693000256955420000e+14
8.188300930824040000e+14
7.933760650902190000e+14
7.659558474347880000e+14
7.271922088669490000e+14
6.905323901916320000e+14
6.704213645971000000e+14
6.507929130886440000e+14
6.385430080237960000e+14
6.136171823893080000e+14
5.648725243325970000e+14
5.546737853123000000e+14
5.456506355050900000e+14
5.167221551592760000e+14
5.117965837641100000e+14
4.820869460657750000e+14
4.841424738534410000e+14
4.657326433380730000e+14
4.527607413423100000e+14
4.309146047687970000e+14
4.236466980638820000e+14
4.098065008041180000e+14
3.949025111922940000e+14
3.908237144432130000e+14
3.869367236710310000e+14
3.657460726147130000e+14
3.621822805409830000e+14
3.539926075309590000e+14
3.333996718924460000e+14
3.325509282575640000e+14
3.290340833380330000e+14
3.279370013340230000e+14
3.082789366220230000e+14
3.078019426787170000e+14
2.984320184187460000e+14
2.785168534952370000e+14
2.827951291627860000e+14
2.750746170219390000e+14
2.596251279980010000e+14
2.644094948187120000e+14
2.518092106015360000e+14
2.509849515311910000e+14
2.409758276667900000e+14
2.381267860242680000e+14
2.336406854270940000e+14
2.283110965950840000e+14
2.166720593242300000e+14
2.198087291749740000e+14
2.163272896611730000e+14
2.057467001425660000e+14
1.976400611759260000e+14
1.907523598997020000e+14
2.045740554462250000e+14
1.943212121002030000e+14
1.878203096421840000e+14
1.823386215006400000e+14
1.778705048794850000e+14
1.765724219306770000e+14
1.823423843181490000e+14
1.655338937014680000e+14
1.604281972291460000e+14
1.513230706965680000e+14
1.590365903863300000e+14
1.509333939871070000e+14
1.452019347609230000e+14
1.491122950079900000e+14
1.528099624599200000e+14
1.430551116693630000e+14
1.380991526023490000e+14
1.367317952149610000e+14
1.387344531576880000e+14
1.300068265208010000e+14
1.338506536396360000e+14
1.297011553803490000e+14
1.276542821335370000e+14
1.257301099382880000e+14
1.173103582641490000e+14
1.149515786124430000e+14
1.131891858861940000e+14
1.180364405485310000e+14
1.057928235483740000e+14
1.148733203968000000e+14
1.107446942721410000e+14
1.039458511933400000e+14
1.040707761608200000e+14
9.926074514873000000e+13
1.018124439965720000e+14
9.791767650354800000e+13
9.548441040328100000e+13
9.514147055292800000e+13
9.156223248223500000e+13
8.799006379365500000e+13
9.136596932014600000e+13
9.299687483765500000e+13
8.653271768485100000e+13
8.695065006023400000e+13
8.633912359210300000e+13
8.433189364404800000e+13
8.139567740743900000e+13
7.770530086389400000e+13
7.778383721981800000e+13
7.812113525899200000e+13
8.016258132371200000e+13
6.987051379203400000e+13
7.052078493773200000e+13
6.600943507073500000e+13
7.155418343635200000e+13
6.963203552851100000e+13
6.425759028614000000e+13
6.936806502718000000e+13
7.315558338029900000e+13
6.354312873936000000e+13
6.217028330889300000e+13
6.283032175342500000e+13
6.233448257952800000e+13
6.011694039946500000e+13
5.599456710254500000e+13
5.651608833782000000e+13
5.686878825344500000e+13
6.187701490925800000e+13
5.718076591642800000e+13
5.526678496783900000e+13
5.553547434235900000e+13
4.911014496667000000e+13
5.012861702885500000e+13
5.433941537364700000e+13
4.610740852172100000e+13
4.539345836021200000e+13
4.795491432220200000e+13
4.760224395561800000e+13
4.760739819783000000e+13
4.514379532479500000e+13
4.267294618009400000e+13
4.499628175118400000e+13
3.989699093667100000e+13
4.148090659685100000e+13
3.944536610211800000e+13
3.754666923169100000e+13
3.996861100032300000e+13
4.167805347265400000e+13
3.887295402348200000e+13
3.575953388632900000e+13
3.316415223288500000e+13
3.199198585607500000e+13
3.333104228870000000e+13
3.206779179326400000e+13
3.459651974357500000e+13
3.543620041215600000e+13
3.116056070213700000e+13
3.104292759024900000e+13
3.224564412131400000e+13
3.168361655717400000e+13
3.482558544946700000e+13
3.076098046152200000e+13
2.689222353928500000e+13
2.521412261369200000e+13
3.012196051266600000e+13
2.677819255586800000e+13
2.686722051261100000e+13
2.813210360995400000e+13
2.686231558260100000e+13
2.758579631155700000e+13
2.095022777353900000e+13
3.009387568218100000e+13
2.392817773591100000e+13
2.456118291626200000e+13
2.445340199654500000e+13
2.403291127598000000e+13
2.189584107632800000e+13
2.134881215782200000e+13
2.269028655670600000e+13
2.583384310748100000e+13
2.258627476416000000e+13
2.294916660098500000e+13
2.173362780965000000e+13
2.240519384928000000e+13
1.783210876561500000e+13
2.059479388192000000e+13
1.929388424755100000e+13
1.713819756128500000e+13
1.771482005695000000e+13
1.610947820676400000e+13
1.964053402755500000e+13
1.410737519222500000e+13
1.825827323908700000e+13
1.608189913492800000e+13
1.474535794718400000e+13
1.587168725643000000e+13
1.794245585063000000e+13
1.489790961437700000e+13
1.696910765118000000e+13
1.557598428911600000e+13
1.663896308552600000e+13
1.447706044172200000e+13
1.520478852332400000e+13
1.261526582855900000e+13
1.321539790585500000e+13
1.345914778817500000e+13
1.428121472770700000e+13
1.451499538100400000e+13
1.168344406712600000e+13
1.174268499975600000e+13
1.105240333044700000e+13
9.927361048762000000e+12
1.374278645936400000e+13
1.410705959151000000e+13
1.079073951599000000e+13
9.308317568656000000e+12
9.972678793856000000e+12
1.029370461019500000e+13
8.642674877727000000e+12
9.318273989080000000e+12
1.168203825345200000e+13
9.002083126429000000e+12
9.828730786426000000e+12
1.165841566100000000e+13
8.589072241101000000e+12
8.559067608826000000e+12
8.746802360686000000e+12
9.688932480252000000e+12
1.014801969756100000e+13
1.057207053896800000e+13
9.056774796377000000e+12
6.846322616582000000e+12
6.927394292343000000e+12
8.430726483203000000e+12
7.284923844506000000e+12
8.757161145384000000e+12
6.905574825484000000e+12
6.664508862843000000e+12
8.210648025048000000e+12
8.471058516216000000e+12
6.330959146705000000e+12
6.753216572185000000e+12
5.477094329086000000e+12
5.179682799723000000e+12
4.843727942428000000e+12
7.792895450639000000e+12
7.002501447734000000e+12
6.481530519835000000e+12
4.953530859008000000e+12
4.158465950106000000e+12
5.552801641817000000e+12
6.328866823100000000e+12
5.614159490907000000e+12
7.599776917226000000e+12
5.227032746614000000e+12
4.205531498539000000e+12
6.649028635247000000e+12
5.495792980508000000e+12
5.269373602269000000e+12
4.281615044954000000e+12
4.046154827307000000e+12
4.256647931603000000e+12
4.318137746074000000e+12
4.471494195720000000e+12
4.173294063883000000e+12
4.812511339239000000e+12
4.812250283643000000e+12
4.576196507225000000e+12
3.957284281074000000e+12
3.762167674161000000e+12
4.457250869953000000e+12
4.306636805885000000e+12
3.932892183113000000e+12
2.578474900153000000e+12
3.924512133231000000e+12
3.636499750334000000e+12
3.857858252326000000e+12
3.395299887117000000e+12
3.300357958406000000e+12
2.320806473330000000e+12
3.011409533628000000e+12
2.129924243595000000e+12
2.966992942230000000e+12
3.236050986301000000e+12
2.925266010950000000e+12
3.053462131453000000e+12
1.854458056762000000e+12
1.344241580550000000e+12
2.833825486170000000e+12
2.189338759398000000e+12
2.438301303865000000e+12
1.906053028541000000e+12
1.938990692909000000e+12
2.857748712159000000e+12
2.238081084274000000e+12
2.324291781572000000e+12
1.882005473516000000e+12
2.023308432190000000e+12
1.455195555572000000e+12
2.529336331131000000e+12
1.342004536144000000e+12
2.254164241396000000e+12
1.205720778338000000e+12
1.259040167886000000e+12
1.123141781272000000e+12
1.832222368127000000e+12
1.440924693445000000e+12
1.059547962238000000e+12
1.869890323351000000e+12
2.469041245561000000e+12
1.915584763130000000e+12
8.982161298150000000e+11
1.419356994807000000e+12
1.226402933885000000e+12
1.549110649808000000e+12
1.058241138268000000e+12
1.720253671128000000e+12
1.855018841157000000e+12
1.031517932565000000e+12
1.372395088803000000e+12
1.361655305067000000e+12
1.187373019183000000e+12
1.383602461188000000e+12
4.609979967090000000e+11
8.614335981670000000e+11
1.187402170915000000e+12
1.281061848847000000e+12
1.313967850163000000e+12
8.787455204680000000e+11
1.082091712527000000e+12
1.039942892893000000e+12
4.810985809510000000e+11
4.925138440000000000e+11
6.198090041240000000e+11
1.381770108179000000e+12
9.399931998110000000e+11
7.622903620690000000e+11
1.179079588808000000e+12
8.616886051330000000e+11
2.919423728470000000e+11
7.852294361440000000e+11
3.272371460960000000e+11
7.873262869510000000e+11
8.592746414310000000e+11
5.022562738980000000e+11
6.823657913690000000e+11
1.296444782220000000e+11
8.098312123180000000e+11
8.191020291920000000e+11
6.587546090500000000e+11
4.747503020320000000e+11
4.588979933940000000e+11
5.881955594220000000e+11
2.690252657690000000e+11
6.952404167470000000e+11
1.021121759280000000e+11
6.633150111460000000e+11
8.420926040190000000e+11
4.187620338990000000e+11
3.946817966960000000e+11
7.091117420570000000e+11
2.518748491430000000e+11
6.563912380070000000e+11
5.614426527720000000e+11
7.772512193270000000e+11
4.726761186910000000e+11
5.308278820250000000e+11
4.591490223600000000e+10
1.510695074770000000e+11
4.164356163000000000e+11
1.972602827240000000e+11
4.965583705850000000e+11
4.466152537220000000e+11
4.154794086130000000e+11
4.819964031560000000e+11
2.575230118120000000e+11
2.992636084030000000e+11
2.068365889010000000e+11
2.180134778120000000e+11
3.083079987890000000e+11
3.231826490500000000e+10
4.168140885880000000e+11
5.517044711800000000e+11
2.198518483810000000e+11
2.080744866700000000e+10
1.763378843980000000e+11
2.521103798200000000e+10
2.857315237100000000e+10
8.675670246000000000e+09
1.182396067070000000e+11
2.331684730900000000e+11
3.398820825790000000e+11
1.552978135580000000e+11
1.949808672000000000e+10
4.497359355000000000e+10
2.096559216910000000e+11
2.345408016700000000e+11
3.299157782250000000e+11
1.846147025520000000e+11
4.277695078800000000e+10
5.851534987300000000e+10
2.388344244280000000e+11
2.326560215670000000e+11
1.685780072380000000e+11
4.533824850400000000e+11
1.009753768490000000e+11
1.656458971270000000e+11
3.366624470700000000e+10
1.402425192860000000e+11
3.054492270010000000e+11
1.713265475510000000e+11
8.572466609300000000e+10
2.404078171900000000e+10
9.434150497000000000e+10
2.055585524080000000e+11
1.939249232760000000e+11
2.376308039490000000e+11
1.834758705100000000e+10
3.129254506300000000e+11
1.708470496460000000e+11
2.288548605000000000e+09
3.720360014160000000e+11
4.070948910320000000e+11
1.454793920860000000e+11
4.409930210100000000e+10
1.593981966700000000e+11
2.182567152900000000e+10
1.542331521700000000e+10
2.690188292000000000e+09
2.001860902830000000e+11
1.616397759130000000e+11
2.400491936700000000e+10
7.595047645300000000e+10
5.050812686000000000e+09
2.535664900000000000e+09
2.055047457100000000e+11
2.765255908330000000e+11
1.696523283800000000e+10
3.064135571960000000e+11
7.781894328000000000e+09
9.485758198000000000e+09
9.165542834000000000e+09
2.642260140450000000e+11
