0.000000
0.712000
1.424000
2.136000
2.848000
3.560000
4.272000
4.984000
5.696000
6.408000
7.120000
7.832000
8.544000
9.256000
9.968000
10.680000
11.392000
12.104000
12.816000
13.528000
14.240000
14.952000
15.664000
16.376000
17.088000
17.800000
18.512000
19.224000
19.936000
20.648000
21.360000
22.072000
22.784000
23.496000
24.208000
24.920000
25.632000
26.344000
27.056000
27.768000
28.480000
29.192000
29.904000
30.616000
31.328000
32.040000
32.752000
33.464000
34.176000
34.888000
35.600000
36.312000
37.024000
37.736000
38.448000
39.160000
39.872000
40.584000
41.296000
42.008000
42.720000
43.432000
44.144000
44.856000
45.568000
46.280000
46.992000
47.704000
48.416000
49.128000
49.840000
50.552000
51.264000
51.976000
52.688000
53.400000
54.112000
54.824000
55.536000
56.248000
56.960000
57.672000
58.384000
59.096000
59.808000
60.520000
61.232000
61.944000
62.656000
63.368000
64.080000
64.792000
65.504000
66.216000
66.928000
67.640000
68.352000
69.064000
69.776000
70.488000
71.200000
71.912000
72.624000
73.336000
74.048000
74.760000
75.472000
76.184000
76.896000
77.608000
78.320000
79.032000
79.744000
80.456000
81.168000
81.880000
82.592000
83.304000
84.016000
84.728000
85.440000
86.152000
86.864000
87.576000
88.288000
89.000000
89.712000
90.424000
91.136000
91.848000
92.560000
93.272000
93.984000
94.696000
95.408000
96.120000
96.832000
97.544000
98.256000
98.968000
99.680000
100.392000
101.104000
101.816000
102.528000
103.240000
103.952000
104.664000
105.376000
106.088000
106.800000
107.512000
108.224000
108.936000
109.648000
110.360000
111.072000
111.784000
112.496000
113.208000
113.920000
114.632000
115.344000
116.056000
116.768000
117.480000
118.192000
118.904000
119.616000
120.328000
121.040000
121.752000
122.464000
123.176000
123.888000
124.600000
125.312000
126.024000
126.736000
127.448000
128.160000
128.872000
129.584000
130.296000
131.008000
131.720000
132.432000
133.144000
133.856000
134.568000
135.280000
135.992000
136.704000
137.416000
138.128000
138.840000
139.552000
140.264000
140.976000
141.688000
142.400000
143.112000
143.824000
144.536000
145.248000
145.960000
146.672000
147.384000
148.096000
148.808000
149.520000
150.232000
150.944000
151.656000
152.368000
153.080000
153.792000
154.504000
155.216000
155.928000
156.640000
157.352000
158.064000
158.776000
159.488000
160.200000
160.912000
161.624000
162.336000
163.048000
163.760000
164.472000
165.184000
165.896000
166.608000
167.320000
168.032000
168.744000
169.456000
170.168000
170.880000
171.592000
172.304000
173.016000
173.728000
174.440000
175.152000
175.864000
176.576000
177.288000
178.000000
178.712000
179.424000
180.136000
180.848000
181.560000
182.272000
182.984000
183.696000
184.408000
185.120000
185.832000
186.544000
187.256000
187.968000
188.680000
189.392000
190.104000
190.816000
191.528000
192.240000
192.952000
193.664000
194.376000
195.088000
195.800000
196.512000
197.224000
197.936000
198.648000
199.360000
200.072000
200.784000
201.496000
202.208000
202.920000
203.632000
204.344000
205.056000
205.768000
206.480000
207.192000
207.904000
208.616000
209.328000
210.040000
210.752000
211.464000
212.176000
212.888000
213.600000
214.312000
215.024000
215.736000
216.448000
217.160000
217.872000
218.584000
219.296000
220.008000
220.720000
221.432000
222.144000
222.856000
223.568000
224.280000
224.992000
225.704000
226.416000
227.128000
227.840000
228.552000
229.264000
229.976000
230.688000
231.400000
232.112000
232.824000
233.536000
234.248000
234.960000
235.672000
236.384000
237.096000
237.808000
238.520000
239.232000
239.944000
240.656000
241.368000
242.080000
242.792000
243.504000
244.216000
244.928000
245.640000
246.352000
247.064000
247.776000
248.488000
249.200000
249.912000
250.624000
251.336000
252.048000
252.760000
253.472000
254.184000
254.896000
255.608000
256.320000
257.032000
257.744000
258.456000
259.168000
259.880000
260.592000
261.304000
262.016000
262.728000
263.440000
264.152000
264.864000
265.576000
266.288000
267.000000
267.712000
268.424000
269.136000
269.848000
270.560000
271.272000
271.984000
272.696000
273.408000
274.120000
274.832000
275.544000
276.256000
276.968000
277.680000
278.392000
279.104000
279.816000
280.528000
281.240000
281.952000
282.664000
283.376000
284.088000
284.800000
285.512000
286.224000
286.936000
287.648000
288.360000
289.072000
289.784000
290.496000
291.208000
291.920000
292.632000
293.344000
294.056000
294.768000
295.480000
296.192000
296.904000
297.616000
298.328000
299.040000
299.752000
300.464000
301.176000
301.888000
302.600000
303.312000
304.024000
304.736000
305.448000
306.160000
306.872000
307.584000
308.296000
309.008000
309.720000
310.432000
311.144000
311.856000
312.568000
313.280000
313.992000
314.704000
315.416000
316.128000
316.840000
317.552000
318.264000
318.976000
319.688000
320.400000
321.112000
321.824000
322.536000
323.248000
323.960000
324.672000
325.384000
326.096000
326.808000
327.520000
328.232000
328.944000
329.656000
330.368000
331.080000
331.792000
332.504000
333.216000
333.928000
334.640000
335.352000
336.064000
336.776000
337.488000
338.200000
338.912000
339.624000
340.336000
341.048000
341.760000
342.472000
343.184000
343.896000
344.608000
345.320000
346.032000
346.744000
347.456000
348.168000
348.880000
349.592000
350.304000
351.016000
351.728000
352.440000
353.152000
353.864000
354.576000
355.288000
356.000000
356.712000
357.424000
358.136000
358.848000
359.560000
360.272000
360.984000
361.696000
362.408000
363.120000
363.832000
364.544000
365.256000
365.968000
366.680000
367.392000
368.104000
368.816000
369.528000
370.240000
370.952000
371.664000
372.376000
373.088000
373.800000
374.512000
375.224000
375.936000
376.648000
377.360000
378.072000
378.784000
379.496000
380.208000
380.920000
381.632000
382.344000
383.056000
383.768000
384.480000
385.192000
385.904000
386.616000
387.328000
388.040000
388.752000
389.464000
390.176000
390.888000
391.600000
392.312000
393.024000
393.736000
394.448000
395.160000
395.872000
396.584000
397.296000
398.008000
398.720000
399.432000
400.144000
400.856000
401.568000
402.280000
402.992000
403.704000
404.416000
405.128000
405.840000
406.552000
407.264000
407.976000
408.688000
409.400000
410.112000
410.824000
411.536000
412.248000
412.960000
413.672000
414.384000
415.096000
415.808000
416.520000
417.232000
417.944000
418.656000
419.368000
420.080000
420.792000
421.504000
422.216000
422.928000
423.640000
424.352000
425.064000
425.776000
426.488000
427.200000
427.912000
428.624000
429.336000
430.048000
430.760000
431.472000
432.184000
432.896000
433.608000
434.320000
435.032000
435.744000
436.456000
437.168000
437.880000
438.592000
439.304000
440.016000
440.728000
441.440000
442.152000
442.864000
443.576000
444.288000
445.000000
445.712000
446.424000
447.136000
447.848000
448.560000
449.272000
449.984000
450.696000
451.408000
452.120000
452.832000
453.544000
454.256000
454.968000
455.680000
456.392000
457.104000
457.816000
458.528000
459.240000
459.952000
460.664000
461.376000
462.088000
462.800000
463.512000
464.224000
464.936000
465.648000
466.360000
467.072000
467.784000
468.496000
469.208000
469.920000
470.632000
471.344000
472.056000
472.768000
473.480000
474.192000
474.904000
475.616000
476.328000
477.040000
477.752000
478.464000
479.176000
479.888000
480.600000
481.312000
482.024000
482.736000
483.448000
484.160000
484.872000
485.584000
486.296000
487.008000
487.720000
488.432000
489.144000
489.856000
490.568000
491.280000
491.992000
492.704000
493.416000
494.128000
494.840000
495.552000
496.264000
496.976000
497.688000
498.400000
499.112000
499.824000
500.536000
501.248000
501.960000
502.672000
503.384000
504.096000
504.808000
505.520000
506.232000
506.944000
507.656000
508.368000
509.080000
509.792000
510.504000
511.216000
511.928000
512.640000
513.352000
514.064000
514.776000
515.488000
516.200000
516.912000
517.624000
518.336000
519.048000
519.760000
520.472000
521.184000
521.896000
522.608000
523.320000
524.032000
524.744000
525.456000
526.168000
526.880000
527.592000
528.304000
529.016000
529.728000
530.440000
531.152000
531.864000
532.576000
533.288000
534.000000
534.712000
535.424000
536.136000
536.848000
537.560000
538.272000
538.984000
539.696000
540.408000
541.120000
541.832000
542.544000
543.256000
543.968000
544.680000
545.392000
546.104000
546.816000
547.528000
548.240000
548.952000
549.664000
550.376000
551.088000
551.800000
552.512000
553.224000
553.936000
554.648000
555.360000
556.072000
556.784000
557.496000
558.208000
558.920000
559.632000
560.344000
561.056000
561.768000
562.480000
563.192000
563.904000
564.616000
565.328000
566.040000
566.752000
567.464000
568.176000
568.888000
569.600000
570.312000
571.024000
571.736000
572.448000
573.160000
573.872000
574.584000
575.296000
576.008000
576.720000
577.432000
578.144000
578.856000
579.568000
580.280000
580.992000
581.704000
582.416000
583.128000
583.840000
584.552000
585.264000
585.976000
586.688000
587.400000
588.112000
588.824000
589.536000
590.248000
590.960000
591.672000
592.384000
593.096000
593.808000
594.520000
595.232000
595.944000
596.656000
597.368000
598.080000
598.792000
599.504000
600.216000
600.928000
601.640000
602.352000
603.064000
603.776000
604.488000
605.200000
605.912000
606.624000
607.336000
608.048000
608.760000
609.472000
610.184000
610.896000
611.608000
612.320000
613.032000
613.744000
614.456000
615.168000
615.880000
616.592000
617.304000
618.016000
618.728000
619.440000
620.152000
620.864000
621.576000
622.288000
623.000000
623.712000
624.424000
625.136000
625.848000
626.560000
627.272000
627.984000
628.696000
629.408000
630.120000
630.832000
631.544000
632.256000
632.968000
633.680000
634.392000
635.104000
635.816000
636.528000
637.240000
637.952000
638.664000
639.376000
640.088000
640.800000
641.512000
642.224000
642.936000
643.648000
644.360000
645.072000
645.784000
646.496000
647.208000
647.920000
648.632000
649.344000
650.056000
650.768000
651.480000
652.192000
652.904000
653.616000
654.328000
655.040000
655.752000
656.464000
657.176000
657.888000
658.600000
659.312000
660.024000
660.736000
661.448000
662.160000
662.872000
663.584000
664.296000
665.008000
665.720000
666.432000
667.144000
667.856000
668.568000
669.280000
669.992000
670.704000
671.416000
672.128000
672.840000
673.552000
674.264000
674.976000
675.688000
676.400000
677.112000
677.824000
678.536000
679.248000
679.960000
680.672000
681.384000
682.096000
682.808000
683.520000
684.232000
684.944000
685.656000
686.368000
687.080000
687.792000
688.504000
689.216000
689.928000
690.640000
691.352000
692.064000
692.776000
693.488000
694.200000
694.912000
695.624000
696.336000
697.048000
697.760000
698.472000
699.184000
699.896000
700.608000
701.320000
702.032000
702.744000
703.456000
704.168000
704.880000
705.592000
706.304000
707.016000
707.728000
708.440000
709.152000
709.864000
710.576000
711.288000
712.000000
