0.000000
0.045000
0.090000
0.135000
0.180000
0.225000
0.270000
0.315000
0.360000
0.405000
0.450000
0.495000
0.540000
0.585000
0.630000
0.675000
0.720000
0.765000
0.810000
0.855000
0.900000
0.945000
0.990000
1.035000
1.080000
1.125000
1.170000
1.215000
1.260000
1.305000
1.350000
1.395000
1.440000
1.485000
1.530000
1.575000
1.620000
1.665000
1.710000
1.755000
1.800000
1.845000
1.890000
1.935000
1.980000
2.025000
2.070000
2.115000
2.160000
2.205000
2.250000
2.295000
2.340000
2.385000
2.430000
2.475000
2.520000
2.565000
2.610000
2.655000
2.700000
2.745000
2.790000
2.835000
2.880000
2.925000
2.970000
3.015000
3.060000
3.105000
3.150000
3.195000
3.240000
3.285000
3.330000
3.375000
3.420000
3.465000
3.510000
3.555000
3.600000
3.645000
3.690000
3.735000
3.780000
3.825000
3.870000
3.915000
3.960000
4.005000
4.050000
4.095000
4.140000
4.185000
4.230000
4.275000
4.320000
4.365000
4.410000
4.455000
4.500000
4.545000
4.590000
4.635000
4.680000
4.725000
4.770000
4.815000
4.860000
4.905000
4.950000
4.995000
5.040000
5.085000
5.130000
5.175000
5.220000
5.265000
5.310000
5.355000
5.400000
5.445000
5.490000
5.535000
5.580000
5.625000
5.670000
5.715000
5.760000
5.805000
5.850000
5.895000
5.940000
5.985000
6.030000
6.075000
6.120000
6.165000
6.210000
6.255000
6.300000
6.345000
6.390000
6.435000
6.480000
6.525000
6.570000
6.615000
6.660000
6.705000
6.750000
6.795000
6.840000
6.885000
6.930000
6.975000
7.020000
7.065000
7.110000
7.155000
7.200000
7.245000
7.290000
7.335000
7.380000
7.425000
7.470000
7.515000
7.560000
7.605000
7.650000
7.695000
7.740000
7.785000
7.830000
7.875000
7.920000
7.965000
8.010000
8.055000
8.100000
8.145000
8.190000
8.235000
8.280000
8.325000
8.370000
8.415000
8.460000
8.505000
8.550000
8.595000
8.640000
8.685000
8.730000
8.775000
8.820000
8.865000
8.910000
8.955000
9.000000
9.045000
9.090000
9.135000
9.180000
9.225000
9.270000
9.315000
9.360000
9.405000
9.450000
9.495000
9.540000
9.585000
9.630000
9.675000
9.720000
9.765000
9.810000
9.855000
9.900000
9.945000
9.990000
10.035000
10.080000
10.125000
10.170000
10.215000
10.260000
10.305000
10.350000
10.395000
10.440000
10.485000
10.530000
10.575000
10.620000
10.665000
10.710000
10.755000
10.800000
10.845000
10.890000
10.935000
10.980000
11.025000
11.070000
11.115000
11.160000
11.205000
11.250000
11.295000
11.340000
11.385000
11.430000
11.475000
11.520000
11.565000
11.610000
11.655000
11.700000
11.745000
11.790000
11.835000
11.880000
11.925000
11.970000
12.015000
12.060000
12.105000
12.150000
12.195000
12.240000
12.285000
12.330000
12.375000
12.420000
12.465000
12.510000
12.555000
12.600000
12.645000
12.690000
12.735000
12.780000
12.825000
12.870000
12.915000
12.960000
13.005000
13.050000
13.095000
13.140000
13.185000
13.230000
13.275000
13.320000
13.365000
13.410000
13.455000
13.500000
13.545000
13.590000
13.635000
13.680000
13.725000
13.770000
13.815000
13.860000
13.905000
13.950000
13.995000
14.040000
14.085000
14.130000
14.175000
14.220000
14.265000
14.310000
14.355000
14.400000
14.445000
14.490000
14.535000
14.580000
14.625000
14.670000
14.715000
14.760000
14.805000
14.850000
14.895000
14.940000
14.985000
15.030000
15.075000
15.120000
15.165000
15.210000
15.255000
15.300000
15.345000
15.390000
15.435000
15.480000
15.525000
15.570000
15.615000
15.660000
15.705000
15.750000
15.795000
15.840000
15.885000
15.930000
15.975000
16.020000
16.065000
16.110000
16.155000
16.200000
16.245000
16.290000
16.335000
16.380000
16.425000
16.470000
16.515000
16.560000
16.605000
16.650000
16.695000
16.740000
16.785000
16.830000
16.875000
16.920000
16.965000
17.010000
17.055000
17.100000
17.145000
17.190000
17.235000
17.280000
17.325000
17.370000
17.415000
17.460000
17.505000
17.550000
17.595000
17.640000
17.685000
17.730000
17.775000
17.820000
17.865000
17.910000
17.955000
18.000000
18.045000
18.090000
18.135000
18.180000
18.225000
18.270000
18.315000
18.360000
18.405000
18.450000
18.495000
18.540000
18.585000
18.630000
18.675000
18.720000
18.765000
18.810000
18.855000
18.900000
18.945000
18.990000
19.035000
19.080000
19.125000
19.170000
19.215000
19.260000
19.305000
19.350000
19.395000
19.440000
19.485000
19.530000
19.575000
19.620000
19.665000
19.710000
19.755000
19.800000
19.845000
19.890000
19.935000
19.980000
20.025000
20.070000
20.115000
20.160000
20.205000
20.250000
20.295000
20.340000
20.385000
20.430000
20.475000
20.520000
20.565000
20.610000
20.655000
20.700000
20.745000
20.790000
20.835000
20.880000
20.925000
20.970000
21.015000
21.060000
21.105000
21.150000
21.195000
21.240000
21.285000
21.330000
21.375000
21.420000
21.465000
21.510000
21.555000
21.600000
21.645000
21.690000
21.735000
21.780000
21.825000
21.870000
21.915000
21.960000
22.005000
22.050000
22.095000
22.140000
22.185000
22.230000
22.275000
22.320000
22.365000
22.410000
22.455000
22.500000
22.545000
22.590000
22.635000
22.680000
22.725000
22.770000
22.815000
22.860000
22.905000
22.950000
22.995000
23.040000
23.085000
23.130000
23.175000
23.220000
23.265000
23.310000
23.355000
23.400000
23.445000
23.490000
23.535000
23.580000
23.625000
23.670000
23.715000
23.760000
23.805000
23.850000
23.895000
23.940000
23.985000
24.030000
24.075000
24.120000
24.165000
24.210000
24.255000
24.300000
24.345000
24.390000
24.435000
24.480000
24.525000
24.570000
24.615000
24.660000
24.705000
24.750000
24.795000
24.840000
24.885000
24.930000
24.975000
25.020000
25.065000
25.110000
25.155000
25.200000
25.245000
25.290000
25.335000
25.380000
25.425000
25.470000
25.515000
25.560000
25.605000
25.650000
25.695000
25.740000
25.785000
25.830000
25.875000
25.920000
25.965000
26.010000
26.055000
26.100000
26.145000
26.190000
26.235000
26.280000
26.325000
26.370000
26.415000
26.460000
26.505000
26.550000
26.595000
26.640000
26.685000
26.730000
26.775000
26.820000
26.865000
26.910000
26.955000
27.000000
27.045000
27.090000
27.135000
27.180000
27.225000
27.270000
27.315000
27.360000
27.405000
27.450000
27.495000
27.540000
27.585000
27.630000
27.675000
27.720000
27.765000
27.810000
27.855000
27.900000
27.945000
27.990000
28.035000
28.080000
28.125000
28.170000
28.215000
28.260000
28.305000
28.350000
28.395000
28.440000
28.485000
28.530000
28.575000
28.620000
28.665000
28.710000
28.755000
28.800000
28.845000
28.890000
28.935000
28.980000
29.025000
29.070000
29.115000
29.160000
29.205000
29.250000
29.295000
29.340000
29.385000
29.430000
29.475000
29.520000
29.565000
29.610000
29.655000
29.700000
29.745000
29.790000
29.835000
29.880000
29.925000
29.970000
30.015000
30.060000
30.105000
30.150000
30.195000
30.240000
30.285000
30.330000
30.375000
30.420000
30.465000
30.510000
30.555000
30.600000
30.645000
30.690000
30.735000
30.780000
30.825000
30.870000
30.915000
30.960000
31.005000
31.050000
31.095000
31.140000
31.185000
31.230000
31.275000
31.320000
31.365000
31.410000
31.455000
31.500000
31.545000
31.590000
31.635000
31.680000
31.725000
31.770000
31.815000
31.860000
31.905000
31.950000
31.995000
32.040000
32.085000
32.130000
32.175000
32.220000
32.265000
32.310000
32.355000
32.400000
32.445000
32.490000
32.535000
32.580000
32.625000
32.670000
32.715000
32.760000
32.805000
32.850000
32.895000
32.940000
32.985000
33.030000
33.075000
33.120000
33.165000
33.210000
33.255000
33.300000
33.345000
33.390000
33.435000
33.480000
33.525000
33.570000
33.615000
33.660000
33.705000
33.750000
33.795000
33.840000
33.885000
33.930000
33.975000
34.020000
34.065000
34.110000
34.155000
34.200000
34.245000
34.290000
34.335000
34.380000
34.425000
34.470000
34.515000
34.560000
34.605000
34.650000
34.695000
34.740000
34.785000
34.830000
34.875000
34.920000
34.965000
35.010000
35.055000
35.100000
35.145000
35.190000
35.235000
35.280000
35.325000
35.370000
35.415000
35.460000
35.505000
35.550000
35.595000
35.640000
35.685000
35.730000
35.775000
35.820000
35.865000
35.910000
35.955000
36.000000
36.045000
36.090000
36.135000
36.180000
36.225000
36.270000
36.315000
36.360000
36.405000
36.450000
36.495000
36.540000
36.585000
36.630000
36.675000
36.720000
36.765000
36.810000
36.855000
36.900000
36.945000
36.990000
37.035000
37.080000
37.125000
37.170000
37.215000
37.260000
37.305000
37.350000
37.395000
37.440000
37.485000
37.530000
37.575000
37.620000
37.665000
37.710000
37.755000
37.800000
37.845000
37.890000
37.935000
37.980000
38.025000
38.070000
38.115000
38.160000
38.205000
38.250000
38.295000
38.340000
38.385000
38.430000
38.475000
38.520000
38.565000
38.610000
38.655000
38.700000
38.745000
38.790000
38.835000
38.880000
38.925000
38.970000
39.015000
39.060000
39.105000
39.150000
39.195000
39.240000
39.285000
39.330000
39.375000
39.420000
39.465000
39.510000
39.555000
39.600000
39.645000
39.690000
39.735000
39.780000
39.825000
39.870000
39.915000
39.960000
40.005000
40.050000
40.095000
40.140000
40.185000
40.230000
40.275000
40.320000
40.365000
40.410000
40.455000
40.500000
40.545000
40.590000
40.635000
40.680000
40.725000
40.770000
40.815000
40.860000
40.905000
40.950000
40.995000
41.040000
41.085000
41.130000
41.175000
41.220000
41.265000
41.310000
41.355000
41.400000
41.445000
41.490000
41.535000
41.580000
41.625000
41.670000
41.715000
41.760000
41.805000
41.850000
41.895000
41.940000
41.985000
42.030000
42.075000
42.120000
42.165000
42.210000
42.255000
42.300000
42.345000
42.390000
42.435000
42.480000
42.525000
42.570000
42.615000
42.660000
42.705000
42.750000
42.795000
42.840000
42.885000
42.930000
42.975000
43.020000
43.065000
43.110000
43.155000
43.200000
43.245000
43.290000
43.335000
43.380000
43.425000
43.470000
43.515000
43.560000
43.605000
43.650000
43.695000
43.740000
43.785000
43.830000
43.875000
43.920000
43.965000
44.010000
44.055000
44.100000
44.145000
44.190000
44.235000
44.280000
44.325000
44.370000
44.415000
44.460000
44.505000
44.550000
44.595000
44.640000
44.685000
44.730000
44.775000
44.820000
44.865000
44.910000
44.955000
45.000000
