0.000000
0.161000
0.322000
0.483000
0.644000
0.805000
0.966000
1.127000
1.288000
1.449000
1.610000
1.771000
1.932000
2.093000
2.254000
2.415000
2.576000
2.737000
2.898000
3.059000
3.220000
3.381000
3.542000
3.703000
3.864000
4.025000
4.186000
4.347000
4.508000
4.669000
4.830000
4.991000
5.152000
5.313000
5.474000
5.635000
5.796000
5.957000
6.118000
6.279000
6.440000
6.601000
6.762000
6.923000
7.084000
7.245000
7.406000
7.567000
7.728000
7.889000
8.050000
8.211000
8.372000
8.533000
8.694000
8.855000
9.016000
9.177000
9.338000
9.499000
9.660000
9.821000
9.982000
10.143000
10.304000
10.465000
10.626000
10.787000
10.948000
11.109000
11.270000
11.431000
11.592000
11.753000
11.914000
12.075000
12.236000
12.397000
12.558000
12.719000
12.880000
13.041000
13.202000
13.363000
13.524000
13.685000
13.846000
14.007000
14.168000
14.329000
14.490000
14.651000
14.812000
14.973000
15.134000
15.295000
15.456000
15.617000
15.778000
15.939000
16.100000
16.261000
16.422000
16.583000
16.744000
16.905000
17.066000
17.227000
17.388000
17.549000
17.710000
17.871000
18.032000
18.193000
18.354000
18.515000
18.676000
18.837000
18.998000
19.159000
19.320000
19.481000
19.642000
19.803000
19.964000
20.125000
20.286000
20.447000
20.608000
20.769000
20.930000
21.091000
21.252000
21.413000
21.574000
21.735000
21.896000
22.057000
22.218000
22.379000
22.540000
22.701000
22.862000
23.023000
23.184000
23.345000
23.506000
23.667000
23.828000
23.989000
24.150000
24.311000
24.472000
24.633000
24.794000
24.955000
25.116000
25.277000
25.438000
25.599000
25.760000
25.921000
26.082000
26.243000
26.404000
26.565000
26.726000
26.887000
27.048000
27.209000
27.370000
27.531000
27.692000
27.853000
28.014000
28.175000
28.336000
28.497000
28.658000
28.819000
28.980000
29.141000
29.302000
29.463000
29.624000
29.785000
29.946000
30.107000
30.268000
30.429000
30.590000
30.751000
30.912000
31.073000
31.234000
31.395000
31.556000
31.717000
31.878000
32.039000
32.200000
32.361000
32.522000
32.683000
32.844000
33.005000
33.166000
33.327000
33.488000
33.649000
33.810000
33.971000
34.132000
34.293000
34.454000
34.615000
34.776000
34.937000
35.098000
35.259000
35.420000
35.581000
35.742000
35.903000
36.064000
36.225000
36.386000
36.547000
36.708000
36.869000
37.030000
37.191000
37.352000
37.513000
37.674000
37.835000
37.996000
38.157000
38.318000
38.479000
38.640000
38.801000
38.962000
39.123000
39.284000
39.445000
39.606000
39.767000
39.928000
40.089000
40.250000
40.411000
40.572000
40.733000
40.894000
41.055000
41.216000
41.377000
41.538000
41.699000
41.860000
42.021000
42.182000
42.343000
42.504000
42.665000
42.826000
42.987000
43.148000
43.309000
43.470000
43.631000
43.792000
43.953000
44.114000
44.275000
44.436000
44.597000
44.758000
44.919000
45.080000
45.241000
45.402000
45.563000
45.724000
45.885000
46.046000
46.207000
46.368000
46.529000
46.690000
46.851000
47.012000
47.173000
47.334000
47.495000
47.656000
47.817000
47.978000
48.139000
48.300000
48.461000
48.622000
48.783000
48.944000
49.105000
49.266000
49.427000
49.588000
49.749000
49.910000
50.071000
50.232000
50.393000
50.554000
50.715000
50.876000
51.037000
51.198000
51.359000
51.520000
51.681000
51.842000
52.003000
52.164000
52.325000
52.486000
52.647000
52.808000
52.969000
53.130000
53.291000
53.452000
53.613000
53.774000
53.935000
54.096000
54.257000
54.418000
54.579000
54.740000
54.901000
55.062000
55.223000
55.384000
55.545000
55.706000
55.867000
56.028000
56.189000
56.350000
56.511000
56.672000
56.833000
56.994000
57.155000
57.316000
57.477000
57.638000
57.799000
57.960000
58.121000
58.282000
58.443000
58.604000
58.765000
58.926000
59.087000
59.248000
59.409000
59.570000
59.731000
59.892000
60.053000
60.214000
60.375000
60.536000
60.697000
60.858000
61.019000
61.180000
61.341000
61.502000
61.663000
61.824000
61.985000
62.146000
62.307000
62.468000
62.629000
62.790000
62.951000
63.112000
63.273000
63.434000
63.595000
63.756000
63.917000
64.078000
64.239000
64.400000
64.561000
64.722000
64.883000
65.044000
65.205000
65.366000
65.527000
65.688000
65.849000
66.010000
66.171000
66.332000
66.493000
66.654000
66.815000
66.976000
67.137000
67.298000
67.459000
67.620000
67.781000
67.942000
68.103000
68.264000
68.425000
68.586000
68.747000
68.908000
69.069000
69.230000
69.391000
69.552000
69.713000
69.874000
70.035000
70.196000
70.357000
70.518000
70.679000
70.840000
71.001000
71.162000
71.323000
71.484000
71.645000
71.806000
71.967000
72.128000
72.289000
72.450000
72.611000
72.772000
72.933000
73.094000
73.255000
73.416000
73.577000
73.738000
73.899000
74.060000
74.221000
74.382000
74.543000
74.704000
74.865000
75.026000
75.187000
75.348000
75.509000
75.670000
75.831000
75.992000
76.153000
76.314000
76.475000
76.636000
76.797000
76.958000
77.119000
77.280000
77.441000
77.602000
77.763000
77.924000
78.085000
78.246000
78.407000
78.568000
78.729000
78.890000
79.051000
79.212000
79.373000
79.534000
79.695000
79.856000
80.017000
80.178000
80.339000
80.500000
80.661000
80.822000
80.983000
81.144000
81.305000
81.466000
81.627000
81.788000
81.949000
82.110000
82.271000
82.432000
82.593000
82.754000
82.915000
83.076000
83.237000
83.398000
83.559000
83.720000
83.881000
84.042000
84.203000
84.364000
84.525000
84.686000
84.847000
85.008000
85.169000
85.330000
85.491000
85.652000
85.813000
85.974000
86.135000
86.296000
86.457000
86.618000
86.779000
86.940000
87.101000
87.262000
87.423000
87.584000
87.745000
87.906000
88.067000
88.228000
88.389000
88.550000
88.711000
88.872000
89.033000
89.194000
89.355000
89.516000
89.677000
89.838000
89.999000
90.160000
90.321000
90.482000
90.643000
90.804000
90.965000
91.126000
91.287000
91.448000
91.609000
91.770000
91.931000
92.092000
92.253000
92.414000
92.575000
92.736000
92.897000
93.058000
93.219000
93.380000
93.541000
93.702000
93.863000
94.024000
94.185000
94.346000
94.507000
94.668000
94.829000
94.990000
95.151000
95.312000
95.473000
95.634000
95.795000
95.956000
96.117000
96.278000
96.439000
96.600000
96.761000
96.922000
97.083000
97.244000
97.405000
97.566000
97.727000
97.888000
98.049000
98.210000
98.371000
98.532000
98.693000
98.854000
99.015000
99.176000
99.337000
99.498000
99.659000
99.820000
99.981000
100.142000
100.303000
100.464000
100.625000
100.786000
100.947000
101.108000
101.269000
101.430000
101.591000
101.752000
101.913000
102.074000
102.235000
102.396000
102.557000
102.718000
102.879000
103.040000
103.201000
103.362000
103.523000
103.684000
103.845000
104.006000
104.167000
104.328000
104.489000
104.650000
104.811000
104.972000
105.133000
105.294000
105.455000
105.616000
105.777000
105.938000
106.099000
106.260000
106.421000
106.582000
106.743000
106.904000
107.065000
107.226000
107.387000
107.548000
107.709000
107.870000
108.031000
108.192000
108.353000
108.514000
108.675000
108.836000
108.997000
109.158000
109.319000
109.480000
109.641000
109.802000
109.963000
110.124000
110.285000
110.446000
110.607000
110.768000
110.929000
111.090000
111.251000
111.412000
111.573000
111.734000
111.895000
112.056000
112.217000
112.378000
112.539000
112.700000
112.861000
113.022000
113.183000
113.344000
113.505000
113.666000
113.827000
113.988000
114.149000
114.310000
114.471000
114.632000
114.793000
114.954000
115.115000
115.276000
115.437000
115.598000
115.759000
115.920000
116.081000
116.242000
116.403000
116.564000
116.725000
116.886000
117.047000
117.208000
117.369000
117.530000
117.691000
117.852000
118.013000
118.174000
118.335000
118.496000
118.657000
118.818000
118.979000
119.140000
119.301000
119.462000
119.623000
119.784000
119.945000
120.106000
120.267000
120.428000
120.589000
120.750000
120.911000
121.072000
121.233000
121.394000
121.555000
121.716000
121.877000
122.038000
122.199000
122.360000
122.521000
122.682000
122.843000
123.004000
123.165000
123.326000
123.487000
123.648000
123.809000
123.970000
124.131000
124.292000
124.453000
124.614000
124.775000
124.936000
125.097000
125.258000
125.419000
125.580000
125.741000
125.902000
126.063000
126.224000
126.385000
126.546000
126.707000
126.868000
127.029000
127.190000
127.351000
127.512000
127.673000
127.834000
127.995000
128.156000
128.317000
128.478000
128.639000
128.800000
128.961000
129.122000
129.283000
129.444000
129.605000
129.766000
129.927000
130.088000
130.249000
130.410000
130.571000
130.732000
130.893000
131.054000
131.215000
131.376000
131.537000
131.698000
131.859000
132.020000
132.181000
132.342000
132.503000
132.664000
132.825000
132.986000
133.147000
133.308000
133.469000
133.630000
133.791000
133.952000
134.113000
134.274000
134.435000
134.596000
134.757000
134.918000
135.079000
135.240000
135.401000
135.562000
135.723000
135.884000
136.045000
136.206000
136.367000
136.528000
136.689000
136.850000
137.011000
137.172000
137.333000
137.494000
137.655000
137.816000
137.977000
138.138000
138.299000
138.460000
138.621000
138.782000
138.943000
139.104000
139.265000
139.426000
139.587000
139.748000
139.909000
140.070000
140.231000
140.392000
140.553000
140.714000
140.875000
141.036000
141.197000
141.358000
141.519000
141.680000
141.841000
142.002000
142.163000
142.324000
142.485000
142.646000
142.807000
142.968000
143.129000
143.290000
143.451000
143.612000
143.773000
143.934000
144.095000
144.256000
144.417000
144.578000
144.739000
144.900000
145.061000
145.222000
145.383000
145.544000
145.705000
145.866000
146.027000
146.188000
146.349000
146.510000
146.671000
146.832000
146.993000
147.154000
147.315000
147.476000
147.637000
147.798000
147.959000
148.120000
148.281000
148.442000
148.603000
148.764000
148.925000
149.086000
149.247000
149.408000
149.569000
149.730000
149.891000
150.052000
150.213000
150.374000
150.535000
150.696000
150.857000
151.018000
151.179000
151.340000
151.501000
151.662000
151.823000
151.984000
152.145000
152.306000
152.467000
152.628000
152.789000
152.950000
153.111000
153.272000
153.433000
153.594000
153.755000
153.916000
154.077000
154.238000
154.399000
154.560000
154.721000
154.882000
155.043000
155.204000
155.365000
155.526000
155.687000
155.848000
156.009000
156.170000
156.331000
156.492000
156.653000
156.814000
156.975000
157.136000
157.297000
157.458000
157.619000
157.780000
157.941000
158.102000
158.263000
158.424000
158.585000
158.746000
158.907000
159.068000
159.229000
159.390000
159.551000
159.712000
159.873000
160.034000
160.195000
160.356000
160.517000
160.678000
160.839000
161.000000
