80.212500
85.387500
90.562500
95.737500
100.912500
106.087500
111.262500
116.437500
121.612500
126.787500
131.962500
137.137500
142.312500
147.487500
152.662500
157.837500
163.012500
168.187500
173.362500
178.537500
183.712500
188.887500
194.062500
199.237500
204.412500
209.587500
214.762500
219.937500
225.112500
230.287500
235.462500
240.637500
245.812500
250.987500
256.162500
261.337500
266.512500
271.687500
276.862500
282.037500
287.212500
292.387500
297.562500
302.737500
307.912500
313.087500
318.262500
323.437500
328.612500
333.787500
338.962500
344.137500
349.312500
354.487500
359.662500
364.837500
370.012500
375.187500
380.362500
385.537500
390.712500
395.887500
401.062500
406.237500
411.412500
416.587500
421.762500
426.937500
432.112500
437.287500
442.462500
447.637500
452.812500
457.987500
463.162500
468.337500
473.512500
478.687500
483.862500
489.037500
494.212500
499.387500
504.562500
509.737500
514.912500
520.087500
525.262500
530.437500
535.612500
540.787500
545.962500
551.137500
556.312500
561.487500
566.662500
571.837500
577.012500
582.187500
587.362500
592.537500
597.712500
602.887500
608.062500
613.237500
618.412500
623.587500
628.762500
633.937500
639.112500
644.287500
649.462500
654.637500
659.812500
664.987500
670.162500
675.337500
680.512500
685.687500
690.862500
696.037500
701.212500
706.387500
711.562500
716.737500
721.912500
727.087500
732.262500
737.437500
742.612500
747.787500
752.962500
758.137500
763.312500
768.487500
773.662500
778.837500
784.012500
789.187500
794.362500
799.537500
804.712500
809.887500
815.062500
820.237500
825.412500
830.587500
835.762500
840.937500
846.112500
851.287500
856.462500
861.637500
866.812500
871.987500
877.162500
882.337500
887.512500
892.687500
897.862500
903.037500
908.212500
913.387500
918.562500
923.737500
928.912500
934.087500
939.262500
944.437500
949.612500
954.787500
959.962500
965.137500
970.312500
975.487500
980.662500
985.837500
991.012500
996.187500
1001.362500
1006.537500
1011.712500
1016.887500
1022.062500
1027.237500
1032.412500
1037.587500
1042.762500
1047.937500
1053.112500
1058.287500
1063.462500
1068.637500
1073.812500
1078.987500
1084.162500
1089.337500
1094.512500
1099.687500
1104.862500
1110.037500
1115.212500
1120.387500
1125.562500
1130.737500
1135.912500
1141.087500
1146.262500
1151.437500
1156.612500
1161.787500
1166.962500
1172.137500
1177.312500
1182.487500
1187.662500
1192.837500
1198.012500
1203.187500
1208.362500
1213.537500
1218.712500
1223.887500
1229.062500
1234.237500
1239.412500
1244.587500
1249.762500
1254.937500
1260.112500
1265.287500
1270.462500
1275.637500
1280.812500
1285.987500
1291.162500
1296.337500
1301.512500
1306.687500
1311.862500
1317.037500
1322.212500
1327.387500
1332.562500
1337.737500
1342.912500
1348.087500
1353.262500
1358.437500
1363.612500
1368.787500
1373.962500
1379.137500
1384.312500
1389.487500
1394.662500
1399.837500
1405.012500
1410.187500
1415.362500
1420.537500
1425.712500
1430.887500
1436.062500
1441.237500
1446.412500
1451.587500
1456.762500
1461.937500
1467.112500
1472.287500
1477.462500
1482.637500
1487.812500
1492.987500
1498.162500
1503.337500
1508.512500
1513.687500
1518.862500
1524.037500
1529.212500
1534.387500
1539.562500
1544.737500
1549.912500
1555.087500
1560.262500
1565.437500
1570.612500
1575.787500
1580.962500
1586.137500
1591.312500
1596.487500
1601.662500
1606.837500
1612.012500
1617.187500
1622.362500
1627.537500
1632.712500
1637.887500
1643.062500
1648.237500
1653.412500
1658.587500
1663.762500
1668.937500
1674.112500
1679.287500
1684.462500
1689.637500
1694.812500
1699.987500
1705.162500
1710.337500
1715.512500
1720.687500
1725.862500
1731.037500
1736.212500
1741.387500
1746.562500
1751.737500
1756.912500
1762.087500
1767.262500
1772.437500
1777.612500
1782.787500
1787.962500
1793.137500
1798.312500
1803.487500
1808.662500
1813.837500
1819.012500
1824.187500
1829.362500
1834.537500
1839.712500
1844.887500
1850.062500
1855.237500
1860.412500
1865.587500
1870.762500
1875.937500
1881.112500
1886.287500
1891.462500
1896.637500
1901.812500
1906.987500
1912.162500
1917.337500
1922.512500
1927.687500
1932.862500
1938.037500
1943.212500
1948.387500
1953.562500
1958.737500
1963.912500
1969.087500
1974.262500
1979.437500
1984.612500
1989.787500
1994.962500
2000.137500
2005.312500
2010.487500
2015.662500
2020.837500
2026.012500
2031.187500
2036.362500
2041.537500
2046.712500
2051.887500
2057.062500
2062.237500
2067.412500
2072.587500
2077.762500
2082.937500
2088.112500
2093.287500
2098.462500
2103.637500
2108.812500
2113.987500
2119.162500
2124.337500
2129.512500
2134.687500
2139.862500
2145.037500
2150.212500
2155.387500
2160.562500
2165.737500
2170.912500
2176.087500
2181.262500
2186.437500
2191.612500
2196.787500
2201.962500
2207.137500
2212.312500
2217.487500
2222.662500
2227.837500
2233.012500
2238.187500
2243.362500
2248.537500
2253.712500
2258.887500
2264.062500
2269.237500
2274.412500
2279.587500
2284.762500
2289.937500
2295.112500
2300.287500
2305.462500
2310.637500
2315.812500
2320.987500
2326.162500
2331.337500
2336.512500
2341.687500
2346.862500
2352.037500
2357.212500
2362.387500
2367.562500
2372.737500
2377.912500
2383.087500
2388.262500
2393.437500
2398.612500
2403.787500
2408.962500
2414.137500
2419.312500
2424.487500
2429.662500
2434.837500
2440.012500
2445.187500
2450.362500
2455.537500
2460.712500
2465.887500
2471.062500
2476.237500
2481.412500
2486.587500
2491.762500
2496.937500
2502.112500
2507.287500
2512.462500
2517.637500
2522.812500
2527.987500
2533.162500
2538.337500
2543.512500
2548.687500
2553.862500
2559.037500
2564.212500
2569.387500
2574.562500
2579.737500
2584.912500
2590.087500
2595.262500
2600.437500
2605.612500
2610.787500
2615.962500
2621.137500
2626.312500
2631.487500
2636.662500
2641.837500
2647.012500
2652.187500
2657.362500
2662.537500
2667.712500
2672.887500
2678.062500
2683.237500
2688.412500
2693.587500
2698.762500
2703.937500
2709.112500
2714.287500
2719.462500
2724.637500
2729.812500
2734.987500
2740.162500
2745.337500
2750.512500
2755.687500
2760.862500
2766.037500
2771.212500
2776.387500
2781.562500
2786.737500
2791.912500
2797.087500
2802.262500
2807.437500
2812.612500
2817.787500
2822.962500
2828.137500
2833.312500
2838.487500
2843.662500
2848.837500
2854.012500
2859.187500
2864.362500
2869.537500
2874.712500
2879.887500
2885.062500
2890.237500
2895.412500
2900.587500
2905.762500
2910.937500
2916.112500
2921.287500
2926.462500
2931.637500
2936.812500
2941.987500
2947.162500
2952.337500
2957.512500
2962.687500
2967.862500
2973.037500
2978.212500
2983.387500
2988.562500
2993.737500
2998.912500
3004.087500
3009.262500
3014.437500
3019.612500
3024.787500
3029.962500
3035.137500
3040.312500
3045.487500
3050.662500
3055.837500
3061.012500
3066.187500
3071.362500
3076.537500
3081.712500
3086.887500
3092.062500
3097.237500
3102.412500
3107.587500
3112.762500
3117.937500
3123.112500
3128.287500
3133.462500
3138.637500
3143.812500
3148.987500
3154.162500
3159.337500
3164.512500
3169.687500
3174.862500
3180.037500
3185.212500
3190.387500
3195.562500
3200.737500
3205.912500
3211.087500
3216.262500
3221.437500
3226.612500
3231.787500
3236.962500
3242.137500
3247.312500
3252.487500
3257.662500
3262.837500
3268.012500
3273.187500
3278.362500
3283.537500
3288.712500
3293.887500
3299.062500
3304.237500
3309.412500
3314.587500
3319.762500
3324.937500
3330.112500
3335.287500
3340.462500
3345.637500
3350.812500
3355.987500
3361.162500
3366.337500
3371.512500
3376.687500
3381.862500
3387.037500
3392.212500
3397.387500
3402.562500
3407.737500
3412.912500
3418.087500
3423.262500
3428.437500
3433.612500
3438.787500
3443.962500
3449.137500
3454.312500
3459.487500
3464.662500
3469.837500
3475.012500
3480.187500
3485.362500
3490.537500
3495.712500
3500.887500
3506.062500
3511.237500
3516.412500
3521.587500
3526.762500
3531.937500
3537.112500
3542.287500
3547.462500
3552.637500
3557.812500
3562.987500
3568.162500
3573.337500
3578.512500
3583.687500
3588.862500
3594.037500
3599.212500
3604.387500
3609.562500
3614.737500
3619.912500
3625.087500
3630.262500
3635.437500
3640.612500
3645.787500
3650.962500
3656.137500
3661.312500
3666.487500
3671.662500
3676.837500
3682.012500
3687.187500
3692.362500
3697.537500
3702.712500
3707.887500
3713.062500
3718.237500
3723.412500
3728.587500
3733.762500
3738.937500
3744.112500
3749.287500
3754.462500
3759.637500
3764.812500
3769.987500
3775.162500
3780.337500
3785.512500
3790.687500
3795.862500
3801.037500
3806.212500
3811.387500
3816.562500
3821.737500
3826.912500
3832.087500
3837.262500
3842.437500
3847.612500
3852.787500
3857.962500
3863.137500
3868.312500
3873.487500
3878.662500
3883.837500
3889.012500
3894.187500
3899.362500
3904.537500
3909.712500
3914.887500
3920.062500
3925.237500
3930.412500
3935.587500
3940.762500
3945.937500
3951.112500
3956.287500
3961.462500
3966.637500
3971.812500
3976.987500
3982.162500
3987.337500
3992.512500
4002.862500
4008.037500
4013.212500
4018.387500
4023.562500
4028.737500
4033.912500
4039.087500
4044.262500
4049.437500
4054.612500
4059.787500
4064.962500
4070.137500
4075.312500
4080.487500
4085.662500
4090.837500
4096.012500
4101.187500
4111.537500
4116.712500
4121.887500
4127.062500
4132.237500
4137.412500
4142.587500
4147.762500
4152.937500
4158.112500
4163.287500
4168.462500
4173.637500
4183.987500
4194.337500
4199.512500
4204.687500
4209.862500
4215.037500
