227672870947935
219533985988059
202994783862906
192259011341309
186415817282265
175686322590803
165612435641436
158991025167777
150968739220015
139271699800486
133265443217335
128998816616004
122408391147487
114962260804122
110518438825148
102061983726247
96889753462109
97464213262775
88898558894785
82643754920547
83354732685042
79648444166904
77273044900919
73432766024692
69731359597743
66275017154145
63676017143165
61645777315489
57173715462505
56031726749868
54988918852766
48191422202952
48126699223279
47534847646345
46364044657350
42686273752761
40285205803036
40261897014446
39372325578452
36420214737346
35371808862216
33504095227054
32785163373113
30328343431210
28824467840484
28066079263587
28015150313810
26340080662111
26127232734288
24935934705121
23143744738602
22790147276760
21817303688311
22276457714976
20887571624573
19351613868958
20079061796505
18084361151313
18348878366711
17854482761756
15981714831528
15981296775103
15615805139441
14536742745696
14474453739830
15030771032769
14249648783722
13089931508147
12593655208635
12403222050466
12265665289224
11798541709354
11436241364968
11008747535276
10521216777157
9130942678188
9735225897068
8944936325511
8515440677139
9108908807809
7541232254693
8427131045158
7647245069851
7842828914750
7165374152626
7209030455829
7619418671710
6892969656152
6494320553445
6688741864265
5937893553097
6001184650758
5314489176808
5722274453582
5630251381372
5318224070964
5507615044786
5397547924679
4729369241607
4467180454754
4624682339753
4654494226685
4235155045616
4180499756630
3512116566579
4012611733326
3626457392925
3652003495853
3727483693487
3200704736550
3471096932623
3293625554236
3451275520702
3440793707260
3209623294633
2558253706456
2859354412411
2701591919470
2915446662556
2659467158641
2642635738554
2562380978320
2393882535530
2367876738955
2424673167202
2020065573725
2228901113308
2123513114899
1860888938373
1993566441043
1958112219627
1769392764324
2021236389653
2195219223588
1997510570134
1541734258356
1635640295959
1716477465380
1588211612613
1427463152012
1338599940781
1691365404841
1665234772076
1548133121521
1342938571278
1274950448198
1403117858992
1205725957290
1173376107510
1342385746968
1090896776252
1086451128238
1008357164462
1200009560223
1146112578125
1039264757614
902671193714
1323192149628
893239086248
845067508609
1066106513934
1029589172389
913619142496
883267074277
711569687014
585397265857
753388564216
834770597390
717221526427
617473411722
870484973682
625139785532
664422275137
668334915572
694518963265
615535213755
596099023983
522874040880
686832812063
599112849018
332759608412
366084367999
582446303998
311565116075
456897406823
461752114926
393961952779
457575741833
478379036015
418036676716
478642029943
375491109373
422240186143
436596370611
403108364020
359356619320
393829007659
289589680052
342707184193
327774780764
321107664539
383997978568
289273429840
323945014606
419187550616
168602023225
242951473067
218688062945
223851311375
258201528094
381758910595
251802725476
179937490129
203949146144
222234787439
228300123426
195841222258
212256127500
210610339697
279234459289
305435407513
185514805076
251408001546
199844279807
191903862701
160577794927
169847499374
263705120305
219864824352
148374490892
145731915170
233248215144
203673235317
117375523547
245201320921
170995571715
88917521034
84210453254
208461994718
273880916820
132590077467
176550340188
102030757396
55034793128
80068860514
113875029086
199812009376
108996282648
92596321962
232835154995
161778229389
101319828700
84254307380
80861822976
93957821776
144674593772
204179133114
99384381824
131532239073
61909099075
65490573717
120850741946
22872199556
106655118784
34047183911
89253670075
39480567764
26660634816
180718179806
58116818783
70279918043
86011168490
154023863543
114217023065
67280043856
91138531988
22575799510
67430030231
80767576625
16288306564
135755326659
50639949481
45218939126
12477380084
32890493809
39118250744
25780791344
135076796801
63854589235
9025109263
34725136872
7108437915
43929580936
42440795701
30150672016
113821925530
63568416664
17488043673
22286432540
65780070724
19653644858
18499268646
73568520445
41023615573
52791972268
30672396637
28610643614
20085702285
115819298210
40492120968
106641714374
2842178057
25128224308
8607378472
17111024546
41582970143
10632023937
7851438981
84406394905
23404526725
39489180446
3413938700
87965087835
1530524377
16553901355
3035989002
13283475138
11136113179
11046683228
58868924710
6137615089
30807438266
13673202002
103995319754
69618065165
54141649777
36004894967
1638303792
1684825717
18832427289
8712537074
52939881387
35513424937
