0.000000
0.193000
0.386000
0.579000
0.772000
0.965000
1.158000
1.351000
1.544000
1.737000
1.930000
2.123000
2.316000
2.509000
2.702000
2.895000
3.088000
3.281000
3.474000
3.667000
3.860000
4.053000
4.246000
4.439000
4.632000
4.825000
5.018000
5.211000
5.404000
5.597000
5.790000
5.983000
6.176000
6.369000
6.562000
6.755000
6.948000
7.141000
7.334000
7.527000
7.720000
7.913000
8.106000
8.299000
8.492000
8.685000
8.878000
9.071000
9.264000
9.457000
9.650000
9.843000
10.036000
10.229000
10.422000
10.615000
10.808000
11.001000
11.194000
11.387000
11.580000
11.773000
11.966000
12.159000
12.352000
12.545000
12.738000
12.931000
13.124000
13.317000
13.510000
13.703000
13.896000
14.089000
14.282000
14.475000
14.668000
14.861000
15.054000
15.247000
15.440000
15.633000
15.826000
16.019000
16.212000
16.405000
16.598000
16.791000
16.984000
17.177000
17.370000
17.563000
17.756000
17.949000
18.142000
18.335000
18.528000
18.721000
18.914000
19.107000
19.300000
19.493000
19.686000
19.879000
20.072000
20.265000
20.458000
20.651000
20.844000
21.037000
21.230000
21.423000
21.616000
21.809000
22.002000
22.195000
22.388000
22.581000
22.774000
22.967000
23.160000
23.353000
23.546000
23.739000
23.932000
24.125000
24.318000
24.511000
24.704000
24.897000
25.090000
25.283000
25.476000
25.669000
25.862000
26.055000
26.248000
26.441000
26.634000
26.827000
27.020000
27.213000
27.406000
27.599000
27.792000
27.985000
28.178000
28.371000
28.564000
28.757000
28.950000
29.143000
29.336000
29.529000
29.722000
29.915000
30.108000
30.301000
30.494000
30.687000
30.880000
31.073000
31.266000
31.459000
31.652000
31.845000
32.038000
32.231000
32.424000
32.617000
32.810000
33.003000
33.196000
33.389000
33.582000
33.775000
33.968000
34.161000
34.354000
34.547000
34.740000
34.933000
35.126000
35.319000
35.512000
35.705000
35.898000
36.091000
36.284000
36.477000
36.670000
36.863000
37.056000
37.249000
37.442000
37.635000
37.828000
38.021000
38.214000
38.407000
38.600000
38.793000
38.986000
39.179000
39.372000
39.565000
39.758000
39.951000
40.144000
40.337000
40.530000
40.723000
40.916000
41.109000
41.302000
41.495000
41.688000
41.881000
42.074000
42.267000
42.460000
42.653000
42.846000
43.039000
43.232000
43.425000
43.618000
43.811000
44.004000
44.197000
44.390000
44.583000
44.776000
44.969000
45.162000
45.355000
45.548000
45.741000
45.934000
46.127000
46.320000
46.513000
46.706000
46.899000
47.092000
47.285000
47.478000
47.671000
47.864000
48.057000
48.250000
48.443000
48.636000
48.829000
49.022000
49.215000
49.408000
49.601000
49.794000
49.987000
50.180000
50.373000
50.566000
50.759000
50.952000
51.145000
51.338000
51.531000
51.724000
51.917000
52.110000
52.303000
52.496000
52.689000
52.882000
53.075000
53.268000
53.461000
53.654000
53.847000
54.040000
54.233000
54.426000
54.619000
54.812000
55.005000
55.198000
55.391000
55.584000
55.777000
55.970000
56.163000
56.356000
56.549000
56.742000
56.935000
57.128000
57.321000
57.514000
57.707000
57.900000
58.093000
58.286000
58.479000
58.672000
58.865000
59.058000
59.251000
59.444000
59.637000
59.830000
60.023000
60.216000
60.409000
60.602000
60.795000
60.988000
61.181000
61.374000
61.567000
61.760000
61.953000
62.146000
62.339000
62.532000
62.725000
62.918000
63.111000
63.304000
63.497000
63.690000
63.883000
64.076000
64.269000
64.462000
64.655000
64.848000
65.041000
65.234000
65.427000
65.620000
65.813000
66.006000
66.199000
66.392000
66.585000
66.778000
66.971000
67.164000
67.357000
67.550000
67.743000
67.936000
68.129000
68.322000
68.515000
68.708000
68.901000
69.094000
69.287000
69.480000
69.673000
69.866000
70.059000
70.252000
70.445000
70.638000
70.831000
71.024000
71.217000
71.410000
71.603000
71.796000
71.989000
72.182000
72.375000
72.568000
72.761000
72.954000
73.147000
73.340000
73.533000
73.726000
73.919000
74.112000
74.305000
74.498000
74.691000
74.884000
75.077000
75.270000
75.463000
75.656000
75.849000
76.042000
76.235000
76.428000
76.621000
76.814000
77.007000
77.200000
77.393000
77.586000
77.779000
77.972000
78.165000
78.358000
78.551000
78.744000
78.937000
79.130000
79.323000
79.516000
79.709000
79.902000
80.095000
80.288000
80.481000
80.674000
80.867000
81.060000
81.253000
81.446000
81.639000
81.832000
82.025000
82.218000
82.411000
82.604000
82.797000
82.990000
83.183000
83.376000
83.569000
83.762000
83.955000
84.148000
84.341000
84.534000
84.727000
84.920000
85.113000
85.306000
85.499000
85.692000
85.885000
86.078000
86.271000
86.464000
86.657000
86.850000
87.043000
87.236000
87.429000
87.622000
87.815000
88.008000
88.201000
88.394000
88.587000
88.780000
88.973000
89.166000
89.359000
89.552000
89.745000
89.938000
90.131000
90.324000
90.517000
90.710000
90.903000
91.096000
91.289000
91.482000
91.675000
91.868000
92.061000
92.254000
92.447000
92.640000
92.833000
93.026000
93.219000
93.412000
93.605000
93.798000
93.991000
94.184000
94.377000
94.570000
94.763000
94.956000
95.149000
95.342000
95.535000
95.728000
95.921000
96.114000
96.307000
96.500000
96.693000
96.886000
97.079000
97.272000
97.465000
97.658000
97.851000
98.044000
98.237000
98.430000
98.623000
98.816000
99.009000
99.202000
99.395000
99.588000
99.781000
99.974000
100.167000
100.360000
100.553000
100.746000
100.939000
101.132000
101.325000
101.518000
101.711000
101.904000
102.097000
102.290000
102.483000
102.676000
102.869000
103.062000
103.255000
103.448000
103.641000
103.834000
104.027000
104.220000
104.413000
104.606000
104.799000
104.992000
105.185000
105.378000
105.571000
105.764000
105.957000
106.150000
106.343000
106.536000
106.729000
106.922000
107.115000
107.308000
107.501000
107.694000
107.887000
108.080000
108.273000
108.466000
108.659000
108.852000
109.045000
109.238000
109.431000
109.624000
109.817000
110.010000
110.203000
110.396000
110.589000
110.782000
110.975000
111.168000
111.361000
111.554000
111.747000
111.940000
112.133000
112.326000
112.519000
112.712000
112.905000
113.098000
113.291000
113.484000
113.677000
113.870000
114.063000
114.256000
114.449000
114.642000
114.835000
115.028000
115.221000
115.414000
115.607000
115.800000
115.993000
116.186000
116.379000
116.572000
116.765000
116.958000
117.151000
117.344000
117.537000
117.730000
117.923000
118.116000
118.309000
118.502000
118.695000
118.888000
119.081000
119.274000
119.467000
119.660000
119.853000
120.046000
120.239000
120.432000
120.625000
120.818000
121.011000
121.204000
121.397000
121.590000
121.783000
121.976000
122.169000
122.362000
122.555000
122.748000
122.941000
123.134000
123.327000
123.520000
123.713000
123.906000
124.099000
124.292000
124.485000
124.678000
124.871000
125.064000
125.257000
125.450000
125.643000
125.836000
126.029000
126.222000
126.415000
126.608000
126.801000
126.994000
127.187000
127.380000
127.573000
127.766000
127.959000
128.152000
128.345000
128.538000
128.731000
128.924000
129.117000
129.310000
129.503000
129.696000
129.889000
130.082000
130.275000
130.468000
130.661000
130.854000
131.047000
131.240000
131.433000
131.626000
131.819000
132.012000
132.205000
132.398000
132.591000
132.784000
132.977000
133.170000
133.363000
133.556000
133.749000
133.942000
134.135000
134.328000
134.521000
134.714000
134.907000
135.100000
135.293000
135.486000
135.679000
135.872000
136.065000
136.258000
136.451000
136.644000
136.837000
137.030000
137.223000
137.416000
137.609000
137.802000
137.995000
138.188000
138.381000
138.574000
138.767000
138.960000
139.153000
139.346000
139.539000
139.732000
139.925000
140.118000
140.311000
140.504000
140.697000
140.890000
141.083000
141.276000
141.469000
141.662000
141.855000
142.048000
142.241000
142.434000
142.627000
142.820000
143.013000
143.206000
143.399000
143.592000
143.785000
143.978000
144.171000
144.364000
144.557000
144.750000
144.943000
145.136000
145.329000
145.522000
145.715000
145.908000
146.101000
146.294000
146.487000
146.680000
146.873000
147.066000
147.259000
147.452000
147.645000
147.838000
148.031000
148.224000
148.417000
148.610000
148.803000
148.996000
149.189000
149.382000
149.575000
149.768000
149.961000
150.154000
150.347000
150.540000
150.733000
150.926000
151.119000
151.312000
151.505000
151.698000
151.891000
152.084000
152.277000
152.470000
152.663000
152.856000
153.049000
153.242000
153.435000
153.628000
153.821000
154.014000
154.207000
154.400000
154.593000
154.786000
154.979000
155.172000
155.365000
155.558000
155.751000
155.944000
156.137000
156.330000
156.523000
156.716000
156.909000
157.102000
157.295000
157.488000
157.681000
157.874000
158.067000
158.260000
158.453000
158.646000
158.839000
159.032000
159.225000
159.418000
159.611000
159.804000
159.997000
160.190000
160.383000
160.576000
160.769000
160.962000
161.155000
161.348000
161.541000
161.734000
161.927000
162.120000
162.313000
162.506000
162.699000
162.892000
163.085000
163.278000
163.471000
163.664000
163.857000
164.050000
164.243000
164.436000
164.629000
164.822000
165.015000
165.208000
165.401000
165.594000
165.787000
165.980000
166.173000
166.366000
166.559000
166.752000
166.945000
167.138000
167.331000
167.524000
167.717000
167.910000
168.103000
168.296000
168.489000
168.682000
168.875000
169.068000
169.261000
169.454000
169.647000
169.840000
170.033000
170.226000
170.419000
170.612000
170.805000
170.998000
171.191000
171.384000
171.577000
171.770000
171.963000
172.156000
172.349000
172.542000
172.735000
172.928000
173.121000
173.314000
173.507000
173.700000
173.893000
174.086000
174.279000
174.472000
174.665000
174.858000
175.051000
175.244000
175.437000
175.630000
175.823000
176.016000
176.209000
176.402000
176.595000
176.788000
176.981000
177.174000
177.367000
177.560000
177.753000
177.946000
178.139000
178.332000
178.525000
178.718000
178.911000
179.104000
179.297000
179.490000
179.683000
179.876000
180.069000
180.262000
180.455000
180.648000
180.841000
181.034000
181.227000
181.420000
181.613000
181.806000
181.999000
182.192000
182.385000
182.578000
182.771000
182.964000
183.157000
183.350000
183.543000
183.736000
183.929000
184.122000
184.315000
184.508000
184.701000
184.894000
185.087000
185.280000
185.473000
185.666000
185.859000
186.052000
186.245000
186.438000
186.631000
186.824000
187.017000
187.210000
187.403000
187.596000
187.789000
187.982000
188.175000
188.368000
188.561000
188.754000
188.947000
189.140000
189.333000
189.526000
189.719000
189.912000
190.105000
190.298000
190.491000
190.684000
190.877000
191.070000
191.263000
191.456000
191.649000
191.842000
192.035000
192.228000
192.421000
192.614000
192.807000
193.000000
