7.585699999999999932e+01
8.075100000000000477e+01
8.564499999999999602e+01
9.053900000000000148e+01
9.543299999999999272e+01
1.003269999999999982e+02
1.052210000000000036e+02
1.101150000000000091e+02
1.150090000000000003e+02
1.199029999999999916e+02
1.247969999999999970e+02
1.296910000000000025e+02
1.345850000000000080e+02
1.394789999999999850e+02
1.443729999999999905e+02
1.492669999999999959e+02
1.541610000000000014e+02
1.590550000000000068e+02
1.639490000000000123e+02
1.688429999999999893e+02
1.737369999999999948e+02
1.786310000000000002e+02
1.835250000000000057e+02
1.884190000000000111e+02
1.933129999999999882e+02
1.982069999999999936e+02
2.031009999999999991e+02
2.079950000000000045e+02
2.128890000000000100e+02
2.177830000000000155e+02
2.226769999999999925e+02
2.275709999999999980e+02
2.324650000000000034e+02
2.373590000000000089e+02
2.422529999999999859e+02
2.471469999999999914e+02
2.520409999999999968e+02
2.569350000000000023e+02
2.618290000000000077e+02
2.667230000000000132e+02
2.716170000000000186e+02
2.765110000000000241e+02
2.814049999999999727e+02
2.862989999999999782e+02
2.911929999999999836e+02
2.960869999999999891e+02
3.009809999999999945e+02
3.058750000000000000e+02
3.107690000000000055e+02
3.156630000000000109e+02
3.205570000000000164e+02
3.254510000000000218e+02
3.303450000000000273e+02
3.352389999999999759e+02
3.401329999999999814e+02
3.450269999999999868e+02
3.499209999999999923e+02
3.548149999999999977e+02
3.597090000000000032e+02
3.646030000000000086e+02
3.694970000000000141e+02
3.743910000000000196e+02
3.792850000000000250e+02
3.841789999999999736e+02
3.890729999999999791e+02
3.939669999999999845e+02
3.988609999999999900e+02
4.037549999999999955e+02
4.086490000000000009e+02
4.135430000000000064e+02
4.184370000000000118e+02
4.233310000000000173e+02
4.282250000000000227e+02
4.331190000000000282e+02
4.380129999999999768e+02
4.429069999999999823e+02
4.478009999999999877e+02
4.526949999999999932e+02
4.575889999999999986e+02
4.624830000000000041e+02
4.673770000000000095e+02
4.722710000000000150e+02
4.771650000000000205e+02
4.820589999999999691e+02
4.869529999999999745e+02
4.918469999999999800e+02
4.967409999999999854e+02
5.016349999999999909e+02
5.065289999999999964e+02
5.114230000000000018e+02
5.163170000000000073e+02
5.212110000000000127e+02
5.261050000000000182e+02
5.309990000000000236e+02
5.358930000000000291e+02
5.407870000000000346e+02
5.456810000000000400e+02
5.505750000000000455e+02
5.554690000000000509e+02
5.603630000000000564e+02
5.652569999999999482e+02
5.701509999999999536e+02
5.750449999999999591e+02
5.799389999999999645e+02
5.848329999999999700e+02
5.897269999999999754e+02
5.946209999999999809e+02
5.995149999999999864e+02
6.044089999999999918e+02
6.093029999999999973e+02
6.141970000000000027e+02
6.190910000000000082e+02
6.239850000000000136e+02
6.288790000000000191e+02
6.337730000000000246e+02
6.386670000000000300e+02
6.435610000000000355e+02
6.484550000000000409e+02
6.533490000000000464e+02
6.582430000000000518e+02
6.631369999999999436e+02
6.680309999999999491e+02
6.729249999999999545e+02
6.778189999999999600e+02
6.827129999999999654e+02
6.876069999999999709e+02
6.925009999999999764e+02
6.973949999999999818e+02
7.022889999999999873e+02
7.071829999999999927e+02
7.120769999999999982e+02
7.169710000000000036e+02
7.218650000000000091e+02
7.267590000000000146e+02
7.316530000000000200e+02
7.365470000000000255e+02
7.414410000000000309e+02
7.463350000000000364e+02
7.512290000000000418e+02
7.561230000000000473e+02
7.610170000000000528e+02
7.659110000000000582e+02
7.708049999999999500e+02
7.756989999999999554e+02
7.805929999999999609e+02
7.854869999999999663e+02
7.903809999999999718e+02
7.952749999999999773e+02
8.001689999999999827e+02
8.050629999999999882e+02
8.099569999999999936e+02
8.148509999999999991e+02
8.197450000000000045e+02
8.246390000000000100e+02
8.295330000000000155e+02
8.344270000000000209e+02
8.393210000000000264e+02
8.442150000000000318e+02
8.491090000000000373e+02
8.540030000000000427e+02
8.588970000000000482e+02
8.637910000000000537e+02
8.686849999999999454e+02
8.735789999999999509e+02
8.784729999999999563e+02
8.833669999999999618e+02
8.882609999999999673e+02
8.931549999999999727e+02
8.980489999999999782e+02
9.029429999999999836e+02
9.078369999999999891e+02
9.127309999999999945e+02
9.176250000000000000e+02
9.225190000000000055e+02
9.274130000000000109e+02
9.323070000000000164e+02
9.372010000000000218e+02
9.420950000000000273e+02
9.469890000000000327e+02
9.518830000000000382e+02
9.567770000000000437e+02
9.616710000000000491e+02
9.665650000000000546e+02
9.714589999999999463e+02
9.763529999999999518e+02
9.812469999999999573e+02
9.861409999999999627e+02
9.910349999999999682e+02
9.959289999999999736e+02
1.000822999999999979e+03
1.005716999999999985e+03
1.010610999999999990e+03
1.015504999999999995e+03
1.020399000000000001e+03
1.025293000000000120e+03
1.030186999999999898e+03
1.035081000000000131e+03
1.039974999999999909e+03
1.044869000000000142e+03
1.049762999999999920e+03
1.054657000000000153e+03
1.059550999999999931e+03
1.064445000000000164e+03
1.069338999999999942e+03
1.074233000000000175e+03
1.079126999999999953e+03
1.084021000000000186e+03
1.088914999999999964e+03
1.093809000000000196e+03
1.098702999999999975e+03
1.103597000000000207e+03
1.108490999999999985e+03
1.113385000000000218e+03
1.118278999999999996e+03
1.123173000000000002e+03
1.128067000000000007e+03
1.132960999999999785e+03
1.137855000000000018e+03
1.142748999999999796e+03
1.147643000000000029e+03
1.152536999999999807e+03
1.157431000000000040e+03
1.162324999999999818e+03
1.167219000000000051e+03
1.172112999999999829e+03
1.177007000000000062e+03
1.181900999999999840e+03
1.186795000000000073e+03
1.191688999999999851e+03
1.196583000000000084e+03
1.201476999999999862e+03
1.206371000000000095e+03
1.211264999999999873e+03
1.216159000000000106e+03
1.221052999999999884e+03
1.225947000000000116e+03
1.230840999999999894e+03
1.235735000000000127e+03
1.240628999999999905e+03
1.245523000000000138e+03
1.250416999999999916e+03
1.255311000000000149e+03
1.260204999999999927e+03
1.265099000000000160e+03
1.269992999999999938e+03
1.274887000000000171e+03
1.279780999999999949e+03
1.284675000000000182e+03
1.289568999999999960e+03
1.294463000000000193e+03
1.299356999999999971e+03
1.304251000000000204e+03
1.309144999999999982e+03
1.314039000000000215e+03
1.318932999999999993e+03
1.323826999999999998e+03
1.328721000000000004e+03
1.333614999999999782e+03
1.338509000000000015e+03
1.343402999999999793e+03
1.348297000000000025e+03
1.353190999999999804e+03
1.358085000000000036e+03
1.362978999999999814e+03
1.367873000000000047e+03
1.372766999999999825e+03
1.377661000000000058e+03
1.382554999999999836e+03
1.387449000000000069e+03
1.392342999999999847e+03
1.397237000000000080e+03
1.402130999999999858e+03
1.407025000000000091e+03
1.411918999999999869e+03
1.416813000000000102e+03
1.421706999999999880e+03
1.426601000000000113e+03
1.431494999999999891e+03
1.436389000000000124e+03
1.441282999999999902e+03
1.446177000000000135e+03
1.451070999999999913e+03
1.455965000000000146e+03
1.460858999999999924e+03
1.465753000000000156e+03
1.470646999999999935e+03
1.475541000000000167e+03
1.480434999999999945e+03
1.485329000000000178e+03
1.490222999999999956e+03
1.495117000000000189e+03
1.500010999999999967e+03
1.504905000000000200e+03
1.509798999999999978e+03
1.514693000000000211e+03
1.519586999999999989e+03
1.524481000000000222e+03
1.529375000000000000e+03
1.534268999999999778e+03
1.539163000000000011e+03
1.544056999999999789e+03
1.548951000000000022e+03
1.553844999999999800e+03
1.558739000000000033e+03
1.563632999999999811e+03
1.568527000000000044e+03
1.573420999999999822e+03
1.578315000000000055e+03
1.583208999999999833e+03
1.588103000000000065e+03
1.592996999999999844e+03
1.597891000000000076e+03
1.602784999999999854e+03
1.607679000000000087e+03
1.612572999999999865e+03
1.617467000000000098e+03
1.622360999999999876e+03
1.627255000000000109e+03
1.632148999999999887e+03
1.637043000000000120e+03
1.641936999999999898e+03
1.646831000000000131e+03
1.651724999999999909e+03
1.656619000000000142e+03
1.661512999999999920e+03
1.666407000000000153e+03
1.671300999999999931e+03
1.676195000000000164e+03
1.681088999999999942e+03
1.685983000000000175e+03
1.690876999999999953e+03
1.695771000000000186e+03
1.700664999999999964e+03
1.705559000000000196e+03
1.710452999999999975e+03
1.715347000000000207e+03
1.720240999999999985e+03
1.725135000000000218e+03
1.730028999999999996e+03
1.734923000000000002e+03
1.739817000000000007e+03
1.744710999999999785e+03
1.749605000000000018e+03
1.754498999999999796e+03
1.759393000000000029e+03
1.764286999999999807e+03
1.769181000000000040e+03
1.774074999999999818e+03
1.778969000000000051e+03
1.783862999999999829e+03
1.788757000000000062e+03
1.793650999999999840e+03
1.798545000000000073e+03
1.803438999999999851e+03
1.808333000000000084e+03
1.813226999999999862e+03
1.818121000000000095e+03
1.823014999999999873e+03
1.827909000000000106e+03
1.832802999999999884e+03
1.837697000000000116e+03
1.842590999999999894e+03
1.847485000000000127e+03
1.852378999999999905e+03
1.857273000000000138e+03
1.862166999999999916e+03
1.867061000000000149e+03
1.871954999999999927e+03
1.876849000000000160e+03
1.881742999999999938e+03
1.886637000000000171e+03
1.891530999999999949e+03
1.896425000000000182e+03
1.901318999999999960e+03
1.906213000000000193e+03
1.911106999999999971e+03
1.916001000000000204e+03
1.920894999999999982e+03
1.925789000000000215e+03
1.930682999999999993e+03
1.935576999999999998e+03
1.940471000000000004e+03
1.945364999999999782e+03
1.950259000000000015e+03
1.955152999999999793e+03
1.960047000000000025e+03
1.964940999999999804e+03
1.969835000000000036e+03
1.974728999999999814e+03
1.979623000000000047e+03
1.984516999999999825e+03
1.989411000000000058e+03
1.994304999999999836e+03
1.999199000000000069e+03
2.004092999999999847e+03
2.008987000000000080e+03
2.013880999999999858e+03
2.018775000000000091e+03
2.023668999999999869e+03
2.028563000000000102e+03
2.033456999999999880e+03
2.038351000000000113e+03
2.043244999999999891e+03
2.048139000000000124e+03
2.053032999999999902e+03
2.057926999999999680e+03
2.062820999999999913e+03
2.067715000000000146e+03
2.072608999999999924e+03
2.077502999999999702e+03
2.082396999999999935e+03
2.087291000000000167e+03
2.092184999999999945e+03
2.097078999999999724e+03
2.101972999999999956e+03
2.106867000000000189e+03
2.111760999999999967e+03
2.116654999999999745e+03
2.121548999999999978e+03
2.126443000000000211e+03
2.131336999999999989e+03
2.136230999999999767e+03
2.141125000000000000e+03
2.146019000000000233e+03
2.150913000000000011e+03
2.155806999999999789e+03
2.160701000000000022e+03
2.165595000000000255e+03
2.170489000000000033e+03
2.175382999999999811e+03
2.180277000000000044e+03
2.185171000000000276e+03
2.190065000000000055e+03
2.194958999999999833e+03
2.199853000000000065e+03
2.204747000000000298e+03
2.209641000000000076e+03
2.214534999999999854e+03
2.219429000000000087e+03
2.224323000000000320e+03
2.229217000000000098e+03
2.234110999999999876e+03
2.239005000000000109e+03
2.243899000000000342e+03
2.248792999999999665e+03
2.253686999999999898e+03
2.258581000000000131e+03
2.263474999999999909e+03
2.268368999999999687e+03
2.273262999999999920e+03
2.278157000000000153e+03
2.283050999999999931e+03
2.287944999999999709e+03
2.292838999999999942e+03
2.297733000000000175e+03
2.302626999999999953e+03
2.307520999999999731e+03
2.312414999999999964e+03
2.317309000000000196e+03
2.322202999999999975e+03
2.327096999999999753e+03
2.331990999999999985e+03
2.336885000000000218e+03
2.341778999999999996e+03
2.346672999999999774e+03
2.351567000000000007e+03
2.356461000000000240e+03
2.361355000000000018e+03
2.366248999999999796e+03
2.371143000000000029e+03
2.376037000000000262e+03
2.380931000000000040e+03
2.385824999999999818e+03
2.390719000000000051e+03
2.395613000000000284e+03
2.400507000000000062e+03
2.405400999999999840e+03
2.410295000000000073e+03
2.415189000000000306e+03
2.420083000000000084e+03
2.424976999999999862e+03
2.429871000000000095e+03
2.434765000000000327e+03
2.439659000000000106e+03
2.444552999999999884e+03
2.449447000000000116e+03
2.454340999999999894e+03
2.459234999999999673e+03
2.464128999999999905e+03
2.469023000000000138e+03
2.473916999999999916e+03
2.478810999999999694e+03
2.483704999999999927e+03
2.488599000000000160e+03
2.493492999999999938e+03
2.498386999999999716e+03
2.503280999999999949e+03
2.508175000000000182e+03
2.513068999999999960e+03
2.517962999999999738e+03
2.522856999999999971e+03
2.527751000000000204e+03
2.532644999999999982e+03
2.537538999999999760e+03
2.542432999999999993e+03
2.547327000000000226e+03
2.552221000000000004e+03
2.557114999999999782e+03
2.562009000000000015e+03
2.566903000000000247e+03
2.571797000000000025e+03
2.576690999999999804e+03
2.581585000000000036e+03
2.586479000000000269e+03
2.591373000000000047e+03
2.596266999999999825e+03
2.601161000000000058e+03
2.606055000000000291e+03
2.610949000000000069e+03
2.615842999999999847e+03
2.620737000000000080e+03
2.625631000000000313e+03
2.630525000000000091e+03
2.635418999999999869e+03
2.640313000000000102e+03
2.645207000000000335e+03
2.650100999999999658e+03
2.654994999999999891e+03
2.659889000000000124e+03
2.664782999999999902e+03
2.669676999999999680e+03
2.674570999999999913e+03
2.679465000000000146e+03
2.684358999999999924e+03
2.689252999999999702e+03
2.694146999999999935e+03
2.699041000000000167e+03
2.703934999999999945e+03
2.708828999999999724e+03
2.713722999999999956e+03
2.718617000000000189e+03
2.723510999999999967e+03
2.728404999999999745e+03
2.733298999999999978e+03
2.738193000000000211e+03
2.743086999999999989e+03
2.747980999999999767e+03
2.752875000000000000e+03
2.757769000000000233e+03
2.762663000000000011e+03
2.767556999999999789e+03
2.772451000000000022e+03
2.777345000000000255e+03
2.782239000000000033e+03
2.787132999999999811e+03
2.792027000000000044e+03
2.796921000000000276e+03
2.801815000000000055e+03
2.806708999999999833e+03
2.811603000000000065e+03
2.816497000000000298e+03
2.821391000000000076e+03
2.826284999999999854e+03
2.831179000000000087e+03
2.836073000000000320e+03
2.840967000000000098e+03
2.845860999999999876e+03
2.850755000000000109e+03
2.855649000000000342e+03
2.860542999999999665e+03
2.865436999999999898e+03
2.870331000000000131e+03
2.875224999999999909e+03
2.880118999999999687e+03
2.885012999999999920e+03
2.889907000000000153e+03
2.894800999999999931e+03
2.899694999999999709e+03
2.904588999999999942e+03
2.909483000000000175e+03
2.914376999999999953e+03
2.919270999999999731e+03
2.924164999999999964e+03
2.929059000000000196e+03
2.933952999999999975e+03
2.938846999999999753e+03
2.943740999999999985e+03
2.948635000000000218e+03
2.953528999999999996e+03
2.958422999999999774e+03
2.963317000000000007e+03
2.968211000000000240e+03
2.973105000000000018e+03
2.977998999999999796e+03
2.982893000000000029e+03
2.987787000000000262e+03
2.992681000000000040e+03
2.997574999999999818e+03
3.002469000000000051e+03
3.007363000000000284e+03
3.012257000000000062e+03
3.017150999999999840e+03
3.022045000000000073e+03
3.026939000000000306e+03
3.031833000000000084e+03
3.036726999999999862e+03
3.041621000000000095e+03
3.046515000000000327e+03
3.051409000000000106e+03
3.056302999999999884e+03
3.061197000000000116e+03
3.066090999999999894e+03
3.070984999999999673e+03
3.075878999999999905e+03
3.080773000000000138e+03
3.085666999999999916e+03
3.090560999999999694e+03
3.095454999999999927e+03
3.100349000000000160e+03
3.105242999999999938e+03
3.110136999999999716e+03
3.115030999999999949e+03
3.119925000000000182e+03
3.124818999999999960e+03
3.129712999999999738e+03
3.134606999999999971e+03
3.139501000000000204e+03
3.144394999999999982e+03
3.149288999999999760e+03
3.154182999999999993e+03
3.159077000000000226e+03
3.163971000000000004e+03
3.168864999999999782e+03
