2.277000000000000135e+00
2.342999999999999972e+00
2.408999999999999808e+00
2.475000000000000089e+00
2.540999999999999925e+00
2.607000000000000206e+00
2.673000000000000043e+00
2.738999999999999879e+00
2.804999999999999716e+00
2.870999999999999996e+00
2.937000000000000277e+00
3.003000000000000114e+00
3.068999999999999950e+00
3.134999999999999787e+00
3.201000000000000068e+00
3.266999999999999904e+00
3.333000000000000185e+00
3.399000000000000021e+00
3.464999999999999858e+00
3.531000000000000139e+00
3.596999999999999975e+00
3.663000000000000256e+00
3.729000000000000092e+00
3.794999999999999929e+00
3.860999999999999766e+00
3.927000000000000046e+00
3.992999999999999883e+00
4.058999999999999275e+00
4.125000000000000000e+00
4.191000000000000725e+00
4.256999999999999673e+00
4.323000000000000398e+00
4.388999999999999346e+00
4.455000000000000071e+00
4.521000000000000796e+00
4.586999999999999744e+00
4.653000000000000469e+00
4.718999999999999417e+00
4.785000000000000142e+00
4.850999999999999979e+00
4.916999999999999815e+00
4.983000000000000540e+00
5.048999999999999488e+00
5.115000000000000213e+00
5.181000000000000050e+00
5.246999999999999886e+00
5.313000000000000611e+00
5.378999999999999559e+00
5.445000000000000284e+00
5.510999999999999233e+00
5.576999999999999957e+00
5.643000000000000682e+00
5.708999999999999631e+00
5.775000000000000355e+00
5.840999999999999304e+00
5.907000000000000028e+00
5.973000000000000753e+00
6.038999999999999702e+00
6.105000000000000426e+00
6.170999999999999375e+00
6.237000000000000099e+00
6.302999999999999936e+00
6.368999999999999773e+00
6.435000000000000497e+00
6.500999999999999446e+00
6.567000000000000171e+00
6.633000000000000007e+00
6.698999999999999844e+00
6.765000000000000568e+00
6.830999999999999517e+00
6.897000000000000242e+00
6.963000000000000078e+00
7.028999999999999915e+00
7.095000000000000639e+00
7.160999999999999588e+00
7.227000000000000313e+00
7.292999999999999261e+00
7.358999999999999986e+00
7.425000000000000711e+00
7.490999999999999659e+00
7.557000000000000384e+00
7.622999999999999332e+00
7.689000000000000057e+00
7.755000000000000782e+00
7.820999999999999730e+00
7.887000000000000455e+00
7.952999999999999403e+00
8.019000000000000128e+00
8.085000000000000853e+00
8.150999999999999801e+00
8.216999999999998749e+00
8.283000000000001251e+00
8.349000000000000199e+00
8.414999999999999147e+00
8.480999999999999872e+00
8.547000000000000597e+00
8.612999999999999545e+00
8.679000000000000270e+00
8.745000000000000995e+00
8.810999999999999943e+00
8.876999999999998892e+00
8.943000000000001393e+00
9.009000000000000341e+00
9.074999999999999289e+00
9.141000000000000014e+00
9.207000000000000739e+00
9.272999999999999687e+00
9.338999999999998636e+00
9.405000000000001137e+00
9.471000000000000085e+00
9.536999999999999034e+00
9.602999999999999758e+00
9.669000000000000483e+00
9.734999999999999432e+00
9.801000000000000156e+00
9.867000000000000881e+00
9.932999999999999829e+00
9.998999999999998778e+00
1.006500000000000128e+01
1.013100000000000023e+01
1.019699999999999918e+01
1.026299999999999990e+01
1.032900000000000063e+01
1.039499999999999957e+01
1.046100000000000030e+01
1.052700000000000102e+01
1.059299999999999997e+01
1.065899999999999892e+01
1.072499999999999964e+01
1.079100000000000037e+01
1.085699999999999932e+01
1.092300000000000004e+01
1.098900000000000077e+01
1.105499999999999972e+01
1.112099999999999866e+01
1.118700000000000117e+01
1.125300000000000011e+01
1.131899999999999906e+01
1.138499999999999979e+01
1.145100000000000051e+01
1.151699999999999946e+01
1.158300000000000018e+01
1.164900000000000091e+01
1.171499999999999986e+01
1.178099999999999881e+01
1.184700000000000131e+01
1.191300000000000026e+01
1.197899999999999920e+01
1.204499999999999993e+01
1.211100000000000065e+01
1.217699999999999960e+01
1.224300000000000033e+01
1.230900000000000105e+01
1.237500000000000000e+01
1.244099999999999895e+01
1.250699999999999967e+01
1.257300000000000040e+01
1.263899999999999935e+01
1.270500000000000007e+01
1.277100000000000080e+01
1.283699999999999974e+01
1.290299999999999869e+01
1.296900000000000119e+01
1.303500000000000014e+01
1.310099999999999909e+01
1.316699999999999982e+01
1.323300000000000054e+01
1.329899999999999949e+01
1.336500000000000021e+01
1.343100000000000094e+01
1.349699999999999989e+01
1.356299999999999883e+01
1.362900000000000134e+01
1.369500000000000028e+01
1.376099999999999923e+01
1.382699999999999996e+01
1.389300000000000068e+01
1.395899999999999963e+01
1.402500000000000036e+01
1.409100000000000108e+01
1.415700000000000003e+01
1.422299999999999898e+01
1.428899999999999970e+01
1.435500000000000043e+01
1.442099999999999937e+01
1.448700000000000010e+01
1.455300000000000082e+01
1.461899999999999977e+01
1.468499999999999872e+01
1.475100000000000122e+01
1.481700000000000017e+01
1.488299999999999912e+01
1.494899999999999984e+01
1.501500000000000057e+01
1.508099999999999952e+01
1.514700000000000024e+01
1.521300000000000097e+01
1.527899999999999991e+01
1.534499999999999886e+01
1.541100000000000136e+01
1.547700000000000031e+01
1.554299999999999926e+01
1.560899999999999999e+01
1.567500000000000071e+01
1.574099999999999966e+01
1.580699999999999861e+01
1.587300000000000111e+01
1.593900000000000006e+01
1.600499999999999901e+01
1.607099999999999795e+01
1.613700000000000045e+01
1.620300000000000296e+01
1.626899999999999835e+01
1.633500000000000085e+01
1.640099999999999980e+01
1.646699999999999875e+01
1.653300000000000125e+01
1.659900000000000020e+01
1.666499999999999915e+01
1.673100000000000165e+01
1.679699999999999704e+01
1.686299999999999955e+01
1.692900000000000205e+01
1.699499999999999744e+01
1.706099999999999994e+01
1.712700000000000244e+01
1.719299999999999784e+01
1.725900000000000034e+01
1.732500000000000284e+01
1.739099999999999824e+01
1.745700000000000074e+01
1.752299999999999969e+01
1.758899999999999864e+01
1.765500000000000114e+01
1.772100000000000009e+01
1.778699999999999903e+01
1.785300000000000153e+01
1.791900000000000048e+01
1.798499999999999943e+01
1.805100000000000193e+01
1.811699999999999733e+01
1.818299999999999983e+01
1.824900000000000233e+01
1.831499999999999773e+01
1.838100000000000023e+01
1.844700000000000273e+01
1.851299999999999812e+01
1.857900000000000063e+01
1.864499999999999957e+01
1.871099999999999852e+01
1.877700000000000102e+01
1.884299999999999997e+01
1.890899999999999892e+01
1.897500000000000142e+01
1.904100000000000037e+01
1.910699999999999932e+01
1.917300000000000182e+01
1.923899999999999721e+01
1.930499999999999972e+01
1.937100000000000222e+01
1.943699999999999761e+01
1.950300000000000011e+01
1.956900000000000261e+01
1.963499999999999801e+01
1.970100000000000051e+01
1.976700000000000301e+01
1.983299999999999841e+01
1.989900000000000091e+01
1.996499999999999986e+01
2.003099999999999881e+01
2.009700000000000131e+01
2.016300000000000026e+01
2.022899999999999920e+01
2.029500000000000171e+01
2.036099999999999710e+01
2.042699999999999960e+01
2.049300000000000210e+01
2.055899999999999750e+01
2.062500000000000000e+01
2.069100000000000250e+01
2.075699999999999790e+01
2.082300000000000040e+01
2.088900000000000290e+01
2.095499999999999829e+01
2.102100000000000080e+01
2.108699999999999974e+01
2.115299999999999869e+01
2.121900000000000119e+01
2.128500000000000014e+01
2.135099999999999909e+01
2.141700000000000159e+01
2.148299999999999699e+01
2.154899999999999949e+01
2.161500000000000199e+01
2.168099999999999739e+01
2.174699999999999989e+01
2.181300000000000239e+01
2.187899999999999778e+01
2.194500000000000028e+01
2.201100000000000279e+01
2.207699999999999818e+01
2.214300000000000068e+01
2.220899999999999963e+01
2.227499999999999858e+01
2.234100000000000108e+01
2.240700000000000003e+01
2.247299999999999898e+01
2.253900000000000148e+01
2.260500000000000043e+01
2.267099999999999937e+01
2.273700000000000188e+01
2.280299999999999727e+01
2.286899999999999977e+01
2.293500000000000227e+01
2.300099999999999767e+01
2.306700000000000017e+01
2.313300000000000267e+01
2.319899999999999807e+01
2.326500000000000057e+01
2.333099999999999952e+01
2.339699999999999847e+01
2.346300000000000097e+01
2.352899999999999991e+01
2.359499999999999886e+01
2.366100000000000136e+01
2.372700000000000031e+01
2.379299999999999926e+01
2.385900000000000176e+01
2.392499999999999716e+01
2.399099999999999966e+01
2.405700000000000216e+01
2.412299999999999756e+01
2.418900000000000006e+01
2.425500000000000256e+01
2.432099999999999795e+01
2.438700000000000045e+01
2.445300000000000296e+01
2.451899999999999835e+01
2.458500000000000085e+01
2.465099999999999980e+01
2.471699999999999875e+01
2.478300000000000125e+01
2.484900000000000020e+01
2.491499999999999915e+01
2.498100000000000165e+01
2.504699999999999704e+01
2.511299999999999955e+01
2.517900000000000205e+01
2.524499999999999744e+01
2.531099999999999994e+01
2.537700000000000244e+01
2.544299999999999784e+01
2.550900000000000034e+01
2.557500000000000284e+01
2.564099999999999824e+01
2.570700000000000074e+01
2.577299999999999969e+01
2.583899999999999864e+01
2.590500000000000114e+01
2.597100000000000009e+01
2.603699999999999903e+01
2.610300000000000153e+01
2.616900000000000048e+01
2.623499999999999943e+01
2.630100000000000193e+01
2.636699999999999733e+01
2.643299999999999983e+01
2.649900000000000233e+01
2.656499999999999773e+01
2.663100000000000023e+01
2.669700000000000273e+01
2.676299999999999812e+01
2.682900000000000063e+01
2.689499999999999957e+01
2.696099999999999852e+01
2.702700000000000102e+01
2.709299999999999997e+01
2.715899999999999892e+01
2.722500000000000142e+01
2.729100000000000037e+01
2.735699999999999932e+01
2.742300000000000182e+01
2.748899999999999721e+01
2.755499999999999972e+01
2.762100000000000222e+01
2.768699999999999761e+01
2.775300000000000011e+01
2.781900000000000261e+01
2.788499999999999801e+01
2.795100000000000051e+01
2.801700000000000301e+01
2.808299999999999841e+01
2.814900000000000091e+01
2.821499999999999986e+01
2.828099999999999881e+01
2.834700000000000131e+01
2.841300000000000026e+01
2.847899999999999920e+01
2.854500000000000171e+01
2.861099999999999710e+01
2.867699999999999960e+01
2.874300000000000210e+01
2.880899999999999750e+01
2.887500000000000000e+01
2.894100000000000250e+01
2.900699999999999790e+01
2.907300000000000040e+01
2.913900000000000290e+01
2.920499999999999829e+01
2.927100000000000080e+01
2.933699999999999974e+01
2.940299999999999869e+01
2.946900000000000119e+01
2.953500000000000014e+01
2.960099999999999909e+01
2.966700000000000159e+01
2.973299999999999699e+01
2.979899999999999949e+01
2.986500000000000199e+01
2.993099999999999739e+01
2.999699999999999989e+01
3.006300000000000239e+01
3.012899999999999778e+01
3.019500000000000028e+01
3.026100000000000279e+01
3.032699999999999818e+01
3.039300000000000068e+01
3.045899999999999963e+01
3.052499999999999858e+01
3.059100000000000108e+01
3.065700000000000003e+01
3.072299999999999898e+01
3.078900000000000148e+01
3.085500000000000043e+01
3.092099999999999937e+01
3.098700000000000188e+01
3.105299999999999727e+01
