0.000000
3.378000
6.756000
10.134000
13.512000
16.890000
20.268000
23.646000
27.024000
30.402000
33.780000
37.158000
40.536000
43.914000
47.292000
50.670000
54.048000
57.426000
60.804000
64.182000
67.560000
70.938000
74.316000
77.694000
81.072000
84.450000
87.828000
91.206000
94.584000
97.962000
101.340000
104.718000
108.096000
111.474000
114.852000
118.230000
121.608000
124.986000
128.364000
131.742000
135.120000
138.498000
141.876000
145.254000
148.632000
152.010000
155.388000
158.766000
162.144000
165.522000
168.900000
172.278000
175.656000
179.034000
182.412000
185.790000
189.168000
192.546000
195.924000
199.302000
202.680000
206.058000
209.436000
212.814000
216.192000
219.570000
222.948000
226.326000
229.704000
233.082000
236.460000
239.838000
243.216000
246.594000
249.972000
253.350000
256.728000
260.106000
263.484000
266.862000
270.240000
273.618000
276.996000
280.374000
283.752000
287.130000
290.508000
293.886000
297.264000
300.642000
304.020000
307.398000
310.776000
314.154000
317.532000
320.910000
324.288000
327.666000
331.044000
334.422000
337.800000
341.178000
344.556000
347.934000
351.312000
354.690000
358.068000
361.446000
364.824000
368.202000
371.580000
374.958000
378.336000
381.714000
385.092000
388.470000
391.848000
395.226000
398.604000
401.982000
405.360000
408.738000
412.116000
415.494000
418.872000
422.250000
425.628000
429.006000
432.384000
435.762000
439.140000
442.518000
445.896000
449.274000
452.652000
456.030000
459.408000
462.786000
466.164000
469.542000
472.920000
476.298000
479.676000
483.054000
486.432000
489.810000
493.188000
496.566000
499.944000
503.322000
506.700000
510.078000
513.456000
516.834000
520.212000
523.590000
526.968000
530.346000
533.724000
537.102000
540.480000
543.858000
547.236000
550.614000
553.992000
557.370000
560.748000
564.126000
567.504000
570.882000
574.260000
577.638000
581.016000
584.394000
587.772000
591.150000
594.528000
597.906000
601.284000
604.662000
608.040000
611.418000
614.796000
618.174000
621.552000
624.930000
628.308000
631.686000
635.064000
638.442000
641.820000
645.198000
648.576000
651.954000
655.332000
658.710000
662.088000
665.466000
668.844000
672.222000
675.600000
678.978000
682.356000
685.734000
689.112000
692.490000
695.868000
699.246000
702.624000
706.002000
709.380000
712.758000
716.136000
719.514000
722.892000
726.270000
729.648000
733.026000
736.404000
739.782000
743.160000
746.538000
749.916000
753.294000
756.672000
760.050000
763.428000
766.806000
770.184000
773.562000
776.940000
780.318000
783.696000
787.074000
790.452000
793.830000
797.208000
800.586000
803.964000
807.342000
810.720000
814.098000
817.476000
820.854000
824.232000
827.610000
830.988000
834.366000
837.744000
841.122000
844.500000
847.878000
851.256000
854.634000
858.012000
861.390000
864.768000
868.146000
871.524000
874.902000
878.280000
881.658000
885.036000
888.414000
891.792000
895.170000
898.548000
901.926000
905.304000
908.682000
912.060000
915.438000
918.816000
922.194000
925.572000
928.950000
932.328000
935.706000
939.084000
942.462000
945.840000
949.218000
952.596000
955.974000
959.352000
962.730000
966.108000
969.486000
972.864000
976.242000
979.620000
982.998000
986.376000
989.754000
993.132000
996.510000
999.888000
1003.266000
1006.644000
1010.022000
1013.400000
1016.778000
1020.156000
1023.534000
1026.912000
1030.290000
1033.668000
1037.046000
1040.424000
1043.802000
1047.180000
1050.558000
1053.936000
1057.314000
1060.692000
1064.070000
1067.448000
1070.826000
1074.204000
1077.582000
1080.960000
1084.338000
1087.716000
1091.094000
1094.472000
1097.850000
1101.228000
1104.606000
1107.984000
1111.362000
1114.740000
1118.118000
1121.496000
1124.874000
1128.252000
1131.630000
1135.008000
1138.386000
1141.764000
1145.142000
1148.520000
1151.898000
1155.276000
1158.654000
1162.032000
1165.410000
1168.788000
1172.166000
1175.544000
1178.922000
1182.300000
1185.678000
1189.056000
1192.434000
1195.812000
1199.190000
1202.568000
1205.946000
1209.324000
1212.702000
1216.080000
1219.458000
1222.836000
1226.214000
1229.592000
1232.970000
1236.348000
1239.726000
1243.104000
1246.482000
1249.860000
1253.238000
1256.616000
1259.994000
1263.372000
1266.750000
1270.128000
1273.506000
1276.884000
1280.262000
1283.640000
1287.018000
1290.396000
1293.774000
1297.152000
1300.530000
1303.908000
1307.286000
1310.664000
1314.042000
1317.420000
1320.798000
1324.176000
1327.554000
1330.932000
1334.310000
1337.688000
1341.066000
1344.444000
1347.822000
1351.200000
1354.578000
1357.956000
1361.334000
1364.712000
1368.090000
1371.468000
1374.846000
1378.224000
1381.602000
1384.980000
1388.358000
1391.736000
1395.114000
1398.492000
1401.870000
1405.248000
1408.626000
1412.004000
1415.382000
1418.760000
1422.138000
1425.516000
1428.894000
1432.272000
1435.650000
1439.028000
1442.406000
1445.784000
1449.162000
1452.540000
1455.918000
1459.296000
1462.674000
1466.052000
1469.430000
1472.808000
1476.186000
1479.564000
1482.942000
1486.320000
1489.698000
1493.076000
1496.454000
1499.832000
1503.210000
1506.588000
1509.966000
1513.344000
1516.722000
1520.100000
1523.478000
1526.856000
1530.234000
1533.612000
1536.990000
1540.368000
1543.746000
1547.124000
1550.502000
1553.880000
1557.258000
1560.636000
1564.014000
1567.392000
1570.770000
1574.148000
1577.526000
1580.904000
1584.282000
1587.660000
1591.038000
1594.416000
1597.794000
1601.172000
1604.550000
1607.928000
1611.306000
1614.684000
1618.062000
1621.440000
1624.818000
1628.196000
1631.574000
1634.952000
1638.330000
1641.708000
1645.086000
1648.464000
1651.842000
1655.220000
1658.598000
1661.976000
1665.354000
1668.732000
1672.110000
1675.488000
1678.866000
1682.244000
1685.622000
1689.000000
1692.378000
1695.756000
1699.134000
1702.512000
1705.890000
1709.268000
1712.646000
1716.024000
1719.402000
1722.780000
1726.158000
1729.536000
1732.914000
1736.292000
1739.670000
1743.048000
1746.426000
1749.804000
1753.182000
1756.560000
1759.938000
1763.316000
1766.694000
1770.072000
1773.450000
1776.828000
1780.206000
1783.584000
1786.962000
1790.340000
1793.718000
1797.096000
1800.474000
1803.852000
1807.230000
1810.608000
1813.986000
1817.364000
1820.742000
1824.120000
1827.498000
1830.876000
1834.254000
1837.632000
1841.010000
1844.388000
1847.766000
1851.144000
1854.522000
1857.900000
1861.278000
1864.656000
1868.034000
1871.412000
1874.790000
1878.168000
1881.546000
1884.924000
1888.302000
1891.680000
1895.058000
1898.436000
1901.814000
1905.192000
1908.570000
1911.948000
1915.326000
1918.704000
1922.082000
1925.460000
1928.838000
1932.216000
1935.594000
1938.972000
1942.350000
1945.728000
1949.106000
1952.484000
1955.862000
1959.240000
1962.618000
1965.996000
1969.374000
1972.752000
1976.130000
1979.508000
1982.886000
1986.264000
1989.642000
1993.020000
1996.398000
1999.776000
2003.154000
2006.532000
2009.910000
2013.288000
2016.666000
2020.044000
2023.422000
2026.800000
2030.178000
2033.556000
2036.934000
2040.312000
2043.690000
2047.068000
2050.446000
2053.824000
2057.202000
2060.580000
2063.958000
2067.336000
2070.714000
2074.092000
2077.470000
2080.848000
2084.226000
2087.604000
2090.982000
2094.360000
2097.738000
2101.116000
2104.494000
2107.872000
2111.250000
2114.628000
2118.006000
2121.384000
2124.762000
2128.140000
2131.518000
2134.896000
2138.274000
2141.652000
2145.030000
2148.408000
2151.786000
2155.164000
2158.542000
2161.920000
2165.298000
2168.676000
2172.054000
2175.432000
2178.810000
2182.188000
2185.566000
2188.944000
2192.322000
2195.700000
2199.078000
2202.456000
2205.834000
2209.212000
2212.590000
2215.968000
2219.346000
2222.724000
2226.102000
2229.480000
2232.858000
2236.236000
2239.614000
2242.992000
2246.370000
2249.748000
2253.126000
2256.504000
2259.882000
2263.260000
2266.638000
2270.016000
2273.394000
2276.772000
2280.150000
2283.528000
2286.906000
2290.284000
2293.662000
2297.040000
2300.418000
2303.796000
2307.174000
2310.552000
2313.930000
2317.308000
2320.686000
2324.064000
2327.442000
2330.820000
2334.198000
2337.576000
2340.954000
2344.332000
2347.710000
2351.088000
2354.466000
2357.844000
2361.222000
2364.600000
2367.978000
2371.356000
2374.734000
2378.112000
2381.490000
2384.868000
2388.246000
2391.624000
2395.002000
2398.380000
2401.758000
2405.136000
2408.514000
2411.892000
2415.270000
2418.648000
2422.026000
2425.404000
2428.782000
2432.160000
2435.538000
2438.916000
2442.294000
2445.672000
2449.050000
2452.428000
2455.806000
2459.184000
2462.562000
2465.940000
2469.318000
2472.696000
2476.074000
2479.452000
2482.830000
2486.208000
2489.586000
2492.964000
2496.342000
2499.720000
2503.098000
2506.476000
2509.854000
2513.232000
2516.610000
2519.988000
2523.366000
2526.744000
2530.122000
2533.500000
2536.878000
2540.256000
2543.634000
2547.012000
2550.390000
2553.768000
2557.146000
2560.524000
2563.902000
2567.280000
2570.658000
2574.036000
2577.414000
2580.792000
2584.170000
2587.548000
2590.926000
2594.304000
2597.682000
2601.060000
2604.438000
2607.816000
2611.194000
2614.572000
2617.950000
2621.328000
2624.706000
2628.084000
2631.462000
2634.840000
2638.218000
2641.596000
2644.974000
2648.352000
2651.730000
2655.108000
2658.486000
2661.864000
2665.242000
2668.620000
2671.998000
2675.376000
2678.754000
2682.132000
2685.510000
2688.888000
2692.266000
2695.644000
2699.022000
2702.400000
2705.778000
2709.156000
2712.534000
2715.912000
2719.290000
2722.668000
2726.046000
2729.424000
2732.802000
2736.180000
2739.558000
2742.936000
2746.314000
2749.692000
2753.070000
2756.448000
2759.826000
2763.204000
2766.582000
2769.960000
2773.338000
2776.716000
2780.094000
2783.472000
2786.850000
2790.228000
2793.606000
2796.984000
2800.362000
2803.740000
2807.118000
2810.496000
2813.874000
2817.252000
2820.630000
2824.008000
2827.386000
2830.764000
2834.142000
2837.520000
2840.898000
2844.276000
2847.654000
2851.032000
2854.410000
2857.788000
2861.166000
2864.544000
2867.922000
2871.300000
2874.678000
2878.056000
2881.434000
2884.812000
2888.190000
2891.568000
2894.946000
2898.324000
2901.702000
2905.080000
2908.458000
2911.836000
2915.214000
2918.592000
2921.970000
2925.348000
2928.726000
2932.104000
2935.482000
2938.860000
2942.238000
2945.616000
2948.994000
2952.372000
2955.750000
2959.128000
2962.506000
2965.884000
2969.262000
2972.640000
2976.018000
2979.396000
2982.774000
2986.152000
2989.530000
2992.908000
2996.286000
2999.664000
3003.042000
3006.420000
3009.798000
3013.176000
3016.554000
3019.932000
3023.310000
3026.688000
3030.066000
3033.444000
3036.822000
3040.200000
3043.578000
3046.956000
3050.334000
3053.712000
3057.090000
3060.468000
3063.846000
3067.224000
3070.602000
3073.980000
3077.358000
3080.736000
3084.114000
3087.492000
3090.870000
3094.248000
3097.626000
3101.004000
3104.382000
3107.760000
3111.138000
3114.516000
3117.894000
3121.272000
3124.650000
3128.028000
3131.406000
3134.784000
3138.162000
3141.540000
3144.918000
3148.296000
3151.674000
3155.052000
3158.430000
3161.808000
3165.186000
3168.564000
3171.942000
3175.320000
3178.698000
3182.076000
3185.454000
3188.832000
3192.210000
3195.588000
3198.966000
3202.344000
3205.722000
3209.100000
3212.478000
3215.856000
3219.234000
3222.612000
3225.990000
3229.368000
3232.746000
3236.124000
3239.502000
3242.880000
3246.258000
3249.636000
3253.014000
3256.392000
3259.770000
3263.148000
3266.526000
3269.904000
3273.282000
3276.660000
3280.038000
3283.416000
3286.794000
3290.172000
3293.550000
3296.928000
3300.306000
3303.684000
3307.062000
3310.440000
3313.818000
3317.196000
3320.574000
3323.952000
3327.330000
3330.708000
3334.086000
3337.464000
3340.842000
3344.220000
3347.598000
3350.976000
3354.354000
3357.732000
3361.110000
3364.488000
3367.866000
3371.244000
3374.622000
3378.000000
