3.042200000000000060e+01
3.190600000000000236e+01
3.339000000000000057e+01
3.487399999999999523e+01
3.635800000000000409e+01
3.784199999999999875e+01
3.932600000000000051e+01
4.081000000000000227e+01
4.229399999999999693e+01
4.377800000000000580e+01
4.526200000000000045e+01
4.674599999999999511e+01
4.823000000000000398e+01
4.971399999999999864e+01
5.119800000000000040e+01
5.268200000000000216e+01
5.416599999999999682e+01
5.565000000000000568e+01
5.713400000000000034e+01
5.861799999999999500e+01
6.010200000000000387e+01
6.158599999999999852e+01
6.307000000000000028e+01
6.455400000000000205e+01
6.603800000000001091e+01
6.752199999999999136e+01
6.900600000000000023e+01
7.049000000000000909e+01
7.197399999999998954e+01
7.345799999999999841e+01
7.494200000000000728e+01
7.642600000000000193e+01
7.790999999999999659e+01
7.939400000000000546e+01
8.087800000000000011e+01
8.236199999999999477e+01
8.384600000000000364e+01
8.532999999999999829e+01
8.681399999999999295e+01
8.829800000000000182e+01
8.978200000000001069e+01
9.126599999999999113e+01
9.275000000000000000e+01
9.423400000000000887e+01
9.571799999999998931e+01
9.720199999999999818e+01
9.868600000000000705e+01
1.001700000000000017e+02
1.016539999999999964e+02
1.031380000000000052e+02
1.046219999999999999e+02
1.061059999999999945e+02
1.075900000000000034e+02
1.090739999999999981e+02
1.105579999999999927e+02
1.120420000000000016e+02
1.135260000000000105e+02
1.150099999999999909e+02
1.164939999999999998e+02
1.179780000000000086e+02
1.194619999999999891e+02
1.209459999999999980e+02
1.224300000000000068e+02
1.239140000000000015e+02
1.253979999999999961e+02
1.268820000000000050e+02
1.283659999999999854e+02
1.298500000000000227e+02
1.313340000000000032e+02
1.328179999999999836e+02
1.343020000000000209e+02
1.357860000000000014e+02
1.372699999999999818e+02
1.387540000000000191e+02
1.402379999999999995e+02
1.417219999999999800e+02
1.432060000000000173e+02
1.446899999999999977e+02
1.461739999999999782e+02
1.476580000000000155e+02
1.491419999999999959e+02
1.506259999999999764e+02
1.521100000000000136e+02
1.535939999999999941e+02
1.550780000000000030e+02
1.565620000000000118e+02
1.580459999999999923e+02
1.595300000000000011e+02
1.610140000000000100e+02
1.624979999999999905e+02
1.639819999999999993e+02
1.654660000000000082e+02
1.669499999999999886e+02
1.684339999999999975e+02
1.699180000000000064e+02
1.714019999999999868e+02
1.728859999999999957e+02
1.743700000000000045e+02
1.758539999999999850e+02
1.773380000000000223e+02
1.788220000000000027e+02
1.803059999999999832e+02
1.817900000000000205e+02
1.832740000000000009e+02
1.847579999999999814e+02
1.862420000000000186e+02
1.877259999999999991e+02
1.892099999999999795e+02
1.906940000000000168e+02
1.921779999999999973e+02
1.936619999999999777e+02
1.951460000000000150e+02
1.966299999999999955e+02
1.981140000000000043e+02
1.995980000000000132e+02
2.010819999999999936e+02
2.025660000000000025e+02
2.040500000000000114e+02
2.055339999999999918e+02
2.070180000000000007e+02
2.085020000000000095e+02
2.099859999999999900e+02
2.114699999999999989e+02
2.129540000000000077e+02
2.144379999999999882e+02
2.159219999999999970e+02
2.174060000000000059e+02
2.188899999999999864e+02
2.203740000000000236e+02
2.218580000000000041e+02
2.233419999999999845e+02
2.248260000000000218e+02
2.263100000000000023e+02
2.277939999999999827e+02
2.292780000000000200e+02
2.307620000000000005e+02
2.322459999999999809e+02
2.337300000000000182e+02
2.352139999999999986e+02
2.366979999999999791e+02
2.381820000000000164e+02
2.396659999999999968e+02
2.411499999999999773e+02
2.426340000000000146e+02
2.441179999999999950e+02
2.456020000000000039e+02
2.470860000000000127e+02
2.485699999999999932e+02
2.500540000000000020e+02
2.515380000000000109e+02
2.530219999999999914e+02
2.545060000000000002e+02
2.559900000000000091e+02
2.574740000000000464e+02
2.589579999999999700e+02
2.604420000000000073e+02
2.619260000000000446e+02
2.634099999999999682e+02
2.648940000000000055e+02
2.663780000000000427e+02
2.678619999999999663e+02
2.693460000000000036e+02
2.708300000000000409e+02
2.723139999999999645e+02
2.737980000000000018e+02
2.752820000000000391e+02
2.767659999999999627e+02
2.782500000000000000e+02
2.797340000000000373e+02
2.812179999999999609e+02
2.827019999999999982e+02
2.841860000000000355e+02
2.856699999999999591e+02
2.871539999999999964e+02
2.886380000000000337e+02
2.901219999999999573e+02
2.916059999999999945e+02
2.930900000000000318e+02
2.945739999999999554e+02
2.960579999999999927e+02
2.975420000000000300e+02
2.990259999999999536e+02
3.005099999999999909e+02
3.019940000000000282e+02
3.034780000000000086e+02
3.049619999999999891e+02
3.064460000000000264e+02
3.079300000000000068e+02
3.094139999999999873e+02
3.108980000000000246e+02
3.123820000000000050e+02
3.138659999999999854e+02
3.153500000000000227e+02
3.168340000000000032e+02
3.183179999999999836e+02
3.198020000000000209e+02
3.212860000000000014e+02
3.227699999999999818e+02
3.242540000000000191e+02
3.257379999999999995e+02
3.272219999999999800e+02
3.287060000000000173e+02
3.301899999999999977e+02
3.316739999999999782e+02
3.331580000000000155e+02
3.346419999999999959e+02
3.361259999999999764e+02
3.376100000000000136e+02
3.390939999999999941e+02
3.405779999999999745e+02
3.420620000000000118e+02
3.435459999999999923e+02
3.450299999999999727e+02
3.465140000000000100e+02
3.479979999999999905e+02
3.494819999999999709e+02
3.509660000000000082e+02
3.524500000000000455e+02
3.539339999999999691e+02
3.554180000000000064e+02
3.569020000000000437e+02
3.583859999999999673e+02
3.598700000000000045e+02
3.613540000000000418e+02
3.628379999999999654e+02
3.643220000000000027e+02
3.658060000000000400e+02
3.672899999999999636e+02
3.687740000000000009e+02
3.702580000000000382e+02
3.717419999999999618e+02
3.732259999999999991e+02
3.747100000000000364e+02
3.761939999999999600e+02
3.776779999999999973e+02
3.791620000000000346e+02
3.806459999999999582e+02
3.821299999999999955e+02
3.836140000000000327e+02
3.850979999999999563e+02
3.865819999999999936e+02
3.880660000000000309e+02
3.895499999999999545e+02
3.910339999999999918e+02
3.925180000000000291e+02
3.940020000000000095e+02
3.954859999999999900e+02
3.969700000000000273e+02
3.984540000000000077e+02
3.999379999999999882e+02
4.014220000000000255e+02
4.029060000000000059e+02
4.043899999999999864e+02
4.058740000000000236e+02
4.073580000000000041e+02
4.088419999999999845e+02
4.103260000000000218e+02
4.118100000000000023e+02
4.132939999999999827e+02
4.147780000000000200e+02
4.162620000000000005e+02
4.177459999999999809e+02
4.192300000000000182e+02
4.207139999999999986e+02
4.221979999999999791e+02
4.236820000000000164e+02
4.251659999999999968e+02
4.266499999999999773e+02
4.281340000000000146e+02
4.296179999999999950e+02
4.311019999999999754e+02
4.325860000000000127e+02
4.340699999999999932e+02
4.355539999999999736e+02
4.370380000000000109e+02
4.385219999999999914e+02
4.400059999999999718e+02
4.414900000000000091e+02
4.429740000000000464e+02
4.444579999999999700e+02
4.459420000000000073e+02
4.474260000000000446e+02
4.489099999999999682e+02
4.503940000000000055e+02
4.518780000000000427e+02
4.533619999999999663e+02
4.548460000000000036e+02
4.563300000000000409e+02
4.578139999999999645e+02
4.592980000000000018e+02
4.607820000000000391e+02
4.622659999999999627e+02
4.637500000000000000e+02
4.652340000000000373e+02
4.667179999999999609e+02
4.682019999999999982e+02
4.696860000000000355e+02
4.711699999999999591e+02
4.726539999999999964e+02
4.741380000000000337e+02
4.756219999999999573e+02
4.771059999999999945e+02
4.785900000000000318e+02
4.800739999999999554e+02
4.815579999999999927e+02
4.830420000000000300e+02
4.845259999999999536e+02
4.860099999999999909e+02
4.874940000000000282e+02
4.889780000000000086e+02
4.904619999999999891e+02
4.919460000000000264e+02
4.934300000000000068e+02
4.949139999999999873e+02
4.963980000000000246e+02
4.978820000000000050e+02
4.993659999999999854e+02
5.008500000000000227e+02
5.023340000000000032e+02
5.038179999999999836e+02
5.053020000000000209e+02
5.067860000000000014e+02
5.082699999999999818e+02
5.097540000000000191e+02
5.112379999999999995e+02
5.127219999999999800e+02
5.142060000000000173e+02
5.156900000000000546e+02
5.171739999999999782e+02
5.186580000000000155e+02
5.201420000000000528e+02
5.216259999999999764e+02
5.231100000000000136e+02
5.245940000000000509e+02
5.260779999999999745e+02
5.275620000000000118e+02
5.290460000000000491e+02
5.305299999999999727e+02
5.320140000000000100e+02
5.334980000000000473e+02
5.349819999999999709e+02
5.364660000000000082e+02
5.379500000000000455e+02
5.394339999999999691e+02
5.409180000000000064e+02
5.424020000000000437e+02
5.438859999999999673e+02
5.453700000000000045e+02
5.468540000000000418e+02
5.483379999999999654e+02
5.498220000000000027e+02
5.513060000000000400e+02
5.527899999999999636e+02
5.542740000000000009e+02
5.557580000000000382e+02
5.572419999999999618e+02
5.587259999999999991e+02
5.602100000000000364e+02
5.616939999999999600e+02
5.631779999999999973e+02
5.646620000000000346e+02
5.661459999999999582e+02
5.676299999999999955e+02
5.691140000000000327e+02
5.705979999999999563e+02
5.720819999999999936e+02
5.735660000000000309e+02
5.750499999999999545e+02
5.765339999999999918e+02
5.780180000000000291e+02
5.795019999999999527e+02
5.809859999999999900e+02
5.824700000000000273e+02
5.839539999999999509e+02
5.854379999999999882e+02
5.869220000000000255e+02
5.884059999999999491e+02
5.898899999999999864e+02
5.913740000000000236e+02
5.928579999999999472e+02
5.943419999999999845e+02
5.958260000000000218e+02
5.973099999999999454e+02
5.987939999999999827e+02
6.002780000000000200e+02
6.017619999999999436e+02
6.032460000000000946e+02
6.047300000000000182e+02
6.062139999999999418e+02
6.076980000000000928e+02
6.091820000000000164e+02
6.106659999999999400e+02
6.121500000000000909e+02
6.136340000000000146e+02
6.151179999999999382e+02
6.166020000000000891e+02
6.180860000000000127e+02
6.195699999999999363e+02
6.210540000000000873e+02
6.225380000000000109e+02
6.240219999999999345e+02
6.255060000000000855e+02
6.269900000000000091e+02
6.284739999999999327e+02
6.299580000000000837e+02
6.314420000000000073e+02
6.329259999999999309e+02
6.344100000000000819e+02
6.358940000000000055e+02
6.373779999999999291e+02
6.388620000000000800e+02
6.403460000000000036e+02
6.418299999999999272e+02
6.433140000000000782e+02
6.447980000000000018e+02
6.462819999999999254e+02
6.477660000000000764e+02
6.492500000000000000e+02
6.507339999999999236e+02
6.522180000000000746e+02
6.537019999999999982e+02
6.551859999999999218e+02
6.566700000000000728e+02
6.581539999999999964e+02
6.596379999999999200e+02
6.611220000000000709e+02
6.626059999999999945e+02
6.640899999999999181e+02
6.655740000000000691e+02
6.670579999999999927e+02
6.685419999999999163e+02
6.700260000000000673e+02
6.715099999999999909e+02
6.729939999999999145e+02
6.744780000000000655e+02
6.759619999999999891e+02
6.774459999999999127e+02
6.789300000000000637e+02
6.804139999999999873e+02
6.818979999999999109e+02
6.833820000000000618e+02
6.848659999999999854e+02
6.863499999999999091e+02
6.878340000000000600e+02
6.893179999999999836e+02
6.908019999999999072e+02
6.922860000000000582e+02
6.937699999999999818e+02
6.952539999999999054e+02
6.967380000000000564e+02
6.982219999999999800e+02
6.997060000000000173e+02
7.011900000000000546e+02
7.026739999999999782e+02
7.041580000000000155e+02
7.056420000000000528e+02
7.071259999999999764e+02
7.086100000000000136e+02
7.100940000000000509e+02
7.115779999999999745e+02
7.130620000000000118e+02
7.145460000000000491e+02
7.160299999999999727e+02
7.175140000000000100e+02
7.189980000000000473e+02
7.204819999999999709e+02
7.219660000000000082e+02
7.234500000000000455e+02
7.249339999999999691e+02
7.264180000000000064e+02
7.279020000000000437e+02
7.293859999999999673e+02
7.308700000000000045e+02
7.323540000000000418e+02
7.338379999999999654e+02
7.353220000000000027e+02
7.368060000000000400e+02
7.382899999999999636e+02
7.397740000000000009e+02
7.412580000000000382e+02
7.427419999999999618e+02
7.442259999999999991e+02
7.457100000000000364e+02
7.471939999999999600e+02
7.486779999999999973e+02
7.501620000000000346e+02
7.516459999999999582e+02
7.531299999999999955e+02
7.546140000000000327e+02
7.560979999999999563e+02
7.575819999999999936e+02
7.590660000000000309e+02
7.605499999999999545e+02
7.620339999999999918e+02
7.635180000000000291e+02
7.650019999999999527e+02
7.664859999999999900e+02
7.679700000000000273e+02
7.694539999999999509e+02
7.709379999999999882e+02
7.724220000000000255e+02
7.739059999999999491e+02
7.753899999999999864e+02
7.768740000000000236e+02
7.783579999999999472e+02
7.798419999999999845e+02
7.813260000000000218e+02
7.828099999999999454e+02
7.842939999999999827e+02
7.857780000000000200e+02
7.872619999999999436e+02
7.887460000000000946e+02
7.902300000000000182e+02
7.917139999999999418e+02
7.931980000000000928e+02
7.946820000000000164e+02
7.961659999999999400e+02
7.976500000000000909e+02
7.991340000000000146e+02
8.006179999999999382e+02
8.021020000000000891e+02
8.035860000000000127e+02
8.050699999999999363e+02
8.065540000000000873e+02
8.080380000000000109e+02
8.095219999999999345e+02
8.110060000000000855e+02
8.124900000000000091e+02
8.139739999999999327e+02
8.154580000000000837e+02
8.169420000000000073e+02
8.184259999999999309e+02
8.199100000000000819e+02
8.213940000000000055e+02
8.228779999999999291e+02
8.243620000000000800e+02
8.258460000000000036e+02
8.273299999999999272e+02
8.288140000000000782e+02
8.302980000000000018e+02
8.317819999999999254e+02
8.332660000000000764e+02
8.347500000000000000e+02
8.362339999999999236e+02
8.377180000000000746e+02
8.392019999999999982e+02
8.406859999999999218e+02
8.421700000000000728e+02
8.436539999999999964e+02
8.451379999999999200e+02
8.466220000000000709e+02
8.481059999999999945e+02
8.495899999999999181e+02
8.510740000000000691e+02
8.525579999999999927e+02
8.540419999999999163e+02
8.555260000000000673e+02
8.570099999999999909e+02
8.584939999999999145e+02
8.599780000000000655e+02
8.614619999999999891e+02
8.629459999999999127e+02
8.644300000000000637e+02
8.659139999999999873e+02
8.673979999999999109e+02
8.688820000000000618e+02
8.703659999999999854e+02
8.718499999999999091e+02
8.733340000000000600e+02
8.748179999999999836e+02
8.763019999999999072e+02
8.777860000000000582e+02
8.792699999999999818e+02
8.807539999999999054e+02
8.822380000000000564e+02
8.837219999999999800e+02
8.852060000000000173e+02
8.866900000000000546e+02
8.881739999999999782e+02
8.896580000000000155e+02
8.911420000000000528e+02
8.926259999999999764e+02
8.941100000000000136e+02
8.955940000000000509e+02
8.970779999999999745e+02
8.985620000000000118e+02
9.000460000000000491e+02
9.015299999999999727e+02
9.030140000000000100e+02
9.044980000000000473e+02
9.059819999999999709e+02
9.074660000000000082e+02
9.089500000000000455e+02
9.104339999999999691e+02
9.119180000000000064e+02
9.134020000000000437e+02
9.148859999999999673e+02
9.163700000000000045e+02
9.178540000000000418e+02
9.193379999999999654e+02
9.208220000000000027e+02
9.223060000000000400e+02
9.237899999999999636e+02
9.252740000000000009e+02
9.267580000000000382e+02
9.282419999999999618e+02
9.297259999999999991e+02
9.312100000000000364e+02
9.326939999999999600e+02
9.341779999999999973e+02
9.356620000000000346e+02
9.371459999999999582e+02
9.386299999999999955e+02
9.401140000000000327e+02
9.415979999999999563e+02
9.430819999999999936e+02
9.445660000000000309e+02
9.460499999999999545e+02
9.475339999999999918e+02
9.490180000000000291e+02
9.505019999999999527e+02
9.519859999999999900e+02
9.534700000000000273e+02
9.549539999999999509e+02
9.564379999999999882e+02
9.579220000000000255e+02
9.594059999999999491e+02
9.608899999999999864e+02
9.623740000000000236e+02
9.638579999999999472e+02
9.653419999999999845e+02
9.668260000000000218e+02
9.683099999999999454e+02
9.697939999999999827e+02
9.712780000000000200e+02
9.727619999999999436e+02
9.742460000000000946e+02
9.757300000000000182e+02
9.772139999999999418e+02
9.786980000000000928e+02
9.801820000000000164e+02
9.816659999999999400e+02
9.831500000000000909e+02
9.846340000000000146e+02
9.861179999999999382e+02
9.876020000000000891e+02
9.890860000000000127e+02
9.905699999999999363e+02
9.920540000000000873e+02
9.935380000000000109e+02
9.950219999999999345e+02
9.965060000000000855e+02
9.979900000000000091e+02
9.994739999999999327e+02
1.000958000000000084e+03
1.002442000000000007e+03
1.003925999999999931e+03
1.005410000000000082e+03
1.006894000000000005e+03
1.008377999999999929e+03
1.009862000000000080e+03
1.011346000000000004e+03
1.012829999999999927e+03
1.014314000000000078e+03
1.015798000000000002e+03
1.017281999999999925e+03
1.018766000000000076e+03
1.020250000000000000e+03
1.021733999999999924e+03
1.023218000000000075e+03
1.024701999999999998e+03
1.026186000000000149e+03
1.027670000000000073e+03
1.029153999999999996e+03
1.030637999999999920e+03
1.032122000000000071e+03
1.033605999999999995e+03
1.035090000000000146e+03
1.036574000000000069e+03
1.038057999999999993e+03
1.039541999999999916e+03
1.041026000000000067e+03
1.042509999999999991e+03
1.043994000000000142e+03
1.045478000000000065e+03
1.046961999999999989e+03
1.048445999999999913e+03
1.049930000000000064e+03
1.051413999999999987e+03
1.052898000000000138e+03
1.054382000000000062e+03
1.055865999999999985e+03
1.057349999999999909e+03
1.058834000000000060e+03
1.060317999999999984e+03
1.061802000000000135e+03
1.063286000000000058e+03
1.064769999999999982e+03
1.066253999999999905e+03
1.067738000000000056e+03
1.069221999999999980e+03
1.070706000000000131e+03
1.072190000000000055e+03
1.073673999999999978e+03
1.075157999999999902e+03
1.076642000000000053e+03
1.078125999999999976e+03
1.079610000000000127e+03
1.081094000000000051e+03
1.082577999999999975e+03
1.084061999999999898e+03
1.085546000000000049e+03
1.087029999999999973e+03
1.088514000000000124e+03
1.089998000000000047e+03
1.091481999999999971e+03
1.092965999999999894e+03
1.094450000000000045e+03
1.095933999999999969e+03
1.097418000000000120e+03
1.098902000000000044e+03
1.100385999999999967e+03
1.101869999999999891e+03
1.103354000000000042e+03
1.104837999999999965e+03
1.106322000000000116e+03
1.107806000000000040e+03
1.109289999999999964e+03
1.110773999999999887e+03
1.112258000000000038e+03
1.113741999999999962e+03
1.115226000000000113e+03
1.116710000000000036e+03
1.118193999999999960e+03
1.119677999999999884e+03
1.121162000000000035e+03
1.122645999999999958e+03
1.124130000000000109e+03
1.125614000000000033e+03
1.127097999999999956e+03
1.128581999999999880e+03
1.130066000000000031e+03
1.131549999999999955e+03
1.133034000000000106e+03
1.134518000000000029e+03
1.136001999999999953e+03
1.137485999999999876e+03
1.138970000000000027e+03
1.140453999999999951e+03
1.141938000000000102e+03
1.143422000000000025e+03
1.144905999999999949e+03
1.146389999999999873e+03
1.147874000000000024e+03
1.149357999999999947e+03
1.150842000000000098e+03
1.152326000000000022e+03
1.153809999999999945e+03
1.155293999999999869e+03
1.156778000000000020e+03
1.158261999999999944e+03
1.159746000000000095e+03
1.161230000000000018e+03
1.162713999999999942e+03
1.164197999999999865e+03
