13.942500
14.787500
15.632500
16.477500
17.322500
18.167500
19.012500
19.857500
20.702500
21.547500
22.392500
23.237500
24.082500
24.927500
25.772500
26.617500
27.462500
28.307500
29.152500
29.997500
30.842500
31.687500
32.532500
33.377500
34.222500
35.067500
35.912500
36.757500
37.602500
38.447500
39.292500
40.137500
40.982500
41.827500
42.672500
43.517500
44.362500
45.207500
46.052500
46.897500
47.742500
48.587500
49.432500
50.277500
51.122500
51.967500
52.812500
53.657500
54.502500
55.347500
56.192500
57.037500
57.882500
58.727500
59.572500
60.417500
61.262500
62.107500
62.952500
63.797500
64.642500
65.487500
66.332500
67.177500
68.022500
68.867500
69.712500
70.557500
71.402500
72.247500
73.092500
73.937500
74.782500
75.627500
76.472500
77.317500
78.162500
79.007500
79.852500
80.697500
81.542500
82.387500
83.232500
84.077500
84.922500
85.767500
86.612500
87.457500
88.302500
89.147500
89.992500
90.837500
91.682500
92.527500
93.372500
94.217500
95.062500
95.907500
96.752500
97.597500
98.442500
99.287500
100.132500
100.977500
101.822500
102.667500
103.512500
104.357500
105.202500
106.047500
106.892500
107.737500
108.582500
109.427500
110.272500
111.117500
111.962500
112.807500
113.652500
114.497500
115.342500
116.187500
117.032500
117.877500
118.722500
119.567500
120.412500
121.257500
122.102500
122.947500
123.792500
124.637500
125.482500
126.327500
127.172500
128.017500
128.862500
129.707500
130.552500
131.397500
132.242500
133.087500
133.932500
134.777500
135.622500
136.467500
137.312500
138.157500
139.002500
139.847500
140.692500
141.537500
142.382500
143.227500
144.072500
144.917500
145.762500
146.607500
147.452500
148.297500
149.142500
149.987500
150.832500
151.677500
152.522500
153.367500
154.212500
155.057500
155.902500
156.747500
157.592500
158.437500
159.282500
160.127500
160.972500
161.817500
162.662500
163.507500
164.352500
165.197500
166.042500
166.887500
167.732500
168.577500
169.422500
170.267500
171.112500
171.957500
172.802500
173.647500
174.492500
175.337500
176.182500
177.027500
177.872500
178.717500
179.562500
180.407500
181.252500
182.097500
182.942500
183.787500
184.632500
185.477500
186.322500
187.167500
188.012500
188.857500
189.702500
190.547500
191.392500
192.237500
193.082500
193.927500
194.772500
195.617500
196.462500
197.307500
198.152500
198.997500
199.842500
200.687500
201.532500
202.377500
203.222500
204.067500
204.912500
205.757500
206.602500
207.447500
208.292500
209.137500
209.982500
210.827500
211.672500
212.517500
213.362500
214.207500
215.052500
215.897500
216.742500
217.587500
218.432500
219.277500
220.122500
220.967500
221.812500
222.657500
223.502500
224.347500
225.192500
226.037500
226.882500
227.727500
228.572500
229.417500
230.262500
231.107500
231.952500
232.797500
233.642500
234.487500
235.332500
236.177500
237.022500
237.867500
238.712500
239.557500
240.402500
241.247500
242.092500
242.937500
243.782500
244.627500
245.472500
246.317500
247.162500
248.007500
248.852500
249.697500
250.542500
251.387500
252.232500
253.077500
253.922500
254.767500
255.612500
256.457500
257.302500
258.147500
258.992500
259.837500
260.682500
261.527500
262.372500
263.217500
264.062500
264.907500
265.752500
266.597500
267.442500
268.287500
269.132500
269.977500
270.822500
271.667500
272.512500
273.357500
274.202500
275.047500
275.892500
276.737500
277.582500
278.427500
279.272500
280.117500
280.962500
281.807500
282.652500
283.497500
284.342500
285.187500
286.032500
286.877500
287.722500
288.567500
289.412500
290.257500
291.102500
291.947500
292.792500
293.637500
294.482500
295.327500
296.172500
297.017500
297.862500
298.707500
299.552500
300.397500
301.242500
302.087500
302.932500
303.777500
304.622500
305.467500
306.312500
307.157500
308.002500
308.847500
309.692500
310.537500
311.382500
312.227500
313.072500
313.917500
314.762500
315.607500
316.452500
317.297500
318.142500
318.987500
319.832500
320.677500
321.522500
322.367500
323.212500
324.057500
324.902500
325.747500
326.592500
327.437500
328.282500
329.127500
329.972500
330.817500
331.662500
332.507500
333.352500
334.197500
335.042500
335.887500
336.732500
337.577500
338.422500
339.267500
340.112500
340.957500
341.802500
342.647500
343.492500
344.337500
345.182500
346.027500
346.872500
347.717500
348.562500
349.407500
350.252500
351.097500
351.942500
352.787500
353.632500
354.477500
355.322500
356.167500
357.012500
357.857500
358.702500
359.547500
360.392500
361.237500
362.082500
362.927500
363.772500
364.617500
365.462500
366.307500
367.152500
367.997500
368.842500
369.687500
370.532500
371.377500
372.222500
373.067500
373.912500
374.757500
375.602500
376.447500
377.292500
378.137500
378.982500
379.827500
380.672500
381.517500
382.362500
383.207500
384.052500
384.897500
385.742500
386.587500
387.432500
388.277500
389.122500
389.967500
390.812500
391.657500
392.502500
393.347500
394.192500
395.037500
395.882500
396.727500
397.572500
398.417500
399.262500
400.107500
400.952500
401.797500
402.642500
403.487500
404.332500
405.177500
406.022500
406.867500
407.712500
408.557500
409.402500
410.247500
411.092500
411.937500
412.782500
413.627500
414.472500
415.317500
416.162500
417.007500
417.852500
418.697500
419.542500
420.387500
421.232500
422.077500
422.922500
423.767500
424.612500
425.457500
426.302500
427.147500
427.992500
428.837500
429.682500
430.527500
431.372500
432.217500
433.062500
433.907500
434.752500
435.597500
436.442500
437.287500
438.132500
438.977500
439.822500
440.667500
441.512500
442.357500
443.202500
444.047500
444.892500
445.737500
446.582500
447.427500
448.272500
449.117500
449.962500
450.807500
451.652500
452.497500
453.342500
454.187500
455.032500
455.877500
456.722500
457.567500
458.412500
459.257500
460.102500
460.947500
461.792500
462.637500
463.482500
464.327500
465.172500
466.017500
466.862500
467.707500
468.552500
469.397500
470.242500
471.087500
471.932500
472.777500
473.622500
474.467500
475.312500
476.157500
477.002500
477.847500
478.692500
479.537500
480.382500
481.227500
482.072500
482.917500
483.762500
484.607500
485.452500
486.297500
487.142500
487.987500
488.832500
489.677500
490.522500
491.367500
492.212500
493.057500
493.902500
494.747500
495.592500
496.437500
497.282500
498.127500
498.972500
499.817500
500.662500
501.507500
502.352500
503.197500
504.042500
504.887500
505.732500
506.577500
507.422500
508.267500
509.112500
509.957500
510.802500
511.647500
512.492500
513.337500
514.182500
515.027500
515.872500
516.717500
517.562500
518.407500
519.252500
520.097500
520.942500
521.787500
522.632500
523.477500
524.322500
525.167500
526.012500
526.857500
527.702500
528.547500
529.392500
530.237500
531.082500
531.927500
532.772500
533.617500
534.462500
535.307500
536.152500
536.997500
537.842500
538.687500
539.532500
540.377500
541.222500
542.067500
542.912500
543.757500
544.602500
545.447500
546.292500
547.137500
547.982500
548.827500
549.672500
550.517500
551.362500
552.207500
553.052500
553.897500
554.742500
555.587500
556.432500
557.277500
558.122500
558.967500
559.812500
560.657500
561.502500
562.347500
563.192500
564.037500
564.882500
565.727500
566.572500
567.417500
568.262500
569.107500
569.952500
570.797500
571.642500
572.487500
573.332500
574.177500
575.022500
575.867500
576.712500
577.557500
578.402500
579.247500
580.937500
581.782500
582.627500
583.472500
584.317500
585.162500
586.007500
586.852500
587.697500
588.542500
589.387500
590.232500
591.077500
591.922500
592.767500
593.612500
594.457500
595.302500
596.147500
596.992500
597.837500
598.682500
599.527500
600.372500
601.217500
602.062500
602.907500
603.752500
604.597500
605.442500
606.287500
607.132500
607.977500
609.667500
610.512500
611.357500
612.202500
613.047500
613.892500
615.582500
616.427500
617.272500
618.117500
618.962500
619.807500
620.652500
622.342500
623.187500
624.032500
624.877500
625.722500
626.567500
627.412500
628.257500
629.102500
629.947500
630.792500
631.637500
632.482500
633.327500
634.172500
635.017500
635.862500
636.707500
637.552500
638.397500
639.242500
640.087500
640.932500
