121104203700333520
37977984070093160
15854653685372440
8319684581715456
5050970426817782
3449967108209897
2550426647578506
1982867901594072
1607798261406924
1341061600421475
1146453575972022
1009328195865354
896848571444676
805644489539530
719849410179550
669808716111394
612303574179138
566870698569809
524772944294409
500193140131658
475147612489878
444020193646104
429168461055987
407557539114862
400515332171059
389231233581203
369233168190202
364744885623460
352324929350074
339304245026599
343016245117949
324319265519322
313465396243754
310578603250194
298115861450525
294012167182006
285305164084309
285537797097288
273738274690539
270126128316412
263954449642686
264291562180824
252485376333529
246792497418323
245510047521281
247201339119865
239403317384417
234833373943119
228293218025791
222015217405276
218491140857738
211816548800055
215400571211416
213018050037400
210087753212320
200838398909995
199163989816662
195662850570222
203387002045594
197555648732714
195468310432475
185820071804381
182445689864891
176988326972261
182545834135374
175005814928638
172800167705256
170959918123045
163891553813787
166218661357892
164744030053886
158121715006226
159565910189605
156269958785322
155622786299728
147520525986658
152475069602713
142930309400125
138954837670000
138066109152186
135579431882332
138528832092298
134438980326440
134359078949573
129021579019125
129523838720617
127722348790116
122545890147517
123402885819211
120474788288372
119660938172688
117189504804529
116522268090510
117332936607967
109180791873298
110144651081413
111662878705531
107212954127355
105142395972903
106598073581919
106106756346613
100712351957400
99639617931576
97638774218337
99173777781535
95297802290573
92575201255373
92254482986639
88822362405222
89090482783489
87510146139002
86137975172723
86864198327439
86014078287881
82714627726249
81409824904923
79490711008630
79767850650157
76181449970741
80347186986705
73744155588577
71699330390812
71258584973471
70888623186358
67843318739865
71666614585346
67308377580971
67055881475388
67865435985295
65798643894829
62139775797735
63380037292853
64263136229863
64880465832356
58074460582521
58437840580159
62077334016286
58364175334623
56361377167328
54528117045908
53803278436821
54191089690052
52305105961797
52757750369664
52520437287559
52738116401435
49403210228838
50315427353897
50018937424403
46891125802732
44776268360989
44391843028068
45047725778581
43291294690483
43388630175396
41658186532106
44814962405628
43488000549079
41049719983482
39675519151832
37706608215907
38848002771002
36435260905555
37119257456012
35557177342226
38138620525882
39198771757215
33584905976350
34714968369489
34902419346718
33953886217849
35064051773111
32197642426373
29287147988150
32369283832836
30527425034211
32313774494862
29603429759703
29641276437996
28678539405710
28823730361039
29199717085454
28448070912260
26464323054015
28158966437096
26352084162981
26125247225678
26439419466388
27792201825097
27690597008168
25273029804256
24770400051531
23733335731691
24712077284892
24437132890755
22593308806785
22186427812759
22771263480092
22963026083239
20092009469991
23329311053856
22025721557759
22234453483629
19843089371020
20307342085842
21275778694631
19735543761604
19822327422139
20260338986245
20192661943471
17604494625816
19744997653512
17303888172490
18171311943954
18691354954647
16935692341251
16742947518728
17532258123470
17291500647103
17597708248914
15351409883444
15733330976855
16733906080311
16452466443279
17251394883180
15429205696006
15558635644370
15068091890012
15073855350571
15318249394900
14493472370118
14320702978656
14426316563141
13754272813524
14665957613447
13928127482998
13834427858888
13752154827620
13853455277961
12246415489867
13937416982146
12620524816820
12831925117984
13728413590404
11395978767650
12275883250822
12386123409728
12309422133407
11849495516133
12849451427232
11537753593600
11933338792789
13249328474491
10635418972137
11835990210646
10372412417512
11775906783161
10070461851901
11096843509035
9931384122964
9801977281398
9701355642345
9587170006408
10358055762037
10209404364876
9438001534835
9946731859320
10625977259869
9054544712927
9156423124644
9966658094359
9701107027363
8343580089025
8426438587291
8837463840216
8039875318385
8853135346042
7435303817070
7246975602584
7973989021010
8616688219651
7098803147769
7894204672221
7675767489008
7967785371569
7772790148503
7304300069765
8369863400141
7123063304947
7548529584361
7065731071055
6464491771235
6911816320645
6508491776483
6629365141805
6592426045977
5786261389015
6330248113442
6422034057539
6556419883357
6259111337125
6104150864196
6546606742498
6108922054438
6429004858584
6473176673021
5511232609666
5928370915972
6397304598034
6440008846007
7203246029767
5537698809720
6350641608766
4956428523887
5484426888391
5524591611493
6067335741412
5684922287965
5202002500604
5648167800775
5567219854408
4985088414568
4146596874130
4538256139871
4641558624345
4687377720048
5323944684313
4709237377390
4136916702893
4912990392776
4666128074511
4291083040977
4150274623399
4073853212324
4178436062776
3680649323713
4162990123497
4104575289843
3782835297628
3699266857221
3761776385453
4345355595244
3768009785971
4746163527154
4366479143407
3835824975717
3817129212934
4007049319763
3037236431521
3631921673535
4173798132162
4253711445405
3508113978860
3979120965367
4249009898085
3871937487923
3227238434230
3374783815127
3173607278045
3322119425696
2930973955881
3274253980037
3562464385085
2999548190122
2910745002871
2654792482626
3258125681206
3393156468942
2512641719962
3324223346579
3015291273735
2382754189784
3352489637069
2870198187204
2757555821145
2693016282496
2910247730385
2889117288391
2702341520809
3001104716128
2535570652394
2523191188639
2505681117414
2475397181253
3010153046132
2078401440554
2362633234885
2560847571341
2543468689396
2497705806798
2526298671920
2448849716312
2359671659563
2418206513667
2142443481560
2034718287724
2463572736023
2432322744429
1985759760455
1718001402918
2227183729745
2247437848661
2141244724833
1897116776414
2033567052889
1875849195874
2194648033728
1936109158043
2307764892347
2023463245876
1565672067430
2174581036701
2282857950650
1787522280814
1548305464910
1697193079196
1856803467869
1603124372252
2006109123414
1530542260431
1717214338005
1797024167594
1980193644715
1758816783585
1681372937422
1522765413494
1977521802068
1390129134613
1445181139586
1093508537790
1587043646159
1522938240634
1233760797163
1388970832035
1519853340017
1584154750437
1382198366430
1329161056428
1636506027659
1410036953178
1231569593936
1228294616855
1282655008714
1163794963743
1188253890870
1459496832399
1430844367486
1834418037165
1396438015383
1110450001360
1210052047689
1152954699856
1223093508772
756464323346
988067402401
1129824873784
950029331745
1124972441014
1130565301778
1114587884730
1176215771957
1127586208162
1087069985747
940638443868
966500328978
1494524646554
1031321424573
1172756230835
1265797190573
1152301598785
969131146564
956197636623
931741919175
1025839471668
1222467755620
1135496678732
1131641264263
766748824784
870993228207
738435320571
954225681151
1253226201669
976452699610
866759303481
876373146325
912898583593
865725690007
1068610670593
742948294090
925339996946
886861846860
687869537648
631545972892
710444072420
788055354350
857210556847
980331634091
757496204287
808608061718
407311667136
638256520712
740627222817
761143390294
596938775777
702904849261
790183710055
818642544695
444050989601
835133234297
701848017176
594580021836
672964812077
635124876356
804392417288
506635189230
717259407889
731253068561
686936329238
559089706515
765941924912
708078347244
733370536926
462677417376
452084454628
414757254835
608013750767
565607508079
746954055186
611597526580
668749397330
460520994518
562032919737
611687649926
490314744492
517553356235
594740172823
405884157494
322112610263
417722826956
504512445923
359840594049
569990253428
516341605208
462060654637
477302752653
608084009568
364484587784
376832717743
270858961822
402440292678
297789758274
403291476134
296846947511
436988607677
435515516332
466764621363
481030005604
410181767995
427495374382
549469067006
480479322551
537551014498
431099993024
498400686859
319538463217
322484028573
403279600545
425294445431
298397533936
316246655803
294598787171
316425341100
347253562230
296339219865
251481597713
221449424728
338181718444
304362651853
377290068795
339618079910
250620970110
272158981662
361648613363
445849438271
377418811285
415086261195
202566431240
251822850462
333210404014
278548882806
371380540705
370085986479
295989863683
173240984336
158181132347
129523896924
221681376980
213566431038
259120360466
207019014010
281224189823
224814040713
298311028823
194047723334
252519487797
373928088045
197555913621
284075773850
80941422777
128115306515
240709962320
356037944956
142504754667
224529070798
193058271789
221700112138
282653409254
139523401913
286601076523
136045599682
176823695442
321668612620
142204685423
294121411299
183124817278
272584014165
206417878015
112059755878
186632670950
143437442930
110773603045
262854565049
138993284701
183337830400
135787063439
158467628505
131045297694
167782298738
213574439444
165743028490
106277284940
182190260421
187518428047
142876660570
85732892068
152437406402
126799238352
128717442956
112090305469
78127591865
80586347349
149302489126
157955358658
78983919315
64253741607
135006664406
88224560825
266528002620
95510195280
134852117232
97721397181
100789080117
74829087828
103130140102
89194653697
107937776249
124027147536
89014730667
62809634446
184605398982
232288126737
83507493012
115820754281
50208458575
109372579061
61257430086
73776757440
43123841658
67888703534
72252060391
53593503711
71377606212
82215614672
58765231817
118155255655
71560324541
27895405755
73196826124
106913728822
242456108208
89879393786
42869663888
44612010470
67478412588
75559340682
61192583660
54364584330
62628863818
107246392092
102350124164
161906566177
48423791325
69835280062
54465914078
74836620349
95211627414
98197353247
40458980617
34019462048
88951927458
98533249711
53218516222
73816652948
78445383436
67034211270
71541653743
85822603096
100035929138
45747567784
59117666044
54612863196
73106053446
70049233142
68350161701
71831610355
40539895008
101443743350
76720085900
86196496321
13975440991
58548219541
28030025893
79272307869
67576673946
46226923088
34193596857
32546147568
66267226931
69728480064
57689733141
62395371695
56461703928
93095651304
77543219223
63881223563
39374317647
107985303417
92350677867
41106108717
88663726300
27133085233
39975563624
56047493639
83788456596
80823578216
115142469334
15006351053
45065360153
11692538790
17647595464
68418731505
75721743707
45797971659
55306595672
49829606412
42633940804
78923032622
25752497079
38491454240
8820615274
27732839307
21798642591
29718034212
61825461435
58428416282
37849371890
31135445285
29029345993
43147434849
68891474447
27296947663
24196079068
18088659786
47683425412
0
29115426033
5867722760
17127341709
3328359762
39172876735
24471918650
12203719039
8074922578
25274250757
24284120179
51444314122
22878139075
24701677253
15456828864
7355849502
2963039735
19154543936
0
13117496876
0
10163182839
18017653072
15623991732
24552978817
0
6573188866
28740597094
26433750113
0
14989808536
19050115186
14509650126
20584091294
5729726765
12629586169
9132766443
10735182427
11246389207
13710441209
8689135802
2598802338
17884004711
25617940437
2947477717
0
37697975147
11266987684
15946436996
22451356117
98004651132
25665790652
0
15477074772
19551322832
0
5597164079
23611350423
19888087369
8442424637
0
13068645860
22307438410
0
17536058122
5677648252
11286500771
3456752449
11109970745
5531456989
2355485720
0
10665787697
2405956458
4349066857
0
10984774310
0
13261170313
2986017201
2574240581
0
14492179406
5282989075
0
0
7873715625
0
11511935409
2328973827
10332612155
0
0
2341808778
3319877811
0
14987947962
4023719185
0
0
3461860797
2406037971
4771066712
0
0
18751404163
4550687466
2488922392
7068357789
5087723141
0
0
2523480276
2966774440
0
11463663705
3971897744
0
0
14086160514
0
7945803121
9992141714
7462312001
0
3395204523
7905787690
6498848360
0
0
0
0
0
0
18615452610
0
0
6415927125
0
0
0
8449508836
0
0
0
0
6085604076
0
0
0
0
0
0
0
0
0
2730168101
0
5233434686
0
0
0
0
5250272949
0
0
0
0
0
0
0
0
0
0
0
8227553183
0
0
0
0
0
0
2376857754
0
0
0
0
0
0
0
0
0
0
0
0
0
0
12254112668
0
6287505741
3885300653
0
4224067765
0
0
0
0
0
0
0
0
0
0
0
0
38837664647
