0
0
0
0
0
2890426790789146
2524254221319414
2413334329137553
1839521152052344
1345144448604897
1010398304303539
784060524052632
616789149899767
492785878757040
401987028036366
340753767790470
286528265737285
247425400387557
208609499592229
188216626470826
166404959985513
150237043144157
133003966776324
119307153467278
110845877676022
102353878070518
91761151691109
85060253246645
81652001906452
75063762103695
65559144809413
62226435671142
55102195604074
55088902640056
51872647957020
46713655329904
45869234370178
39999619210512
38928239885067
37354567080680
36625817458910
33941915998253
31835307434088
29365949821213
27356674629649
26833475709933
25453730183415
22833289945705
22782913778913
22004314997545
18622757014792
17421546280542
18667030168811
15670599994147
16593425516402
15346086156575
15184237592987
14695652631176
13840334024444
12939041919847
12159074830828
12440603559645
12230958257258
10690622953579
10468988652880
10019724388538
9516642048252
9258674056626
8743791219909
9003739069464
8297792019919
7136372874975
7073736257143
9012231535058
7781837460853
7564977139828
6566128224307
6213721369828
6113409283386
5375438754128
5914789675943
6273307606312
5509900179074
5691994490266
5696915852857
4511667551487
4699714658508
4040331701900
3923429261652
3504753547111
4742824870711
3480978980554
4206263919073
3346372025945
4289557695354
3557564306893
3371469895699
3373132584307
3383872129200
2832230444171
2897632275809
3296999460101
3034696219266
2840740736121
3067604716508
1845807571375
3372704267800
2347124044334
2644180274215
2410726136111
2335788939451
2232221104233
2047934813502
1707969451432
1905518474677
2658039955925
2046922236429
2454265332015
1906130524554
1832279395250
1827424335970
2265159932747
1787656018220
2034411244590
2251067889333
1445876781135
1633973072313
1536648773512
1506548787480
1622526194671
1204117577992
1608887985338
1405963876193
1454940850951
1615201301939
2240021504152
1660414614130
1413601251553
1108005100826
1623257318799
1313142502927
1619849478135
2057374582653
1422050177179
1935908628615
1090961863410
1209285962307
1246344810117
971903790400
2763309210959
962690463726
1196944148162
1287718824672
1419297734315
1345908570652
724673381809
888731463442
1233669561677
882699597166
1362573272542
1406457903853
1466999506898
982592892735
1054169805238
1017036124948
1048658546296
1676768332413
683683418679
1132861017096
972027475258
1342056795403
1249923429662
728479455241
813901197854
1274981967474
746119816618
876671060349
673828205166
884212909686
837678759453
839968286324
848328438887
1096899342441
632037195719
417174770857
340444130749
612207314595
457693776184
936724769706
618969855976
602713778376
704146490051
466582529778
793903707762
572460599292
517012813491
1422086366885
1283606982167
993459969477
912767259466
872959610837
676989490695
626605592167
1015549290027
681558613526
525936638376
475755280485
590878988161
1272610976841
440093730250
728841466860
285952709701
975342332582
554361514973
592544829389
615436543401
1190823017042
1128998576097
446562971679
663272189053
453622865808
216791698520
297039000657
611359327394
584246339362
386282612673
814790949517
277467541897
344168582746
762847296301
705714422430
219186915431
904341980780
660338821661
605877095369
860651655303
199297831849
817833608015
237915256070
1020423603017
939274634560
176154875625
584659401250
448634286668
1073133469924
264788918728
316056090806
445626570977
984489366827
518166948573
568195508106
41621389828
466279673848
494811922841
135811311278
741356224336
640911062535
84988511898
118345499188
210057533094
846722208583
812239623043
671225974561
380263477260
354504214120
321457779063
599439657128
550142126778
785441507324
501625172093
536074680198
485244934153
43139467603
276650638434
618089599006
567715321402
459410579553
376650095515
138179649429
300512452917
239953120202
408067248183
535642669437
878615033914
210180014428
682194849247
163829979438
646832311923
618193779533
561437234552
576121831853
471741868704
518506820446
31036719593
377333370750
336265988571
172896820785
274533873909
393071490782
328892095502
251296868799
108044656506
679929732443
251378249374
282847836994
825465487206
471777366952
492582591981
218310598935
653803104602
335710527904
575032892468
307452169363
536609111109
735131599906
355639860743
413175980132
499677524044
490394761296
341302129635
546416441914
263814971011
700325266687
523992530509
408380331355
531572452209
356385468943
35482551144
455173022374
277123721164
399717264214
167583619093
360524344395
128024050890
356948075409
100793048380
119680878201
587314267606
430178377694
254693359552
295753329244
140701651219
304648301119
242229644202
168185057747
243327277372
378478924138
118293054636
139114146179
0
20531777867
533301445961
304687149579
590658716584
78197388277
118853139613
505703634694
318380854305
227047065713
566277331861
132964300085
500554745089
129326398584
256258087603
206405198926
253004035473
577000776989
143860583252
218521789107
194549538890
203510576819
106780521218
595573454640
260034380778
318824387709
3184258278
247300394583
583403482876
401650646528
8544802371
397507285502
243476498783
669443085303
309210956598
684738523131
376487484367
71587807064
302786447713
4551471658
1805794494
127103474295
221871281485
132688848531
3604930067
138504396788
612999450591
54658841132
223742193592
265786314646
83865146877
236681536686
161530881443
292993341558
350105700333
250758027165
258375070708
503880551356
231241152532
332365716080
11868251694
109325556855
521516952571
430204140583
129320270999
212184884538
216697262097
215209428490
537364096110
460796151474
415998046965
0
128025120540
6979553166
128038815714
129896911536
222255941408
198243895355
121919559138
1291348422
223185167052
142912893248
247748284203
379646013880
5016764327
376709208266
352908559376
209304498222
198249703062
216977720221
194776706908
524241857919
6482669738
243747503950
197306053430
120518636733
73364389992
0
262486593350
105703864118
127276669704
81218264743
128289645162
50434228145
3680132123
71298164131
3875911641
92655820114
216121891737
160267536790
316570272497
75553205280
210987400864
129366661869
98978516176
1319666458
304010119754
339348618899
170345667211
123202163383
334085176921
180645695274
2922630070
48684868308
145220795081
1303284695
140193959815
235538426717
136204943817
301573983091
209533880537
320691968655
95591827355
128873090495
128030488434
2219642274
54691566493
139595345700
0
86238210116
129842774731
168542948114
187633514183
128028357873
74219857757
141159524390
253465360655
3109386398
215877136990
196086247392
164883847387
253466086166
71990861414
66952635488
179438988804
119486412787
393825436912
97883035485
145949129027
102255503322
115609994048
90012115409
164470418518
128028148414
0
68711706883
1357901857
189172076665
1364192182
129318749975
128049560773
1458545953
69593323287
129410158100
234202387811
0
0
121650952089
3501142626
0
233013558215
1292708780
3249278609
101912745276
204289077905
51712015559
79463522235
0
0
75314748816
105787148944
1291183272
0
0
246486104410
71895841823
0
0
1290998810
1291371845
74830682528
202917624461
68650500179
1292693500
1315112881
0
1299235933
2788653923
2588097523
91665713474
130774607924
1295042162
2101284115
128025596759
58412781974
184304142660
1291694779
80734469513
1293440238
130655924383
256905229956
1303883498
0
83165205182
0
162662992242
61494830664
103181874091
1949437327
126733043083
74541309309
64635252200
134578668873
70521635723
2660899850
61681979419
0
0
104466324268
0
125589335097
2588576726
87181819637
0
0
4643730781
88934775910
1313210195
2581998132
52217354876
3935265071
52552173229
2443975865
130626443887
109583177965
0
161164415467
2591823356
4426545569
0
0
0
2608936664
0
55467380609
0
90757377464
3650698340
0
4368397798
129070025997
83878986275
0
0
0
4851247166
1340005332
2662408589
0
2590343701
3908262144
1292306167
0
97051882071
0
1295146658
5605207575
1348038578
76997371828
2949797934
0
0
63200403017
54859070866
3874518552
0
1356513322
0
129336890146
129882678414
4946934202
1330948457
8570090621
0
2582320564
1670195215
2587705782
3437170490
1356684407
10505785070
58810301913
60947765323
2610782818
1374558523
1291012239
1291054116
141515610969
219015255248
1333770675
2992891538
5843809732
2466451535
2777580247
4095093542
1297253975
1314613742
0
1300237459
2655960261
1291237433
0
1291188189
5998648003
54601396242
0
2640052007
0
1300511406
1291092995
59278485387
92732111069
1292112722
2606816335
65030260009
2626352479
1325819148
1291202681
0
2589921382
1299153654
2584748127
1292815381
0
1357912363
1296361665
1692450979
4992719298
0
1310504612
0
1293853842
87310495197
1358452248
1548960018
2604889499
4966622348
0
0
1291193708
1291608366
1550052527
0
0
0
0
1302976107
1291169200
2586232444
0
1315047477
2603427418
2026540619
0
2135281666
0
1291181350
0
1291183048
2584813387
0
3879076293
4546980070
0
3299212407
0
3892312045
1295160246
0
1319819885
1290999130
1314800192
0
0
3948622387
1292015280
2617788485
2064083336
1292265187
1294757265
0
1328710474
1312168418
0
0
1297976230
2586247883
0
2584425072
1500442554
0
2817343603
0
1293032044
1291185877
0
0
0
3966798039
3240820479
0
0
0
1308912631
44820263046
0
1302711215
0
2868954819
0
0
0
1320843557
0
0
0
0
0
0
1322486317
1291095880
1290998921
1294207955
3901357047
0
0
0
1294875331
0
0
1292354866
0
0
0
1291021800
2592498624
1300365165
0
0
1292919721
0
2351010287
0
0
0
0
1297542502
1292452232
0
0
0
2601911813
73013464391
3957954493
0
3969057439
0
0
0
1292691987
0
1331200157
0
0
2721600489
0
0
1291640533
0
0
0
2889653291
0
0
0
0
0
1291380256
0
0
0
0
0
0
0
0
1291872888
0
0
0
0
1299564384
0
0
0
0
0
0
0
0
0
0
0
0
3877753569
0
0
0
0
0
0
0
0
0
0
0
0
1624126202
1294036092
0
1304614992
0
0
0
0
1294295969
1291040486
0
0
0
0
0
0
0
0
1294232125
0
0
0
0
1294692398
0
0
0
1606480302
0
0
0
0
0
1291288316
0
0
0
0
0
0
0
0
0
0
0
0
0
1291800950
0
0
0
0
0
0
0
0
0
0
0
0
0
0
0
0
0
0
0
0
0
0
0
0
0
0
0
0
0
0
0
0
0
0
0
0
0
0
1310565717
0
0
0
0
0
0
0
0
0
0
0
0
0
0
0
0
0
1307393073
