0.000000
1.122000
2.244000
3.366000
4.488000
5.610000
6.732000
7.854000
8.976000
10.098000
11.220000
12.342000
13.464000
14.586000
15.708000
16.830000
17.952000
19.074000
20.196000
21.318000
22.440000
23.562000
24.684000
25.806000
26.928000
28.050000
29.172000
30.294000
31.416000
32.538000
33.660000
34.782000
35.904000
37.026000
38.148000
39.270000
40.392000
41.514000
42.636000
43.758000
44.880000
46.002000
47.124000
48.246000
49.368000
50.490000
51.612000
52.734000
53.856000
54.978000
56.100000
57.222000
58.344000
59.466000
60.588000
61.710000
62.832000
63.954000
65.076000
66.198000
67.320000
68.442000
69.564000
70.686000
71.808000
72.930000
74.052000
75.174000
76.296000
77.418000
78.540000
79.662000
80.784000
81.906000
83.028000
84.150000
85.272000
86.394000
87.516000
88.638000
89.760000
90.882000
92.004000
93.126000
94.248000
95.370000
96.492000
97.614000
98.736000
99.858000
100.980000
102.102000
103.224000
104.346000
105.468000
106.590000
107.712000
108.834000
109.956000
111.078000
112.200000
113.322000
114.444000
115.566000
116.688000
117.810000
118.932000
120.054000
121.176000
122.298000
123.420000
124.542000
125.664000
126.786000
127.908000
129.030000
130.152000
131.274000
132.396000
133.518000
134.640000
135.762000
136.884000
138.006000
139.128000
140.250000
141.372000
142.494000
143.616000
144.738000
145.860000
146.982000
148.104000
149.226000
150.348000
151.470000
152.592000
153.714000
154.836000
155.958000
157.080000
158.202000
159.324000
160.446000
161.568000
162.690000
163.812000
164.934000
166.056000
167.178000
168.300000
169.422000
170.544000
171.666000
172.788000
173.910000
175.032000
176.154000
177.276000
178.398000
179.520000
180.642000
181.764000
182.886000
184.008000
185.130000
186.252000
187.374000
188.496000
189.618000
190.740000
191.862000
192.984000
194.106000
195.228000
196.350000
197.472000
198.594000
199.716000
200.838000
201.960000
203.082000
204.204000
205.326000
206.448000
207.570000
208.692000
209.814000
210.936000
212.058000
213.180000
214.302000
215.424000
216.546000
217.668000
218.790000
219.912000
221.034000
222.156000
223.278000
224.400000
225.522000
226.644000
227.766000
228.888000
230.010000
231.132000
232.254000
233.376000
234.498000
235.620000
236.742000
237.864000
238.986000
240.108000
241.230000
242.352000
243.474000
244.596000
245.718000
246.840000
247.962000
249.084000
250.206000
251.328000
252.450000
253.572000
254.694000
255.816000
256.938000
258.060000
259.182000
260.304000
261.426000
262.548000
263.670000
264.792000
265.914000
267.036000
268.158000
269.280000
270.402000
271.524000
272.646000
273.768000
274.890000
276.012000
277.134000
278.256000
279.378000
280.500000
281.622000
282.744000
283.866000
284.988000
286.110000
287.232000
288.354000
289.476000
290.598000
291.720000
292.842000
293.964000
295.086000
296.208000
297.330000
298.452000
299.574000
300.696000
301.818000
302.940000
304.062000
305.184000
306.306000
307.428000
308.550000
309.672000
310.794000
311.916000
313.038000
314.160000
315.282000
316.404000
317.526000
318.648000
319.770000
320.892000
322.014000
323.136000
324.258000
325.380000
326.502000
327.624000
328.746000
329.868000
330.990000
332.112000
333.234000
334.356000
335.478000
336.600000
337.722000
338.844000
339.966000
341.088000
342.210000
343.332000
344.454000
345.576000
346.698000
347.820000
348.942000
350.064000
351.186000
352.308000
353.430000
354.552000
355.674000
356.796000
357.918000
359.040000
360.162000
361.284000
362.406000
363.528000
364.650000
365.772000
366.894000
368.016000
369.138000
370.260000
371.382000
372.504000
373.626000
374.748000
375.870000
376.992000
378.114000
379.236000
380.358000
381.480000
382.602000
383.724000
384.846000
385.968000
387.090000
388.212000
389.334000
390.456000
391.578000
392.700000
393.822000
394.944000
396.066000
397.188000
398.310000
399.432000
400.554000
401.676000
402.798000
403.920000
405.042000
406.164000
407.286000
408.408000
409.530000
410.652000
411.774000
412.896000
414.018000
415.140000
416.262000
417.384000
418.506000
419.628000
420.750000
421.872000
422.994000
424.116000
425.238000
426.360000
427.482000
428.604000
429.726000
430.848000
431.970000
433.092000
434.214000
435.336000
436.458000
437.580000
438.702000
439.824000
440.946000
442.068000
443.190000
444.312000
445.434000
446.556000
447.678000
448.800000
449.922000
451.044000
452.166000
453.288000
454.410000
455.532000
456.654000
457.776000
458.898000
460.020000
461.142000
462.264000
463.386000
464.508000
465.630000
466.752000
467.874000
468.996000
470.118000
471.240000
472.362000
473.484000
474.606000
475.728000
476.850000
477.972000
479.094000
480.216000
481.338000
482.460000
483.582000
484.704000
485.826000
486.948000
488.070000
489.192000
490.314000
491.436000
492.558000
493.680000
494.802000
495.924000
497.046000
498.168000
499.290000
500.412000
501.534000
502.656000
503.778000
504.900000
506.022000
507.144000
508.266000
509.388000
510.510000
511.632000
512.754000
513.876000
514.998000
516.120000
517.242000
518.364000
519.486000
520.608000
521.730000
522.852000
523.974000
525.096000
526.218000
527.340000
528.462000
529.584000
530.706000
531.828000
532.950000
534.072000
535.194000
536.316000
537.438000
538.560000
539.682000
540.804000
541.926000
543.048000
544.170000
545.292000
546.414000
547.536000
548.658000
549.780000
550.902000
552.024000
553.146000
554.268000
555.390000
556.512000
557.634000
558.756000
559.878000
561.000000
562.122000
563.244000
564.366000
565.488000
566.610000
567.732000
568.854000
569.976000
571.098000
572.220000
573.342000
574.464000
575.586000
576.708000
577.830000
578.952000
580.074000
581.196000
582.318000
583.440000
584.562000
585.684000
586.806000
587.928000
589.050000
590.172000
591.294000
592.416000
593.538000
594.660000
595.782000
596.904000
598.026000
599.148000
600.270000
601.392000
602.514000
603.636000
604.758000
605.880000
607.002000
608.124000
609.246000
610.368000
611.490000
612.612000
613.734000
614.856000
615.978000
617.100000
618.222000
619.344000
620.466000
621.588000
622.710000
623.832000
624.954000
626.076000
627.198000
628.320000
629.442000
630.564000
631.686000
632.808000
633.930000
635.052000
636.174000
637.296000
638.418000
639.540000
640.662000
641.784000
642.906000
644.028000
645.150000
646.272000
647.394000
648.516000
649.638000
650.760000
651.882000
653.004000
654.126000
655.248000
656.370000
657.492000
658.614000
659.736000
660.858000
661.980000
663.102000
664.224000
665.346000
666.468000
667.590000
668.712000
669.834000
670.956000
672.078000
673.200000
674.322000
675.444000
676.566000
677.688000
678.810000
679.932000
681.054000
682.176000
683.298000
684.420000
685.542000
686.664000
687.786000
688.908000
690.030000
691.152000
692.274000
693.396000
694.518000
695.640000
696.762000
697.884000
699.006000
700.128000
701.250000
702.372000
703.494000
704.616000
705.738000
706.860000
707.982000
709.104000
710.226000
711.348000
712.470000
713.592000
714.714000
715.836000
716.958000
718.080000
719.202000
720.324000
721.446000
722.568000
723.690000
724.812000
725.934000
727.056000
728.178000
729.300000
730.422000
731.544000
732.666000
733.788000
734.910000
736.032000
737.154000
738.276000
739.398000
740.520000
741.642000
742.764000
743.886000
745.008000
746.130000
747.252000
748.374000
749.496000
750.618000
751.740000
752.862000
753.984000
755.106000
756.228000
757.350000
758.472000
759.594000
760.716000
761.838000
762.960000
764.082000
765.204000
766.326000
767.448000
768.570000
769.692000
770.814000
771.936000
773.058000
774.180000
775.302000
776.424000
777.546000
778.668000
779.790000
780.912000
782.034000
783.156000
784.278000
785.400000
786.522000
787.644000
788.766000
789.888000
791.010000
792.132000
793.254000
794.376000
795.498000
796.620000
797.742000
798.864000
799.986000
801.108000
802.230000
803.352000
804.474000
805.596000
806.718000
807.840000
808.962000
810.084000
811.206000
812.328000
813.450000
814.572000
815.694000
816.816000
817.938000
819.060000
820.182000
821.304000
822.426000
823.548000
824.670000
825.792000
826.914000
828.036000
829.158000
830.280000
831.402000
832.524000
833.646000
834.768000
835.890000
837.012000
838.134000
839.256000
840.378000
841.500000
842.622000
843.744000
844.866000
845.988000
847.110000
848.232000
849.354000
850.476000
851.598000
852.720000
853.842000
854.964000
856.086000
857.208000
858.330000
859.452000
860.574000
861.696000
862.818000
863.940000
865.062000
866.184000
867.306000
868.428000
869.550000
870.672000
871.794000
872.916000
874.038000
875.160000
876.282000
877.404000
878.526000
879.648000
880.770000
881.892000
883.014000
884.136000
885.258000
886.380000
887.502000
888.624000
889.746000
890.868000
891.990000
893.112000
894.234000
895.356000
896.478000
897.600000
898.722000
899.844000
900.966000
902.088000
903.210000
904.332000
905.454000
906.576000
907.698000
908.820000
909.942000
911.064000
912.186000
913.308000
914.430000
915.552000
916.674000
917.796000
918.918000
920.040000
921.162000
922.284000
923.406000
924.528000
925.650000
926.772000
927.894000
929.016000
930.138000
931.260000
932.382000
933.504000
934.626000
935.748000
936.870000
937.992000
939.114000
940.236000
941.358000
942.480000
943.602000
944.724000
945.846000
946.968000
948.090000
949.212000
950.334000
951.456000
952.578000
953.700000
954.822000
955.944000
957.066000
958.188000
959.310000
960.432000
961.554000
962.676000
963.798000
964.920000
966.042000
967.164000
968.286000
969.408000
970.530000
971.652000
972.774000
973.896000
975.018000
976.140000
977.262000
978.384000
979.506000
980.628000
981.750000
982.872000
983.994000
985.116000
986.238000
987.360000
988.482000
989.604000
990.726000
991.848000
992.970000
994.092000
995.214000
996.336000
997.458000
998.580000
999.702000
1000.824000
1001.946000
1003.068000
1004.190000
1005.312000
1006.434000
1007.556000
1008.678000
1009.800000
1010.922000
1012.044000
1013.166000
1014.288000
1015.410000
1016.532000
1017.654000
1018.776000
1019.898000
1021.020000
1022.142000
1023.264000
1024.386000
1025.508000
1026.630000
1027.752000
1028.874000
1029.996000
1031.118000
1032.240000
1033.362000
1034.484000
1035.606000
1036.728000
1037.850000
1038.972000
1040.094000
1041.216000
1042.338000
1043.460000
1044.582000
1045.704000
1046.826000
1047.948000
1049.070000
1050.192000
1051.314000
1052.436000
1053.558000
1054.680000
1055.802000
1056.924000
1058.046000
1059.168000
1060.290000
1061.412000
1062.534000
1063.656000
1064.778000
1065.900000
1067.022000
1068.144000
1069.266000
1070.388000
1071.510000
1072.632000
1073.754000
1074.876000
1075.998000
1077.120000
1078.242000
1079.364000
1080.486000
1081.608000
1082.730000
1083.852000
1084.974000
1086.096000
1087.218000
1088.340000
1089.462000
1090.584000
1091.706000
1092.828000
1093.950000
1095.072000
1096.194000
1097.316000
1098.438000
1099.560000
1100.682000
1101.804000
1102.926000
1104.048000
1105.170000
1106.292000
1107.414000
1108.536000
1109.658000
1110.780000
1111.902000
1113.024000
1114.146000
1115.268000
1116.390000
1117.512000
1118.634000
1119.756000
1120.878000
1122.000000
