7.878149999999999409e+01
8.262450000000001182e+01
8.646750000000000114e+01
9.031049999999999045e+01
9.415350000000000819e+01
9.799649999999999750e+01
1.018395000000000010e+02
1.056825000000000045e+02
1.095254999999999939e+02
1.133685000000000116e+02
1.172115000000000009e+02
1.210544999999999902e+02
1.248975000000000080e+02
1.287404999999999973e+02
1.325835000000000150e+02
1.364265000000000043e+02
1.402694999999999936e+02
1.441125000000000114e+02
1.479555000000000007e+02
1.517984999999999900e+02
1.556415000000000077e+02
1.594844999999999970e+02
1.633274999999999864e+02
1.671705000000000041e+02
1.710135000000000218e+02
1.748564999999999827e+02
1.786995000000000005e+02
1.825425000000000182e+02
1.863854999999999791e+02
1.902284999999999968e+02
1.940715000000000146e+02
1.979145000000000039e+02
2.017574999999999932e+02
2.056005000000000109e+02
2.094435000000000002e+02
2.132864999999999895e+02
2.171295000000000073e+02
2.209724999999999966e+02
2.248154999999999859e+02
2.286585000000000036e+02
2.325015000000000214e+02
2.363444999999999823e+02
2.401875000000000000e+02
2.440305000000000177e+02
2.478734999999999786e+02
2.517164999999999964e+02
2.555595000000000141e+02
2.594025000000000318e+02
2.632454999999999927e+02
2.670884999999999536e+02
2.709315000000000282e+02
2.747744999999999891e+02
2.786175000000000068e+02
2.824605000000000246e+02
2.863034999999999854e+02
2.901465000000000032e+02
2.939895000000000209e+02
2.978324999999999818e+02
3.016754999999999995e+02
3.055185000000000173e+02
3.093614999999999782e+02
3.132044999999999959e+02
3.170475000000000136e+02
3.208904999999999745e+02
3.247334999999999923e+02
3.285765000000000100e+02
3.324194999999999709e+02
3.362625000000000455e+02
3.401055000000000064e+02
3.439484999999999673e+02
3.477915000000000418e+02
3.516345000000000027e+02
3.554774999999999636e+02
3.593205000000000382e+02
3.631634999999999991e+02
3.670064999999999600e+02
3.708495000000000346e+02
3.746924999999999955e+02
3.785354999999999563e+02
3.823785000000000309e+02
3.862214999999999918e+02
3.900644999999999527e+02
3.939075000000000273e+02
3.977504999999999882e+02
4.015935000000000059e+02
4.054365000000000236e+02
4.092794999999999845e+02
4.131225000000000023e+02
4.169655000000000200e+02
4.208084999999999809e+02
4.246514999999999986e+02
4.284945000000000164e+02
4.323374999999999773e+02
4.361804999999999950e+02
4.400235000000000127e+02
4.438664999999999736e+02
4.477094999999999914e+02
4.515525000000000091e+02
4.553954999999999700e+02
4.592385000000000446e+02
4.630815000000000055e+02
4.669244999999999663e+02
4.707675000000000409e+02
4.746105000000000018e+02
4.784534999999999627e+02
4.822965000000000373e+02
4.861394999999999982e+02
4.899824999999999591e+02
4.938255000000000337e+02
4.976684999999999945e+02
5.015114999999999554e+02
5.053545000000000300e+02
5.091974999999999909e+02
5.130405000000000655e+02
5.168834999999999127e+02
5.207264999999999873e+02
5.245695000000000618e+02
5.284124999999999091e+02
5.322554999999999836e+02
5.360985000000000582e+02
5.399415000000000191e+02
5.437844999999999800e+02
5.476275000000000546e+02
5.514705000000000155e+02
5.553134999999999764e+02
5.591565000000000509e+02
5.629995000000000118e+02
5.668424999999999727e+02
5.706855000000000473e+02
5.745285000000000082e+02
5.783714999999999691e+02
5.822145000000000437e+02
5.860575000000000045e+02
5.899004999999999654e+02
5.937435000000000400e+02
5.975865000000000009e+02
6.014294999999999618e+02
6.052725000000000364e+02
6.091154999999999973e+02
6.129584999999999582e+02
6.168015000000000327e+02
6.206444999999999936e+02
6.244874999999999545e+02
6.283305000000000291e+02
6.321734999999999900e+02
6.360164999999999509e+02
6.398595000000000255e+02
6.437024999999999864e+02
6.475454999999999472e+02
6.513885000000000218e+02
6.552314999999999827e+02
6.590744999999999436e+02
6.629175000000000182e+02
6.667605000000000928e+02
6.706034999999999400e+02
6.744465000000000146e+02
6.782895000000000891e+02
6.821324999999999363e+02
6.859755000000000109e+02
6.898185000000000855e+02
6.936614999999999327e+02
6.975045000000000073e+02
7.013475000000000819e+02
7.051904999999999291e+02
7.090335000000000036e+02
7.128765000000000782e+02
7.167194999999999254e+02
7.205625000000000000e+02
7.244055000000000746e+02
7.282484999999999218e+02
7.320914999999999964e+02
7.359345000000000709e+02
7.397774999999999181e+02
7.436204999999999927e+02
7.474635000000000673e+02
7.513064999999999145e+02
7.551494999999999891e+02
7.589925000000000637e+02
7.628354999999999109e+02
7.666784999999999854e+02
7.705215000000000600e+02
7.743644999999999072e+02
7.782074999999999818e+02
7.820505000000000564e+02
7.858935000000000173e+02
7.897364999999999782e+02
7.935795000000000528e+02
7.974225000000000136e+02
8.012654999999999745e+02
8.051085000000000491e+02
8.089515000000000100e+02
8.127944999999999709e+02
8.166375000000000455e+02
8.204805000000000064e+02
8.243234999999999673e+02
8.281665000000000418e+02
8.320095000000000027e+02
8.358524999999999636e+02
8.396955000000000382e+02
8.435384999999999991e+02
8.473814999999999600e+02
8.512245000000000346e+02
8.550674999999999955e+02
8.589104999999999563e+02
8.627535000000000309e+02
8.665964999999999918e+02
8.704394999999999527e+02
8.742825000000000273e+02
8.781254999999999882e+02
8.819684999999999491e+02
8.858115000000000236e+02
8.896544999999999845e+02
8.934974999999999454e+02
8.973405000000000200e+02
9.011834999999999809e+02
9.050264999999999418e+02
9.088695000000000164e+02
9.127125000000000909e+02
9.165554999999999382e+02
9.203985000000000127e+02
9.242415000000000873e+02
9.280844999999999345e+02
9.319275000000000091e+02
9.357705000000000837e+02
9.396134999999999309e+02
9.434565000000000055e+02
9.472995000000000800e+02
9.511424999999999272e+02
9.549855000000000018e+02
9.588285000000000764e+02
9.626714999999999236e+02
9.665144999999999982e+02
9.703575000000000728e+02
9.742004999999999200e+02
9.780434999999999945e+02
9.818865000000000691e+02
9.857294999999999163e+02
9.895724999999999909e+02
9.934155000000000655e+02
9.972584999999999127e+02
1.001101499999999987e+03
1.004944500000000062e+03
1.008787499999999909e+03
1.012630499999999984e+03
1.016473500000000058e+03
1.020316500000000019e+03
1.024159499999999980e+03
1.028002500000000055e+03
1.031845499999999902e+03
1.035688499999999976e+03
1.039531500000000051e+03
1.043374499999999898e+03
1.047217499999999973e+03
1.051060500000000047e+03
1.054903499999999894e+03
1.058746499999999969e+03
1.062589500000000044e+03
1.066432499999999891e+03
1.070275499999999965e+03
1.074118500000000040e+03
1.077961499999999887e+03
1.081804500000000189e+03
1.085647500000000036e+03
1.089490499999999884e+03
1.093333500000000186e+03
1.097176500000000033e+03
1.101019499999999880e+03
1.104862500000000182e+03
1.108705500000000029e+03
1.112548499999999876e+03
1.116391500000000178e+03
1.120234500000000025e+03
1.124077499999999873e+03
1.127920500000000175e+03
1.131763500000000022e+03
1.135606499999999869e+03
1.139449500000000171e+03
1.143292500000000018e+03
1.147135499999999865e+03
1.150978500000000167e+03
1.154821500000000015e+03
1.158664499999999862e+03
1.162507500000000164e+03
1.166350500000000011e+03
1.170193499999999858e+03
1.174036500000000160e+03
1.177879500000000007e+03
1.181722499999999854e+03
1.185565500000000156e+03
1.189408500000000004e+03
1.193251499999999851e+03
1.197094500000000153e+03
1.200937500000000000e+03
1.204780499999999847e+03
1.208623500000000149e+03
1.212466499999999996e+03
1.216309499999999844e+03
1.220152500000000146e+03
1.223995499999999993e+03
1.227838499999999840e+03
1.231681500000000142e+03
1.235524499999999989e+03
1.239367499999999836e+03
1.243210500000000138e+03
1.247053499999999985e+03
1.250896499999999833e+03
1.254739500000000135e+03
1.258582499999999982e+03
1.262425499999999829e+03
1.266268500000000131e+03
1.270111499999999978e+03
1.273954499999999825e+03
1.277797500000000127e+03
1.281640499999999975e+03
1.285483499999999822e+03
1.289326500000000124e+03
1.293169499999999971e+03
1.297012499999999818e+03
1.300855500000000120e+03
1.304698499999999967e+03
1.308541499999999814e+03
1.312384500000000116e+03
1.316227499999999964e+03
1.320070499999999811e+03
1.323913500000000113e+03
1.327756499999999960e+03
1.331599500000000035e+03
1.335442500000000109e+03
1.339285499999999956e+03
1.343128500000000031e+03
1.346971500000000106e+03
1.350814499999999953e+03
1.354657500000000027e+03
1.358500500000000102e+03
1.362343499999999949e+03
1.366186500000000024e+03
1.370029500000000098e+03
1.373872499999999945e+03
1.377715500000000020e+03
1.381558500000000095e+03
1.385401499999999942e+03
1.389244500000000016e+03
1.393087500000000091e+03
1.396930499999999938e+03
1.400773500000000013e+03
1.404616500000000087e+03
1.408459499999999935e+03
1.412302500000000009e+03
1.416145500000000084e+03
1.419988499999999931e+03
1.423831500000000005e+03
1.427674500000000080e+03
1.431517499999999927e+03
1.435360500000000002e+03
1.439203500000000076e+03
1.443046499999999924e+03
1.446889499999999998e+03
1.450732500000000073e+03
1.454575499999999920e+03
1.458418499999999995e+03
1.462261500000000069e+03
1.466104499999999916e+03
1.469947499999999991e+03
1.473790500000000065e+03
1.477633499999999913e+03
1.481476499999999987e+03
1.485319500000000062e+03
1.489162499999999909e+03
1.493005499999999984e+03
1.496848500000000058e+03
1.500691499999999905e+03
1.504534499999999980e+03
1.508377500000000055e+03
1.512220499999999902e+03
1.516063499999999976e+03
1.519906500000000051e+03
1.523749499999999898e+03
1.527592499999999973e+03
1.531435500000000047e+03
1.535278499999999894e+03
1.539121499999999969e+03
1.542964500000000044e+03
1.546807499999999891e+03
1.550650499999999965e+03
1.554493500000000040e+03
1.558336499999999887e+03
1.562179500000000189e+03
1.566022500000000036e+03
1.569865499999999884e+03
1.573708500000000186e+03
1.577551500000000033e+03
1.581394499999999880e+03
1.585237500000000182e+03
1.589080500000000029e+03
1.592923499999999876e+03
1.596766500000000178e+03
1.600609500000000025e+03
1.604452499999999873e+03
1.608295500000000175e+03
1.612138500000000022e+03
1.615981499999999869e+03
1.619824500000000171e+03
1.623667500000000018e+03
1.627510499999999865e+03
1.631353500000000167e+03
1.635196500000000015e+03
1.639039499999999862e+03
1.642882500000000164e+03
1.646725500000000011e+03
1.650568499999999858e+03
1.654411500000000160e+03
1.658254500000000007e+03
1.662097499999999854e+03
1.665940500000000156e+03
1.669783500000000004e+03
1.673626499999999851e+03
1.677469500000000153e+03
1.681312500000000000e+03
1.685155499999999847e+03
1.688998500000000149e+03
1.692841499999999996e+03
1.696684499999999844e+03
1.700527500000000146e+03
1.704370499999999993e+03
1.708213499999999840e+03
1.712056500000000142e+03
1.715899499999999989e+03
1.719742499999999836e+03
1.723585500000000138e+03
1.727428499999999985e+03
1.731271499999999833e+03
1.735114500000000135e+03
1.738957499999999982e+03
1.742800499999999829e+03
1.746643500000000131e+03
1.750486499999999978e+03
1.754329499999999825e+03
1.758172500000000127e+03
1.762015499999999975e+03
1.765858499999999822e+03
1.769701500000000124e+03
1.773544499999999971e+03
1.777387499999999818e+03
1.781230500000000120e+03
1.785073499999999967e+03
1.788916499999999814e+03
1.792759500000000116e+03
1.796602499999999964e+03
1.800445499999999811e+03
1.804288500000000113e+03
1.808131499999999960e+03
1.811974500000000035e+03
1.815817500000000109e+03
1.819660499999999956e+03
1.823503500000000031e+03
1.827346500000000106e+03
1.831189499999999953e+03
1.835032500000000027e+03
1.838875500000000102e+03
1.842718499999999949e+03
1.846561500000000024e+03
1.850404500000000098e+03
1.854247499999999945e+03
1.858090500000000020e+03
1.861933500000000095e+03
1.865776499999999942e+03
1.869619500000000016e+03
1.873462500000000091e+03
1.877305499999999938e+03
1.881148500000000013e+03
1.884991500000000087e+03
1.888834499999999935e+03
1.892677500000000009e+03
1.896520500000000084e+03
1.900363499999999931e+03
1.904206500000000005e+03
1.908049500000000080e+03
1.911892499999999927e+03
1.915735500000000002e+03
1.919578500000000076e+03
1.923421499999999924e+03
1.927264499999999998e+03
1.931107500000000073e+03
1.934950499999999920e+03
1.938793499999999995e+03
1.942636500000000069e+03
1.946479499999999916e+03
1.950322499999999991e+03
1.954165500000000065e+03
1.958008499999999913e+03
1.961851499999999987e+03
1.965694500000000062e+03
1.969537499999999909e+03
1.973380499999999984e+03
1.977223500000000058e+03
1.981066499999999905e+03
1.984909499999999980e+03
1.988752500000000055e+03
1.992595499999999902e+03
1.996438499999999976e+03
2.000281500000000051e+03
2.004124499999999898e+03
2.007967499999999973e+03
2.011810500000000047e+03
2.015653499999999894e+03
2.019496499999999969e+03
2.023339500000000044e+03
2.027182499999999891e+03
2.031025499999999965e+03
2.034868500000000040e+03
2.038711499999999887e+03
2.042554500000000189e+03
2.046397500000000036e+03
2.050240499999999884e+03
2.054083499999999731e+03
2.057926500000000033e+03
2.061769499999999880e+03
2.065612500000000182e+03
2.069455500000000029e+03
2.073298499999999876e+03
2.077141499999999724e+03
2.080984500000000025e+03
2.084827499999999873e+03
2.088670500000000175e+03
2.092513500000000022e+03
2.096356499999999869e+03
2.100199499999999716e+03
2.104042500000000018e+03
2.107885499999999865e+03
2.111728500000000167e+03
2.115571500000000015e+03
2.119414499999999862e+03
2.123257499999999709e+03
2.127100500000000011e+03
2.130943499999999858e+03
2.134786500000000160e+03
2.138629500000000007e+03
2.142472499999999854e+03
2.146315499999999702e+03
2.150158500000000004e+03
2.154001499999999851e+03
2.157844500000000153e+03
2.161687500000000000e+03
2.165530499999999847e+03
2.169373500000000149e+03
2.173216499999999996e+03
2.177059500000000298e+03
2.180902500000000146e+03
2.184745499999999993e+03
2.188588499999999840e+03
2.192431500000000142e+03
2.196274499999999989e+03
2.200117500000000291e+03
2.203960500000000138e+03
2.207803499999999985e+03
2.211646499999999833e+03
2.215489500000000135e+03
2.219332499999999982e+03
2.223175500000000284e+03
2.227018500000000131e+03
2.230861499999999978e+03
2.234704499999999825e+03
2.238547500000000127e+03
2.242390499999999975e+03
2.246233500000000276e+03
2.250076500000000124e+03
2.253919499999999971e+03
2.257762499999999818e+03
2.261605500000000120e+03
2.265448499999999967e+03
2.269291500000000269e+03
2.273134500000000116e+03
2.276977499999999964e+03
2.280820499999999811e+03
2.284663500000000113e+03
2.288506499999999960e+03
2.292349500000000262e+03
2.296192500000000109e+03
2.300035499999999956e+03
2.303878499999999804e+03
2.307721500000000106e+03
2.311564499999999953e+03
2.315407500000000255e+03
2.319250500000000102e+03
2.323093499999999949e+03
2.326936499999999796e+03
2.330779500000000098e+03
2.334622499999999945e+03
2.338465500000000247e+03
2.342308500000000095e+03
2.346151499999999942e+03
2.349994499999999789e+03
2.353837500000000091e+03
2.357680499999999938e+03
2.361523500000000240e+03
2.365366500000000087e+03
2.369209499999999935e+03
2.373052499999999782e+03
2.376895500000000084e+03
2.380738499999999931e+03
2.384581500000000233e+03
2.388424500000000080e+03
2.392267499999999927e+03
2.396110499999999774e+03
2.399953500000000076e+03
2.403796499999999924e+03
2.407639500000000226e+03
2.411482500000000073e+03
2.415325499999999920e+03
2.419168499999999767e+03
2.423011500000000069e+03
2.426854499999999916e+03
2.430697500000000218e+03
2.434540500000000065e+03
2.438383499999999913e+03
2.442226499999999760e+03
2.446069500000000062e+03
2.449912499999999909e+03
2.453755500000000211e+03
2.457598500000000058e+03
2.461441499999999905e+03
2.465284499999999753e+03
2.469127500000000055e+03
2.472970499999999902e+03
2.476813500000000204e+03
2.480656500000000051e+03
2.484499499999999898e+03
2.488342499999999745e+03
2.492185500000000047e+03
2.496028499999999894e+03
2.499871500000000196e+03
2.503714500000000044e+03
2.507557499999999891e+03
2.511400499999999738e+03
2.515243500000000040e+03
2.519086499999999887e+03
2.522929500000000189e+03
2.526772500000000036e+03
2.530615499999999884e+03
2.534458499999999731e+03
2.538301500000000033e+03
2.542144499999999880e+03
2.545987500000000182e+03
2.549830500000000029e+03
2.553673499999999876e+03
2.557516499999999724e+03
2.561359500000000025e+03
2.565202499999999873e+03
2.569045500000000175e+03
2.572888500000000022e+03
2.576731499999999869e+03
2.580574499999999716e+03
2.584417500000000018e+03
2.588260499999999865e+03
2.592103500000000167e+03
2.595946500000000015e+03
2.599789499999999862e+03
2.603632499999999709e+03
2.607475500000000011e+03
2.611318499999999858e+03
2.615161500000000160e+03
2.619004500000000007e+03
2.622847499999999854e+03
2.626690499999999702e+03
2.630533500000000004e+03
2.634376499999999851e+03
2.638219500000000153e+03
2.642062500000000000e+03
2.645905499999999847e+03
2.649748500000000149e+03
2.653591499999999996e+03
2.657434500000000298e+03
2.661277500000000146e+03
2.665120499999999993e+03
2.668963499999999840e+03
2.672806500000000142e+03
2.676649499999999989e+03
2.680492500000000291e+03
2.684335500000000138e+03
2.688178499999999985e+03
2.692021499999999833e+03
2.695864500000000135e+03
2.699707499999999982e+03
2.703550500000000284e+03
2.707393500000000131e+03
2.711236499999999978e+03
2.715079499999999825e+03
2.718922500000000127e+03
2.722765499999999975e+03
2.726608500000000276e+03
2.730451500000000124e+03
2.734294499999999971e+03
2.738137499999999818e+03
2.741980500000000120e+03
2.745823499999999967e+03
2.749666500000000269e+03
2.753509500000000116e+03
2.757352499999999964e+03
2.761195499999999811e+03
2.765038500000000113e+03
2.768881499999999960e+03
2.772724500000000262e+03
2.776567500000000109e+03
2.780410499999999956e+03
2.784253499999999804e+03
2.788096500000000106e+03
2.791939499999999953e+03
2.795782500000000255e+03
2.799625500000000102e+03
2.803468499999999949e+03
2.807311499999999796e+03
2.811154500000000098e+03
2.814997499999999945e+03
2.818840500000000247e+03
2.822683500000000095e+03
2.826526499999999942e+03
2.830369499999999789e+03
2.834212500000000091e+03
2.838055499999999938e+03
2.841898500000000240e+03
2.845741500000000087e+03
2.849584499999999935e+03
2.853427499999999782e+03
2.857270500000000084e+03
2.861113499999999931e+03
2.864956500000000233e+03
2.868799500000000080e+03
2.872642499999999927e+03
2.876485499999999774e+03
2.880328500000000076e+03
2.884171499999999924e+03
2.888014500000000226e+03
2.891857500000000073e+03
2.895700499999999920e+03
2.899543499999999767e+03
2.903386500000000069e+03
2.907229499999999916e+03
2.911072500000000218e+03
2.914915500000000065e+03
2.918758499999999913e+03
2.922601499999999760e+03
2.926444500000000062e+03
2.930287499999999909e+03
2.934130500000000211e+03
2.937973500000000058e+03
2.941816499999999905e+03
2.945659499999999753e+03
2.949502500000000055e+03
2.953345499999999902e+03
2.957188500000000204e+03
2.961031500000000051e+03
2.964874499999999898e+03
2.968717499999999745e+03
2.972560500000000047e+03
2.976403499999999894e+03
2.980246500000000196e+03
2.984089500000000044e+03
2.987932499999999891e+03
2.991775499999999738e+03
2.995618500000000040e+03
2.999461499999999887e+03
3.003304500000000189e+03
3.007147500000000036e+03
3.010990499999999884e+03
3.014833499999999731e+03
3.018676500000000033e+03
3.022519499999999880e+03
3.026362500000000182e+03
3.030205500000000029e+03
3.034048499999999876e+03
3.037891499999999724e+03
3.041734500000000025e+03
3.045577499999999873e+03
3.049420500000000175e+03
3.053263500000000022e+03
3.057106499999999869e+03
3.060949499999999716e+03
3.064792500000000018e+03
3.068635499999999865e+03
3.072478500000000167e+03
3.076321500000000015e+03
3.080164499999999862e+03
3.084007499999999709e+03
3.087850500000000011e+03
3.091693499999999858e+03
3.095536500000000160e+03
3.099379500000000007e+03
3.103222499999999854e+03
3.107065499999999702e+03
3.110908500000000004e+03
3.114751499999999851e+03
3.118594500000000153e+03
3.122437500000000000e+03
3.126280499999999847e+03
3.130123500000000149e+03
