1713365602429228
1571764589865556
1428688539963466
1315346140246013
1207538442930435
1146426474444586
1066882448932459
992026379264525
942915377418694
896812973164751
862648680254361
833183172295118
783736784685036
772568809501462
728713493402074
703564915377023
683523151837136
654486389793504
627262804166652
622650193296092
598669761196131
584698715917848
568150335555067
552191410693347
535163290566045
518303610287693
512961551356588
504726440862087
498647094801956
486720934730116
478281451219835
467523796793149
465044963689152
456094730630807
446303090696025
432994081422871
434532684733436
423988757903682
412356361603762
406047865315597
395954864203732
402175186893801
399915239376073
380091380999115
384814740629762
383911498538268
368472114589352
367218456692368
354432495544921
353863224246635
350299326057781
341014914061566
341321107535668
334629537883035
333563186763219
326887061179297
319691316985959
326419917646008
317612121884146
314920128948704
308962784097646
310684687066869
307627728740971
301158491114571
294858697131466
292281080663005
280647303627286
290226393604070
284429783088268
276308166450233
278905162191658
281614208901077
272415196331382
273813501656046
266869703432793
258231911024065
256269279113558
253252040125691
253265953759270
243881675719467
244092635256178
240443317010777
240983443098239
236039230975365
229610597512500
230473791237992
236055314363196
232536643185148
226356085113294
216340413198944
223517618907520
227039830169153
215518959433577
210983016820321
212516230462127
212399076525494
204290335762782
214593680704177
207163390864065
205009997587506
199540525839797
196136693616483
200676128481438
199083541420566
189901386662252
192252466249479
186616153539545
185728351235859
186467507107185
186753187732383
185920138672478
178524557954190
180839097295490
181258349634761
168008639348365
169081710869681
170780512556194
168931948802794
164005421023430
165719413297001
159809180711750
155152831987908
161243672822678
155248993620932
157776682804558
156511766974394
150928309157317
148873079602417
141191945656463
148414663299452
151822412175469
140898742151863
142344869366477
136285578079518
144854070754935
137373534546422
140985834592773
136855021696100
139642791351830
139574708064761
135042561293750
134742977789247
133154413965288
130392077549927
128569561842609
129671297657012
129948896914456
128161644440719
126662783491591
121207974787080
119376799892386
117897002722447
117738408688995
115673186557310
113267297606191
114261472057532
112222615729554
108274218443974
106338431308158
107347472222286
109830204970344
113892741539813
106669814997516
107050087973956
102573150786813
103109245562444
102152680481443
96511999410891
97190458270857
98849488521163
97413256374310
93809008923600
97106069287859
92823510424557
92392867370445
97114255147701
92178865076519
89196640861527
88976960550393
87735780481152
91001340009519
89460979437945
89743711112704
83256608870402
80382093514245
78863069233636
83698203262394
78565533909372
80503169187396
81138910866694
74990362795871
78873919395695
74149242576646
75375460801195
75446510112262
75034125978624
71415075313216
70281360540560
73618090486219
70908295456088
65744748269826
66737702589617
63316949022036
64742377139596
64026185643287
65994621860432
60622926513809
65335307041386
64930992204676
61936082492809
62103737916404
60951028455985
57094097685509
58360140873654
55748587635635
59885328469431
57086970918154
54191258593072
52485131240346
56987110375718
55962646946833
55247139764769
53077651728732
54266191088286
55076460319133
52308218234915
50624295217019
51051128109426
50251793624854
48183937603434
48191100717691
46312443987600
48317598108154
47169584822390
49055005628723
45251181865285
42020679783075
43356602430530
45322597231293
44658025096014
44761816640560
43328657577918
43169069692746
38023559981220
38898102065788
40328177906366
40882298725003
37916417766721
37930950311343
41036387889956
39577367548120
34917910987026
39397027809932
39758713474803
39114710942266
36851536798265
36881067926894
36898330414577
35114654503053
34196591691017
35614348758480
33520662308032
36942842603310
34696697264985
32992711207285
30604506737271
32985277967844
32996985000743
30554345085184
29630083072283
32491646199208
29590853498274
29763211846015
30846329616063
28621476764265
28700040195054
27080984379589
25671710784732
29400017631019
25434630355398
26565688996088
27642959576118
25199209998149
27864079074046
25123843102741
27302069636070
26423729026254
25084047190587
25429893454973
24874816688225
25315685804080
25332244616005
23582911497146
25772054433520
23239948771075
22756552268165
25171714695490
22002578881805
22347810750399
22031485975396
21687513303157
20701684047057
21147841968177
22970692144946
19044879106987
21948457677802
22219757881665
22087950463814
19039548001898
20012595488330
16249194024476
20845074148739
18599216410133
21692204879733
17385280390733
18569705333416
17846205069745
17027470865228
17836930848449
19027460720719
17752820651799
17353252726669
16554579520738
16130362662288
15905693469472
17075525393880
16163093000164
16987793544108
16705444131436
15831109992973
17458066269877
16675495233890
13276356764617
16278672324838
15025162648574
14985410591239
13145751706715
12200807904036
17887158131737
13452626573901
14906392263943
14022474525676
14979908651540
13937582055736
12943296875934
13527905885886
12732444994696
14460063995703
11464423508855
12158065979501
14180907405067
14466104128714
12968856959268
11042536648666
13215512107367
11292507428165
12400181324046
11980824583708
12640433313700
12307804117382
10128266527012
11359269906931
11299713849898
12050503968850
10894071378698
10117291426089
10032491989624
12279572120090
11397132090959
12110335628710
9365506646470
9005075570774
9301118165031
10871378309601
11647121198125
10973032564072
9036440336544
10674290723294
9666052129399
9767140281191
10250840886885
11652119669930
9934259899610
11044686432479
9898126844696
9094233215211
9738629749084
8340662589670
8860783792369
8212334175479
7974342935407
9799466250493
8243952140869
6577487475269
9297207849783
8730609490552
7817573703390
7245157637778
8601194540398
8656647251438
8449985512662
8288371382485
9748343378057
9074198813007
7677647741602
8410360747073
7410650429748
7280628734226
7268519753055
7793982331843
6890745845296
6778377846828
8237365522524
6018427012910
5952739442010
7155489927872
5924941179775
6893070154136
7161200699512
6498091455497
5352090458348
4570695686759
8082862519364
6655867218991
6264000092459
5118074461964
5944628147181
5996538251242
5618867315743
6182650667116
4772408353689
4707833217711
7136743011857
5838533360884
6317926915938
5747714563490
5387891106398
4886883588756
6495851857138
5003733729248
5293576357189
4906388377226
4825610156178
5047261289635
5090191153246
5655767016491
4334256765391
5899969485916
5702045565226
4069434973853
5999889094852
4155094903017
4226067453327
4774370784369
4874674169260
5288454028373
4781668336340
4698209599498
4079001779677
4329135099778
5246277592622
3987920253218
4476123783473
3714783514854
5250873501700
4001720722364
4360472048244
2874991752719
3667685821716
3965607890732
4388745093269
4691919620339
3722130061317
3792987786518
3098292247999
3596596597527
4631987567688
3715533437659
4041125574054
4008470224053
4920292103234
4019379308727
3395812952378
3782054581913
3543815423344
3402316022228
2417418816064
3989676835132
3104414961553
3416480546951
4253525894589
3693298177858
3374342014274
2901076347080
2892133793878
3591800098161
2577063428476
3165087574621
3317156341785
3130430114916
2752839148825
3452004948065
2684759594686
3024480166211
2779458316651
3252787802282
2819268567727
2189620994825
2629359808175
2174452980524
3228038512961
3048762892757
3662489010091
2219898596663
3158496628894
2576337671711
2964133665431
2206203217659
2588914119050
2204833121346
2551142559788
2809007436400
2735501952195
2290542022166
2926492948900
2415675707080
2012228663915
3088935374724
2400249660722
1789681007930
3105603327448
2156144071311
2572503547724
2369884872181
2585312185899
2987242562458
1701025980461
1769641914709
2136775400573
1716600860226
2566570760025
1873407836114
2441838485778
2079174067215
2411685446084
1747906394868
1717924099290
2121290586823
2257131830609
1872802067470
1986422517880
1641747113454
1556664832361
2050924383591
2155594086710
1617385276072
2170035225190
1773992794895
2184077223667
1951842133489
1706248347047
1448377617432
2188326510173
1752647056460
1298442572775
1747882758664
1412646236033
2143695217937
1473475185613
1462121440364
2231559046439
1589285984513
1502856578559
923859523452
1500630314138
1902728801565
1302994318843
1105271274266
1361886244264
1231911689782
1911512064945
1397203631347
1525025072669
1767678979487
1001262756827
1112722395522
1242530334196
1412585231074
2183322739898
1567810547578
1213113347872
1557981156883
1292374712223
1327202732125
1519618590290
861904571380
1457466234582
1495291612459
1306870392934
1684095142253
1020647633117
1180431468300
1118798814284
1205139571068
1275621599846
860744847008
912004379521
805608924392
909028978150
1023589349510
940851947341
590126637174
1223893766254
1002206411540
1155758291687
1284195864713
710104125064
798591825690
1045441514754
770388730556
467298884357
821714914819
1110634469801
866091058579
1275848741751
1141750844032
942089728217
1335029160726
393022424591
951697835631
912922243664
782006586081
591513376282
1089501008700
498916553406
978581733736
1040080164467
931657897104
1132787498222
1105372564763
928842332916
759138692348
708959584770
608434310793
1041006434736
950832761766
853671700072
906036011439
1030589460092
854775774040
949895516458
665412614899
911329424051
576419603578
772383619979
835159361925
614856469998
315629736618
1062046238441
961490796925
536515690643
467735716710
466213528414
602170555628
584781025649
359833549241
380783462549
744546280072
374286519906
323713998259
424206276127
468972884127
849718819532
666785097265
571451274484
540884845043
379903706239
259091413605
541531572955
294958183859
367186822070
355016624088
355737874538
542499995741
598446969813
777420969886
348280173880
336884220141
547932981165
665869523041
597945117203
276254018290
428644144871
356610844583
293061945953
542768661836
305837200298
359544033811
419243928500
379477643087
559677792838
198274577293
258621669695
602481709463
131777027761
433756110093
184202181142
482853244379
513515447353
456644304635
496581626974
676938310410
398119266753
352207632764
227203253256
412729147273
529518183221
253990011508
436888814434
391676859948
207815619721
388252484932
176320655257
336828150031
195781378322
207856465804
521377652268
424794199327
475768393220
252760084576
363260380214
386333235655
167157417110
760912261051
215807041120
394638960279
413976111372
330933252369
189748115099
210541654576
200233913755
199907127377
197551496001
405732486153
318631375537
236977337353
176528956949
144933111074
219999155583
257622301488
115199287081
413515463089
196164931570
35222955217
277389074358
227284955062
412720573461
228164360330
314881399524
340954255043
234662269864
176669453747
301911970910
218288095986
146719580929
41647491309
231163270657
62815625315
62744466986
39284704970
164365403546
83266237625
159902392105
7189916609
134332635278
202845646605
130008212050
98737446013
199020854519
335457417523
15897611353
33601999223
16439545277
74279529501
112485182913
43126419676
262596164976
62000571196
175191995848
154528190910
84086525652
22076210843
214404531854
57028089729
171125851721
152335152933
140707601643
78546158540
24040028264
204765517624
175450976042
88386563163
67062395326
160957602371
62591052060
172017478105
49230223959
135303213589
118987320603
25724847869
27066418657
108608729651
29375648709
151905689860
166723195300
43989282356
115551572800
92390141740
127840295989
59222851869
297417486694
78365931328
65409426567
113582306114
3306283646
21165490187
113170593129
60319116988
112919498264
74323539092
133352697849
178602994490
66649259038
83827391946
94960639595
124028390478
36420949567
19127564827
83095076607
66742114965
