4.804999999999999716e+00
5.115000000000000213e+00
5.424999999999999822e+00
5.734999999999999432e+00
6.044999999999999929e+00
6.355000000000000426e+00
6.665000000000000036e+00
6.974999999999999645e+00
7.285000000000000142e+00
7.595000000000000639e+00
7.905000000000000249e+00
8.214999999999999858e+00
8.524999999999998579e+00
8.835000000000000853e+00
9.144999999999999574e+00
9.455000000000000071e+00
9.765000000000000568e+00
1.007499999999999929e+01
1.038499999999999979e+01
1.069500000000000028e+01
1.100499999999999901e+01
1.131500000000000128e+01
1.162500000000000000e+01
1.193499999999999872e+01
1.224500000000000099e+01
1.255499999999999972e+01
1.286500000000000021e+01
1.317500000000000071e+01
1.348499999999999943e+01
1.379499999999999993e+01
1.410500000000000043e+01
1.441499999999999915e+01
1.472500000000000142e+01
1.503500000000000014e+01
1.534499999999999886e+01
1.565500000000000114e+01
1.596499999999999986e+01
1.627499999999999858e+01
1.658500000000000085e+01
1.689499999999999957e+01
1.720499999999999829e+01
1.751500000000000057e+01
1.782500000000000284e+01
1.813499999999999801e+01
1.844500000000000028e+01
1.875500000000000256e+01
1.906499999999999773e+01
1.937500000000000000e+01
1.968500000000000227e+01
1.999499999999999744e+01
2.030499999999999972e+01
2.061500000000000199e+01
2.092499999999999716e+01
2.123499999999999943e+01
2.154500000000000171e+01
2.185500000000000043e+01
2.216499999999999915e+01
2.247500000000000142e+01
2.278500000000000014e+01
2.309499999999999886e+01
2.340500000000000114e+01
2.371499999999999986e+01
2.402499999999999858e+01
2.433500000000000085e+01
2.464499999999999957e+01
2.495499999999999829e+01
2.526500000000000057e+01
2.557500000000000284e+01
2.588499999999999801e+01
2.619500000000000028e+01
2.650500000000000256e+01
2.681499999999999773e+01
2.712500000000000000e+01
2.743500000000000227e+01
2.774499999999999744e+01
2.805499999999999972e+01
2.836500000000000199e+01
2.867499999999999716e+01
2.898499999999999943e+01
2.929500000000000171e+01
2.960500000000000043e+01
2.991499999999999915e+01
3.022500000000000142e+01
3.053500000000000014e+01
3.084499999999999886e+01
3.115500000000000114e+01
3.146499999999999986e+01
3.177499999999999858e+01
3.208500000000000085e+01
3.239499999999999602e+01
3.270499999999999829e+01
3.301500000000000057e+01
3.332500000000000284e+01
3.363499999999999801e+01
3.394500000000000028e+01
3.425499999999999545e+01
3.456499999999999773e+01
3.487500000000000000e+01
3.518500000000000227e+01
3.549500000000000455e+01
3.580499999999999972e+01
3.611500000000000199e+01
3.642499999999999716e+01
3.673499999999999943e+01
3.704500000000000171e+01
3.735500000000000398e+01
3.766499999999999915e+01
3.797500000000000142e+01
3.828499999999999659e+01
3.859499999999999886e+01
3.890500000000000114e+01
3.921500000000000341e+01
3.952499999999999858e+01
3.983500000000000085e+01
4.014499999999999602e+01
4.045499999999999829e+01
4.076500000000000057e+01
4.107500000000000284e+01
4.138499999999999801e+01
4.169500000000000028e+01
4.200499999999999545e+01
4.231499999999999773e+01
4.262500000000000000e+01
4.293500000000000227e+01
4.324500000000000455e+01
4.355499999999999972e+01
4.386500000000000199e+01
4.417499999999999716e+01
4.448499999999999943e+01
4.479500000000000171e+01
4.510500000000000398e+01
4.541499999999999915e+01
4.572500000000000142e+01
4.603499999999999659e+01
4.634499999999999886e+01
4.665500000000000114e+01
4.696500000000000341e+01
4.727499999999999858e+01
4.758500000000000085e+01
4.789499999999999602e+01
4.820499999999999829e+01
4.851500000000000057e+01
4.882500000000000284e+01
4.913499999999999801e+01
4.944500000000000028e+01
4.975499999999999545e+01
5.006499999999999773e+01
5.037500000000000000e+01
5.068500000000000227e+01
5.099500000000000455e+01
5.130499999999999972e+01
5.161500000000000199e+01
5.192499999999999716e+01
5.223499999999999943e+01
5.254500000000000171e+01
5.285500000000000398e+01
5.316499999999999915e+01
5.347500000000000142e+01
5.378499999999999659e+01
5.409499999999999886e+01
5.440500000000000114e+01
5.471500000000000341e+01
5.502499999999999858e+01
5.533500000000000085e+01
5.564499999999999602e+01
5.595499999999999829e+01
5.626500000000000057e+01
5.657500000000000284e+01
5.688499999999999801e+01
5.719500000000000028e+01
5.750499999999999545e+01
5.781499999999999773e+01
5.812500000000000000e+01
5.843500000000000227e+01
5.874500000000000455e+01
5.905499999999999972e+01
5.936500000000000199e+01
5.967499999999999716e+01
5.998499999999999943e+01
6.029500000000000171e+01
6.060500000000000398e+01
6.091499999999999915e+01
6.122500000000000142e+01
6.153499999999999659e+01
6.184499999999999886e+01
6.215500000000000114e+01
6.246500000000000341e+01
6.277499999999999858e+01
6.308500000000000085e+01
6.339499999999999602e+01
6.370499999999999829e+01
6.401500000000000057e+01
6.432500000000000284e+01
6.463500000000000512e+01
6.494499999999999318e+01
6.525499999999999545e+01
6.556499999999999773e+01
6.587500000000000000e+01
6.618500000000000227e+01
6.649500000000000455e+01
6.680500000000000682e+01
6.711499999999999488e+01
6.742499999999999716e+01
6.773499999999999943e+01
6.804500000000000171e+01
6.835500000000000398e+01
6.866499999999999204e+01
6.897499999999999432e+01
6.928499999999999659e+01
6.959499999999999886e+01
6.990500000000000114e+01
7.021500000000000341e+01
7.052500000000000568e+01
7.083500000000000796e+01
7.114499999999999602e+01
7.145499999999999829e+01
7.176500000000000057e+01
7.207500000000000284e+01
7.238500000000000512e+01
7.269499999999999318e+01
7.300499999999999545e+01
7.331499999999999773e+01
7.362500000000000000e+01
7.393500000000000227e+01
7.424500000000000455e+01
7.455500000000000682e+01
7.486499999999999488e+01
7.517499999999999716e+01
7.548499999999999943e+01
7.579500000000000171e+01
7.610500000000000398e+01
7.641499999999999204e+01
7.672499999999999432e+01
7.703499999999999659e+01
7.734499999999999886e+01
7.765500000000000114e+01
7.796500000000000341e+01
7.827500000000000568e+01
7.858500000000000796e+01
7.889499999999999602e+01
7.920499999999999829e+01
7.951500000000000057e+01
7.982500000000000284e+01
8.013500000000000512e+01
8.044499999999999318e+01
8.075499999999999545e+01
8.106499999999999773e+01
8.137500000000000000e+01
8.168500000000000227e+01
8.199500000000000455e+01
8.230500000000000682e+01
8.261499999999999488e+01
8.292499999999999716e+01
8.323499999999999943e+01
8.354500000000000171e+01
8.385500000000000398e+01
8.416499999999999204e+01
8.447499999999999432e+01
8.478499999999999659e+01
8.509499999999999886e+01
8.540500000000000114e+01
8.571500000000000341e+01
8.602500000000000568e+01
8.633500000000000796e+01
8.664499999999999602e+01
8.695499999999999829e+01
8.726500000000000057e+01
8.757500000000000284e+01
8.788500000000000512e+01
8.819499999999999318e+01
8.850499999999999545e+01
8.881499999999999773e+01
8.912500000000000000e+01
8.943500000000000227e+01
8.974500000000000455e+01
9.005500000000000682e+01
9.036499999999999488e+01
9.067499999999999716e+01
9.098499999999999943e+01
9.129500000000000171e+01
9.160500000000000398e+01
9.191499999999999204e+01
9.222499999999999432e+01
9.253499999999999659e+01
9.284499999999999886e+01
9.315500000000000114e+01
9.346500000000000341e+01
9.377500000000000568e+01
9.408500000000000796e+01
9.439499999999999602e+01
9.470499999999999829e+01
9.501500000000000057e+01
