1148949787740996
1045598284656802
972190946181529
918535835847067
848592980667681
799383691469170
752555949051202
717034866827273
680251500561244
644736514635911
608984356341741
587544417573791
558135238752626
527282251745367
516910831588858
492001421051239
471680058019450
459267462798803
437441893812026
424220098573703
404531420352323
392632894989107
375080422647793
360272261071383
351745029971232
341578112419343
336603859142407
320722547312246
306318121276056
301290938960513
295324484721506
283239709292115
272493275270414
271233731047171
258262361433279
251104947942444
241534903126592
237466183383814
234983957697610
225400303199732
217275867160897
218116060381886
205857543861485
202491150360052
195171594363557
190211492194347
186696102382838
182186233845220
181729765555230
175186566953056
171509894787434
165667556253807
164005337631760
159512502679782
154456520019244
149703443226239
145303996906660
141802124403008
141873638886057
144143646498282
137058777253871
128784709133562
133778579932352
123601145658472
125534134487479
121302746644497
120022701789676
119736480892665
115364929684176
114012362763845
112473386466502
111401624630855
111776659057370
107693976285563
106894899088552
103358897167294
99505627221249
101577567202685
96180156998443
94338369924615
94272843188181
93170759254509
92049895390725
88941873623012
86071663418888
87943088814506
87844586868166
83346340849653
82902380489375
82386797655064
78703438588295
79233186238401
75447553145798
75566871547753
72332454084824
76290676698548
72388889785594
72681004199563
73225345650847
68695371130440
69959344341458
66924405962597
63494273846327
67076951020279
64602981396925
62198768894949
63287707273330
64344298630412
59501673526819
61906732135154
59252120586932
57617931799970
58540020009307
57604790501687
57621598542073
54311909919370
56006919544012
54754973806670
52561746410831
51442765470139
50621549869490
51058445925469
50054502218685
49297727531944
50702147921227
48289962880002
48048764535962
49049450824307
48703943075722
46358464260282
44006226620355
43926696100465
44819831439324
42948763539839
43041639402343
40031792981900
40170828663855
40207467471071
39458636904019
39658849060064
38735623932850
35540406838572
36146451706690
36027404596391
37160747980074
35758350027976
34501530316460
35608147173204
37549466864792
33280960219167
32906495806464
32593935788138
34744811122425
33087478729418
31570267096753
31595466300336
30714381078631
30893389433753
28538974942542
29885023134778
30493309674837
29333020188135
29065733272850
30649412609922
27618224240991
27121318638607
26989021826086
26698844266842
28003577726136
24487108906575
27289992784118
24847433307212
23698798977246
25613848490698
24083037366473
25596127839447
24613166806114
25437575063900
24135607324349
25522513020659
23785454298195
23510027457435
22628192442631
21576165748416
24730151995367
21169501836589
21166835365967
21164636527831
21981727575863
21342792576866
21407091255304
21333114266181
20469192179925
20298928586852
19494736911048
19320939944954
18768814652177
19205800690124
19933784108685
18400101900019
18928632444625
18306696780493
19775348142218
18950246155706
19041618520197
16432789857829
16899821075305
19047198657722
16486479676129
18207097729381
17289115064180
17347164407492
15559951892524
14764640576381
15723587485232
14509253146621
14858875225220
14056700732094
15367251129537
15770962641382
13302977222009
14148463421165
15362314215638
12565525875903
14963791401503
13496024487201
13496648993529
13639193211250
14448210381764
11742486364327
12425036267262
12410611791778
13447699178672
12461968562251
11907026712138
11950977189519
12105186136982
11224234287909
12859072690228
11217438844423
12316626324037
10428669954272
11380951888082
10340767630996
11220265615890
9237627729003
10018234308199
10230233965704
12273076794688
9223674006913
9543539360309
9888651372471
9598742493266
9913268698948
9719149211802
10196909290646
10316456292494
8673671820636
8676727024053
10060840494175
8063484673530
8651187048878
8932019955338
8788594392677
8169806377303
8731578434644
8121368411489
8122424021894
8081921911457
8572054919066
8264658255090
8333505284343
7474833153463
8163799885183
8863615372670
7615799611990
7530331920663
7398394185256
7547403738211
7036460348491
6960265201596
7770391595573
7039312044960
6790387917813
6023568765561
6307672613597
6208830235230
6303728615225
7003252683960
6836302054941
6358786490558
6734873971121
6491491089350
6138275508819
6161122624812
6295220151569
6597154246409
5967498036389
6514576733076
5983649497661
5296068547185
4521281849335
5535902187054
4938056758792
4826967256041
5387808790219
5183163569552
4773635086095
5342789214505
4992717241195
4476246633478
4789930725785
5156590697033
4803923257289
4538218083378
5598966561414
4703692636149
3998381099118
3646557988623
4596775636781
4053407362647
4064836971497
3511516715595
4002779997192
3710554696696
3162057613541
3991397909285
3533308100134
3924678397479
2883382685004
3321489019816
3302338561762
3370168494866
3509197513595
3432203491303
2981043342883
3150437105424
2807621119904
3213556862369
3188103316127
3024586645040
2600499076400
3251149334590
2797336489911
2617023842095
2969864287489
2349539464263
2431394842314
2363341970763
3071998190612
2431345440798
2454238576837
1895102576587
2609980353529
2030887950937
2451016054227
2044897930723
2197103062154
1874472522506
2269086361072
2165769822152
1758229274332
2120582319444
1603896565460
1637243556833
2020913116870
1610039098694
1621292586626
1664511346277
1774834991227
1628436005762
1516610982359
1684859178708
1857674468705
1406318186121
1700024284749
1261186401568
1614482318749
1578871810607
1207014011631
1264393381051
1260166670562
1336454084912
945694876076
1182989164895
1239346777324
1104591742218
1034757972225
1448587265337
895373825577
1314122557972
790927859434
776401919947
876082924197
1086323046445
1078741107935
779182807000
1048697472763
1135514405507
914112376754
830612255784
933511950560
540304751784
654954604410
760304264852
754138487749
647206805266
656795797395
764353522316
727626483953
952520672774
618985767768
647539681055
703418051820
780653012857
755355298570
416241653339
597825025669
709963310178
544073294314
498005778014
573593887894
480692310940
662896491596
464075918727
601545451164
338833200686
346435907866
448857550943
470292103765
410231371516
218459815303
499787459937
352099589398
397603434267
368398387969
517587812913
380956218827
206772814335
497516561729
436827870842
398421043636
407392656593
345893621707
189295208634
263401888803
232997919638
576983596521
250269103576
218726743654
343350290610
318197960456
198537138871
415096092404
302147790747
157319073411
336820186342
271196633684
180111043769
236829052664
314628056907
340676893073
359987596236
362264164050
300596393496
440730551392
292842510990
313430698584
154515847487
213099776459
416698262462
184196022287
229062393668
287502386169
362347186863
287214448793
118960871322
187897178631
163476258904
65814629653
189210550348
159629366826
157888817848
144179140215
109936688337
144163836982
94647093069
173786969884
142274913714
111097607700
215222352036
88908204474
121264973988
266573792748
155464547169
185828113464
207106892069
75015617472
92226839019
113945875482
136513461983
106387016720
96532985184
166156436608
241558027755
95404429893
188240448238
75258519031
127796221584
43519928367
122829036051
169030396705
169328829114
115458631015
131853531267
281050011157
62500876411
124967036318
141442495899
98630857494
70775130693
19092629850
123147850898
98416390912
35578676232
229379731307
90968622971
221469528875
124823010393
59393579068
110096133711
67034668849
73830299909
140437708425
102308876376
70859762367
37967645284
63407312907
163130997380
128025734890
154648639809
64479492191
20128853219
157461782508
46685367221
3434980794
99125117838
22806447211
164505325432
150738400121
46305056109
8287483764
123383107842
86543757384
70751302978
67669244183
124865926154
32014079013
106480166179
78742815202
50471313261
56497559112
18564399000
23720145153
4270827840
22819610054
97546438358
65322162610
53808333045
108498194066
102048106610
42713554200
74170623623
28362381245
70713889082
93041162823
18409615062
41567439028
83075941190
31453496248
64281636139
30950160536
50408021007
70925171023
48804697418
40473642786
121275792543
29055463762
6803097994
48330232754
17795953634
29015463602
10284935127
23919506668
51077034272
89074240688
36027664804
56545360167
17869560459
70327202251
61871864677
30932916391
72814977304
42596380636
45523663065
57383364199
44214999831
99867024176
91167633806
97983397796
68414645187
82625976296
51492070748
3389065181
3487746812
30148119970
42441809103
37597243531
34123195266
38416651741
37254348034
3589772055
35937830874
35907353086
36800388223
95531621328
221336510242
37938226617
34272078166
119026853639
41907715224
131812516098
118325467769
22762501093
36412545898
24294420746
92947090954
58905089074
85069385625
59602219777
41098989386
21285541651
14509423155
71118247977
9077866823
72852801468
28340543531
17829887840
14133095279
19475881545
30803178710
43070547072
64064996945
26857255781
20293717634
22758219346
100216003470
42061345171
3700661282
3683129386
34452563257
19255334299
38132958306
3780849191
3649721797
28159844119
104049585986
105659221447
8952523054
20664225697
34908092164
22956427920
51780393548
26129618242
67042884696
24375368108
16699997258
45414271826
56372604085
63836194577
17013811134
28069743067
28904097241
28543265250
6396544768
27383466072
6961586262
10730712958
61285875297
30011945060
58926745182
13227632620
56664177259
26692357356
33046466279
23686917540
74881933162
43619754693
14114749979
23526420071
33889007557
47946568121
9929502692
35186222909
29758465678
23092444427
52952496760
18365067754
27011424485
3891059653
31485916128
16922957310
13103052635
60747630117
7111420113
3487444607
25535725488
29979811657
14924205496
23823705172
39315783626
