8.189999999999999503e+00
8.554000000000000270e+00
8.917999999999999261e+00
9.282000000000000028e+00
9.646000000000000796e+00
1.000999999999999979e+01
1.037399999999999878e+01
1.073799999999999955e+01
1.110200000000000031e+01
1.146600000000000108e+01
1.183000000000000007e+01
1.219399999999999906e+01
1.255799999999999983e+01
1.292200000000000060e+01
1.328599999999999959e+01
1.365000000000000036e+01
1.401399999999999935e+01
1.437800000000000011e+01
1.474200000000000088e+01
1.510599999999999987e+01
1.546999999999999886e+01
1.583399999999999963e+01
1.619800000000000040e+01
1.656199999999999761e+01
1.692600000000000193e+01
1.728999999999999915e+01
1.765399999999999991e+01
1.801800000000000068e+01
1.838199999999999790e+01
1.874600000000000222e+01
1.910999999999999943e+01
1.947400000000000020e+01
1.983800000000000097e+01
2.020199999999999818e+01
2.056600000000000250e+01
2.092999999999999972e+01
2.129399999999999693e+01
2.165800000000000125e+01
2.202199999999999847e+01
2.238600000000000279e+01
2.275000000000000000e+01
2.311399999999999721e+01
2.347800000000000153e+01
2.384199999999999875e+01
2.420600000000000307e+01
2.457000000000000028e+01
2.493399999999999750e+01
2.529800000000000182e+01
2.566199999999999903e+01
2.602599999999999980e+01
2.639000000000000057e+01
2.675399999999999778e+01
2.711800000000000210e+01
2.748199999999999932e+01
2.784600000000000009e+01
2.821000000000000085e+01
2.857399999999999807e+01
2.893800000000000239e+01
2.930199999999999960e+01
2.966600000000000037e+01
3.003000000000000114e+01
3.039399999999999835e+01
3.075800000000000267e+01
3.112199999999999989e+01
3.148599999999999710e+01
3.184999999999999787e+01
3.221399999999999864e+01
3.257800000000000296e+01
3.294200000000000017e+01
3.330599999999999739e+01
3.367000000000000171e+01
3.403399999999999892e+01
3.439799999999999613e+01
3.476200000000000045e+01
3.512600000000000477e+01
3.548999999999999488e+01
3.585399999999999920e+01
3.621800000000000352e+01
3.658200000000000074e+01
3.694599999999999795e+01
3.731000000000000227e+01
3.767399999999999949e+01
3.803799999999999670e+01
3.840200000000000102e+01
3.876600000000000534e+01
3.912999999999999545e+01
3.949399999999999977e+01
3.985800000000000409e+01
4.022200000000000131e+01
4.058599999999999852e+01
4.095000000000000284e+01
4.131400000000000006e+01
4.167799999999999727e+01
4.204200000000000159e+01
4.240599999999999881e+01
4.276999999999999602e+01
4.313400000000000034e+01
4.349800000000000466e+01
4.386199999999999477e+01
4.422599999999999909e+01
4.459000000000000341e+01
4.495400000000000063e+01
4.531799999999999784e+01
4.568200000000000216e+01
4.604599999999999937e+01
4.640999999999999659e+01
4.677400000000000091e+01
4.713800000000000523e+01
4.750199999999999534e+01
4.786599999999999966e+01
4.823000000000000398e+01
4.859400000000000119e+01
4.895799999999999841e+01
4.932200000000000273e+01
4.968599999999999994e+01
5.004999999999999716e+01
5.041400000000000148e+01
5.077799999999999869e+01
5.114199999999999591e+01
5.150600000000000023e+01
5.187000000000000455e+01
5.223399999999999466e+01
5.259799999999999898e+01
5.296200000000000330e+01
5.332600000000000051e+01
5.368999999999999773e+01
5.405400000000000205e+01
5.441799999999999926e+01
5.478199999999999648e+01
5.514600000000000080e+01
5.551000000000000512e+01
5.587399999999999523e+01
5.623799999999999955e+01
5.660200000000000387e+01
5.696600000000000108e+01
5.732999999999999829e+01
5.769400000000000261e+01
5.805799999999999983e+01
5.842199999999999704e+01
5.878600000000000136e+01
5.915000000000000568e+01
5.951399999999999579e+01
5.987800000000000011e+01
6.024200000000000443e+01
6.060599999999999454e+01
6.096999999999999886e+01
6.133400000000000318e+01
6.169800000000000040e+01
6.206199999999999761e+01
6.242600000000000193e+01
6.278999999999999915e+01
6.315399999999999636e+01
6.351800000000000068e+01
6.388199999999999790e+01
6.424599999999999511e+01
6.460999999999999943e+01
6.497400000000000375e+01
6.533799999999999386e+01
6.570199999999999818e+01
6.606600000000000250e+01
6.643000000000000682e+01
6.679399999999999693e+01
6.715800000000000125e+01
6.752199999999999136e+01
6.788599999999999568e+01
6.825000000000000000e+01
6.861400000000000432e+01
6.897800000000000864e+01
6.934199999999999875e+01
6.970600000000000307e+01
7.006999999999999318e+01
7.043399999999999750e+01
7.079800000000000182e+01
7.116200000000000614e+01
7.152599999999999625e+01
7.189000000000000057e+01
7.225400000000000489e+01
7.261799999999999500e+01
7.298199999999999932e+01
7.334600000000000364e+01
7.371000000000000796e+01
7.407399999999999807e+01
7.443800000000000239e+01
7.480199999999999250e+01
7.516599999999999682e+01
7.553000000000000114e+01
7.589400000000000546e+01
7.625799999999999557e+01
7.662199999999999989e+01
7.698600000000000421e+01
7.734999999999999432e+01
7.771399999999999864e+01
7.807800000000000296e+01
7.844200000000000728e+01
7.880599999999999739e+01
7.917000000000000171e+01
7.953399999999999181e+01
7.989799999999999613e+01
8.026200000000000045e+01
8.062600000000000477e+01
8.099000000000000909e+01
8.135399999999999920e+01
8.171800000000000352e+01
8.208199999999999363e+01
8.244599999999999795e+01
8.281000000000000227e+01
8.317400000000000659e+01
8.353799999999999670e+01
8.390200000000000102e+01
8.426599999999999113e+01
8.462999999999999545e+01
8.499399999999999977e+01
8.535800000000000409e+01
8.572200000000000841e+01
8.608599999999999852e+01
8.645000000000000284e+01
8.681399999999999295e+01
8.717799999999999727e+01
8.754200000000000159e+01
8.790600000000000591e+01
8.826999999999999602e+01
8.863400000000000034e+01
8.899800000000000466e+01
8.936199999999999477e+01
8.972599999999999909e+01
9.009000000000000341e+01
9.045400000000000773e+01
9.081799999999999784e+01
9.118200000000000216e+01
9.154599999999999227e+01
9.190999999999999659e+01
9.227400000000000091e+01
9.263800000000000523e+01
9.300199999999999534e+01
9.336599999999999966e+01
9.373000000000000398e+01
9.409399999999999409e+01
9.445799999999999841e+01
9.482200000000000273e+01
9.518600000000000705e+01
9.554999999999999716e+01
9.591400000000000148e+01
9.627799999999999159e+01
9.664199999999999591e+01
9.700600000000000023e+01
9.737000000000000455e+01
9.773400000000000887e+01
9.809799999999999898e+01
9.846200000000000330e+01
9.882599999999999341e+01
9.918999999999999773e+01
9.955400000000000205e+01
9.991800000000000637e+01
1.002819999999999965e+02
1.006460000000000008e+02
1.010099999999999909e+02
1.013739999999999952e+02
1.017379999999999995e+02
1.021020000000000039e+02
1.024660000000000082e+02
1.028299999999999983e+02
1.031940000000000026e+02
1.035579999999999927e+02
1.039219999999999970e+02
1.042860000000000014e+02
1.046500000000000057e+02
1.050139999999999958e+02
1.053780000000000001e+02
1.057420000000000044e+02
1.061059999999999945e+02
1.064699999999999989e+02
1.068340000000000032e+02
1.071980000000000075e+02
1.075619999999999976e+02
1.079260000000000019e+02
1.082899999999999920e+02
1.086539999999999964e+02
1.090180000000000007e+02
1.093820000000000050e+02
1.097459999999999951e+02
1.101099999999999994e+02
1.104740000000000038e+02
1.108379999999999939e+02
1.112019999999999982e+02
1.115660000000000025e+02
1.119300000000000068e+02
1.122939999999999969e+02
1.126580000000000013e+02
1.130219999999999914e+02
1.133859999999999957e+02
1.137500000000000000e+02
1.141140000000000043e+02
1.144780000000000086e+02
1.148419999999999987e+02
1.152060000000000031e+02
1.155699999999999932e+02
1.159339999999999975e+02
1.162980000000000018e+02
1.166620000000000061e+02
1.170259999999999962e+02
1.173900000000000006e+02
1.177540000000000049e+02
1.181179999999999950e+02
1.184819999999999993e+02
1.188460000000000036e+02
1.192100000000000080e+02
1.195739999999999981e+02
1.199380000000000024e+02
1.203019999999999925e+02
1.206659999999999968e+02
1.210300000000000011e+02
1.213940000000000055e+02
1.217579999999999956e+02
1.221219999999999999e+02
1.224860000000000042e+02
1.228499999999999943e+02
1.232139999999999986e+02
1.235780000000000030e+02
1.239420000000000073e+02
1.243059999999999974e+02
1.246700000000000017e+02
1.250339999999999918e+02
1.253979999999999961e+02
1.257620000000000005e+02
1.261260000000000048e+02
1.264900000000000091e+02
1.268539999999999992e+02
1.272180000000000035e+02
1.275819999999999936e+02
1.279459999999999980e+02
1.283100000000000023e+02
1.286739999999999782e+02
1.290380000000000109e+02
1.294019999999999868e+02
1.297660000000000196e+02
1.301299999999999955e+02
1.304939999999999998e+02
1.308580000000000041e+02
1.312219999999999800e+02
1.315860000000000127e+02
1.319499999999999886e+02
1.323140000000000214e+02
1.326779999999999973e+02
1.330420000000000016e+02
1.334060000000000059e+02
1.337699999999999818e+02
1.341340000000000146e+02
1.344979999999999905e+02
1.348620000000000232e+02
1.352259999999999991e+02
1.355899999999999750e+02
1.359540000000000077e+02
1.363179999999999836e+02
1.366820000000000164e+02
1.370459999999999923e+02
1.374100000000000250e+02
1.377740000000000009e+02
1.381379999999999768e+02
1.385020000000000095e+02
1.388659999999999854e+02
1.392300000000000182e+02
1.395939999999999941e+02
1.399579999999999984e+02
1.403220000000000027e+02
1.406859999999999786e+02
1.410500000000000114e+02
1.414139999999999873e+02
1.417780000000000200e+02
1.421419999999999959e+02
1.425060000000000002e+02
1.428700000000000045e+02
1.432339999999999804e+02
1.435980000000000132e+02
1.439619999999999891e+02
1.443260000000000218e+02
1.446899999999999977e+02
1.450540000000000020e+02
1.454180000000000064e+02
1.457819999999999823e+02
1.461460000000000150e+02
1.465099999999999909e+02
1.468740000000000236e+02
1.472379999999999995e+02
1.476019999999999754e+02
1.479660000000000082e+02
1.483299999999999841e+02
1.486940000000000168e+02
1.490579999999999927e+02
1.494220000000000255e+02
1.497860000000000014e+02
1.501499999999999773e+02
1.505140000000000100e+02
1.508779999999999859e+02
1.512420000000000186e+02
1.516059999999999945e+02
1.519699999999999989e+02
1.523340000000000032e+02
1.526979999999999791e+02
1.530620000000000118e+02
1.534259999999999877e+02
1.537900000000000205e+02
1.541539999999999964e+02
1.545180000000000007e+02
1.548820000000000050e+02
1.552459999999999809e+02
1.556100000000000136e+02
1.559739999999999895e+02
1.563380000000000223e+02
1.567019999999999982e+02
1.570659999999999741e+02
1.574300000000000068e+02
1.577939999999999827e+02
1.581580000000000155e+02
1.585219999999999914e+02
1.588860000000000241e+02
1.592500000000000000e+02
1.596139999999999759e+02
1.599780000000000086e+02
1.603419999999999845e+02
1.607060000000000173e+02
1.610699999999999932e+02
1.614340000000000259e+02
1.617980000000000018e+02
1.621619999999999777e+02
1.625260000000000105e+02
1.628899999999999864e+02
1.632540000000000191e+02
1.636179999999999950e+02
1.639819999999999993e+02
1.643460000000000036e+02
1.647099999999999795e+02
1.650740000000000123e+02
1.654379999999999882e+02
1.658020000000000209e+02
1.661659999999999968e+02
1.665300000000000011e+02
1.668940000000000055e+02
1.672579999999999814e+02
1.676220000000000141e+02
1.679859999999999900e+02
1.683500000000000227e+02
1.687139999999999986e+02
1.690779999999999745e+02
1.694420000000000073e+02
1.698059999999999832e+02
1.701700000000000159e+02
1.705339999999999918e+02
1.708980000000000246e+02
1.712620000000000005e+02
1.716259999999999764e+02
1.719900000000000091e+02
1.723539999999999850e+02
1.727180000000000177e+02
1.730819999999999936e+02
1.734459999999999980e+02
1.738100000000000023e+02
1.741739999999999782e+02
1.745380000000000109e+02
1.749019999999999868e+02
1.752660000000000196e+02
1.756299999999999955e+02
1.759939999999999998e+02
1.763580000000000041e+02
1.767219999999999800e+02
1.770860000000000127e+02
1.774499999999999886e+02
1.778140000000000214e+02
1.781779999999999973e+02
1.785420000000000016e+02
1.789060000000000059e+02
1.792699999999999818e+02
1.796340000000000146e+02
1.799979999999999905e+02
1.803620000000000232e+02
1.807259999999999991e+02
1.810899999999999750e+02
1.814540000000000077e+02
1.818179999999999836e+02
1.821820000000000164e+02
1.825459999999999923e+02
1.829100000000000250e+02
1.832740000000000009e+02
1.836379999999999768e+02
1.840020000000000095e+02
1.843659999999999854e+02
1.847300000000000182e+02
1.850939999999999941e+02
1.854579999999999984e+02
1.858220000000000027e+02
1.861859999999999786e+02
1.865500000000000114e+02
1.869139999999999873e+02
1.872780000000000200e+02
1.876419999999999959e+02
1.880060000000000002e+02
1.883700000000000045e+02
1.887339999999999804e+02
1.890980000000000132e+02
1.894619999999999891e+02
1.898260000000000218e+02
1.901899999999999977e+02
1.905540000000000020e+02
1.909180000000000064e+02
1.912819999999999823e+02
1.916460000000000150e+02
1.920099999999999909e+02
1.923740000000000236e+02
1.927379999999999995e+02
1.931019999999999754e+02
1.934660000000000082e+02
1.938299999999999841e+02
1.941940000000000168e+02
1.945579999999999927e+02
1.949220000000000255e+02
1.952860000000000014e+02
1.956499999999999773e+02
1.960140000000000100e+02
1.963779999999999859e+02
1.967420000000000186e+02
1.971059999999999945e+02
1.974699999999999989e+02
1.978340000000000032e+02
1.981979999999999791e+02
1.985620000000000118e+02
1.989259999999999877e+02
1.992900000000000205e+02
1.996539999999999964e+02
2.000180000000000007e+02
2.003820000000000050e+02
2.007459999999999809e+02
2.011100000000000136e+02
2.014739999999999895e+02
2.018380000000000223e+02
2.022019999999999982e+02
2.025659999999999741e+02
2.029300000000000068e+02
2.032939999999999827e+02
2.036580000000000155e+02
2.040219999999999914e+02
2.043860000000000241e+02
2.047500000000000000e+02
2.051139999999999759e+02
2.054780000000000086e+02
2.058419999999999845e+02
2.062060000000000173e+02
2.065699999999999932e+02
2.069340000000000259e+02
2.072980000000000018e+02
2.076619999999999777e+02
2.080260000000000105e+02
2.083899999999999864e+02
2.087540000000000191e+02
2.091179999999999950e+02
2.094819999999999993e+02
2.098460000000000036e+02
2.102099999999999795e+02
2.105740000000000123e+02
2.109379999999999882e+02
2.113020000000000209e+02
2.116659999999999968e+02
2.120300000000000011e+02
2.123940000000000055e+02
2.127579999999999814e+02
2.131220000000000141e+02
2.134859999999999900e+02
2.138500000000000227e+02
2.142139999999999986e+02
2.145779999999999745e+02
2.149420000000000073e+02
2.153059999999999832e+02
2.156700000000000159e+02
2.160339999999999918e+02
2.163980000000000246e+02
2.167620000000000005e+02
2.171259999999999764e+02
2.174900000000000091e+02
2.178539999999999850e+02
2.182180000000000177e+02
2.185819999999999936e+02
2.189459999999999980e+02
2.193100000000000023e+02
2.196739999999999782e+02
2.200380000000000109e+02
2.204019999999999868e+02
2.207660000000000196e+02
2.211299999999999955e+02
2.214939999999999998e+02
2.218580000000000041e+02
2.222219999999999800e+02
2.225860000000000127e+02
2.229499999999999886e+02
2.233140000000000214e+02
2.236779999999999973e+02
2.240420000000000016e+02
2.244060000000000059e+02
2.247699999999999818e+02
2.251340000000000146e+02
2.254979999999999905e+02
2.258620000000000232e+02
2.262259999999999991e+02
2.265899999999999750e+02
2.269540000000000077e+02
2.273179999999999836e+02
2.276820000000000164e+02
2.280459999999999923e+02
2.284100000000000250e+02
2.287740000000000009e+02
2.291379999999999768e+02
2.295020000000000095e+02
2.298659999999999854e+02
2.302300000000000182e+02
2.305939999999999941e+02
2.309579999999999984e+02
2.313220000000000027e+02
2.316859999999999786e+02
2.320500000000000114e+02
2.324139999999999873e+02
2.327780000000000200e+02
2.331419999999999959e+02
2.335060000000000002e+02
2.338700000000000045e+02
2.342339999999999804e+02
2.345980000000000132e+02
2.349619999999999891e+02
2.353260000000000218e+02
2.356899999999999977e+02
2.360540000000000020e+02
2.364180000000000064e+02
2.367819999999999823e+02
2.371460000000000150e+02
2.375099999999999909e+02
2.378740000000000236e+02
2.382379999999999995e+02
2.386019999999999754e+02
2.389660000000000082e+02
2.393299999999999841e+02
2.396940000000000168e+02
2.400579999999999927e+02
2.404220000000000255e+02
2.407860000000000014e+02
2.411499999999999773e+02
2.415140000000000100e+02
2.418779999999999859e+02
2.422420000000000186e+02
2.426059999999999945e+02
2.429699999999999989e+02
2.433340000000000032e+02
2.436979999999999791e+02
2.440620000000000118e+02
2.444259999999999877e+02
2.447900000000000205e+02
2.451539999999999964e+02
2.455180000000000007e+02
2.458820000000000050e+02
2.462459999999999809e+02
2.466100000000000136e+02
2.469739999999999895e+02
2.473380000000000223e+02
2.477019999999999982e+02
2.480659999999999741e+02
2.484300000000000068e+02
2.487939999999999827e+02
2.491580000000000155e+02
2.495219999999999914e+02
2.498860000000000241e+02
2.502500000000000000e+02
2.506139999999999759e+02
2.509780000000000086e+02
2.513419999999999845e+02
2.517060000000000173e+02
2.520699999999999932e+02
2.524340000000000259e+02
2.527980000000000018e+02
2.531619999999999777e+02
2.535260000000000105e+02
2.538899999999999864e+02
2.542540000000000191e+02
2.546179999999999950e+02
2.549819999999999993e+02
2.553460000000000036e+02
2.557099999999999795e+02
2.560739999999999554e+02
2.564379999999999882e+02
2.568020000000000209e+02
2.571659999999999968e+02
2.575299999999999727e+02
2.578940000000000055e+02
2.582580000000000382e+02
2.586219999999999573e+02
2.589859999999999900e+02
2.593500000000000227e+02
2.597139999999999986e+02
