275732980856539872
44815021465322208
16840341787623860
8625640945018381
5406103418749702
3779391326543151
2876729872953468
2266672246554086
1866740706351635
1593792468579948
1413174543891891
1246638442167155
1104408082235401
995245282379739
905277193642838
870125299924488
799554588828698
735208173945016
697732288911858
660915269230981
621374209234968
591549105955009
575742601770237
553330226657615
541948917004294
506991894040379
495530830004377
492971911503150
459940560539797
442606339981397
441701650266283
434421973438625
418073668234984
392445871956497
386190904083235
381327329197738
389521560646696
372800200575917
369524372027894
350784362448556
340923837564329
328027085233869
343317345321217
323691684471082
313848620290999
327629664385509
307587822175918
305683279122414
303468614267164
299308353423335
285981457369775
285012555300003
280051134867340
268885262878845
266480262281791
258353156557432
263411202229159
259174663680850
249830332725823
254538156517412
247422044620797
239809292108905
229915480293557
235914031694681
223658128982301
217483261631022
215680284948127
222029539326946
202370886102025
198930112491910
200998398498182
194214786235380
206704185966229
195235542114512
190904453323818
190864590521023
184716502112416
175288531432212
178667110446874
167731943110735
182693455813441
162757330234404
163068918611853
166607581615650
159115377402024
156684728680760
154458339931234
154775569295463
150312510794831
151764298353378
143108528355647
144376117180029
138588267875161
144468181532994
130624881503616
135330045149069
136767943427251
134725098694065
133568322353520
127059269111979
129423309983192
124699434834458
122587008561102
122755184121761
116078770485740
116671618820601
123670283698951
114963097312598
114461920026443
109502243138070
110942779049534
106358224670550
110896075427003
103924167255858
102389266209257
104982865271433
103848680581294
104244917366463
94829915981653
97171171109734
88243066066719
94508156051991
92107415875992
89368685892272
85766670398298
85830101722588
80199011371300
81495670666623
84521177805688
78223083084458
79078260668991
78493182186000
81087449467664
75093798338354
75303185969626
72179568191175
72430843217325
71527345352040
71755309558832
71794684569576
68274022865447
65661618469638
64016306369249
65262642749826
64313358158173
62267138906470
59967805344949
58313227533551
55706995270095
54750161529109
57908509244410
58952505783406
54351132722867
55208293622145
50912738096652
51028915588594
58722710642450
47283256505227
47459200319689
47243390476369
41431333618945
46947634727335
40418419607818
43582733534532
47159576009230
44532360576702
40724006411050
40890490838313
39573414979004
38593744089720
35921166707650
40280897145273
32687512220308
39121299877988
38626255409759
35787090792732
36818011328429
35838777545092
35106975245207
35009590778896
34422663837570
33131215747423
32695134493896
30903519415591
30241369100258
33723280435836
33130266326878
25925574580403
29268802542781
27902643187285
28066461686234
27470922105485
25718773282523
25286682951727
25358884951797
24880371370740
25445081703164
25801900535088
23295900409919
26772676232066
24829145908170
22068984337227
23571918993083
22187519058056
21228496077417
25729641347402
25177972558658
23106526943911
22009816357627
21703773806913
22024244557374
22514148387906
21711022557235
22254963122219
21240874815798
20819263223232
22557196934017
19306327642591
20989059260753
21648076828289
19544071993675
18681559131756
21156345128579
19904967789634
19013590591670
17835157306550
15058644843142
18613315994557
19503063323852
16128426967115
18248716651764
15017629869606
15253783064984
16336113551428
16467690037954
15766241453367
16828870716640
16899731591346
15177256589910
13611399179310
13858884412809
14294179972679
15672778712586
14375257730824
15663807026444
15356900164328
17285832849293
15820490849587
13875614128172
15425382346046
12951029584877
13261598493587
14547801420864
14321493203830
14447566710611
14690407737677
12875978782364
12582161471061
11950235763370
12585092830670
11467123257038
12078696465169
10929318633907
11569171790268
12237395670020
10892153910629
12742594574168
10918325814573
12724714491123
9255377711721
10719511864112
12910113703728
9735395128241
8910150294361
12625361780541
11414394995669
10208529848245
10077576085272
10097148098430
12194153028839
8489777398451
9043840033947
10628127861427
9716681431444
9929819749080
9577196171397
9495297297250
9792812019827
9930773354301
8402176032904
8585955051777
8798952500928
8218739634895
8732275579179
9035381387592
8033400832454
8921491598368
8788878184327
8688124780602
7333757044233
6985622277409
8491738344164
5878828702709
7453706723009
8419345160134
6296357464695
5830775943522
7990387791289
7585509147068
8165899089493
7674362940662
5424669348264
6940453838479
6975431245021
7739398028150
6354450582732
6575958472831
6273381225310
5458433743161
5268450096429
7282472043086
5266708525137
5496763395604
6342029280299
5360345327777
5880609154235
6828850507551
4367587894926
6195710447553
4473989812746
4372895933656
6953100648512
5511836642959
5225913340351
5536649126039
6573736561814
5316791353910
5182138055857
5273595222585
5503475880544
5377400050537
4798703334129
4303002518384
4077512704757
5940569320028
4037252669225
4187699980161
5971072867096
4988920006230
4384895693695
3766164571627
5547706064859
4285464843564
4816050359335
5290265670273
3440871929224
4553388983774
4703518021469
5187944937897
4024123082342
3228102134952
3568528963444
4324984400265
3737710901835
2620727860787
4253809453086
4004785402003
4768225415342
2441711805139
2983784564747
3592409524615
3810884860932
5277554128213
3825321126935
3557605090373
4153392308346
3555436158151
3945834439050
4190347933519
3859153745240
4259341882085
4552180749874
2785043145905
3749075117996
3857243157916
2626316692707
2677836548407
3033222369837
2409473535666
3393794894203
2923262115969
3241202513990
3630930279957
3216643507368
3324066484277
3606336587453
2500348783897
2444134872173
3224551530146
3192662404834
2803870572179
2300952253096
2384400685415
3376321928560
2114935651499
2424207223560
2579075184271
1427838662171
2348624532694
1915492868314
3521412964089
2404301597219
1927433590533
2209586525674
3021942082162
1695553538658
2773842771764
1961704847260
1852204249381
2271572036992
2555208176422
2389994123985
2378541855459
1591299962541
2989874424590
1630278929873
3423883782359
2350775667831
2627069195567
1924328650295
1438568272426
1719006151947
2061019270004
1733083535639
1715907892813
1714492330006
2007061108688
1483205839989
2094230750534
2275837975007
1400166858045
1544782158687
1671704525413
2038947157283
1808833247022
1719599948869
1552505339209
1602955571375
1711647146867
1310268155099
1774085120940
910586374515
1792831016511
1112449222703
1692126393317
1999353692386
1465116993266
1767035375184
1005472799620
1863083077306
1480049914585
1497313942522
1243262783056
1818138873951
1280726153315
1083140516026
1307432695900
1568822749389
1291462645626
1334824427638
1038120524262
1063032855833
1391208286440
1386057285824
1612149651671
878164384247
1286583460567
1026297113999
1182878523300
1341340151878
1192039880636
1968780253737
1166973654650
1587136835646
1320810152019
604359663569
964299370674
1360716453746
1243372122440
846101741479
1543221331932
1389824642207
621829424308
903359053445
647422754547
1215388117026
529844153662
664044174831
997992131860
1061848974472
960103640329
867759771524
965077591325
556646095344
1347571397357
843048324297
736612480085
1204358618810
864110294930
1153893776290
1150973159304
893014983090
657116244411
740894427179
1179794780524
589571183031
717145900813
806006378660
868083073865
594310081937
649839964398
373815429938
609482819388
827418020698
1031663946148
662434162127
1001584051035
568826442781
151531374785
592721843333
763461468246
794726130343
711188306122
633169690352
918955947986
293389965737
622909453279
953624475026
590394117902
643200123643
888668818927
389243157844
146087460631
594102595873
556618821806
586369458019
529044383103
512889884945
701092140160
383236621124
491516742540
447329095270
861551871111
875596523866
970607292354
348610789322
550626244057
354007519066
408602746616
493596578690
851097564378
489693878785
476359694883
510960270758
343507856923
342780794891
383424465111
113759408937
653081152552
461040341663
363552858857
450078891667
439378715311
315783282368
718225114540
100104600066
472329746763
272889186406
333742211143
287302959633
61188112502
345417378156
230514863033
219459572904
171136707875
385685393409
250891949363
218916360923
214222230866
165117174481
468372561761
365441462657
181544314510
289844594178
174826193257
601294032341
257735947674
182192783846
259524385803
41786853727
329440090292
237998330403
223881944575
33619706102
254627184303
175363360273
36127371544
212052780208
293653824829
87313469050
183718183620
344804639776
148337321256
280781879685
148043756084
25878534408
197289964516
174014828944
294275176057
351965629446
129420705610
366517274109
262284725994
476240973353
60940822117
180829423145
395117403914
91927528604
216930656221
366083565039
216731493158
258578318967
132988994061
266192770139
232455398572
314994442351
330886067886
101506901863
199216384038
316432043173
138113132690
31245628098
314948465960
71153169777
363786141226
43397294232
374599340574
64223845828
185107703989
126061872335
171446986379
119846067575
201633619814
0
206488718618
189484267049
339331297990
289618198224
322971159103
270887640242
122400531083
47451535289
174864118657
229009010470
273271551479
55579369696
571758589326
6326832631
139580713743
47887052133
316969977445
222914767613
179555990026
107174163472
71904510852
18150937466
224406772673
0
402071956410
161699267754
195267293740
70363295267
87504214057
106756223137
71019770113
380268079424
156936385897
206850239672
356006205265
128643071347
82207307609
22064052337
37511535754
161576896103
101564649747
168938729868
80776156822
431775013426
114545519050
265936235130
109460168390
83709718787
164780407381
170187789617
255666572793
181610701184
0
22943576555
62169565304
265751503182
39484503053
0
381135115175
182049712535
155009054383
384417804411
124553435849
0
23849183696
171021847662
131198734851
84308983531
130884870973
205135712178
85154622888
331316301106
0
136847915849
89965333979
5877097525
0
40005367228
35787269831
71165249466
0
14246107061
3445028646
81942130143
231355982225
19360141038
100219834254
0
112946618769
0
241905282283
58816238726
69501172044
142108277201
0
67361387521
28963087459
105208822243
0
13801086151
129900007766
0
4012435018
0
0
0
54734660682
10028999980
0
0
98197851544
0
0
3409404081
127606833388
8581066588
0
0
0
142782961568
129482832330
0
0
0
0
27907383411
0
0
131074767948
0
192361102735
0
15302488449
3517063258
0
0
42005193227
0
129591399006
0
98235979673
0
0
34672722380
0
0
0
0
0
3527528747
0
0
62165215280
0
0
0
0
0
0
0
0
0
0
0
75751061471
42092371782
87950794735
103585095618
0
3244453464
21091041396
0
0
0
0
0
0
0
0
0
72280196805
74720140646
0
0
0
97031317996
0
0
37411994710
0
0
0
99172248287
0
0
0
21313899664
0
0
0
0
0
0
0
0
0
0
0
0
0
80594206261
75358751620
0
0
0
0
0
0
0
0
103232477241
72569468802
0
0
0
37043932051
0
77136669298
0
0
0
80766311180
0
0
0
0
0
0
0
0
0
0
0
0
0
0
0
0
0
0
0
0
0
0
0
0
0
0
95196674565
84914534844
0
0
0
72671115366
0
0
0
0
79749049533
0
0
0
0
0
0
0
0
0
0
0
0
0
31992118001
35348959039
0
0
87526599037
0
0
0
0
0
0
0
0
0
0
0
0
0
0
0
0
0
0
0
0
0
0
0
0
0
0
0
0
0
0
0
0
0
0
0
0
0
0
0
0
0
0
64584415826
0
0
0
0
0
0
0
0
0
0
0
0
0
0
0
77983769987
