3.695199999999999818e+01
3.933599999999999852e+01
4.171999999999999886e+01
4.410399999999999920e+01
4.648799999999999955e+01
4.887199999999999989e+01
5.125600000000000023e+01
5.364000000000000057e+01
5.602400000000000091e+01
5.840800000000000125e+01
6.079200000000000159e+01
6.317600000000000193e+01
6.556000000000000227e+01
6.794399999999998840e+01
7.032800000000000296e+01
7.271199999999998909e+01
7.509600000000000364e+01
7.747999999999998977e+01
7.986400000000000432e+01
8.224799999999999045e+01
8.463200000000000500e+01
8.701599999999999113e+01
8.940000000000000568e+01
9.178399999999999181e+01
9.416800000000000637e+01
9.655199999999999250e+01
9.893600000000000705e+01
1.013199999999999932e+02
1.037040000000000077e+02
1.060879999999999939e+02
1.084720000000000084e+02
1.108559999999999945e+02
1.132400000000000091e+02
1.156239999999999952e+02
1.180080000000000098e+02
1.203919999999999959e+02
1.227760000000000105e+02
1.251599999999999966e+02
1.275439999999999969e+02
1.299279999999999973e+02
1.323120000000000118e+02
1.346959999999999980e+02
1.370799999999999841e+02
1.394639999999999986e+02
1.418480000000000132e+02
1.442319999999999993e+02
1.466159999999999854e+02
1.490000000000000000e+02
1.513840000000000146e+02
1.537680000000000007e+02
1.561519999999999868e+02
1.585360000000000014e+02
1.609200000000000159e+02
1.633040000000000020e+02
1.656879999999999882e+02
1.680720000000000027e+02
1.704560000000000173e+02
1.728400000000000034e+02
1.752239999999999895e+02
1.776080000000000041e+02
1.799920000000000186e+02
1.823760000000000048e+02
1.847599999999999909e+02
1.871440000000000055e+02
1.895280000000000200e+02
1.919120000000000061e+02
1.942959999999999923e+02
1.966800000000000068e+02
1.990640000000000214e+02
2.014479999999999791e+02
2.038319999999999936e+02
2.062160000000000082e+02
2.085999999999999943e+02
2.109839999999999804e+02
2.133679999999999950e+02
2.157520000000000095e+02
2.181359999999999957e+02
2.205199999999999818e+02
2.229039999999999964e+02
2.252880000000000109e+02
2.276719999999999970e+02
2.300559999999999832e+02
2.324399999999999977e+02
2.348240000000000123e+02
2.372079999999999984e+02
2.395919999999999845e+02
2.419759999999999991e+02
2.443600000000000136e+02
2.467439999999999998e+02
2.491279999999999859e+02
2.515120000000000005e+02
2.538960000000000150e+02
2.562799999999999727e+02
2.586639999999999873e+02
2.610480000000000018e+02
2.634320000000000164e+02
2.658160000000000309e+02
2.681999999999999886e+02
2.705840000000000032e+02
2.729680000000000177e+02
2.753519999999999754e+02
2.777359999999999900e+02
2.801200000000000045e+02
2.825040000000000191e+02
2.848880000000000337e+02
2.872719999999999914e+02
2.896560000000000059e+02
2.920400000000000205e+02
2.944239999999999782e+02
2.968079999999999927e+02
2.991920000000000073e+02
3.015760000000000218e+02
3.039599999999999795e+02
3.063439999999999941e+02
3.087280000000000086e+02
3.111119999999999663e+02
3.134959999999999809e+02
3.158799999999999955e+02
3.182640000000000100e+02
3.206480000000000246e+02
3.230319999999999823e+02
3.254159999999999968e+02
3.278000000000000114e+02
3.301839999999999691e+02
3.325679999999999836e+02
3.349519999999999982e+02
3.373360000000000127e+02
3.397200000000000273e+02
3.421039999999999850e+02
3.444879999999999995e+02
3.468720000000000141e+02
3.492559999999999718e+02
3.516399999999999864e+02
3.540240000000000009e+02
3.564080000000000155e+02
3.587920000000000300e+02
3.611759999999999877e+02
3.635600000000000023e+02
3.659440000000000168e+02
3.683279999999999745e+02
3.707119999999999891e+02
3.730960000000000036e+02
3.754800000000000182e+02
3.778640000000000327e+02
3.802479999999999905e+02
3.826320000000000050e+02
3.850160000000000196e+02
3.873999999999999773e+02
3.897839999999999918e+02
3.921680000000000064e+02
3.945520000000000209e+02
3.969360000000000355e+02
3.993199999999999932e+02
4.017040000000000077e+02
4.040879999999999654e+02
4.064719999999999800e+02
4.088559999999999945e+02
4.112400000000000091e+02
4.136240000000000236e+02
4.160079999999999814e+02
4.183919999999999959e+02
4.207760000000000105e+02
4.231599999999999682e+02
4.255439999999999827e+02
4.279279999999999973e+02
4.303120000000000118e+02
4.326960000000000264e+02
4.350799999999999841e+02
4.374639999999999986e+02
4.398480000000000132e+02
4.422319999999999709e+02
4.446159999999999854e+02
4.470000000000000000e+02
4.493840000000000146e+02
4.517680000000000291e+02
4.541519999999999868e+02
4.565360000000000014e+02
4.589200000000000159e+02
4.613039999999999736e+02
4.636879999999999882e+02
4.660720000000000027e+02
4.684560000000000173e+02
4.708400000000000318e+02
4.732239999999999895e+02
4.756080000000000041e+02
4.779920000000000186e+02
4.803759999999999764e+02
4.827599999999999909e+02
4.851440000000000055e+02
4.875280000000000200e+02
4.899120000000000346e+02
4.922959999999999923e+02
4.946800000000000068e+02
4.970639999999999645e+02
4.994479999999999791e+02
5.018319999999999936e+02
5.042160000000000082e+02
5.066000000000000227e+02
5.089839999999999804e+02
5.113679999999999382e+02
5.137519999999999527e+02
5.161359999999999673e+02
5.185199999999999818e+02
5.209039999999999964e+02
5.232880000000000109e+02
5.256720000000000255e+02
5.280560000000000400e+02
5.304400000000000546e+02
5.328239999999999554e+02
5.352079999999999700e+02
5.375919999999999845e+02
5.399759999999999991e+02
5.423600000000000136e+02
5.447440000000000282e+02
5.471280000000000427e+02
5.495119999999999436e+02
5.518959999999999582e+02
5.542799999999999727e+02
5.566639999999999873e+02
5.590480000000000018e+02
5.614320000000000164e+02
5.638160000000000309e+02
5.662000000000000455e+02
5.685840000000000600e+02
5.709679999999999609e+02
5.733519999999999754e+02
5.757359999999999900e+02
5.781200000000000045e+02
5.805040000000000191e+02
5.828880000000000337e+02
5.852720000000000482e+02
5.876559999999999491e+02
5.900399999999999636e+02
5.924239999999999782e+02
5.948079999999999927e+02
5.971920000000000073e+02
5.995760000000000218e+02
6.019600000000000364e+02
6.043440000000000509e+02
6.067279999999999518e+02
6.091119999999999663e+02
6.114959999999999809e+02
6.138799999999999955e+02
6.162640000000000100e+02
6.186480000000000246e+02
6.210320000000000391e+02
6.234159999999999400e+02
6.257999999999999545e+02
6.281839999999999691e+02
6.305679999999999836e+02
6.329519999999999982e+02
6.353360000000000127e+02
6.377200000000000273e+02
6.401040000000000418e+02
6.424880000000000564e+02
6.448719999999999573e+02
6.472559999999999718e+02
6.496399999999999864e+02
6.520240000000000009e+02
6.544080000000000155e+02
6.567920000000000300e+02
6.591760000000000446e+02
6.615599999999999454e+02
6.639439999999999600e+02
6.663279999999999745e+02
6.687119999999999891e+02
6.710960000000000036e+02
6.734800000000000182e+02
6.758640000000000327e+02
6.782480000000000473e+02
6.806320000000000618e+02
6.830159999999999627e+02
6.853999999999999773e+02
6.877839999999999918e+02
6.901680000000000064e+02
6.925520000000000209e+02
6.949360000000000355e+02
6.973199999999999363e+02
6.997039999999999509e+02
7.020879999999999654e+02
7.044719999999999800e+02
7.068559999999999945e+02
7.092400000000000091e+02
7.116240000000000236e+02
7.140080000000000382e+02
7.163920000000000528e+02
7.187759999999999536e+02
7.211599999999999682e+02
7.235439999999999827e+02
7.259279999999999973e+02
7.283120000000000118e+02
7.306960000000000264e+02
7.330800000000000409e+02
7.354639999999999418e+02
7.378479999999999563e+02
7.402319999999999709e+02
7.426159999999999854e+02
7.450000000000000000e+02
7.473840000000000146e+02
7.497680000000000291e+02
7.521520000000000437e+02
7.545360000000000582e+02
7.569199999999999591e+02
7.593039999999999736e+02
7.616879999999999882e+02
7.640720000000000027e+02
7.664560000000000173e+02
7.688400000000000318e+02
7.712240000000000464e+02
7.736079999999999472e+02
7.759919999999999618e+02
7.783759999999999764e+02
7.807599999999999909e+02
7.831440000000000055e+02
7.855280000000000200e+02
7.879120000000000346e+02
7.902960000000000491e+02
7.926800000000000637e+02
7.950639999999999645e+02
7.974479999999999791e+02
7.998319999999999936e+02
8.022160000000000082e+02
8.046000000000000227e+02
8.069840000000000373e+02
8.093679999999999382e+02
8.117519999999999527e+02
8.141359999999999673e+02
8.165199999999999818e+02
8.189039999999999964e+02
8.212880000000000109e+02
8.236720000000000255e+02
8.260560000000000400e+02
8.284400000000000546e+02
8.308239999999999554e+02
8.332079999999999700e+02
8.355919999999999845e+02
8.379759999999999991e+02
8.403600000000000136e+02
8.427440000000000282e+02
8.451280000000000427e+02
8.475119999999999436e+02
8.498959999999999582e+02
8.522799999999999727e+02
8.546639999999999873e+02
8.570480000000000018e+02
8.594320000000000164e+02
8.618160000000000309e+02
8.642000000000000455e+02
8.665840000000000600e+02
8.689679999999999609e+02
8.713519999999999754e+02
8.737359999999999900e+02
8.761200000000000045e+02
8.785040000000000191e+02
8.808880000000000337e+02
8.832720000000000482e+02
8.856559999999999491e+02
8.880399999999999636e+02
8.904239999999999782e+02
8.928079999999999927e+02
8.951920000000000073e+02
8.975760000000000218e+02
8.999600000000000364e+02
9.023440000000000509e+02
9.047279999999999518e+02
9.071119999999999663e+02
9.094959999999999809e+02
9.118799999999999955e+02
9.142640000000000100e+02
9.166480000000000246e+02
9.190320000000000391e+02
9.214159999999999400e+02
9.237999999999999545e+02
9.261839999999999691e+02
9.285679999999999836e+02
9.309519999999999982e+02
9.333360000000000127e+02
9.357200000000000273e+02
9.381040000000000418e+02
9.404880000000000564e+02
9.428719999999999573e+02
9.452559999999999718e+02
9.476399999999999864e+02
9.500240000000000009e+02
9.524080000000000155e+02
9.547920000000000300e+02
9.571760000000000446e+02
9.595599999999999454e+02
9.619439999999999600e+02
9.643279999999999745e+02
9.667119999999999891e+02
9.690960000000000036e+02
9.714800000000000182e+02
9.738640000000000327e+02
9.762480000000000473e+02
9.786320000000000618e+02
9.810159999999999627e+02
9.833999999999999773e+02
9.857839999999999918e+02
9.881680000000000064e+02
9.905520000000000209e+02
9.929360000000000355e+02
9.953199999999999363e+02
9.977039999999999509e+02
1.000087999999999965e+03
1.002471999999999980e+03
1.004855999999999995e+03
1.007240000000000009e+03
1.009624000000000024e+03
1.012008000000000038e+03
1.014392000000000053e+03
1.016775999999999954e+03
1.019159999999999968e+03
1.021543999999999983e+03
1.023927999999999884e+03
1.026311999999999898e+03
1.028695999999999913e+03
1.031079999999999927e+03
1.033463999999999942e+03
1.035847999999999956e+03
1.038231999999999971e+03
1.040615999999999985e+03
1.043000000000000000e+03
1.045384000000000015e+03
1.047768000000000029e+03
1.050152000000000044e+03
1.052536000000000058e+03
1.054920000000000073e+03
1.057304000000000087e+03
1.059688000000000102e+03
1.062072000000000116e+03
1.064455999999999904e+03
1.066839999999999918e+03
1.069223999999999933e+03
1.071607999999999947e+03
1.073991999999999962e+03
1.076375999999999976e+03
1.078759999999999991e+03
1.081144000000000005e+03
1.083528000000000020e+03
1.085912000000000035e+03
1.088296000000000049e+03
1.090680000000000064e+03
1.093064000000000078e+03
1.095448000000000093e+03
1.097831999999999880e+03
1.100215999999999894e+03
1.102599999999999909e+03
1.104983999999999924e+03
1.107367999999999938e+03
1.109751999999999953e+03
1.112135999999999967e+03
1.114519999999999982e+03
1.116903999999999996e+03
1.119288000000000011e+03
1.121672000000000025e+03
1.124056000000000040e+03
1.126440000000000055e+03
1.128824000000000069e+03
1.131208000000000084e+03
1.133592000000000098e+03
1.135976000000000113e+03
1.138359999999999900e+03
1.140743999999999915e+03
1.143127999999999929e+03
1.145511999999999944e+03
1.147895999999999958e+03
1.150279999999999973e+03
1.152663999999999987e+03
1.155048000000000002e+03
1.157432000000000016e+03
1.159816000000000031e+03
1.162200000000000045e+03
1.164584000000000060e+03
1.166968000000000075e+03
1.169352000000000089e+03
1.171736000000000104e+03
1.174119999999999891e+03
1.176503999999999905e+03
1.178887999999999920e+03
1.181271999999999935e+03
1.183655999999999949e+03
1.186039999999999964e+03
1.188423999999999978e+03
1.190807999999999993e+03
1.193192000000000007e+03
1.195576000000000022e+03
1.197960000000000036e+03
1.200344000000000051e+03
1.202728000000000065e+03
1.205112000000000080e+03
1.207496000000000095e+03
1.209880000000000109e+03
1.212263999999999896e+03
1.214647999999999911e+03
1.217031999999999925e+03
1.219415999999999940e+03
1.221799999999999955e+03
1.224183999999999969e+03
1.226567999999999984e+03
1.228951999999999998e+03
1.231336000000000013e+03
1.233720000000000027e+03
1.236104000000000042e+03
1.238488000000000056e+03
1.240872000000000071e+03
1.243256000000000085e+03
1.245640000000000100e+03
1.248023999999999887e+03
1.250407999999999902e+03
1.252791999999999916e+03
1.255175999999999931e+03
1.257559999999999945e+03
1.259943999999999960e+03
1.262327999999999975e+03
1.264711999999999989e+03
1.267096000000000004e+03
1.269480000000000018e+03
1.271864000000000033e+03
1.274248000000000047e+03
1.276632000000000062e+03
1.279016000000000076e+03
1.281400000000000091e+03
1.283784000000000106e+03
1.286168000000000120e+03
1.288551999999999907e+03
1.290935999999999922e+03
1.293319999999999936e+03
1.295703999999999951e+03
1.298087999999999965e+03
1.300471999999999980e+03
1.302855999999999995e+03
1.305240000000000009e+03
1.307624000000000024e+03
1.310008000000000038e+03
1.312392000000000053e+03
1.314776000000000067e+03
1.317160000000000082e+03
1.319544000000000096e+03
1.321927999999999884e+03
1.324311999999999898e+03
1.326695999999999913e+03
1.329079999999999927e+03
1.331463999999999942e+03
1.333847999999999956e+03
1.336231999999999971e+03
1.338615999999999985e+03
1.341000000000000000e+03
1.343384000000000015e+03
1.345768000000000029e+03
1.348152000000000044e+03
1.350536000000000058e+03
1.352920000000000073e+03
1.355304000000000087e+03
1.357688000000000102e+03
1.360072000000000116e+03
1.362455999999999904e+03
1.364839999999999918e+03
1.367223999999999933e+03
1.369607999999999947e+03
1.371991999999999962e+03
1.374375999999999976e+03
1.376759999999999991e+03
1.379144000000000005e+03
1.381528000000000020e+03
1.383912000000000035e+03
1.386296000000000049e+03
1.388680000000000064e+03
1.391064000000000078e+03
1.393448000000000093e+03
1.395831999999999880e+03
1.398215999999999894e+03
1.400599999999999909e+03
1.402983999999999924e+03
1.405367999999999938e+03
1.407751999999999953e+03
1.410135999999999967e+03
1.412519999999999982e+03
1.414903999999999996e+03
1.417288000000000011e+03
1.419672000000000025e+03
1.422056000000000040e+03
1.424440000000000055e+03
1.426824000000000069e+03
1.429208000000000084e+03
1.431592000000000098e+03
1.433976000000000113e+03
1.436359999999999900e+03
1.438743999999999915e+03
1.441127999999999929e+03
1.443511999999999944e+03
1.445895999999999958e+03
1.448279999999999973e+03
1.450663999999999987e+03
1.453048000000000002e+03
1.455432000000000016e+03
1.457816000000000031e+03
1.460200000000000045e+03
1.462584000000000060e+03
1.464968000000000075e+03
1.467352000000000089e+03
1.469736000000000104e+03
1.472119999999999891e+03
1.474503999999999905e+03
1.476887999999999920e+03
1.479271999999999935e+03
1.481655999999999949e+03
1.484039999999999964e+03
1.486423999999999978e+03
1.488807999999999993e+03
1.491192000000000007e+03
1.493576000000000022e+03
1.495960000000000036e+03
1.498344000000000051e+03
1.500728000000000065e+03
1.503112000000000080e+03
1.505496000000000095e+03
1.507880000000000109e+03
1.510263999999999896e+03
1.512647999999999911e+03
1.515031999999999925e+03
1.517415999999999940e+03
1.519799999999999955e+03
1.522183999999999969e+03
1.524567999999999984e+03
1.526951999999999998e+03
1.529336000000000013e+03
1.531720000000000027e+03
1.534104000000000042e+03
1.536488000000000056e+03
1.538872000000000071e+03
1.541256000000000085e+03
1.543640000000000100e+03
1.546023999999999887e+03
1.548407999999999902e+03
1.550791999999999916e+03
1.553175999999999931e+03
1.555559999999999945e+03
1.557943999999999960e+03
1.560327999999999975e+03
1.562711999999999989e+03
1.565096000000000004e+03
1.567480000000000018e+03
1.569864000000000033e+03
1.572248000000000047e+03
1.574632000000000062e+03
1.577016000000000076e+03
1.579400000000000091e+03
1.581784000000000106e+03
1.584168000000000120e+03
1.586551999999999907e+03
1.588935999999999922e+03
1.591319999999999936e+03
1.593703999999999951e+03
1.596087999999999965e+03
1.598471999999999980e+03
1.600855999999999995e+03
1.603240000000000009e+03
1.605624000000000024e+03
1.608008000000000038e+03
1.610392000000000053e+03
1.612776000000000067e+03
1.615160000000000082e+03
1.617544000000000096e+03
1.619927999999999884e+03
1.622311999999999898e+03
1.624695999999999913e+03
1.627079999999999927e+03
1.629463999999999942e+03
1.631847999999999956e+03
1.634231999999999971e+03
1.636615999999999985e+03
1.639000000000000000e+03
1.641384000000000015e+03
1.643768000000000029e+03
1.646152000000000044e+03
1.648536000000000058e+03
1.650920000000000073e+03
1.653304000000000087e+03
1.655688000000000102e+03
1.658072000000000116e+03
1.660455999999999904e+03
1.662839999999999918e+03
1.665223999999999933e+03
1.667607999999999947e+03
1.669991999999999962e+03
1.672375999999999976e+03
1.674759999999999991e+03
1.677144000000000005e+03
1.679528000000000020e+03
1.681912000000000035e+03
1.684296000000000049e+03
1.686680000000000064e+03
1.689064000000000078e+03
1.691448000000000093e+03
1.693831999999999880e+03
1.696215999999999894e+03
1.698599999999999909e+03
1.700983999999999924e+03
1.703367999999999938e+03
1.705751999999999953e+03
1.708135999999999967e+03
1.710519999999999982e+03
1.712903999999999996e+03
1.715288000000000011e+03
1.717672000000000025e+03
1.720056000000000040e+03
1.722440000000000055e+03
1.724824000000000069e+03
1.727208000000000084e+03
1.729592000000000098e+03
1.731976000000000113e+03
1.734359999999999900e+03
1.736743999999999915e+03
1.739127999999999929e+03
1.741511999999999944e+03
1.743895999999999958e+03
1.746279999999999973e+03
1.748663999999999987e+03
1.751048000000000002e+03
1.753432000000000016e+03
1.755816000000000031e+03
1.758200000000000045e+03
1.760584000000000060e+03
1.762968000000000075e+03
1.765352000000000089e+03
1.767736000000000104e+03
1.770119999999999891e+03
1.772503999999999905e+03
1.774887999999999920e+03
1.777271999999999935e+03
1.779655999999999949e+03
1.782039999999999964e+03
1.784423999999999978e+03
1.786807999999999993e+03
1.789192000000000007e+03
1.791576000000000022e+03
1.793960000000000036e+03
1.796344000000000051e+03
1.798728000000000065e+03
1.801112000000000080e+03
1.803496000000000095e+03
1.805880000000000109e+03
1.808263999999999896e+03
1.810647999999999911e+03
1.813031999999999925e+03
1.815415999999999940e+03
1.817799999999999955e+03
1.820183999999999969e+03
1.822567999999999984e+03
1.824951999999999998e+03
1.827336000000000013e+03
1.829720000000000027e+03
1.832104000000000042e+03
1.834488000000000056e+03
1.836872000000000071e+03
1.839256000000000085e+03
1.841640000000000100e+03
1.844023999999999887e+03
1.846407999999999902e+03
1.848791999999999916e+03
1.851175999999999931e+03
1.853559999999999945e+03
1.855943999999999960e+03
1.858327999999999975e+03
1.860711999999999989e+03
1.863096000000000004e+03
1.865480000000000018e+03
1.867864000000000033e+03
1.870248000000000047e+03
1.872632000000000062e+03
1.875016000000000076e+03
1.877400000000000091e+03
1.879784000000000106e+03
1.882168000000000120e+03
1.884551999999999907e+03
1.886935999999999922e+03
1.889319999999999936e+03
1.891703999999999951e+03
1.894087999999999965e+03
1.896471999999999980e+03
1.898855999999999995e+03
1.901240000000000009e+03
1.903624000000000024e+03
1.906008000000000038e+03
