2806403415015682
2497879838113381
2300137033050324
2109555334818476
1947630850839571
1794071127273154
1694027318410542
1589130637999501
1486182422262783
1405487359452885
1332295085566753
1254744110572241
1200153796461500
1121811055676481
1075377373663166
1024442292539955
996971391475945
936682595848703
932116523335422
882601354626946
859376520854722
838780804101305
799822812037339
774278914843807
736441163121698
735932355271981
709497107994182
675575612854555
673598642024639
638456692267600
646232924425059
604207467257723
599879865307017
587734746742271
576484032217162
531545861431497
538817840899753
525871303819639
502325623692079
496196210891540
468846631083804
472252678007339
461481147876276
444020003512120
444773103720703
431210702185154
409131076965201
419642246263660
399973333524989
388855794756145
390738063138855
374738600625906
356037903080046
363315019767243
350478492163447
339477476237125
323322807306200
326285389747787
321922991776650
315677647520029
308581731325701
304809302269565
295449001614795
290730931118366
275577165948673
275152808465793
270308018900378
261801605111652
254903806109818
251695916062279
249026429869734
253400007526966
249020661692176
240946091251998
233793246941458
227628450705652
227670406404033
218207773129077
212394444338731
221468327711827
204203760939879
193669984224617
199042658472596
203201855626247
191386886924073
187396835877449
190756476321764
182387888426775
185116302059546
183953311117244
174103500722695
173936405545756
175177731363940
165109302593919
164579232841412
167798503186712
156773166232244
159002726619516
160873835110098
155436494898028
152676033757310
153421289707487
146372842169089
146102706516104
142569427430389
132009513005432
135412365267807
133336504301657
137307899773895
139379165927304
122605009288976
122376961274075
131556871177148
127305416969459
122076534959253
121789274913516
117733710498253
117470890730096
114645258815208
110770530353005
122673955816676
113293267337700
103014076138907
108008383048103
106920485029274
104117410235498
105033251661569
102637058978876
97483986910754
97305469793571
95150158755811
100369573041696
82863274681229
91078090111443
86322386731231
88547315275419
90247362015465
88487542133878
83307763370705
87690562718337
82592502282913
82537068739633
88944792222858
82121951940260
82667376109215
80836683410101
78858034065134
72801646978218
72046948729224
77859831745380
74803297987685
74827175572486
64973765802835
69555930629245
75195320233117
68816102061322
70181876515004
72129737003422
70201854407400
61130079967619
67648191228310
69879787621967
67219351183019
63632063937765
60662150019380
67539454090192
64441195272582
59974835421159
60408240286297
61465141268751
63020928958168
58413004772279
61794481477950
56822037561480
53648918237712
52304498345225
52588718492763
58918867926909
61987935764286
50185768683498
52500903523815
48047129495763
52524213984382
47965492298224
48909000709088
50009101193856
49867333409684
53451149517235
43158725808092
48826279744503
49151344059132
47396512959620
49281625071650
49515702550937
48687500559973
42714250366293
46540784303017
43103945449334
41663094094895
39388926164342
43629086013793
38385175204900
42741250703201
37559325397863
40338432837946
40295020279081
36785076732578
37372084854367
42002740791477
40226317224449
32396062016106
33660240226409
40052190590758
35923821738444
32727133934014
33034605922447
35065835890560
35119000455329
30786406351963
31560448170133
29478492266794
30766169846845
31930089225907
29546314145991
28155207147080
29804733996148
32677110664370
31764691737170
33274050471602
33211104485138
28241262353157
26880776141522
26273972442057
24586345887108
27911886762523
30160664610263
26765840657939
24724856207272
28055973325767
25132532209438
23828911070283
26393557129591
24449257459734
24533389907923
25530252731407
25027825465534
24520430701541
24522020839264
23757310542511
26354314915948
24673703881617
24036650478877
23620354725107
19205279107827
21937321776524
20375977262612
22075633282978
23094533755399
18356515229132
21195251415416
20628807008570
23228349546078
17827487342932
18100348553156
19157302116328
17755967081741
15766267471958
16941003514008
19684900857968
19085096520413
19042717432767
19574876731609
16143574764263
17386606273452
16723810354047
17640278619234
18323011607020
16566527081032
16577395434145
13740516774506
15865765581399
13929116952219
14308199452384
11798556639321
12862786461521
16200640394374
14406126700047
15026808569222
10517539910407
14965690124176
14553520477091
14292279111980
12774032935265
13398806234357
12971234765483
13073177479813
12468692845819
11132682605314
15351984425200
13495942783580
13405902657546
11965087358592
13054289939342
10442487936594
12551398707904
10871025562137
11327374435324
11113224808531
13184419446677
11180342221794
10430622727003
8389057035702
11194213447247
10961231314905
9771115174599
9494347651160
8215420256166
11099762496552
8630927356343
9059039008331
9388107682438
8966641511631
7911781151710
7929795031174
8410258618212
7490851655499
8633503861905
7668046226458
6235614206288
8593948896465
8363448743449
7862287823324
8616400441600
6783605411489
7685689994301
7437804622191
7086383597797
6901913826212
6997729500928
7384886748763
5000721867836
5380019037436
7857870363972
5818671963194
6695777298763
5187073386073
7012353831618
4792693483862
5898388521286
5106886392020
5550438350357
5180685846778
5813171953145
4974893640374
5767464752276
5372105121642
5508318670245
5905654356134
5090069486947
6194843596176
5567355539711
4777918242541
5472844884320
3116617465624
4205370972931
4108449566089
3368722702025
4526239595911
4212695127277
4821144169404
3604872877018
2680847595708
5047003914757
4839085727257
3040019520887
4647207691334
5457953931504
3858235741920
4616914848673
3935089076530
2538794352291
3933142061005
2545326521414
2982399369117
2449843674276
4018558815777
3135058765683
3199914088284
3914463041208
2725139678970
3006924970304
4433325988378
2716959498008
2916543851144
3305095700980
3596143157712
3101241595313
2726947770058
3221022712036
2781949566423
1886055758794
2343177053752
3394750825472
2238719049733
2639409809402
2526958140800
3150182589194
2338542149914
3099903088781
1900037485284
2683492031034
1690758725341
2482808424165
2484866648587
1020456116429
2904274867209
2342972600201
1694313566914
2413975932551
2002420352962
2583230011369
2207236928113
1886667775540
2451219924660
1167222678033
1493102910503
1830029758037
1199349571794
1649613876898
1698883033956
1579098020328
1778231989753
1362888555972
1546762002322
1270134454925
1227849601753
1324175220285
1564010545041
1724119817817
1122431975994
942218359880
2395858178604
951235247253
1420994766594
1002188921878
569897598070
1615537638901
1362873149265
739291193315
961518283432
1357062566017
1182804808491
1727855359718
583027006226
545688647135
881486916901
446025229776
613939313034
1241663453634
844268144933
953779920577
1200191936199
565701359958
970617180755
662523915378
1079898022785
1078228061599
768872103023
395571734111
467646548341
537946608501
906489776049
728364817608
537267718187
584706134830
699766135545
1231631303303
569951633580
918573070754
377318781953
624744230155
713610033316
1200422943312
759607676964
748203887183
465747317826
771675892187
612614517068
899271901373
515855297686
181933360059
919495894705
1124997947540
662994079602
444073629355
433464828301
1148619196745
811420229804
581935009599
398041980125
1202057834758
341876948248
302612677894
684356493507
773843257590
395535338903
240969717218
265480468640
194318209630
664634183644
466036514897
563487583252
273701364018
40955593921
486549318466
638722498159
574468191140
418496609593
223039748939
1078520569181
376031469525
334162870375
332789203878
526116651219
885153061706
520532844827
497412798503
250916525346
331757298082
236518972245
284364186594
297531757042
96792315538
66703146508
110866891796
841251662242
208047409410
461261739346
179442401982
24700186982
167241249648
125577515870
149640185219
727643537345
106947690528
220320256897
104612226482
496304700954
87428558876
437984532628
217250753598
319813296959
19021615970
295002568251
58581813248
277422491567
330735011890
150319571624
148230499645
405047628684
261424596356
84565121582
391538572529
143869685691
451529924500
68528285529
43857547716
17148890725
380447729625
6149487430
443062811762
18128212011
444701526004
386666177199
504147196912
27928830815
275363956660
456955096738
81803366956
43352984935
97946698805
673566350615
132656544298
22675284938
199430919647
39638861922
101303871537
46161458866
206383310920
9139095782
125457360867
164231582334
95489215646
14224725712
631004304920
31030480597
66698524427
41228735122
84748792704
295002568251
428939620220
31428940704
183000828677
128832649823
597495632435
297577004039
75594805771
128952476446
17567924890
53383668075
73480745812
295002568251
64317356552
23701025076
8798712039
4296019025
25410455880
74759535144
80515569484
6437289588
6012404331
4437227215
3348742517
5458690861
90568325820
59632873518
10964710800
71811544510
298726338867
128073054377
137484512187
375041039949
153840344224
299693475287
8954051277
11011165841
87146282286
15449606988
38273223690
5194349190
17105152571
25906221509
19895101703
