186147454881761
167569108657393
142385722491035
136649119267417
123612926683065
113027754373220
107070843367291
101548976844893
90366261060503
84287656071916
78455803921072
74700424065621
72034633233987
65320794574788
65842162066914
59722444868622
53207096805071
53390646266988
50510855604427
45336301111863
48163842790303
45216662974499
42049214265667
41426783823157
41417180078084
37391062027938
35826571385184
35095005958670
30230050971302
31238696636094
26999538279526
29513243911697
29100676026117
26509546509038
26126643708564
24368946707634
23410551518884
23602470042121
22562406913045
21795914057567
22126700352442
19453357220543
18807095450839
18618460481543
17635105128343
18462719905659
17141482843456
16093830807967
15600185680651
15815193586251
14233354150723
14040937827060
13134733791785
13262645203356
12302315995790
12084524698095
12113954895177
10799948531767
11040105279911
10876167689735
10127834011465
10611501920550
9724311944958
9357938098968
8946335151206
8239562882594
9117596726645
8640309575458
8263782305629
9027382762091
7695829442603
8741144904917
7016066403875
6967939169224
6847844406599
6474653761390
6999187358789
6723393632099
6368024370454
5461772918429
5836202499002
5533286581401
4916826570580
5188284724006
5536897707468
5270547910222
5007001306868
5056792679702
4708402524169
4530521943787
4396660244756
5160897941012
4384453554147
4106201955233
4260895898108
3873719947068
4497971877516
3606952294243
3628347083709
3205124233008
3236511717932
3154442338980
3622736102333
3224148815757
2736827179955
3340434602310
3119292765605
2777354821599
3176350862098
3390167533479
3150498261650
2561477098736
3075023778577
2350544564547
3375994471839
2138360641145
3040874690733
2587451837390
2370040806692
2932914366818
2458388971309
2314922229104
2072350114510
1883087924910
1859925598640
2180688073293
2313775370048
1786988369890
1740350771742
2230845205804
2007827662998
2172432595082
1684624344953
2169322493283
1701054611247
1721987464130
2283081510762
1538124097072
1671322219965
1532570080872
1678953433092
1479324873247
1900104523587
1769169991887
1161964640691
985070824422
1442948276217
1488056768124
1420111389148
971771818610
1554166795641
1500448635967
1087583995906
966278600359
2048090577097
1234355279348
1034123282624
1211322943589
1162280795507
1098619810157
1416263283306
1158346497985
855966039193
1255463017840
1242142654609
840240907749
1121684049924
1457992854177
1128827842029
1390447901182
1337726591926
884055534195
1053400557868
930246661817
912963173558
998949231513
932959089136
711470770585
815186340397
1050212664222
831745421420
1041682261301
1187767839134
900433392533
712333989148
983582359309
1044050100363
806631513800
796641687801
809481892647
954334799527
706284011137
711242541107
558019653948
735994639068
656056575920
661849932168
658355815255
546558827352
724144043198
820030453270
670289633243
982231921789
662293295162
443731194502
711755740601
272891133534
477889969526
792636962312
628499156425
291175009221
530585704931
668894226433
478371522358
509694313049
805050393300
463551180439
677043514011
490248196162
604524930493
389841290421
227419406458
396600732999
239136417316
379759760897
228900723796
597583389439
492477751761
286629783413
187048557478
562944359154
465570518953
405582719754
395450023855
422122636130
383351329664
498153787279
458222657255
564045051907
218886040884
443535312322
501742347646
157457078635
603737789309
144326012514
419255569064
462833780084
221993070890
255835430754
295663110282
259464287762
448062807070
158390456116
286125867791
312067369916
568164626573
319230275181
563208177096
313574080954
139241591320
389937102643
132525340437
411527251104
161981814586
284792931006
408225580981
384374536770
97857249681
609904817714
189386349323
245648219433
612551380394
370728326795
383572984093
294368892880
249681629007
125614916002
156069423136
105680189169
276702250717
106302518810
207184444524
235207364788
106495150805
161606045597
85048389801
94166814049
505987089795
105119011740
298966450835
252851521239
211323467334
217774909086
363924072889
351629310610
295750245769
155485889774
431843422755
450943189460
477686584341
82241935906
370849990114
183708295781
99106080540
212077957511
321555221992
198299196198
159103920040
168323373094
196150794186
54249708391
332104867289
74249802265
60696832158
54405786862
383090765049
301883866327
168648575063
231880910195
435287662337
40915543750
97499467737
50573465272
54552430409
297921171538
50567754442
57411328613
151550634685
180102156364
30914523804
43639912645
109528798427
290528583852
167762042541
154566228316
30718270878
180405979316
148005621682
158909292876
213638749914
154192324368
10389113435
21952533705
271740110023
174896599807
313614209616
43970396925
250319556329
31346660138
18180340168
412523433791
36193600271
180799090309
41600946288
287165322364
400573977270
158798012113
39409297503
145732119175
143558388487
15519272234
21874912942
14230245208
36039203182
143323304750
84509707789
172831337312
145716743877
188355870375
229140815654
140160369952
155309762814
15214230006
21395802004
168877773988
244451210302
10004970937
405217914282
65014937630
264226770015
35959182418
147430944263
136467519200
33486965412
269909767653
25868242661
258856749941
132792389604
15733905092
277059143372
23259609707
14036953005
10296648861
137389234998
18663137098
267517020978
133314832486
144287108605
378426728106
8722700088
6422241509
9873364379
11799851605
15837952454
4183835279
275789020380
263394924556
6350719504
12085413711
11288329202
68510991673
21147726500
184796989960
6537912984
254853368071
9172485434
274154389673
138578321571
11250659551
143209239758
131423786039
128095380644
140243786108
13148913135
271449141549
12612853561
266593633114
133876932481
14289030517
12182883700
3020048221
140512264795
15634622606
5574199074
142786822417
131132639341
13507445411
224021003535
136379661536
128108589672
131543698169
14038761037
15149803806
130844327716
137519251355
133828504302
133100910080
138070674904
11893694468
135477440534
2901523731
147696702794
133887422891
130743589863
2796666086
1868739080
128106513947
4092667203
149847186270
5849222865
130916366450
7008901063
512647541861
4141804104
128510104987
4433263865
229830247362
2833606867
3001535194
126733043083
129709669970
129495205054
9800756943
1369407167
16227772651
2784830697
5506572506
255354039111
1388407096
2941571651
1415010470
1362234568
133018316632
129508039686
128127050184
2784121592
4187586814
128368415486
256228894614
1371212386
1422097584
2777647570
130553731205
2936176193
129571687839
6952309763
