149621149399398
134021338218505
121448114782044
114713519252171
105416941036942
97796773760294
90258033668186
87337080438506
81393806269947
77874897544684
73966870196253
71833947393225
67991882786659
63706685400790
61989963353261
61340972678297
58451923010049
55266023378052
53848581344478
53679167374792
50240303441046
48926746691673
47603042194552
45276133372692
44689961984163
44909889169670
43192296012790
40433484186775
40168311715146
39505369909230
39075763100125
36849336018421
37874500792521
35166096735665
33708996437101
34483686237588
32611506377151
34147278823573
32452307686300
30038893609268
28561354520880
29699593903151
29937584238928
28554598934815
28131311048061
27405831274643
26550955695068
27213493718264
25978818469230
24534808039218
23737975044213
25689232781924
22217961112592
22407008680016
24061985257657
23228622779342
21861057169740
22109476465336
22898411196902
22513345113732
21482947016232
19324371569831
19767493281626
20360147597972
21213737904961
18980504624436
18577847885354
18369374723017
19176967727898
18397059022154
17433036468610
18150621549107
17697108834086
17779044064186
17444393940339
16108219831265
17309851530364
17307876523380
16628287899224
17333652463540
16318241576679
18073553317435
15477036393921
15341284215334
14613438480669
15436665340202
15605116189542
14620412917516
14734078985117
13164865114911
13740738821116
15033595208414
14006572814372
13483612144615
13202930713558
14933671962155
12689585120396
11541244330468
13925059566526
12876212535323
13395393362256
12671806019883
12803828871724
12788486332455
13209923388085
10799589465154
12231463405443
12146148881691
10901731625536
12037803417826
11552681119457
10967254198107
10684627248339
11441694198528
11594024662114
11206262704909
10431228827999
10804750055488
11436560049835
11106487937510
9332405704755
10396469391652
10619570782711
10102460297975
10743270959067
11198461578923
9815926035088
9114360755894
9460601687979
8601612995870
9175804075579
8332288373376
9779976621322
9027909861263
9427809172073
9581605567355
9163715229005
9033156412156
9601738493516
9892879006929
8675174188883
8288862490621
8863252484755
7698469781158
8307596472239
7774410472271
7911805764593
7314119389842
7955881409245
7714832354160
8086035554888
8417161048394
7605862227375
8039243270675
7120463339975
7319811220285
8063641854876
8613326966974
7097088597665
8042499142580
7708643738070
6544355553761
7234471041127
6809453167763
6899727607664
7487209483080
6288472302133
6592677299505
7240330616062
6705249922944
6845467478904
7180407352081
6411288882714
6780561946783
6284674142008
6628081144792
6288600618739
5805230459161
5784835725979
6675892692320
6758512866600
6644231060018
6407856025141
7011476611980
6178652881258
4719004351127
5603659152770
5298526805497
6633087208487
4967699865645
5414982522662
7294829472466
5812635030074
5865233134276
6406876476653
6386078195371
5782019543501
5256613013886
5340988076592
4911135159014
4993465805095
5256450073402
4894492640841
4706948856452
4516949116711
4715570506269
5406561184145
5039798957435
4541440354109
5541123915847
4618674834816
5147312621480
4373197747407
4473713261909
4252966453155
4566104643271
5199760913372
4593153265639
4111588070195
4933984877865
4754347807432
4870427305927
4733260557138
4576489372501
3166957074179
4771985013660
4545935699638
4233567730794
3980973856003
3314785549090
4287629045996
4603428449609
4441871899651
4365196915193
3590805618280
4046915222575
3637222463382
4148314311111
3696802477539
3073744111753
3969726141552
4821236397867
4249665526720
3832139181351
3720010124515
4554741894038
3259700919279
4117450121039
3220558625753
3333113128928
3162246278931
4117000456041
3681601410804
3824006011846
3416384025911
3482330111364
3828469897923
3658872899843
3199385100451
2883823602500
3869239132074
3602663071857
3627536963838
2226313297941
3254021738582
3264266078450
3543347901727
2986310114442
3337730879148
2862802216448
3364388438507
3432839397161
2967965079013
3120133793878
3444609667896
2905242849798
2601225045072
3787234439679
3132964868741
2632551052699
2379812796658
3441515938522
3211284541083
3235005593407
2377138203425
2662822438287
2956701492527
2635111687929
2341786360154
1899175986295
2509669903602
3571781386468
2285604013223
2304245357152
3318245076347
2536859803142
1990911746907
2666148649762
2439324029674
2414774666282
2656012254336
2557141352597
2646356811688
2692748251961
2673008943940
2396012828307
2717028068580
2944930423889
2657784502389
2191393731113
2542698037822
3393253466306
2599218968687
2099135655544
2786229257677
2479708447205
2752718720861
2596945058087
1842139045174
2446608244198
2147141590340
2195260180922
2432989766315
1802200137862
2550186559854
2050192287746
2122264012499
1916064547947
2241521616457
1953866888091
1989891856942
2668520206010
2097920560053
2430885282589
2047702473318
2369163248421
2090909473189
1483897218333
1918540625678
2210255909629
2736952484089
1395636558270
1787990767650
1671860865563
1762110662994
1884853423729
2273381384526
2093712582921
1927763883605
2050330717896
1815806586273
1811463068484
1535369720589
2070210570480
1738145940387
1408040539636
1882674416557
1137053250301
1345666704058
2025342920150
1922866944941
2216949699428
1801781345011
1853977253768
1833648875615
1480541635368
1643819823076
2019679834476
2113056424086
1555774155704
1550975580407
1552229686375
1555675512650
1677498240711
2146215099097
1676829435277
1708835691811
1573590022027
1400637319072
1648767626844
1254443249733
2258490407824
1759216813097
1556161682968
1616880385657
1496788468802
899041363508
1370502342544
1910987158687
1501528895209
1458153286457
1713329239923
1130314119509
1918569163730
1796639617649
2012012040905
1560526712805
1503191611855
1005788073731
1849836691069
1576189095288
1607102970046
1175663135883
1071866341580
1509042460423
1303603481221
1230126266722
1123455035773
1328961566240
1118935048854
1187367067401
1075527646187
959296660429
647109246086
1175875056832
1170962832698
1137877398471
809033295362
1442066849238
990776019059
1255761365500
753355458276
1116627442484
1127925418758
834265599664
1319331793100
879660978470
917982777153
1205053484761
990396108146
812395590159
921264128748
917508627898
901158715644
1099697200372
862341409701
891930966763
701348843717
833732535672
1205062602601
1015712804115
1229300072494
940228790251
872456680572
1575253848727
794782565386
776805342469
675237940679
977341453097
1124923687799
1060207502081
1206008782913
751825266130
621533342639
545590951084
926450178101
1076942960171
680221536505
948795429431
1051010879359
778106333983
763426764339
961565691078
817839871792
783583398469
867341459268
808920986927
559149671101
345706276986
441491292057
331990588015
840420152587
873476532553
607388539017
815036198679
1054331508938
677680105496
515627802886
675475439507
904152069358
850581508042
923407722492
362115372752
771565492569
505329824621
440740690959
896990019142
730637636417
357971053766
412922641836
595529870896
813635017952
451300181823
554757798359
721800605503
418709911270
375165704040
582858920036
556720388220
859436996839
475279428492
670061598673
440740878904
665354346179
636541776713
684042577672
519719998002
778926471516
422870141500
276014975776
613346459832
316884329775
862506828557
587050154040
600432133422
444789433121
541752452458
782244112497
434840061721
470912028507
461463196654
414124301136
126057716340
384406972056
691874337760
480592824832
443463266941
483938275329
287733459129
499703169362
273125364766
563943317448
563941092869
475595432898
378304365177
647391739403
430560727764
410621540336
339346473285
347063713795
294160866244
332740892842
426491283756
265365106181
444163640735
342429159470
218352248631
467487665339
145897002556
474759840067
148774816857
252921195596
369956949813
306305916881
279445751137
313940459075
439889436470
701368835648
260681782672
456025540665
301356726463
221879263193
165655301508
565178199124
153890355291
441286423671
310230641842
457375003499
104721382035
461228248874
316579450236
366421103317
199742248531
283892191516
46043187007
169048862541
366124817562
495192504565
181747733249
314767435360
321877613408
72352519006
442000140823
359242630000
488614962319
155528563560
190364707945
163355398149
152107945662
187842897620
367048893103
289600187572
176882709709
80361305815
171741366333
169171678659
51308038248
103991234173
207325724906
442578709029
386488466379
356028379695
122523239365
147148231298
155916486952
429975696314
197109753474
356782417475
168834456677
183214875255
45141139981
252079494454
163179094252
123596556869
109271219572
44620052742
48145039081
261610403680
248216971654
366818991555
188970941056
105799865297
284739134529
74038963290
43942627536
69143450573
243807581035
121337339266
226463766932
278394733799
127789018401
67295535541
192569699572
121440606013
121301744184
110571976198
45497357462
55433091474
22264382894
16916473636
205678432158
120704177674
105325289016
115594486677
138872703176
238479097510
237847037937
39827947908
151811276845
213932727277
107232012206
134462511537
272137933496
125042099741
154075515121
187381593765
167762599181
108378179152
105491445850
18011912142
30234271426
35106920423
92618524839
155662533838
51009658252
85739434159
27613348828
101059368399
38459995521
148747637267
67259206155
19929009370
69934110670
87182033676
144440248107
85309911994
38146150461
76949026627
131992805076
111930266638
125745422959
187175878851
80880846400
34673924606
91822137419
181956908283
156697613588
147891178938
79158127419
1529216490
31392165834
21343975173
138275143865
72084001505
166232261302
20841594149
9397918951
6929340148
9623750960
5067123873
3058255465
4624670471
43637187911
1530100321
13826978462
6374898851
7130903046
104403875376
1529594554
85515572087
165067713860
10490055707
34267958154
6719944813
4741149074
7433326964
11865628340
1530042180
1529369298
4131728217
37025531941
61198845000
76892100140
1573488971
70310826430
93082889561
91125399226
103214246442
98131754659
100389387077
4953136882
60903959245
94882875796
1528652283
144537261776
8461387376
3071190075
9224906911
22953143718
13121305108
1529263733
70364160859
3150761323
5470461883
83113829796
14662730191
14085274382
1767399957
3169782247
3142791888
1531408045
22034123894
101122858907
8181248994
6381054283
15755866847
16983032781
3407254456
1574050662
1679384458
3092297225
15138155196
8913671772
5917540387
3331217769
1555433238
10801870686
1528494860
1770161715
1543824186
3088042830
4601157010
9849782922
86079609256
3069012937
9392930608
79743504944
20172424493
1588797131
4702296457
10137551601
2543721355
1531086031
26086678126
1535943739
1532392059
12918853952
11907549944
2873195807
4866711983
13585056092
20373018114
1595457297
1998151660
1542122961
1734885652
33803002206
18129229100
