2.311500000000000110e+00
2.378499999999999837e+00
2.445500000000000007e+00
2.512500000000000178e+00
2.579499999999999904e+00
2.646500000000000075e+00
2.713499999999999801e+00
2.780499999999999972e+00
2.847500000000000142e+00
2.914499999999999869e+00
2.981500000000000039e+00
3.048499999999999766e+00
3.115499999999999936e+00
3.182500000000000107e+00
3.249500000000000277e+00
3.316500000000000004e+00
3.383499999999999730e+00
3.450499999999999901e+00
3.517500000000000071e+00
3.584500000000000242e+00
3.651499999999999968e+00
3.718499999999999694e+00
3.785499999999999865e+00
3.852500000000000036e+00
3.919500000000000206e+00
3.986499999999999488e+00
4.053499999999999659e+00
4.120499999999999829e+00
4.187500000000000000e+00
4.254500000000000171e+00
4.321500000000000341e+00
4.388500000000000512e+00
4.455499999999999794e+00
4.522499999999999964e+00
4.589500000000000135e+00
4.656500000000000306e+00
4.723499999999999588e+00
4.790499999999999758e+00
4.857499999999999929e+00
4.924500000000000099e+00
4.991500000000000270e+00
5.058500000000000441e+00
5.125499999999999723e+00
5.192499999999999893e+00
5.259500000000000064e+00
5.326500000000000234e+00
5.393499999999999517e+00
5.460499999999999687e+00
5.527499999999999858e+00
5.594500000000000028e+00
5.661500000000000199e+00
5.728500000000000369e+00
5.795499999999999652e+00
5.862499999999999822e+00
5.929499999999999993e+00
5.996500000000000163e+00
6.063500000000000334e+00
6.130499999999999616e+00
6.197499999999999787e+00
6.264499999999999957e+00
6.331500000000000128e+00
6.398500000000000298e+00
6.465500000000000469e+00
6.532499999999999751e+00
6.599499999999999922e+00
6.666500000000000092e+00
6.733500000000000263e+00
6.800499999999999545e+00
6.867499999999999716e+00
6.934499999999999886e+00
7.001500000000000057e+00
7.068500000000000227e+00
7.135500000000000398e+00
7.202499999999999680e+00
7.269499999999999851e+00
7.336500000000000021e+00
7.403500000000000192e+00
7.470499999999999474e+00
7.537499999999999645e+00
7.604499999999999815e+00
7.671499999999999986e+00
7.738500000000000156e+00
7.805500000000000327e+00
7.872500000000000497e+00
7.939499999999999780e+00
8.006499999999999062e+00
8.073499999999999233e+00
8.140499999999999403e+00
8.207499999999999574e+00
8.274499999999999744e+00
8.341499999999999915e+00
8.408500000000000085e+00
8.475500000000000256e+00
8.542500000000000426e+00
8.609500000000000597e+00
8.676500000000000767e+00
8.743500000000000938e+00
8.810499999999999332e+00
8.877499999999999503e+00
8.944499999999999673e+00
9.011499999999999844e+00
9.078500000000000014e+00
9.145500000000000185e+00
9.212500000000000355e+00
9.279500000000000526e+00
9.346500000000000696e+00
9.413499999999999091e+00
9.480499999999999261e+00
9.547499999999999432e+00
9.614499999999999602e+00
9.681499999999999773e+00
9.748499999999999943e+00
9.815500000000000114e+00
9.882500000000000284e+00
9.949500000000000455e+00
1.001650000000000063e+01
1.008350000000000080e+01
1.015050000000000097e+01
1.021749999999999936e+01
1.028449999999999953e+01
1.035149999999999970e+01
1.041849999999999987e+01
1.048550000000000004e+01
1.055250000000000021e+01
1.061950000000000038e+01
1.068650000000000055e+01
1.075350000000000072e+01
1.082049999999999912e+01
1.088749999999999929e+01
1.095449999999999946e+01
1.102149999999999963e+01
1.108849999999999980e+01
1.115549999999999997e+01
1.122250000000000014e+01
1.128950000000000031e+01
1.135650000000000048e+01
1.142350000000000065e+01
1.149050000000000082e+01
1.155749999999999922e+01
1.162449999999999939e+01
1.169149999999999956e+01
1.175849999999999973e+01
1.182549999999999990e+01
1.189250000000000007e+01
1.195950000000000024e+01
1.202650000000000041e+01
1.209350000000000058e+01
1.216050000000000075e+01
1.222749999999999915e+01
1.229449999999999932e+01
1.236149999999999949e+01
1.242849999999999966e+01
1.249549999999999983e+01
1.256250000000000000e+01
1.262950000000000017e+01
1.269650000000000034e+01
1.276350000000000051e+01
1.283050000000000068e+01
1.289750000000000085e+01
1.296449999999999925e+01
1.303149999999999942e+01
1.309849999999999959e+01
1.316549999999999976e+01
1.323249999999999993e+01
1.329950000000000010e+01
1.336650000000000027e+01
1.343350000000000044e+01
1.350050000000000061e+01
1.356750000000000078e+01
1.363449999999999918e+01
1.370149999999999935e+01
1.376849999999999952e+01
1.383549999999999969e+01
1.390249999999999986e+01
1.396950000000000003e+01
1.403650000000000020e+01
1.410350000000000037e+01
1.417050000000000054e+01
1.423750000000000071e+01
1.430450000000000088e+01
1.437149999999999928e+01
1.443849999999999945e+01
1.450549999999999962e+01
1.457249999999999979e+01
1.463949999999999996e+01
1.470650000000000013e+01
1.477350000000000030e+01
1.484050000000000047e+01
1.490750000000000064e+01
1.497449999999999903e+01
1.504149999999999920e+01
1.510849999999999937e+01
1.517549999999999955e+01
1.524249999999999972e+01
1.530949999999999989e+01
1.537650000000000006e+01
1.544350000000000023e+01
1.551050000000000040e+01
1.557750000000000057e+01
1.564450000000000074e+01
1.571150000000000091e+01
1.577849999999999930e+01
1.584549999999999947e+01
1.591249999999999964e+01
1.597950000000000159e+01
1.604650000000000176e+01
1.611349999999999838e+01
1.618049999999999855e+01
1.624749999999999872e+01
1.631449999999999889e+01
1.638149999999999906e+01
1.644849999999999923e+01
1.651549999999999940e+01
1.658249999999999957e+01
1.664949999999999974e+01
1.671649999999999991e+01
1.678350000000000009e+01
1.685050000000000026e+01
1.691750000000000043e+01
1.698450000000000060e+01
1.705150000000000077e+01
1.711850000000000094e+01
1.718550000000000111e+01
1.725250000000000128e+01
1.731950000000000145e+01
1.738650000000000162e+01
1.745349999999999824e+01
1.752049999999999841e+01
1.758749999999999858e+01
1.765449999999999875e+01
1.772149999999999892e+01
1.778849999999999909e+01
1.785549999999999926e+01
1.792249999999999943e+01
1.798949999999999960e+01
1.805649999999999977e+01
1.812349999999999994e+01
1.819050000000000011e+01
1.825750000000000028e+01
1.832450000000000045e+01
1.839150000000000063e+01
1.845850000000000080e+01
1.852550000000000097e+01
1.859250000000000114e+01
1.865950000000000131e+01
1.872650000000000148e+01
1.879350000000000165e+01
1.886050000000000182e+01
1.892749999999999844e+01
1.899449999999999861e+01
1.906149999999999878e+01
1.912849999999999895e+01
1.919549999999999912e+01
1.926249999999999929e+01
1.932949999999999946e+01
1.939649999999999963e+01
1.946349999999999980e+01
1.953049999999999997e+01
1.959750000000000014e+01
1.966450000000000031e+01
1.973150000000000048e+01
1.979850000000000065e+01
1.986550000000000082e+01
1.993250000000000099e+01
1.999950000000000117e+01
2.006650000000000134e+01
2.013350000000000151e+01
2.020050000000000168e+01
2.026749999999999829e+01
2.033449999999999847e+01
2.040149999999999864e+01
2.046849999999999881e+01
2.053549999999999898e+01
2.060249999999999915e+01
2.066949999999999932e+01
2.073649999999999949e+01
2.080349999999999966e+01
2.087049999999999983e+01
2.093750000000000000e+01
2.100450000000000017e+01
2.107150000000000034e+01
2.113850000000000051e+01
2.120550000000000068e+01
2.127250000000000085e+01
2.133950000000000102e+01
2.140650000000000119e+01
2.147350000000000136e+01
2.154050000000000153e+01
2.160750000000000171e+01
2.167449999999999832e+01
2.174149999999999849e+01
2.180849999999999866e+01
2.187549999999999883e+01
2.194249999999999901e+01
2.200949999999999918e+01
2.207649999999999935e+01
2.214349999999999952e+01
2.221049999999999969e+01
2.227749999999999986e+01
2.234450000000000003e+01
2.241150000000000020e+01
2.247850000000000037e+01
2.254550000000000054e+01
2.261250000000000071e+01
2.267950000000000088e+01
2.274650000000000105e+01
2.281350000000000122e+01
2.288050000000000139e+01
2.294750000000000156e+01
2.301449999999999818e+01
2.308149999999999835e+01
2.314849999999999852e+01
2.321549999999999869e+01
2.328249999999999886e+01
2.334949999999999903e+01
2.341649999999999920e+01
2.348349999999999937e+01
2.355049999999999955e+01
2.361749999999999972e+01
2.368449999999999989e+01
2.375150000000000006e+01
2.381850000000000023e+01
2.388550000000000040e+01
2.395250000000000057e+01
2.401950000000000074e+01
2.408650000000000091e+01
2.415350000000000108e+01
2.422050000000000125e+01
2.428750000000000142e+01
2.435450000000000159e+01
2.442150000000000176e+01
2.448849999999999838e+01
2.455549999999999855e+01
2.462249999999999872e+01
2.468949999999999889e+01
2.475649999999999906e+01
2.482349999999999923e+01
2.489049999999999940e+01
2.495749999999999957e+01
2.502449999999999974e+01
2.509149999999999991e+01
2.515850000000000009e+01
2.522550000000000026e+01
2.529250000000000043e+01
2.535950000000000060e+01
2.542650000000000077e+01
2.549350000000000094e+01
2.556050000000000111e+01
2.562750000000000128e+01
2.569450000000000145e+01
2.576150000000000162e+01
2.582849999999999824e+01
2.589549999999999841e+01
2.596249999999999858e+01
2.602949999999999875e+01
2.609649999999999892e+01
2.616349999999999909e+01
2.623049999999999926e+01
2.629749999999999943e+01
2.636449999999999960e+01
2.643149999999999977e+01
2.649849999999999994e+01
2.656550000000000011e+01
2.663250000000000028e+01
2.669950000000000045e+01
2.676650000000000063e+01
2.683350000000000080e+01
2.690050000000000097e+01
2.696750000000000114e+01
2.703450000000000131e+01
2.710150000000000148e+01
2.716850000000000165e+01
2.723550000000000182e+01
2.730249999999999844e+01
2.736949999999999861e+01
2.743649999999999878e+01
2.750349999999999895e+01
2.757049999999999912e+01
2.763749999999999929e+01
2.770449999999999946e+01
2.777149999999999963e+01
2.783849999999999980e+01
2.790549999999999997e+01
2.797250000000000014e+01
2.803950000000000031e+01
2.810650000000000048e+01
2.817350000000000065e+01
2.824050000000000082e+01
2.830750000000000099e+01
2.837450000000000117e+01
2.844150000000000134e+01
2.850850000000000151e+01
2.857550000000000168e+01
2.864249999999999829e+01
2.870949999999999847e+01
2.877649999999999864e+01
