2.093171160642550000e+14
1.906020463438720000e+14
1.752079360189050000e+14
1.600398128792880000e+14
1.462166963262710000e+14
1.371483604057640000e+14
1.275407126637760000e+14
1.192495680977970000e+14
1.115292038495390000e+14
1.009052008460790000e+14
9.832954846037600000e+13
9.019936463534500000e+13
7.968159353028000000e+13
7.761742821700400000e+13
7.248774404603800000e+13
6.673476267109700000e+13
6.356637762418700000e+13
6.079826505524100000e+13
5.773103207244500000e+13
5.434389871001800000e+13
4.799238439311600000e+13
4.902389538965300000e+13
4.725501229831000000e+13
4.362473721858100000e+13
4.203755608596900000e+13
3.793327396229200000e+13
3.709331217145500000e+13
3.706160979479600000e+13
3.383188273214400000e+13
3.472110032921700000e+13
3.321573850109700000e+13
2.951656239794800000e+13
2.986157552877700000e+13
2.605017222186700000e+13
2.658318785645800000e+13
2.598411349159400000e+13
2.470423550968900000e+13
2.344032615385900000e+13
2.217929588563000000e+13
2.168681853831800000e+13
2.173201451909600000e+13
2.055900839779600000e+13
2.074222300067700000e+13
1.914976101240200000e+13
1.865487853850700000e+13
1.792773034804600000e+13
1.810881538441400000e+13
1.577646613803200000e+13
1.466880931876000000e+13
1.586762442644600000e+13
1.526356695170700000e+13
1.337723182453600000e+13
1.299440049643000000e+13
1.386433879019900000e+13
1.250827699986400000e+13
1.281951264451400000e+13
1.253951341971800000e+13
1.183425798896100000e+13
1.190329235341700000e+13
1.010816231368200000e+13
1.068616233047900000e+13
1.120048010447700000e+13
1.039038362337600000e+13
1.167551363537100000e+13
1.049783926594500000e+13
9.431883517718000000e+12
9.146955853005000000e+12
8.905170262632000000e+12
8.502383558281000000e+12
8.295621097094000000e+12
8.718898208664000000e+12
8.394879301017000000e+12
8.176671589829000000e+12
6.525326084994000000e+12
6.738292630063000000e+12
7.219515706898000000e+12
6.276670260123000000e+12
7.503129304228000000e+12
6.379222465562000000e+12
6.156782379677000000e+12
6.078590721274000000e+12
6.374761047983000000e+12
5.340248082748000000e+12
5.953662661024000000e+12
6.256278027535000000e+12
5.477171926756000000e+12
5.643170155085000000e+12
5.174892466362000000e+12
5.272780582808000000e+12
4.350586484611000000e+12
4.626555259262000000e+12
4.993590480897000000e+12
4.691232351498000000e+12
4.657691444362000000e+12
4.376480497589000000e+12
4.106752079257000000e+12
4.087981114330000000e+12
4.678819914000000000e+12
3.492026880124000000e+12
3.714267606596000000e+12
3.775833898876000000e+12
3.837527890209000000e+12
3.823861923540000000e+12
3.747939894138000000e+12
3.686092227006000000e+12
3.532818743485000000e+12
3.107510303684000000e+12
3.537607876128000000e+12
3.043772610308000000e+12
2.998883866593000000e+12
2.710112534742000000e+12
3.306846682359000000e+12
2.588628427110000000e+12
2.321010885795000000e+12
2.632096679987000000e+12
2.302550495784000000e+12
2.424616872980000000e+12
2.280927510331000000e+12
2.598330196619000000e+12
2.329364302375000000e+12
2.649949394071000000e+12
2.543056745842000000e+12
1.916092755857000000e+12
3.268888230577000000e+12
2.305366475617000000e+12
1.663836601104000000e+12
2.179426603790000000e+12
2.650096598302000000e+12
2.069986827342000000e+12
1.723143172698000000e+12
1.481977901190000000e+12
1.647534751962000000e+12
2.047762143905000000e+12
2.150901559957000000e+12
2.051372390694000000e+12
2.086122647363000000e+12
1.842140506437000000e+12
1.513236643907000000e+12
1.691220067125000000e+12
1.611109357150000000e+12
1.253917950185000000e+12
1.498805300614000000e+12
1.311175229693000000e+12
1.390971039229000000e+12
1.310760464317000000e+12
1.442377607017000000e+12
1.290847001302000000e+12
1.032005147398000000e+12
1.225356961357000000e+12
1.285683341068000000e+12
1.471066549226000000e+12
1.098953670850000000e+12
1.420869587926000000e+12
1.050612604649000000e+12
1.526892006478000000e+12
1.154797448686000000e+12
1.121590811067000000e+12
1.022043883158000000e+12
8.615203777290000000e+11
9.583853609110000000e+11
1.129840037551000000e+12
1.137351911077000000e+12
8.665559615840000000e+11
9.337171283710000000e+11
1.010003720184000000e+12
1.197724315681000000e+12
1.245451800818000000e+12
8.484816199620000000e+11
9.524005464240000000e+11
1.130838730097000000e+12
7.824761304780000000e+11
1.149846250591000000e+12
1.098446349098000000e+12
8.594711445170000000e+11
1.043104168109000000e+12
9.561670114780000000e+11
1.014281601778000000e+12
1.007659990451000000e+12
8.483499705350000000e+11
8.910636065110000000e+11
9.654506020220000000e+11
8.726457415920000000e+11
7.258162297030000000e+11
8.210017466790000000e+11
8.067374735400000000e+11
8.081381382250000000e+11
8.343601046900000000e+11
7.437849110760000000e+11
7.023035746650000000e+11
7.476820881150000000e+11
6.569161205520000000e+11
6.115286216490000000e+11
5.724628983850000000e+11
6.859847073310000000e+11
6.426405077220000000e+11
5.343484506040000000e+11
5.881673948350000000e+11
6.319742935180000000e+11
7.310193121190000000e+11
5.417898234570000000e+11
6.267211269680000000e+11
4.312500183240000000e+11
3.931677038470000000e+11
5.504137499250000000e+11
7.768727227660000000e+11
5.597868412360000000e+11
6.471304267120000000e+11
4.775845707540000000e+11
2.837235173610000000e+11
3.953635057390000000e+11
4.620502821820000000e+11
5.487697190550000000e+11
5.161596344800000000e+11
2.899290778690000000e+11
4.745251765890000000e+11
4.502521892600000000e+11
4.688579895410000000e+11
3.664133688330000000e+11
2.343834210810000000e+11
4.588396338560000000e+11
3.853898445950000000e+11
2.469300029810000000e+11
5.029197493230000000e+11
3.857264473700000000e+11
4.707142815150000000e+11
3.804508262290000000e+11
2.651782735320000000e+11
3.603317545190000000e+11
3.215466513680000000e+11
3.598811200760000000e+11
3.738627108740000000e+11
4.367280473380000000e+11
3.666349136060000000e+11
5.069316834290000000e+11
2.809264732320000000e+11
2.023474868030000000e+11
2.284096945010000000e+11
1.957612288170000000e+11
1.777263145320000000e+11
2.239866306280000000e+11
2.635840738480000000e+11
2.108279084720000000e+11
1.901862281850000000e+11
2.549703948370000000e+11
2.230385994970000000e+11
2.503933269720000000e+11
3.186548127440000000e+11
1.397122978960000000e+11
2.631518116580000000e+11
2.326291694350000000e+11
1.850243749480000000e+11
2.119653268610000000e+11
1.710368621940000000e+11
3.347727887730000000e+11
2.365289658960000000e+11
1.954154344300000000e+11
1.344279091780000000e+11
2.979883643030000000e+11
2.455394155370000000e+11
2.265691360700000000e+11
2.863360396800000000e+11
1.253317536510000000e+11
2.490253077420000000e+11
2.227775030620000000e+11
1.020149317980000000e+11
5.951647361100000000e+10
1.433620515260000000e+11
8.944812737600000000e+10
9.511677704000000000e+10
1.374051600180000000e+11
2.140860399940000000e+11
2.276005005840000000e+11
1.086878928100000000e+11
3.357302710370000000e+11
1.296490092890000000e+11
6.768552837600000000e+10
1.223323014750000000e+11
1.527034596970000000e+11
1.415871014910000000e+11
1.589074029460000000e+11
1.729753110560000000e+11
2.393047921520000000e+11
9.456791200300000000e+10
2.023424728940000000e+11
1.201413296360000000e+11
2.031597101550000000e+11
1.051255204430000000e+11
9.684380247400000000e+10
1.657355924680000000e+11
1.081032408910000000e+11
8.559824002100000000e+10
7.258750800500000000e+10
1.346730401250000000e+11
2.428073398670000000e+11
2.810756151530000000e+11
6.572792715500000000e+10
9.459536150400000000e+10
5.090035153300000000e+10
8.435291590000000000e+10
1.077700680960000000e+11
8.270372173600000000e+10
5.300371242400000000e+10
9.790439895300000000e+10
5.581329953100000000e+10
1.461261955250000000e+11
1.454190953670000000e+11
3.200090619000000000e+10
1.503869533280000000e+11
1.249986898020000000e+11
4.317654321400000000e+10
1.990650993370000000e+11
5.984159077000000000e+10
8.401058388700000000e+10
1.682309524510000000e+11
9.311355647300000000e+10
7.581099943500000000e+10
9.213878851100000000e+10
4.405441715800000000e+10
5.561109665000000000e+10
8.662226777500000000e+10
6.244775832800000000e+10
2.882057687100000000e+10
8.294016071400000000e+10
3.876905607800000000e+10
6.627649156800000000e+10
2.424167295900000000e+10
1.090828119630000000e+11
5.087413299900000000e+10
4.203654008000000000e+10
9.971730293100000000e+10
2.837596558300000000e+10
5.506863861900000000e+10
3.210312166600000000e+10
4.129737754500000000e+10
7.643865681400000000e+10
3.320177307200000000e+10
4.592278665100000000e+10
4.873013094400000000e+10
7.022867461300000000e+10
2.819351454000000000e+10
7.899512681300000000e+10
2.322824120300000000e+10
4.739885833000000000e+09
4.019005901400000000e+10
2.769388146200000000e+10
8.748930489500000000e+10
3.878450742600000000e+10
2.612094438900000000e+10
1.128536512240000000e+11
3.327261746600000000e+10
3.218972920200000000e+10
2.645913954100000000e+10
3.005462601300000000e+10
9.907931433300000000e+10
4.317947030000000000e+09
6.114415527800000000e+10
2.240098088300000000e+10
8.476417811300000000e+10
4.355464891200000000e+10
2.387306249400000000e+10
3.361404933300000000e+10
9.253328373300000000e+10
1.548241235300000000e+10
6.936092257000000000e+09
4.524127237400000000e+10
3.344811319800000000e+10
2.796259745000000000e+10
2.446333709900000000e+10
9.988242839000000000e+09
1.715685348940000000e+11
8.786163494600000000e+10
2.766894386800000000e+10
3.323840526100000000e+10
2.467071143000000000e+09
9.706498607200000000e+10
1.251830288600000000e+10
5.389231494500000000e+10
1.413983022000000000e+10
3.884329547000000000e+09
5.662856693700000000e+10
1.166126854800000000e+10
3.042242881900000000e+10
1.717330583300000000e+10
5.361521828000000000e+09
1.847948856500000000e+11
2.988250771800000000e+10
1.709177451300000000e+10
1.333900368060000000e+11
4.044386203700000000e+10
5.679744326000000000e+09
3.799056871300000000e+10
2.153339287600000000e+10
4.839410243600000000e+10
3.262075277200000000e+10
2.469287746800000000e+10
3.625563639100000000e+10
