54.203500
57.700500
61.197500
64.694500
68.191500
71.688500
75.185500
78.682500
82.179500
85.676500
89.173500
92.670500
96.167500
99.664500
103.161500
106.658500
110.155500
113.652500
117.149500
120.646500
124.143500
127.640500
131.137500
134.634500
138.131500
141.628500
145.125500
148.622500
152.119500
155.616500
159.113500
162.610500
166.107500
169.604500
173.101500
176.598500
180.095500
183.592500
187.089500
190.586500
194.083500
197.580500
201.077500
204.574500
208.071500
211.568500
215.065500
218.562500
222.059500
225.556500
229.053500
232.550500
236.047500
239.544500
243.041500
246.538500
250.035500
253.532500
257.029500
260.526500
264.023500
267.520500
271.017500
274.514500
278.011500
281.508500
285.005500
288.502500
291.999500
295.496500
298.993500
302.490500
305.987500
309.484500
312.981500
316.478500
319.975500
323.472500
326.969500
330.466500
333.963500
337.460500
340.957500
344.454500
347.951500
351.448500
354.945500
358.442500
361.939500
365.436500
368.933500
372.430500
375.927500
379.424500
382.921500
386.418500
389.915500
393.412500
396.909500
400.406500
403.903500
407.400500
410.897500
414.394500
417.891500
421.388500
424.885500
428.382500
431.879500
435.376500
438.873500
442.370500
445.867500
449.364500
452.861500
456.358500
459.855500
463.352500
466.849500
470.346500
473.843500
477.340500
480.837500
484.334500
487.831500
491.328500
494.825500
498.322500
501.819500
505.316500
508.813500
512.310500
515.807500
519.304500
522.801500
526.298500
529.795500
533.292500
536.789500
540.286500
543.783500
547.280500
550.777500
554.274500
557.771500
561.268500
564.765500
568.262500
571.759500
575.256500
578.753500
582.250500
585.747500
589.244500
592.741500
596.238500
599.735500
603.232500
606.729500
610.226500
613.723500
617.220500
620.717500
624.214500
627.711500
631.208500
634.705500
638.202500
641.699500
645.196500
648.693500
652.190500
655.687500
659.184500
662.681500
666.178500
669.675500
673.172500
676.669500
680.166500
683.663500
687.160500
690.657500
694.154500
697.651500
701.148500
704.645500
708.142500
711.639500
715.136500
718.633500
722.130500
725.627500
729.124500
732.621500
736.118500
739.615500
743.112500
746.609500
750.106500
753.603500
757.100500
760.597500
764.094500
767.591500
771.088500
774.585500
778.082500
781.579500
785.076500
788.573500
792.070500
795.567500
799.064500
802.561500
806.058500
809.555500
813.052500
816.549500
820.046500
823.543500
827.040500
830.537500
834.034500
837.531500
841.028500
844.525500
848.022500
851.519500
855.016500
858.513500
862.010500
865.507500
869.004500
872.501500
875.998500
879.495500
882.992500
886.489500
889.986500
893.483500
896.980500
900.477500
903.974500
907.471500
910.968500
914.465500
917.962500
921.459500
924.956500
928.453500
931.950500
935.447500
938.944500
942.441500
945.938500
949.435500
952.932500
956.429500
959.926500
963.423500
966.920500
970.417500
973.914500
977.411500
980.908500
984.405500
987.902500
991.399500
994.896500
998.393500
1001.890500
1005.387500
1008.884500
1012.381500
1015.878500
1019.375500
1022.872500
1026.369500
1029.866500
1033.363500
1036.860500
1040.357500
1043.854500
1047.351500
1050.848500
1054.345500
1057.842500
1061.339500
1064.836500
1068.333500
1071.830500
1075.327500
1078.824500
1082.321500
1085.818500
1089.315500
1092.812500
1096.309500
1099.806500
1103.303500
1106.800500
1110.297500
1113.794500
1117.291500
1120.788500
1124.285500
1127.782500
1131.279500
1134.776500
1138.273500
1141.770500
1145.267500
1148.764500
1152.261500
1155.758500
1159.255500
1162.752500
1166.249500
1169.746500
1173.243500
1176.740500
1180.237500
1183.734500
1187.231500
1190.728500
1194.225500
1197.722500
1201.219500
1204.716500
1208.213500
1211.710500
1215.207500
1218.704500
1222.201500
1225.698500
1229.195500
1232.692500
1236.189500
1239.686500
1243.183500
1246.680500
1250.177500
1253.674500
1257.171500
1260.668500
1264.165500
1267.662500
1271.159500
1274.656500
1278.153500
1281.650500
1285.147500
1288.644500
1292.141500
1295.638500
1299.135500
1302.632500
1306.129500
1309.626500
1313.123500
1316.620500
1320.117500
1323.614500
1327.111500
1330.608500
1334.105500
1337.602500
1341.099500
1344.596500
1348.093500
1351.590500
1355.087500
1358.584500
1362.081500
1365.578500
1369.075500
1372.572500
1376.069500
1379.566500
1383.063500
1386.560500
1390.057500
1393.554500
1397.051500
1400.548500
1404.045500
1407.542500
1411.039500
1414.536500
1418.033500
1421.530500
1425.027500
1428.524500
1432.021500
1435.518500
1439.015500
1442.512500
1446.009500
1449.506500
1453.003500
1456.500500
1459.997500
1463.494500
1466.991500
1470.488500
1473.985500
1477.482500
1480.979500
1484.476500
1487.973500
1491.470500
1494.967500
1498.464500
1501.961500
1505.458500
1508.955500
1512.452500
1515.949500
1519.446500
1522.943500
1526.440500
1529.937500
1533.434500
1536.931500
1540.428500
1543.925500
1547.422500
1550.919500
1554.416500
1557.913500
1561.410500
1564.907500
1568.404500
1571.901500
1575.398500
1578.895500
1582.392500
1585.889500
1589.386500
1592.883500
1596.380500
1599.877500
1603.374500
1606.871500
1610.368500
1613.865500
1617.362500
1620.859500
1624.356500
1627.853500
1631.350500
1634.847500
1638.344500
1641.841500
1645.338500
1648.835500
1652.332500
1655.829500
1659.326500
1662.823500
1666.320500
1669.817500
1673.314500
1676.811500
1680.308500
1683.805500
1687.302500
1690.799500
1694.296500
1697.793500
1701.290500
1704.787500
1708.284500
1711.781500
1715.278500
1718.775500
1722.272500
1725.769500
1729.266500
1732.763500
1736.260500
1739.757500
1743.254500
1746.751500
1750.248500
1753.745500
1757.242500
1760.739500
1764.236500
1767.733500
1771.230500
1774.727500
1778.224500
1781.721500
1785.218500
1788.715500
1792.212500
1795.709500
1799.206500
1802.703500
1806.200500
1809.697500
1813.194500
1816.691500
1820.188500
1823.685500
1827.182500
1830.679500
1834.176500
1837.673500
1841.170500
1844.667500
1848.164500
1851.661500
1855.158500
1858.655500
1862.152500
1865.649500
1869.146500
1872.643500
1876.140500
1879.637500
1883.134500
1886.631500
1890.128500
1893.625500
1897.122500
1900.619500
1904.116500
1907.613500
1911.110500
1914.607500
1918.104500
1921.601500
1925.098500
1928.595500
1932.092500
1935.589500
1939.086500
1942.583500
1946.080500
1949.577500
1953.074500
1956.571500
1960.068500
1963.565500
1967.062500
1970.559500
1974.056500
1977.553500
1981.050500
1984.547500
1988.044500
1991.541500
1995.038500
1998.535500
2002.032500
2005.529500
2009.026500
2012.523500
2016.020500
2019.517500
2023.014500
2026.511500
2030.008500
2033.505500
2037.002500
2040.499500
2043.996500
2047.493500
2050.990500
2054.487500
2057.984500
2061.481500
2064.978500
2068.475500
2071.972500
2075.469500
2078.966500
2082.463500
2085.960500
2089.457500
2092.954500
2096.451500
2099.948500
2103.445500
2106.942500
2110.439500
2113.936500
2117.433500
2120.930500
2124.427500
2127.924500
2131.421500
2134.918500
2138.415500
2141.912500
2145.409500
2148.906500
2152.403500
2155.900500
2159.397500
2162.894500
2166.391500
2169.888500
2173.385500
2176.882500
2180.379500
2183.876500
2187.373500
2190.870500
2194.367500
2197.864500
2201.361500
2204.858500
2208.355500
2211.852500
2215.349500
2218.846500
2222.343500
2225.840500
2229.337500
2232.834500
2236.331500
2239.828500
2243.325500
2246.822500
2250.319500
2253.816500
2257.313500
2260.810500
2264.307500
2267.804500
2271.301500
2274.798500
2278.295500
2281.792500
2285.289500
2288.786500
2292.283500
2295.780500
2299.277500
2302.774500
2306.271500
2309.768500
2313.265500
2316.762500
2320.259500
2327.253500
2330.750500
2334.247500
2337.744500
2341.241500
2348.235500
2351.732500
2355.229500
2358.726500
2362.223500
2365.720500
2369.217500
2372.714500
2376.211500
2379.708500
2383.205500
2386.702500
2390.199500
2393.696500
2397.193500
2400.690500
2407.684500
2411.181500
2414.678500
2418.175500
2421.672500
2425.169500
2428.666500
2432.163500
2435.660500
2439.157500
2442.654500
2446.151500
2449.648500
2456.642500
2460.139500
2463.636500
2467.133500
2470.630500
2474.127500
2477.624500
2481.121500
2484.618500
2491.612500
2495.109500
2498.606500
2502.103500
2505.600500
2509.097500
2512.594500
2516.091500
2519.588500
2523.085500
2526.582500
2530.079500
2533.576500
2537.073500
2540.570500
2544.067500
2547.564500
2551.061500
2558.055500
2561.552500
2568.546500
2575.540500
2579.037500
2582.534500
2586.031500
2589.528500
2596.522500
2600.019500
2603.516500
2614.007500
2617.504500
2621.001500
2624.498500
2627.995500
2634.989500
2645.480500
2652.474500
2655.971500
2659.468500
2662.965500
2666.462500
2669.959500
2673.456500
2676.953500
2680.450500
2683.947500
2687.444500
2690.941500
2694.438500
2697.935500
2704.929500
2708.426500
2711.923500
2715.420500
2718.917500
2725.911500
2732.905500
2736.402500
2739.899500
2743.396500
