0.000000
0.956000
1.912000
2.868000
3.824000
4.780000
5.736000
6.692000
7.648000
8.604000
9.560000
10.516000
11.472000
12.428000
13.384000
14.340000
15.296000
16.252000
17.208000
18.164000
19.120000
20.076000
21.032000
21.988000
22.944000
23.900000
24.856000
25.812000
26.768000
27.724000
28.680000
29.636000
30.592000
31.548000
32.504000
33.460000
34.416000
35.372000
36.328000
37.284000
38.240000
39.196000
40.152000
41.108000
42.064000
43.020000
43.976000
44.932000
45.888000
46.844000
47.800000
48.756000
49.712000
50.668000
51.624000
52.580000
53.536000
54.492000
55.448000
56.404000
57.360000
58.316000
59.272000
60.228000
61.184000
62.140000
63.096000
64.052000
65.008000
65.964000
66.920000
67.876000
68.832000
69.788000
70.744000
71.700000
72.656000
73.612000
74.568000
75.524000
76.480000
77.436000
78.392000
79.348000
80.304000
81.260000
82.216000
83.172000
84.128000
85.084000
86.040000
86.996000
87.952000
88.908000
89.864000
90.820000
91.776000
92.732000
93.688000
94.644000
95.600000
96.556000
97.512000
98.468000
99.424000
100.380000
101.336000
102.292000
103.248000
104.204000
105.160000
106.116000
107.072000
108.028000
108.984000
109.940000
110.896000
111.852000
112.808000
113.764000
114.720000
115.676000
116.632000
117.588000
118.544000
119.500000
120.456000
121.412000
122.368000
123.324000
124.280000
125.236000
126.192000
127.148000
128.104000
129.060000
130.016000
130.972000
131.928000
132.884000
133.840000
134.796000
135.752000
136.708000
137.664000
138.620000
139.576000
140.532000
141.488000
142.444000
143.400000
144.356000
145.312000
146.268000
147.224000
148.180000
149.136000
150.092000
151.048000
152.004000
152.960000
153.916000
154.872000
155.828000
156.784000
157.740000
158.696000
159.652000
160.608000
161.564000
162.520000
163.476000
164.432000
165.388000
166.344000
167.300000
168.256000
169.212000
170.168000
171.124000
172.080000
173.036000
173.992000
174.948000
175.904000
176.860000
177.816000
178.772000
179.728000
180.684000
181.640000
182.596000
183.552000
184.508000
185.464000
186.420000
187.376000
188.332000
189.288000
190.244000
191.200000
192.156000
193.112000
194.068000
195.024000
195.980000
196.936000
197.892000
198.848000
199.804000
200.760000
201.716000
202.672000
203.628000
204.584000
205.540000
206.496000
207.452000
208.408000
209.364000
210.320000
211.276000
212.232000
213.188000
214.144000
215.100000
216.056000
217.012000
217.968000
218.924000
219.880000
220.836000
221.792000
222.748000
223.704000
224.660000
225.616000
226.572000
227.528000
228.484000
229.440000
230.396000
231.352000
232.308000
233.264000
234.220000
235.176000
236.132000
237.088000
238.044000
239.000000
239.956000
240.912000
241.868000
242.824000
243.780000
244.736000
245.692000
246.648000
247.604000
248.560000
249.516000
250.472000
251.428000
252.384000
253.340000
254.296000
255.252000
256.208000
257.164000
258.120000
259.076000
260.032000
260.988000
261.944000
262.900000
263.856000
264.812000
265.768000
266.724000
267.680000
268.636000
269.592000
270.548000
271.504000
272.460000
273.416000
274.372000
275.328000
276.284000
277.240000
278.196000
279.152000
280.108000
281.064000
282.020000
282.976000
283.932000
284.888000
285.844000
286.800000
287.756000
288.712000
289.668000
290.624000
291.580000
292.536000
293.492000
294.448000
295.404000
296.360000
297.316000
298.272000
299.228000
300.184000
301.140000
302.096000
303.052000
304.008000
304.964000
305.920000
306.876000
307.832000
308.788000
309.744000
310.700000
311.656000
312.612000
313.568000
314.524000
315.480000
316.436000
317.392000
318.348000
319.304000
320.260000
321.216000
322.172000
323.128000
324.084000
325.040000
325.996000
326.952000
327.908000
328.864000
329.820000
330.776000
331.732000
332.688000
333.644000
334.600000
335.556000
336.512000
337.468000
338.424000
339.380000
340.336000
341.292000
342.248000
343.204000
344.160000
345.116000
346.072000
347.028000
347.984000
348.940000
349.896000
350.852000
351.808000
352.764000
353.720000
354.676000
355.632000
356.588000
357.544000
358.500000
359.456000
360.412000
361.368000
362.324000
363.280000
364.236000
365.192000
366.148000
367.104000
368.060000
369.016000
369.972000
370.928000
371.884000
372.840000
373.796000
374.752000
375.708000
376.664000
377.620000
378.576000
379.532000
380.488000
381.444000
382.400000
383.356000
384.312000
385.268000
386.224000
387.180000
388.136000
389.092000
390.048000
391.004000
391.960000
392.916000
393.872000
394.828000
395.784000
396.740000
397.696000
398.652000
399.608000
400.564000
401.520000
402.476000
403.432000
404.388000
405.344000
406.300000
407.256000
408.212000
409.168000
410.124000
411.080000
412.036000
412.992000
413.948000
414.904000
415.860000
416.816000
417.772000
418.728000
419.684000
420.640000
421.596000
422.552000
423.508000
424.464000
425.420000
426.376000
427.332000
428.288000
429.244000
430.200000
431.156000
432.112000
433.068000
434.024000
434.980000
435.936000
436.892000
437.848000
438.804000
439.760000
440.716000
441.672000
442.628000
443.584000
444.540000
445.496000
446.452000
447.408000
448.364000
449.320000
450.276000
451.232000
452.188000
453.144000
454.100000
455.056000
456.012000
456.968000
457.924000
458.880000
459.836000
460.792000
461.748000
462.704000
463.660000
464.616000
465.572000
466.528000
467.484000
468.440000
469.396000
470.352000
471.308000
472.264000
473.220000
474.176000
475.132000
476.088000
477.044000
478.000000
478.956000
479.912000
480.868000
481.824000
482.780000
483.736000
484.692000
485.648000
486.604000
487.560000
488.516000
489.472000
490.428000
491.384000
492.340000
493.296000
494.252000
495.208000
496.164000
497.120000
498.076000
499.032000
499.988000
500.944000
501.900000
502.856000
503.812000
504.768000
505.724000
506.680000
507.636000
508.592000
509.548000
510.504000
511.460000
512.416000
513.372000
514.328000
515.284000
516.240000
517.196000
518.152000
519.108000
520.064000
521.020000
521.976000
522.932000
523.888000
524.844000
525.800000
526.756000
527.712000
528.668000
529.624000
530.580000
531.536000
532.492000
533.448000
534.404000
535.360000
536.316000
537.272000
538.228000
539.184000
540.140000
541.096000
542.052000
543.008000
543.964000
544.920000
545.876000
546.832000
547.788000
548.744000
549.700000
550.656000
551.612000
552.568000
553.524000
554.480000
555.436000
556.392000
557.348000
558.304000
559.260000
560.216000
561.172000
562.128000
563.084000
564.040000
564.996000
565.952000
566.908000
567.864000
568.820000
569.776000
570.732000
571.688000
572.644000
573.600000
574.556000
575.512000
576.468000
577.424000
578.380000
579.336000
580.292000
581.248000
582.204000
583.160000
584.116000
585.072000
586.028000
586.984000
587.940000
588.896000
589.852000
590.808000
591.764000
592.720000
593.676000
594.632000
595.588000
596.544000
597.500000
598.456000
599.412000
600.368000
601.324000
602.280000
603.236000
604.192000
605.148000
606.104000
607.060000
608.016000
608.972000
609.928000
610.884000
611.840000
612.796000
613.752000
614.708000
615.664000
616.620000
617.576000
618.532000
619.488000
620.444000
621.400000
622.356000
623.312000
624.268000
625.224000
626.180000
627.136000
628.092000
629.048000
630.004000
630.960000
631.916000
632.872000
633.828000
634.784000
635.740000
636.696000
637.652000
638.608000
639.564000
640.520000
641.476000
642.432000
643.388000
644.344000
645.300000
646.256000
647.212000
648.168000
649.124000
650.080000
651.036000
651.992000
652.948000
653.904000
654.860000
655.816000
656.772000
657.728000
658.684000
659.640000
660.596000
661.552000
662.508000
663.464000
664.420000
665.376000
666.332000
667.288000
668.244000
669.200000
670.156000
671.112000
672.068000
673.024000
673.980000
674.936000
675.892000
676.848000
677.804000
678.760000
679.716000
680.672000
681.628000
682.584000
683.540000
684.496000
685.452000
686.408000
687.364000
688.320000
689.276000
690.232000
691.188000
692.144000
693.100000
694.056000
695.012000
695.968000
696.924000
697.880000
698.836000
699.792000
700.748000
701.704000
702.660000
703.616000
704.572000
705.528000
706.484000
707.440000
708.396000
709.352000
710.308000
711.264000
712.220000
713.176000
714.132000
715.088000
716.044000
717.000000
717.956000
718.912000
719.868000
720.824000
721.780000
722.736000
723.692000
724.648000
725.604000
726.560000
727.516000
728.472000
729.428000
730.384000
731.340000
732.296000
733.252000
734.208000
735.164000
736.120000
737.076000
738.032000
738.988000
739.944000
740.900000
741.856000
742.812000
743.768000
744.724000
745.680000
746.636000
747.592000
748.548000
749.504000
750.460000
751.416000
752.372000
753.328000
754.284000
755.240000
756.196000
757.152000
758.108000
759.064000
760.020000
760.976000
761.932000
762.888000
763.844000
764.800000
765.756000
766.712000
767.668000
768.624000
769.580000
770.536000
771.492000
772.448000
773.404000
774.360000
775.316000
776.272000
777.228000
778.184000
779.140000
780.096000
781.052000
782.008000
782.964000
783.920000
784.876000
785.832000
786.788000
787.744000
788.700000
789.656000
790.612000
791.568000
792.524000
793.480000
794.436000
795.392000
796.348000
797.304000
798.260000
799.216000
800.172000
801.128000
802.084000
803.040000
803.996000
804.952000
805.908000
806.864000
807.820000
808.776000
809.732000
810.688000
811.644000
812.600000
813.556000
814.512000
815.468000
816.424000
817.380000
818.336000
819.292000
820.248000
821.204000
822.160000
823.116000
824.072000
825.028000
825.984000
826.940000
827.896000
828.852000
829.808000
830.764000
831.720000
832.676000
833.632000
834.588000
835.544000
836.500000
837.456000
838.412000
839.368000
840.324000
841.280000
842.236000
843.192000
844.148000
845.104000
846.060000
847.016000
847.972000
848.928000
849.884000
850.840000
851.796000
852.752000
853.708000
854.664000
855.620000
856.576000
857.532000
858.488000
859.444000
860.400000
861.356000
862.312000
863.268000
864.224000
865.180000
866.136000
867.092000
868.048000
869.004000
869.960000
870.916000
871.872000
872.828000
873.784000
874.740000
875.696000
876.652000
877.608000
878.564000
879.520000
880.476000
881.432000
882.388000
883.344000
884.300000
885.256000
886.212000
887.168000
888.124000
889.080000
890.036000
890.992000
891.948000
892.904000
893.860000
894.816000
895.772000
896.728000
897.684000
898.640000
899.596000
900.552000
901.508000
902.464000
903.420000
904.376000
905.332000
906.288000
907.244000
908.200000
909.156000
910.112000
911.068000
912.024000
912.980000
913.936000
914.892000
915.848000
916.804000
917.760000
918.716000
919.672000
920.628000
921.584000
922.540000
923.496000
924.452000
925.408000
926.364000
927.320000
928.276000
929.232000
930.188000
931.144000
932.100000
933.056000
934.012000
934.968000
935.924000
936.880000
937.836000
938.792000
939.748000
940.704000
941.660000
942.616000
943.572000
944.528000
945.484000
946.440000
947.396000
948.352000
949.308000
950.264000
951.220000
952.176000
953.132000
954.088000
955.044000
956.000000
