4.422150000000000603e+01
4.707450000000000045e+01
4.992749999999999488e+01
5.278050000000000352e+01
5.563349999999999795e+01
5.848649999999999949e+01
6.133950000000000102e+01
6.419249999999999545e+01
6.704550000000000409e+01
6.989849999999999852e+01
7.275149999999999295e+01
7.560450000000000159e+01
7.845750000000001023e+01
8.131049999999999045e+01
8.416349999999999909e+01
8.701650000000000773e+01
8.986950000000000216e+01
9.272249999999999659e+01
9.557550000000000523e+01
9.842849999999999966e+01
1.012814999999999941e+02
1.041345000000000027e+02
1.069875000000000114e+02
1.098404999999999916e+02
1.126935000000000002e+02
1.155465000000000089e+02
1.183994999999999891e+02
1.212524999999999977e+02
1.241055000000000064e+02
1.269584999999999866e+02
1.298114999999999952e+02
1.326645000000000039e+02
1.355174999999999841e+02
1.383704999999999927e+02
1.412235000000000014e+02
1.440765000000000100e+02
1.469294999999999902e+02
1.497824999999999989e+02
1.526355000000000075e+02
1.554884999999999877e+02
1.583414999999999964e+02
1.611945000000000050e+02
1.640475000000000136e+02
1.669004999999999939e+02
1.697535000000000025e+02
1.726064999999999827e+02
1.754594999999999914e+02
1.783125000000000000e+02
1.811655000000000086e+02
1.840185000000000173e+02
1.868714999999999975e+02
1.897245000000000061e+02
1.925774999999999864e+02
1.954304999999999950e+02
1.982835000000000036e+02
2.011365000000000123e+02
2.039894999999999925e+02
2.068425000000000011e+02
2.096955000000000098e+02
2.125484999999999900e+02
2.154014999999999986e+02
2.182545000000000073e+02
2.211075000000000159e+02
2.239604999999999961e+02
2.268135000000000048e+02
2.296664999999999850e+02
2.325194999999999936e+02
2.353725000000000023e+02
2.382255000000000109e+02
2.410784999999999911e+02
2.439314999999999998e+02
2.467845000000000084e+02
2.496374999999999886e+02
2.524904999999999973e+02
2.553435000000000059e+02
2.581965000000000146e+02
2.610494999999999663e+02
2.639025000000000318e+02
2.667554999999999836e+02
2.696085000000000491e+02
2.724615000000000009e+02
2.753144999999999527e+02
2.781675000000000182e+02
2.810204999999999700e+02
2.838735000000000355e+02
2.867264999999999873e+02
2.895794999999999959e+02
2.924325000000000045e+02
2.952854999999999563e+02
2.981385000000000218e+02
3.009914999999999736e+02
3.038445000000000391e+02
3.066974999999999909e+02
3.095504999999999995e+02
3.124035000000000082e+02
3.152564999999999600e+02
3.181095000000000255e+02
3.209624999999999773e+02
3.238155000000000427e+02
3.266684999999999945e+02
3.295215000000000032e+02
3.323745000000000118e+02
3.352274999999999636e+02
3.380805000000000291e+02
3.409334999999999809e+02
3.437865000000000464e+02
3.466394999999999982e+02
3.494924999999999500e+02
3.523455000000000155e+02
3.551984999999999673e+02
3.580515000000000327e+02
3.609044999999999845e+02
3.637575000000000500e+02
3.666105000000000018e+02
3.694634999999999536e+02
3.723165000000000191e+02
3.751694999999999709e+02
3.780225000000000364e+02
3.808754999999999882e+02
3.837284999999999968e+02
3.865815000000000055e+02
3.894344999999999573e+02
3.922875000000000227e+02
3.951404999999999745e+02
3.979935000000000400e+02
4.008464999999999918e+02
4.036995000000000005e+02
4.065525000000000091e+02
4.094054999999999609e+02
4.122585000000000264e+02
4.151114999999999782e+02
4.179645000000000437e+02
4.208174999999999955e+02
4.236705000000000041e+02
4.265235000000000127e+02
4.293764999999999645e+02
4.322295000000000300e+02
4.350824999999999818e+02
4.379355000000000473e+02
4.407884999999999991e+02
4.436414999999999509e+02
4.464945000000000164e+02
4.493474999999999682e+02
4.522005000000000337e+02
4.550534999999999854e+02
4.579065000000000509e+02
4.607595000000000027e+02
4.636124999999999545e+02
4.664655000000000200e+02
4.693184999999999718e+02
4.721715000000000373e+02
4.750244999999999891e+02
4.778774999999999977e+02
4.807305000000000064e+02
4.835834999999999582e+02
4.864365000000000236e+02
4.892894999999999754e+02
4.921425000000000409e+02
4.949954999999999927e+02
4.978485000000000014e+02
5.007015000000000100e+02
5.035544999999999618e+02
5.064075000000000273e+02
5.092604999999999791e+02
5.121134999999999309e+02
5.149664999999999964e+02
5.178195000000000618e+02
5.206725000000000136e+02
5.235254999999999654e+02
5.263785000000000309e+02
5.292314999999999827e+02
5.320844999999999345e+02
5.349375000000000000e+02
5.377905000000000655e+02
5.406435000000000173e+02
5.434964999999999691e+02
5.463495000000000346e+02
5.492024999999999864e+02
5.520554999999999382e+02
5.549085000000000036e+02
5.577615000000000691e+02
5.606145000000000209e+02
5.634674999999999727e+02
5.663205000000000382e+02
5.691734999999999900e+02
5.720264999999999418e+02
5.748795000000000073e+02
5.777325000000000728e+02
5.805854999999999109e+02
5.834384999999999764e+02
5.862915000000000418e+02
5.891444999999999936e+02
5.919974999999999454e+02
5.948505000000000109e+02
5.977035000000000764e+02
6.005564999999999145e+02
6.034094999999999800e+02
6.062625000000000455e+02
6.091154999999999973e+02
6.119684999999999491e+02
6.148215000000000146e+02
6.176745000000000800e+02
6.205274999999999181e+02
6.233804999999999836e+02
6.262335000000000491e+02
6.290865000000000009e+02
6.319394999999999527e+02
6.347925000000000182e+02
6.376455000000000837e+02
6.404984999999999218e+02
6.433514999999999873e+02
6.462045000000000528e+02
6.490575000000000045e+02
6.519104999999999563e+02
6.547635000000000218e+02
6.576165000000000873e+02
6.604694999999999254e+02
6.633224999999999909e+02
6.661755000000000564e+02
6.690285000000000082e+02
6.718814999999999600e+02
6.747345000000000255e+02
6.775874999999999773e+02
6.804404999999999291e+02
6.832934999999999945e+02
6.861465000000000600e+02
6.889995000000000118e+02
6.918524999999999636e+02
6.947055000000000291e+02
6.975584999999999809e+02
7.004114999999999327e+02
7.032644999999999982e+02
7.061175000000000637e+02
7.089705000000000155e+02
7.118234999999999673e+02
7.146765000000000327e+02
7.175294999999999845e+02
7.203824999999999363e+02
7.232355000000000018e+02
7.260885000000000673e+02
7.289415000000000191e+02
7.317944999999999709e+02
7.346475000000000364e+02
7.375004999999999882e+02
7.403534999999999400e+02
7.432065000000000055e+02
7.460595000000000709e+02
7.489125000000000227e+02
7.517654999999999745e+02
7.546185000000000400e+02
7.574714999999999918e+02
7.603244999999999436e+02
7.631775000000000091e+02
7.660305000000000746e+02
7.688834999999999127e+02
7.717364999999999782e+02
7.745895000000000437e+02
7.774424999999999955e+02
7.802954999999999472e+02
7.831485000000000127e+02
7.860015000000000782e+02
7.888544999999999163e+02
7.917074999999999818e+02
7.945605000000000473e+02
7.974134999999999991e+02
8.002664999999999509e+02
8.031195000000000164e+02
8.059725000000000819e+02
8.088254999999999200e+02
8.116784999999999854e+02
8.145315000000000509e+02
8.173845000000000027e+02
8.202374999999999545e+02
8.230905000000000200e+02
8.259435000000000855e+02
8.287964999999999236e+02
8.316494999999999891e+02
8.345025000000000546e+02
8.373555000000000064e+02
8.402084999999999582e+02
8.430615000000000236e+02
8.459145000000000891e+02
8.487674999999999272e+02
8.516204999999999927e+02
8.544735000000000582e+02
8.573265000000000100e+02
8.601794999999999618e+02
8.630325000000000273e+02
8.658854999999999791e+02
8.687384999999999309e+02
8.715914999999999964e+02
8.744445000000000618e+02
8.772975000000000136e+02
8.801504999999999654e+02
8.830035000000000309e+02
8.858564999999999827e+02
8.887094999999999345e+02
8.915625000000000000e+02
8.944155000000000655e+02
8.972685000000000173e+02
9.001214999999999691e+02
9.029745000000000346e+02
9.058274999999999864e+02
9.086804999999999382e+02
9.115335000000000036e+02
9.143865000000000691e+02
9.172395000000000209e+02
9.200924999999999727e+02
9.229455000000000382e+02
9.257984999999999900e+02
9.286514999999999418e+02
9.315045000000000073e+02
9.343575000000000728e+02
9.372104999999999109e+02
9.400634999999999764e+02
9.429165000000000418e+02
9.457694999999999936e+02
9.486224999999999454e+02
9.514755000000000109e+02
9.543285000000000764e+02
9.571814999999999145e+02
9.600344999999999800e+02
9.628875000000000455e+02
9.657404999999999973e+02
9.685934999999999491e+02
9.714465000000000146e+02
9.742995000000000800e+02
9.771524999999999181e+02
9.800054999999999836e+02
9.828585000000000491e+02
9.857115000000000009e+02
9.885644999999999527e+02
9.914175000000000182e+02
9.942705000000000837e+02
9.971234999999999218e+02
9.999764999999999873e+02
1.002829500000000053e+03
1.005682500000000005e+03
1.008535499999999956e+03
1.011388500000000022e+03
1.014241500000000087e+03
1.017094499999999925e+03
1.019947499999999991e+03
1.022800500000000056e+03
1.025653499999999894e+03
1.028506499999999960e+03
1.031359500000000025e+03
1.034212500000000091e+03
1.037065499999999929e+03
1.039918499999999995e+03
1.042771500000000060e+03
1.045624499999999898e+03
1.048477499999999964e+03
1.051330500000000029e+03
1.054183500000000095e+03
1.057036499999999933e+03
1.059889499999999998e+03
1.062742500000000064e+03
1.065595499999999902e+03
1.068448499999999967e+03
1.071301500000000033e+03
1.074154500000000098e+03
1.077007499999999936e+03
1.079860500000000002e+03
1.082713500000000067e+03
1.085566499999999905e+03
1.088419499999999971e+03
1.091272500000000036e+03
1.094125500000000102e+03
1.096978499999999940e+03
1.099831500000000005e+03
1.102684500000000071e+03
1.105537499999999909e+03
1.108390499999999975e+03
1.111243500000000040e+03
1.114096500000000106e+03
1.116949499999999944e+03
1.119802500000000009e+03
1.122655500000000075e+03
1.125508499999999913e+03
1.128361499999999978e+03
1.131214500000000044e+03
1.134067500000000109e+03
1.136920499999999947e+03
1.139773500000000013e+03
1.142626500000000078e+03
1.145479499999999916e+03
1.148332499999999982e+03
1.151185500000000047e+03
1.154038500000000113e+03
1.156891499999999951e+03
1.159744500000000016e+03
1.162597499999999854e+03
1.165450499999999920e+03
1.168303499999999985e+03
1.171156500000000051e+03
1.174009500000000116e+03
1.176862499999999955e+03
1.179715500000000020e+03
1.182568499999999858e+03
1.185421499999999924e+03
1.188274499999999989e+03
1.191127500000000055e+03
1.193980500000000120e+03
1.196833499999999958e+03
1.199686500000000024e+03
1.202539499999999862e+03
1.205392499999999927e+03
1.208245499999999993e+03
1.211098500000000058e+03
1.213951500000000124e+03
1.216804499999999962e+03
1.219657500000000027e+03
1.222510499999999865e+03
1.225363499999999931e+03
1.228216499999999996e+03
1.231069500000000062e+03
1.233922500000000127e+03
1.236775499999999965e+03
1.239628500000000031e+03
1.242481499999999869e+03
1.245334499999999935e+03
1.248187500000000000e+03
1.251040500000000065e+03
1.253893500000000131e+03
1.256746499999999969e+03
1.259599500000000035e+03
1.262452499999999873e+03
1.265305499999999938e+03
1.268158500000000004e+03
1.271011500000000069e+03
1.273864500000000135e+03
1.276717499999999973e+03
1.279570500000000038e+03
1.282423499999999876e+03
1.285276499999999942e+03
1.288129500000000007e+03
1.290982500000000073e+03
1.293835500000000138e+03
1.296688499999999976e+03
1.299541500000000042e+03
1.302394499999999880e+03
1.305247499999999945e+03
1.308100500000000011e+03
1.310953500000000076e+03
1.313806500000000142e+03
1.316659499999999980e+03
1.319512500000000045e+03
1.322365499999999884e+03
1.325218499999999949e+03
1.328071500000000015e+03
1.330924500000000080e+03
1.333777500000000146e+03
1.336630499999999984e+03
1.339483500000000049e+03
1.342336499999999887e+03
1.345189499999999953e+03
1.348042500000000018e+03
1.350895500000000084e+03
1.353748499999999922e+03
1.356601499999999987e+03
1.359454500000000053e+03
1.362307499999999891e+03
1.365160499999999956e+03
1.368013500000000022e+03
1.370866500000000087e+03
1.373719499999999925e+03
1.376572499999999991e+03
1.379425500000000056e+03
1.382278499999999894e+03
1.385131499999999960e+03
1.387984500000000025e+03
1.390837500000000091e+03
1.393690499999999929e+03
1.396543499999999995e+03
1.399396500000000060e+03
1.402249499999999898e+03
1.405102499999999964e+03
1.407955500000000029e+03
1.410808500000000095e+03
1.413661499999999933e+03
1.416514499999999998e+03
1.419367500000000064e+03
1.422220499999999902e+03
1.425073499999999967e+03
1.427926500000000033e+03
1.430779500000000098e+03
1.433632499999999936e+03
1.436485500000000002e+03
1.439338500000000067e+03
1.442191499999999905e+03
