3.533730956298493000e+15
3.122401308334685000e+15
2.880279324350939000e+15
2.624235355391169000e+15
2.381742325075677000e+15
2.228794500590799000e+15
2.055977393101980000e+15
1.955530248523248000e+15
1.820238518840087000e+15
1.703216051617411000e+15
1.654261835156112000e+15
1.501895448067968000e+15
1.476062620822823000e+15
1.374490081341798000e+15
1.320402308195666000e+15
1.272602324451498000e+15
1.245739376555241000e+15
1.188876343798997000e+15
1.104554827193279000e+15
1.103293047505701000e+15
1.029798378517628000e+15
1.002380479065535000e+15
9.699010992708440000e+14
8.884938224534510000e+14
9.143721284414490000e+14
8.347688408965680000e+14
8.493867666533340000e+14
8.214407071145670000e+14
7.903825361091980000e+14
7.685243826085090000e+14
7.691779088059860000e+14
7.341926665190080000e+14
7.064951580805980000e+14
7.001989696196920000e+14
6.586682510211050000e+14
6.564222952076180000e+14
6.331132903140400000e+14
5.836867365652540000e+14
5.829379912314270000e+14
5.707317155599190000e+14
5.709198195271150000e+14
5.529212568537480000e+14
5.190489020378110000e+14
5.094134327548670000e+14
4.948866956524420000e+14
4.830346619127400000e+14
4.727045537897750000e+14
4.737308062167700000e+14
4.706858934415810000e+14
4.545909267682070000e+14
4.434928741236630000e+14
4.458596040750840000e+14
4.414178911381110000e+14
3.884693363690890000e+14
4.064715818582780000e+14
4.032530084483130000e+14
3.713890222602800000e+14
3.826410593997250000e+14
3.833329595033020000e+14
3.625396627759030000e+14
3.587168539499350000e+14
3.486127323013720000e+14
3.414563259646110000e+14
3.478771291471160000e+14
3.424285635248330000e+14
3.158356344575700000e+14
3.094756893503010000e+14
3.109180955945250000e+14
3.190924831782040000e+14
2.945614746504350000e+14
2.886359877589910000e+14
2.910118604864850000e+14
2.914657603566070000e+14
2.626819497647910000e+14
2.745882685083140000e+14
2.856561465766770000e+14
2.719905207445660000e+14
2.551406039672810000e+14
2.344469603411740000e+14
2.588946832081790000e+14
2.413943903430200000e+14
2.429032885923350000e+14
2.366087331470310000e+14
2.322237381175780000e+14
2.356584259272090000e+14
2.079720117245560000e+14
2.090701345140060000e+14
2.136773272667930000e+14
1.989781752162310000e+14
1.928289850919680000e+14
2.029443199594200000e+14
2.019586430157960000e+14
1.996040750192750000e+14
2.025613797916640000e+14
1.804422563751080000e+14
1.835417824812080000e+14
1.788605282748900000e+14
1.752546596143650000e+14
1.842876397614170000e+14
1.771720311676300000e+14
1.682546908354500000e+14
1.744435333768400000e+14
1.686465319226410000e+14
1.520614817168320000e+14
1.711843895588910000e+14
1.638615919986520000e+14
1.511639288740030000e+14
1.566508070433270000e+14
1.563109501100430000e+14
1.588011090825680000e+14
1.355038621035720000e+14
1.415269326965690000e+14
1.295752094464080000e+14
1.436326903889490000e+14
1.313294869275620000e+14
1.318111501524070000e+14
1.315106616280400000e+14
1.259104605286670000e+14
1.394593739172080000e+14
1.219813431409600000e+14
1.202335230132960000e+14
1.250644724979120000e+14
1.185801329445900000e+14
1.237022375594470000e+14
1.048790226557430000e+14
1.089773342438590000e+14
1.166657138526720000e+14
9.603679630949900000e+13
1.045604493469870000e+14
1.112540261698160000e+14
9.883690709786100000e+13
1.010426437481260000e+14
9.240094646569400000e+13
9.589293518255400000e+13
9.250435892330400000e+13
1.085393015089370000e+14
9.482096521818900000e+13
9.877826021949400000e+13
8.932304967872000000e+13
8.640183927705000000e+13
9.200892227756900000e+13
9.069209466269600000e+13
8.154293544935600000e+13
8.773906167536800000e+13
8.551349291988900000e+13
8.807947738783300000e+13
7.502863711616800000e+13
8.670385273784700000e+13
7.991391374785400000e+13
8.021625410047800000e+13
7.552926110499400000e+13
7.299968352931800000e+13
7.112372804838500000e+13
7.836797405506500000e+13
7.473576083111500000e+13
6.825797341237700000e+13
6.976646881934200000e+13
6.856141489789200000e+13
6.693021892547000000e+13
6.748502836985500000e+13
6.867555112438500000e+13
6.591656816080500000e+13
5.510915325821200000e+13
5.980487941779900000e+13
6.376537240554000000e+13
5.988179471755100000e+13
5.443926653746800000e+13
5.760197063217000000e+13
5.990665145632100000e+13
5.772173624327500000e+13
5.058541670089300000e+13
5.545520519552200000e+13
5.195709239211100000e+13
5.333252792564100000e+13
4.836519437599600000e+13
5.176834296560800000e+13
4.653668478072000000e+13
5.051512607128900000e+13
4.858229986432800000e+13
4.541632863943800000e+13
4.588801616100500000e+13
4.350432266294800000e+13
5.192728259875400000e+13
4.595962244030400000e+13
4.295891804830400000e+13
4.578878540758400000e+13
4.476005788474800000e+13
4.460152425974700000e+13
3.761249642475200000e+13
4.740681179426900000e+13
4.512023728763900000e+13
4.099669596422300000e+13
4.211371220175500000e+13
4.117665703719600000e+13
3.378293443409000000e+13
4.382815689689200000e+13
3.844762639135200000e+13
4.975238905744200000e+13
4.135970717773000000e+13
3.765376469808100000e+13
3.209641008400400000e+13
3.848945676931800000e+13
2.924416735829200000e+13
3.142488750068500000e+13
3.172270174107900000e+13
3.147244333743700000e+13
3.917389052390000000e+13
3.492015042960100000e+13
2.775882358013200000e+13
3.216750692223200000e+13
3.595780783906600000e+13
3.467667805164700000e+13
2.787069756252200000e+13
2.274248261995000000e+13
2.949696951993300000e+13
2.514654151173900000e+13
2.790399773042100000e+13
3.246038877310200000e+13
3.339169112254900000e+13
2.785688830413600000e+13
2.528714003664000000e+13
2.923271827356700000e+13
2.808995863398800000e+13
2.938204586744700000e+13
2.551028289547400000e+13
2.815587266092400000e+13
3.072338737793400000e+13
2.267776774186900000e+13
2.695077150295900000e+13
2.125333089148400000e+13
1.902804260140400000e+13
2.412764911995600000e+13
2.414101072952000000e+13
2.463286396746900000e+13
2.215927212188800000e+13
2.353231142087800000e+13
2.301051904957100000e+13
2.390500816782000000e+13
2.142807568766200000e+13
2.300196859062600000e+13
1.937891758530500000e+13
2.010905764997400000e+13
1.991934309766400000e+13
1.489349215554400000e+13
2.197136084072400000e+13
2.134149472206100000e+13
1.816133131333000000e+13
2.099377030051100000e+13
1.659390779346200000e+13
1.518790198222400000e+13
2.068000263073900000e+13
2.356929923895400000e+13
2.309597648444000000e+13
1.474018024270000000e+13
1.737045128001500000e+13
1.566676199103000000e+13
2.017325156095600000e+13
1.678622922713400000e+13
1.399173383130300000e+13
1.983062593737400000e+13
1.974747021231100000e+13
1.034612354770100000e+13
1.609169391412700000e+13
1.639941588512100000e+13
1.440914481712800000e+13
1.437584632406500000e+13
1.972002595079000000e+13
1.481274967842000000e+13
1.521686983235500000e+13
1.382910613408000000e+13
1.121970489057200000e+13
1.636414262330300000e+13
1.146688373655200000e+13
1.394696828253400000e+13
1.178913483023200000e+13
1.646658221342700000e+13
1.393104128757800000e+13
1.083160527269800000e+13
1.260390401883200000e+13
1.145027318298700000e+13
1.399398671573600000e+13
1.249539266710100000e+13
1.342073103582200000e+13
1.076134812237200000e+13
1.221815769929600000e+13
1.130159242746000000e+13
1.409596584581500000e+13
9.366066260811000000e+12
1.451142927187700000e+13
1.567900286470600000e+13
1.259858337834900000e+13
1.130790532104000000e+13
7.904129943998000000e+12
1.166643099368400000e+13
1.258831650274400000e+13
9.290392976271000000e+12
1.211770162357300000e+13
9.911878606722000000e+12
1.027751275716600000e+13
7.897891422962000000e+12
7.361563346548000000e+12
1.066293639580200000e+13
1.009919004152900000e+13
9.603270094046000000e+12
8.731707146660000000e+12
1.071528380223700000e+13
8.582381909618000000e+12
1.021118954071900000e+13
5.100100972044000000e+12
8.952091463439000000e+12
1.034752890121500000e+13
6.876733787216000000e+12
1.027018311778500000e+13
7.361446186135000000e+12
1.201495681744700000e+13
5.970180669744000000e+12
8.136985019630000000e+12
6.243889017228000000e+12
4.902044479581000000e+12
3.790167171420000000e+12
7.170275699034000000e+12
8.712194741917000000e+12
5.589923202623000000e+12
7.622493558852000000e+12
7.444258995047000000e+12
7.060172654038000000e+12
8.294949016609000000e+12
4.854397118609000000e+12
5.864867571899000000e+12
5.896174159110000000e+12
7.268255442467000000e+12
5.631924201589000000e+12
6.337651361351000000e+12
6.226917316416000000e+12
5.232713270022000000e+12
6.349437562856000000e+12
5.101700015881000000e+12
4.044182700987000000e+12
5.729157424679000000e+12
6.054374284674000000e+12
2.739550616195000000e+12
8.263570383832000000e+12
4.712069452630000000e+12
6.464274993031000000e+12
6.218260262261000000e+12
7.481170775190000000e+12
6.482880321642000000e+12
3.265203082450000000e+12
4.836761797097000000e+12
5.389660652030000000e+12
4.530923468117000000e+12
6.101303068743000000e+12
5.654321348886000000e+12
4.780387520871000000e+12
6.064842921987000000e+12
5.128837906251000000e+12
3.590294998444000000e+12
3.078005225497000000e+12
2.130456361331000000e+12
8.488950961612000000e+12
3.386480077485000000e+12
3.267611531712000000e+12
4.797617773041000000e+12
2.887407024050000000e+12
4.371963159925000000e+12
5.809656797057000000e+12
3.285615324871000000e+12
3.268150866501000000e+12
5.101088603708000000e+12
3.969341108277000000e+12
4.468045221163000000e+12
5.474695644651000000e+12
2.383405077768000000e+12
4.009854043822000000e+12
4.226588799434000000e+12
3.655216418462000000e+12
2.703020036858000000e+12
3.556008046436000000e+12
3.116569462137000000e+12
3.015615089074000000e+12
4.752698574377000000e+12
3.298285925264000000e+12
2.881586394943000000e+12
2.707917297252000000e+12
2.499154476418000000e+12
1.792984780633000000e+12
9.253681133570000000e+11
1.935197148145000000e+12
3.272308553160000000e+12
3.025450564828000000e+12
4.760286608590000000e+12
1.414747615830000000e+12
5.038856833816000000e+12
2.450218694065000000e+12
2.256380525375000000e+12
3.848674380290000000e+12
2.692647902441000000e+12
3.255392887668000000e+12
4.469588331681000000e+12
2.412873788136000000e+12
1.517580107467000000e+12
2.881810874778000000e+12
3.814125744871000000e+12
1.483016836736000000e+12
2.366115218480000000e+12
3.234950736567000000e+12
2.963825234260000000e+12
2.386412338106000000e+12
4.179019701872000000e+12
2.280302423384000000e+12
1.793604317647000000e+12
2.174125032492000000e+12
2.665539020914000000e+12
1.508051541067000000e+12
4.502462924323000000e+12
2.108397585492000000e+12
1.790883681624000000e+12
8.963682812320000000e+11
1.629617752801000000e+12
2.030206882496000000e+12
1.775486924897000000e+12
2.722806442643000000e+12
2.491370176421000000e+12
2.660855880541000000e+12
2.368913767232000000e+12
9.006177452880000000e+11
1.968514885533000000e+12
1.967344539226000000e+12
5.900051365030000000e+11
2.662171560702000000e+12
2.371012677268000000e+12
1.373797709777000000e+12
2.079839534281000000e+12
9.080268953510000000e+11
2.092769635786000000e+12
1.287950939668000000e+12
2.054083831641000000e+12
7.683657155170000000e+11
2.950025682518000000e+12
1.770015409510000000e+12
2.155606651167000000e+12
1.295494577307000000e+12
1.522125940898000000e+12
2.079558417992000000e+12
2.396059925315000000e+12
5.900051365030000000e+11
1.505137110906000000e+12
9.003481596110000000e+11
1.112212093118000000e+12
1.872184061919000000e+12
1.770015409510000000e+12
2.314873461341000000e+12
1.691267525425000000e+12
8.850077047550000000e+11
2.367964344590000000e+12
1.802027511105000000e+12
1.371560233815000000e+12
8.850077047550000000e+11
2.065017977762000000e+12
1.249939661999000000e+12
3.079914223950000000e+11
8.942279671260000000e+11
4.892029805950000000e+11
8.850077047550000000e+11
1.172544862123000000e+12
1.890119331805000000e+12
8.850077047550000000e+11
1.770015409510000000e+12
1.186155907423000000e+12
2.072312277202000000e+12
1.180010273007000000e+12
1.483602655119000000e+12
1.475012841259000000e+12
1.180010273007000000e+12
1.775564683874000000e+12
5.900051365030000000e+11
1.377670677837000000e+12
2.888426340060000000e+11
6.155018839750000000e+11
1.189784650880000000e+12
6.471062781080000000e+11
1.812181384220000000e+12
1.770015409510000000e+12
1.475012841259000000e+12
2.950025682510000000e+11
1.180010273007000000e+12
3.025914982010000000e+11
1.048568334150000000e+11
9.442590795400000000e+11
3.477597308840000000e+11
6.197205076610000000e+11
