167774687421363
148692042303465
137442675940194
126183660228991
111330601648714
106387551212009
100443532521824
90149536475298
84004182130202
80033266291778
75971541804632
73883354728166
65513409217424
64588763540072
62209897776637
59369448045689
56484601519875
52541743069275
50461539537055
49955108784010
47487523723171
47505112279974
44977237016853
43178609979132
38090263434906
40633926229616
39407573144203
43877001440637
38109992193228
35922914288304
36338816312133
31437135937670
30818438871682
33312768744498
30409199728374
29597948296516
27848645961201
28268804626710
29426981489860
27483604713396
27479750508767
26977514000023
27424993163373
24413972860394
26839961287989
25786495678964
26470871679132
26252538231952
26711782721063
22071217042651
22918464441566
19911567694149
23102698858516
22257201912758
22567058298633
22528682136207
20758281998123
20540407999817
19977589095158
21390265695151
21848880006266
19083117030393
18475895483267
15546868627945
15515539579297
17773201357065
17534361618222
17063731992967
17851105020544
18601160968243
16493122987774
16188220342637
16317388344459
14370900698360
15996146737763
16323864323049
19690069618794
17339665932973
14235621007790
16039505822689
15897206573277
14974187208117
14719973407333
16005197951053
13824589212558
15346855147964
16260236085311
13360209770636
13111354458979
13962844387733
12978510194163
13965057365305
13267536115181
14800114695526
14972178059089
13859858984142
12142601882726
11078822225930
11402141220235
11921225673164
11908891251690
11987573295197
10838563525037
10770130035128
11196269633590
11522503528904
11719809006098
10236012395603
9982414038469
10837306491504
10640887618401
10059388588126
12368434331269
8429566611320
10467654895689
9356227829645
11345931638783
10227703895380
9638453313365
11263013579042
10773137876391
10248309152974
9263230092008
10061916686661
8005758576081
7548865986430
8301819979822
10933476731092
10431240840716
8670510342680
8749147213308
7816528052899
9060299537521
8000432061074
8140531730640
7943890694116
7966813814945
8343090128748
8951696926813
8765859148796
7984107812360
7390391254444
8277605072035
9373511640489
6796442158793
6751332688167
7788444355975
8075404503233
7111696099597
7979042370386
7448361778684
6413727748745
6830351997117
7784140519477
6925608012804
6498448946113
8659666658065
4816165870124
6918526282855
7194368688678
6695003365578
5338085195684
5581419771292
8084060992438
4775704244369
7283247972044
5027764694099
6355173057877
8278229845326
7084013656547
5849753838118
7118470286764
6568208678332
5250263709846
6229770005705
6162611718166
4955213744592
5104543980540
5248381226552
3401991726535
5232776678816
5872398318101
4538244843137
4957761209267
6371425380760
4829412872865
4775959778263
4351961441934
5018671943892
4401328728598
5221913972581
5351437063561
4171382246296
4756214513769
4860989224336
5463959958921
4971291675558
4111826120158
3883764649525
5073901924164
4166148445701
4904147984394
4891086372762
3937353375086
5086000025595
5086729843692
3368432327886
3598247195846
4948657567263
4774230581884
2720579753125
3319019170872
5432124540609
4558365084290
4624294466153
3243372237481
3606372192671
3153374454403
4598050259066
3269993248765
4476727841940
4370019374169
3013129709693
4623093588188
3240373598126
2861358899322
4080980819678
3146551158589
4014989920865
2579017223911
2628763857746
3633122395930
3621730667780
3391726592073
3177392234807
3653008616528
3520951621933
3132482495279
4101694432405
3536045458604
4853864520082
2686295849024
2597068002753
3220020272048
2880836728981
4197384663043
2021642042270
4081840429021
3838367650981
3560676248274
4713363964090
2881626840345
3046078325482
3103935037887
3802187560552
2415366000144
4237005528775
3323280151737
2936879544700
3295885808780
2502955062695
3622088171779
2405000386427
2921423545388
3239460248311
3416563362920
3285492199209
2905190290518
2464009429895
2019527636392
3231014131136
2373786451618
2324373561615
2686484964822
1835198236293
2682728208577
2325316212057
1820573271255
2357786799243
2688434478966
2194757011352
2049066589860
2530778351382
1933342043203
2080073935852
3359102710122
3518616651045
2370800544688
1896185611865
2007725959470
2260638025287
2040226083655
2226371048020
2543091750480
1308088201768
1298903815233
2286352316938
2403502806543
2434027823932
2052105063439
2075769036110
2501986088491
3289940968080
2453023823150
2430967402648
1962757746083
2835451179659
1472704895371
2512283363954
1384671513162
2758063325544
1984818680483
2014984581271
2018231608678
2846920135551
1973250808338
2498201908564
1854927024222
2088239576300
2508536719202
2325228721876
1483717070247
1546105127529
2447187377037
1842637866018
2312776961020
1878559396093
1458227134544
2013901368136
1581738179080
1684078280437
1430134287004
2242603815247
1726709323610
1550429354289
1989216237439
1127967900768
1118313049005
1635821684479
1493288634226
1601477440171
2048769130732
2120651845007
1270276390454
2047090578635
1869912392383
1589384269841
2882634327886
1321458703337
1528487485243
1147113412081
1097048676751
1273213552257
1661998563620
938867012631
1396526351384
1731379562421
1838677359952
1265849735012
1277685485131
1236748680585
2035574860127
1187014396624
956284139522
1937373222552
2199821227288
1390669775953
2495191340676
1446230473969
1157158572803
1421369478450
1389198443372
1131433899820
970125426679
1468298285225
2247562586372
1654912997358
1018706050663
1397401324352
2045021473039
1278005300100
1707884469715
1976502699902
1305566569763
1154815168656
1192342818738
1240634669885
886892347577
1026726117139
863525867243
1346628666249
800388340668
1346746687773
1278434936411
1555216410774
1348241041634
1865572019425
1195619046872
768615651944
646756738506
1046199072063
1365572280671
1219467410553
1159960286079
2279000874368
2024915916254
910206138491
1031655413342
1162097164263
1404745021562
1712242056683
811728891372
1297771306957
1758179698475
1397347923506
1195835966602
1362241795173
1260533934468
477800168913
730350595015
1179971202016
638010234818
1529217433941
628045530511
1104099228186
991996018905
2064706653078
766589438420
1662750762739
895623986819
638532601443
768985930479
865777796296
1093784211041
1025670522594
644267603461
1283490773710
733593021674
1337868515703
1026048544659
900370863865
873944129180
735662646236
388730622852
891487478119
475085249169
609541654811
345500181353
465480420777
825977413146
523974244477
850276001790
263628672627
358050819379
1023333380302
1139914360817
1045762762207
1106443131936
515892963827
977212773321
1266836454198
1025048322338
1150541276403
892286308869
988902757218
968619050629
703162721268
642904193587
1004749419307
924476422013
756074748951
626298933765
317255373250
642999915759
569587379217
614874488028
1099062175073
1268589814869
716665908506
602119898419
760184533122
101239317400
688824963108
647298074452
514413142923
890927777108
1011308592184
1191885623448
434128347124
1144689273244
600946309662
588375657181
1235472925050
254932405303
722717599566
412328163178
542883481120
478732878321
383009082991
594779055834
1508510747959
752789427312
766937425112
773359721377
763131318018
381577809628
906784696378
256231078249
955892084345
761252755663
486880163403
1012398248683
1018020298123
258503699020
663571075054
317066750893
716201830830
505230042900
699570850738
535153360526
586275210550
126733043083
638166812533
504922414778
729052097630
185709363754
760398258498
624771496949
506932172332
744165202384
401444012304
746214705508
506081945268
740028681895
591793220552
506932172332
505839679294
511791267719
128098309946
509794247680
227338270645
383012604790
1069271604980
256554793744
637544597638
373677022338
506932172332
966301922010
380199129249
501331440476
363221617928
695274127832
919566791119
536131972830
719598456302
761765732333
463182540473
126733043083
306311157944
209439953035
212549039864
253466086166
508884044185
4330555934
418687310851
508309047717
380199129249
253466086166
330279152624
126733043083
253466086166
812211863320
800314472287
426865776008
506932172332
527704776807
126733043083
113009554485
253466086166
327931032297
380199129249
420326557521
253466086166
380199129249
509336470888
760246661279
488305030030
506932042146
478322462518
126733043083
129819879317
380199129249
126733043083
490443816092
1102602580829
545514281461
253466086166
666201721683
126733043083
253466086166
253466086166
126733043083
253466086166
151335407269
253233653568
440620139812
380199129249
380199129249
126733043083
627693388773
445799062688
101647444067
380199129249
380199129249
505567477675
380199129249
835764862118
126733043083
253466086166
633665215415
363799722487
126733043083
253466086166
511095840297
380199129249
253466086166
126733043083
380199129249
253466086166
376638953987
381568472960
253466086166
165315152212
348548664452
432097231942
251725242905
506932172332
378577122303
119801898222
253466086166
126733043083
295864328717
126733043083
126733043083
380199129249
310947985106
380199129249
200949210914
380199129249
196389832128
729532998787
126733043083
503789411515
126733043083
253466086166
192873752565
363949846676
253466086166
380199129249
357606671339
126733043083
126733043083
126733043083
126733043083
213631912002
126174508340
253466086166
126733043083
169326082955
126733043083
253466086166
126733043083
253466086166
126733043083
353106341723
380009269548
380199129249
253466086166
253466086166
186353349989
253466086166
126733043083
91732646145
126733043083
