2.310572425136330000e+14
1.999391908301570000e+14
1.795263229372100000e+14
1.537567616861630000e+14
1.438841853090330000e+14
1.241141803462890000e+14
1.131769030340970000e+14
1.115440592425950000e+14
9.286811474367300000e+13
9.095587358743300000e+13
8.467003036074900000e+13
7.451902316385400000e+13
7.376086166348000000e+13
6.566931521220400000e+13
6.351853421989800000e+13
5.959694229790000000e+13
5.507260090528100000e+13
4.937843435234800000e+13
5.104786166640500000e+13
4.722472120269600000e+13
4.492249044816000000e+13
4.193715483582100000e+13
3.787128358329900000e+13
3.780876437363100000e+13
3.374156953908800000e+13
3.607590035305300000e+13
3.411133034915700000e+13
3.149261066754700000e+13
3.165485313945400000e+13
2.993582575509800000e+13
2.699836992293700000e+13
2.838292219239900000e+13
2.479369538913200000e+13
2.681197843822300000e+13
2.193311264891700000e+13
2.449510166042400000e+13
2.394508446801900000e+13
2.166303500747500000e+13
1.839268419323800000e+13
2.140093987820000000e+13
1.842575733067300000e+13
1.740749410139600000e+13
1.690268084167400000e+13
1.577513246700900000e+13
1.671339454370400000e+13
1.637058166876200000e+13
1.818479095041700000e+13
1.609361519035600000e+13
1.358587455829600000e+13
1.432855998311500000e+13
1.351250210822100000e+13
1.147280060956600000e+13
1.138645984539400000e+13
1.219061482990700000e+13
1.297750507557900000e+13
1.064470339770700000e+13
1.210712927531100000e+13
1.145496717753200000e+13
1.170174014248300000e+13
1.117643492394000000e+13
1.172693713795100000e+13
1.006518541458800000e+13
9.917082199156000000e+12
9.726825879384000000e+12
9.427540978850000000e+12
8.750893933986000000e+12
9.204215494688000000e+12
8.889726631314000000e+12
8.576145543819000000e+12
7.040794160167000000e+12
8.532162389736000000e+12
9.177171362568000000e+12
7.408911420770000000e+12
8.363970813484000000e+12
5.380940692970000000e+12
7.171656258017000000e+12
4.891855355083000000e+12
7.191302828479000000e+12
6.631079476829000000e+12
6.116837806431000000e+12
6.234183950212000000e+12
5.859123945829000000e+12
5.552308176018000000e+12
5.763621871964000000e+12
6.101526553840000000e+12
5.966708600620000000e+12
4.918011265066000000e+12
5.547483759146000000e+12
4.647307190336000000e+12
4.191520171766000000e+12
4.705303161021000000e+12
3.254513364220000000e+12
4.842153790663000000e+12
4.092670072369000000e+12
5.600045063844000000e+12
4.470483185961000000e+12
4.172627175142000000e+12
3.546709147618000000e+12
3.799805958419000000e+12
4.054787650136000000e+12
3.250093704026000000e+12
3.383827967594000000e+12
3.265608325311000000e+12
3.884968152407000000e+12
2.995169569931000000e+12
2.400511808228000000e+12
2.553328113545000000e+12
2.827705365374000000e+12
3.773164162562000000e+12
2.727487782282000000e+12
3.655320127124000000e+12
2.696071006001000000e+12
3.239472997394000000e+12
2.763485643298000000e+12
3.080219779759000000e+12
1.735402559171000000e+12
2.578427674807000000e+12
2.389384648659000000e+12
2.605925710253000000e+12
2.046579868201000000e+12
2.878326143024000000e+12
2.297615592615000000e+12
2.027867052124000000e+12
2.614243035762000000e+12
2.630907565898000000e+12
2.371280473842000000e+12
2.664586843000000000e+12
2.047894810576000000e+12
1.813231881859000000e+12
2.152629108307000000e+12
1.965286245683000000e+12
2.158002625540000000e+12
1.859785915736000000e+12
2.639272546544000000e+12
1.542190581888000000e+12
2.367511087345000000e+12
1.795597806429000000e+12
1.434835088112000000e+12
1.913687964390000000e+12
1.108256494203000000e+12
8.705806906560000000e+11
9.072235562860000000e+11
2.519818498738000000e+12
1.800521520686000000e+12
1.755236868110000000e+12
1.907365768891000000e+12
1.769555322979000000e+12
2.039225677582000000e+12
1.878146053917000000e+12
1.340156944212000000e+12
8.842036249440000000e+11
1.284027737522000000e+12
1.908216186392000000e+12
1.114341363642000000e+12
1.130027149356000000e+12
6.907272262350000000e+11
1.852923302959000000e+12
5.851301603560000000e+11
1.156693250159000000e+12
8.134560933830000000e+11
1.117161199134000000e+12
1.589336947841000000e+12
1.242385451003000000e+12
3.645057755770000000e+11
9.982726109900000000e+11
7.118637266870000000e+11
1.161525410873000000e+12
1.388011971649000000e+12
1.239081221811000000e+12
1.260831691391000000e+12
1.699820934306000000e+12
1.693141057290000000e+12
1.566932399990000000e+12
7.937657066690000000e+11
8.961548449710000000e+11
5.926403114150000000e+11
1.097602320085000000e+12
9.384436942090000000e+11
9.037526230810000000e+11
9.117399901170000000e+11
7.057728993010000000e+11
7.088838583120000000e+11
7.994524439860000000e+11
6.064412875670000000e+11
5.001055754910000000e+11
6.398577870300000000e+11
5.835090856260000000e+11
1.282590876119000000e+12
5.501175434140000000e+11
6.958608031370000000e+11
2.337400070120000000e+11
2.366824010440000000e+11
6.557309133380000000e+11
3.402929739010000000e+11
5.807912687590000000e+11
6.407461274080000000e+11
1.100212924173000000e+12
6.675340411480000000e+11
2.502916334820000000e+11
2.055649994360000000e+11
6.119103076180000000e+11
4.286871322260000000e+11
1.328262347973000000e+12
4.000192880110000000e+11
3.570266407810000000e+11
5.396472988520000000e+11
5.448824717900000000e+10
2.454713202000000000e+11
6.822512785810000000e+11
3.582042961330000000e+11
1.970475365020000000e+11
5.344373520070000000e+11
3.166435745390000000e+11
2.296240030320000000e+11
1.277979378030000000e+11
3.957391812020000000e+11
2.117838975370000000e+11
4.859337985570000000e+11
7.931301435400000000e+11
5.022717461620000000e+11
5.235346412650000000e+11
7.215594413450000000e+11
3.355918263200000000e+11
2.012264421760000000e+11
2.493434965740000000e+11
2.269116436630000000e+11
1.878878623220000000e+11
5.731895340660000000e+11
4.295784217700000000e+10
6.213499221600000000e+11
3.917721956900000000e+11
1.180269603590000000e+11
2.830420200480000000e+11
1.766656634020000000e+11
2.485244673130000000e+11
4.550886462300000000e+10
2.228782274200000000e+11
1.995645425810000000e+11
2.023601176780000000e+11
2.508936052600000000e+10
1.913539995870000000e+11
4.690092382240000000e+11
4.805589359700000000e+10
3.319702127410000000e+11
3.488220642860000000e+11
2.146477317550000000e+11
3.290560024860000000e+11
1.768785184690000000e+11
1.726208373380000000e+11
7.815144752920000000e+11
4.864871306970000000e+11
1.729447071040000000e+11
1.784897232120000000e+11
3.431417977370000000e+11
3.541299624200000000e+11
2.525985364500000000e+10
1.943324887910000000e+11
1.880326095010000000e+11
2.888698003100000000e+10
4.446238599000000000e+10
6.478283475050000000e+11
6.956798758100000000e+10
3.845291533300000000e+10
2.955761557900000000e+10
3.332065676790000000e+11
1.668163154950000000e+11
4.070975927200000000e+10
1.743960789900000000e+10
1.710422133710000000e+11
2.334588337500000000e+10
3.356746373050000000e+11
4.153699891120000000e+11
2.098559092700000000e+10
1.754968794690000000e+11
6.878487254000000000e+10
1.848221852740000000e+11
1.668377407110000000e+11
3.882678510400000000e+10
1.727370301810000000e+11
4.610771928250000000e+11
5.127992228200000000e+10
3.260291909390000000e+11
1.813154714700000000e+10
1.393110893600000000e+10
3.191899150540000000e+11
9.107667404000000000e+09
1.873693319880000000e+11
2.314811122200000000e+10
3.139076280990000000e+11
5.930370649100000000e+10
1.851818940000000000e+10
3.366691185720000000e+11
2.894600646600000000e+10
1.651938056300000000e+10
1.754150984400000000e+11
1.006826043900000000e+10
3.277306965800000000e+10
4.669772992770000000e+11
1.788672221620000000e+11
1.785232020860000000e+11
1.271484663300000000e+10
2.891297002100000000e+10
6.440762000000000000e+09
1.985829616870000000e+11
3.811909798100000000e+10
3.987730787100000000e+10
5.711296667000000000e+09
1.646065617570000000e+11
5.085193977800000000e+10
1.844332512800000000e+10
3.336154422920000000e+11
1.658063154300000000e+10
2.337146167600000000e+10
1.470087268200000000e+10
1.692878424970000000e+11
9.068240514600000000e+10
2.968560174700000000e+10
2.163123440100000000e+10
3.693050845510000000e+11
1.673141169090000000e+11
2.864684408900000000e+10
1.241936505300000000e+10
2.385225492400000000e+10
2.138579438000000000e+09
4.500650019600000000e+10
1.291391311990000000e+11
1.117329281000000000e+10
1.845689990200000000e+10
1.698576312790000000e+11
1.311617738300000000e+10
1.631144582830000000e+11
8.198580353000000000e+09
1.703044607520000000e+11
1.959427940410000000e+11
1.656549314950000000e+11
2.268935786000000000e+10
2.309234476000000000e+09
1.555920915200000000e+10
2.774720598300000000e+10
1.038201435400000000e+10
6.893022196000000000e+09
1.800687089830000000e+11
1.380553834100000000e+10
1.345430966200000000e+10
8.815583877000000000e+09
2.670080983400000000e+10
1.095230033300000000e+10
1.678340391100000000e+10
4.095542646000000000e+09
1.761276162330000000e+11
1.029425538900000000e+10
1.638383954150000000e+11
1.649084100470000000e+11
1.617125791220000000e+11
1.987695370600000000e+10
2.289244791700000000e+10
1.533220225670000000e+11
1.639472241600000000e+11
9.960361767000000000e+09
5.882202916000000000e+09
1.071478084500000000e+10
1.186449074900000000e+10
5.545712631000000000e+09
