0
6094722133605489
1943045340461185
933206993396539
608507694198152
467023052033720
381388909493588
326007800261872
281771741096447
242554802496008
210672702262386
188405404806117
167028276190032
150422046587259
134716941914851
120523931873795
112138683010759
98831496040340
92018690975797
82523384703507
78359048019963
71569080033398
65841462886114
61511986141972
57757134007906
54826093713506
52348314240962
48657249655696
45869401890212
43889455278456
41812675356008
39162600152269
37824246002606
35952780698841
36241362520316
33108424625077
33459493863059
31348812430152
29957649950984
29348953604984
27114147116546
27326051554331
26202482399841
25753204512314
24310287986424
22898212075623
24162655484694
21404239433480
20905784252631
21246563440276
21492180535424
20518974257265
19931970594060
19775250959328
19203086680227
18248313358372
18390250118143
18222618255738
18144942928912
17326908620796
17739611604099
16398738629824
16728735031670
16184221958399
15138944329636
15091530643720
14838945759614
14234149995496
14729656284846
14217277649863
15039935173495
14654324003126
13019034968146
13672391366495
13402705793709
13574827179668
12730237786991
12348138655742
12164931588920
11996402704965
11448121611274
11809094000950
11319719691814
11380643518459
11393870506046
11362637231952
10955414071081
10759583781334
10811127020637
10435529603101
9825154153553
9708014353931
10074582690015
10577581902056
10085219620018
9757242554664
8894243907990
9892872011515
9824314335237
8999459557055
8976479535895
9118233578112
8682608090698
8384138781089
8992248635744
8304368032930
8582010447779
8647019168823
7959303652024
8078795558907
8248357804613
8344241634070
7339238267557
7641201170319
7772160454889
8195633318300
6885316711034
6845976051308
7211405624535
6996955504696
7526407829161
6947153255932
7702967731372
6262136801008
6699380702833
6014034560847
6356918455287
6068902542696
5677921146855
6255489198861
6702104734081
5815583599102
6666992976477
6289018757402
5912328106687
6176636337470
6099788591701
5929149033464
5711671839475
5726341672534
5604058230464
5357539357281
5521544111321
5292642494197
5798260683216
6277701254042
4895876158796
5819870912909
5447607878609
5251004022223
5150979089475
4865651220808
5410926677316
5130187755234
4508064288743
4685912704330
4189376002734
4481067172583
4447287251839
4751861984928
4774879175452
4244515436682
4774948872503
4350313327970
4534131068731
4621487846510
4078191490812
4131459427987
4225480343673
4790310186960
4153673842781
4217570368793
3798859780483
3632986047436
4261492737313
3834560560565
3854880748416
3837777574262
3632116584481
4417922698031
3925742126912
4504544017786
3540261107657
3641012992482
3317024388826
4010995210556
3851105282610
3541837603241
3977488450291
3411483853630
3549475772023
3718214706854
3555121533688
3725556495990
3377996762231
3440801108751
3416494861497
3630867164739
3368293978636
3395582489025
3184886399963
3392836444781
2841892797869
2968812767541
2755721085382
3215284857497
3342386429488
3113633159702
3075785377356
2965185532284
3013706486595
3020704535140
2636183211263
2463148880105
3158330878681
2454615544970
2686676954316
2885754842928
2758874530991
2766860203165
2539536537283
2559216832993
3039157030087
2485570666697
2375172386967
2392768281655
2609755162239
3034116001356
2493926038422
2410120892152
2554772076374
2416074626473
2595172922114
2451614436566
2685612835910
2352472791078
2510132571855
2409072807485
1817017909469
2537878161966
2071577344921
2151912382486
2398198094474
2296620662858
2178023950829
2477999028827
2140783296639
2567707357841
1820099036393
2283577627650
2191396187529
1876521679157
2147176975998
1918065576417
2172394309899
2379714378930
1993105650892
1755273422096
1738079522797
2066883905447
1719983720808
1910216956382
1997380684233
1875033039295
1700416773772
1617033993701
1390999875250
1601296403545
1636954552746
1823104500889
1849259682413
1764564578015
1937945607406
1606492959096
1449880127368
1875393512625
1537456441841
1404185401636
1518338824889
1650725417807
1148538903577
1407480001907
1260878204764
1538861902726
1525868788823
1595746224371
1833321545368
1394522896917
1382131702744
1566278798347
1636221846461
1351215899763
1255292401750
1239559890426
1306968917072
1688195351250
1591993719507
1288664596493
1566694031031
1115395689397
1024861670843
1373760639912
1316394131962
1284046340529
1110965250264
1421032311318
1151096275454
1103480905423
1344240110972
1282458226247
1346682315332
1322846063513
1088284896284
929146246437
1390606602638
1424750254801
1149737368381
1211385782688
1157348895675
1376272459072
1092427760160
861744126143
1052697856106
942648652080
1326356586633
785783535542
1146617947394
1150957614315
1297109288742
873124895588
871460463290
888343333336
972956677661
1064454365135
1098978034190
821263869910
1122842708439
822656738828
1008473639542
1032129848281
972950289749
1087309886090
783026472224
906847903615
1159954074206
890547347929
1342605071105
983719961262
1038823693636
1032191581363
932864635956
872693561516
978067531257
1064990052303
922264699814
565478551370
1014035776734
929713847335
813156161430
643274202487
986442991578
919929836081
900759887867
703224449092
924441177530
651782802679
759865069476
695577821204
891100096442
861675391411
745040126969
745262318828
823893113412
835249077251
899665611695
674238048229
736384049152
785292528295
883922972683
866195553763
788191617601
864616767715
734866080625
751475119433
723810661677
569089601188
772635713369
832773602575
547334989422
606672660197
713219640305
506821878502
494412815323
630007247028
721434015376
836151394013
418929956916
561359927084
779518707781
537628188827
730185049265
847286582856
700653106054
711351370391
504378633301
707476435528
453659799744
626307260957
570702208623
529485019232
735844325206
604906990716
609506815919
516244970168
266396218186
503379163581
428593610859
291154556282
616131103763
434930416993
561726000608
502387431184
366971408090
379316145676
398620301037
490051462578
661212539149
504576461153
438926266290
354689285711
385681382047
388238298304
591680004711
489399487258
638260449094
492581856066
494378227670
585198448340
273078426027
415214589932
489072885380
562391624817
233136266756
362345496406
492831335770
361650672523
273455000724
305451842884
377138110985
275330503435
490218183379
385712986057
459023383883
539735741226
452410408673
397174577271
251128350808
330686881164
389625208855
316673226386
646126110393
503846679084
303769861900
418140361448
383273984226
263606237461
409182048871
297668377767
407808590765
270219637466
367719363614
395487484888
267445136274
295896563313
402654836787
375607048364
207641274078
273752217045
354196593112
401556753187
439803287064
243086029013
518906096145
262127317306
253085317887
234163124799
270013280031
342165768257
237955314687
220026607686
173179230257
201563742464
266189538819
226181381040
231963998155
241689540561
271760479973
323554049000
305653016100
211644130162
203663397834
466886787630
116415787150
321715070930
167077040677
175889617254
155738481747
345140232534
223859303486
283828625558
136258365762
189563165634
204687640431
226047275182
152451324664
301512435784
298959640960
187671801835
141148435484
139168777689
245190465310
203987062459
126045907299
239655336396
167339201398
137951059961
187192416988
205925303616
211561259478
124881217097
410146943707
195040015665
165726419696
139792905242
93115276708
271653736484
137529608189
206045879300
177859483354
246381438628
139276278246
161579841652
91493810092
206895842515
175189139239
180720634961
111197284859
96491972486
137050772480
118638768620
194989424537
81361922753
192277290255
168570033964
111018124599
133421962795
177946343193
214378298469
120232883067
128943680613
139568832628
166017362259
123464386326
114469417578
214680594515
101514732764
246838997400
81780954507
89407168717
124519161259
79870770750
116461179632
146648701662
212874789078
127629337852
139147981255
178341247200
176746110435
117514641624
125462956532
158321829423
146495698866
187145554648
117948079551
156674155578
114812305418
26027990041
73520517295
153888546437
153482452028
152280413033
83393574876
100271435193
143324301101
64888311468
73944519950
70694071659
98628949180
125508522036
219434955293
117541566760
55580690647
68190110873
111044659989
126023620947
128818570246
33412227505
55816053567
54136268929
47083498005
70583458211
117806716292
118974436801
128331801915
137433367508
38138474549
64033283397
74895882668
98261269223
42638848296
69833848762
114804769719
107769471027
72539791484
53043556810
79085933360
96838895089
113623703160
125415508924
147928874690
53541959414
67979315152
64064139873
16708917894
53794538391
170320982037
56297036015
49888072219
47547793491
57765127521
59138380501
133589801370
32703423561
52330172425
81604301641
52340157622
48704146144
21963848930
140844175496
91999721237
32701596420
14289500726
51204741023
85223961677
55810634880
41369648972
102923348007
9875361460
51916457556
60200270975
67368623765
58129953089
28343801106
59386382638
50587259995
92405996893
43792755136
37980245926
100110303569
3027626075
39807370628
46593870704
22752697978
62499069514
58435644090
56273360324
67080937049
36764871642
57426456689
33699023204
23463295689
92187156148
116619929977
25189327229
18276545913
20711801463
0
4525927742
22831117359
36083686830
67340457936
39276074322
13394615150
36735637028
32159385861
39575734187
28530417201
31092318784
51477455384
31279601581
80614775896
71834549389
39345005261
52808841375
45075755548
28311272030
58442060127
37312319795
15483372936
26095972826
25630773862
53267214003
14727399488
43019295109
27445829344
1511301362
26071691653
30637693520
24771124905
63075012559
0
29746284445
39883658131
16426167488
17031652920
36901175422
54606250410
0
35495507529
30033627506
1510029210
41517085277
31051201332
17836757305
16365075855
0
12224496759
12359246619
9816458524
30620333925
14006750113
1510794558
20713183138
47035388481
12494533312
39205494400
10425507663
21888747705
23042982003
46936616421
11741364837
12040568808
13210544390
11583270686
10476608312
1512963599
15042897325
31372356285
16155787620
30384353402
40327386702
17335218305
0
0
9171274274
25559253613
50592903439
27649535244
0
9835043097
25703301659
0
0
15657544866
0
37693200183
0
1509130532
14195817307
0
0
11911644575
17427356010
23962378241
19882456457
1508684123
0
1774220606
0
30010628923
13687943357
0
1519637668
0
1508653855
0
18378398737
0
0
0
13256911734
3168315755
0
17891705964
0
0
0
0
0
3025831395
25694071988
0
28783013675
0
0
13386199334
0
1508211094
3038385174
12686386506
11090651322
13553224652
0
10121828452
0
0
1508469160
0
11924922507
1509482474
11709262947
0
0
0
0
0
10107386942
0
0
19641076756
17595717081
0
1510074634
0
0
0
0
0
0
0
0
0
0
0
0
0
0
0
0
0
0
0
0
0
4492317463
11186752918
0
0
0
0
0
13957742850
0
0
8576178181
0
8554564527
0
0
8995254301
0
0
0
0
0
0
0
0
0
0
0
0
0
0
0
0
12144875943
0
0
0
0
10454442108
14144636204
9621222624
16699891217
0
0
0
0
0
0
0
0
10664161277
0
0
0
0
7697778399
0
24654090674
0
0
0
0
0
0
0
0
0
0
0
0
0
0
9457591209
0
0
0
0
0
0
1508202583
0
0
0
0
10662614714
0
0
0
0
0
0
0
0
0
0
0
0
0
0
0
0
0
0
15971894774
0
0
0
0
0
15104147138
0
0
0
0
0
1509472783
0
0
0
0
0
0
0
0
0
0
0
0
0
0
0
0
0
0
0
0
10288429720
