0.000000
0.328000
0.656000
0.984000
1.312000
1.640000
1.968000
2.296000
2.624000
2.952000
3.280000
3.608000
3.936000
4.264000
4.592000
4.920000
5.248000
5.576000
5.904000
6.232000
6.560000
6.888000
7.216000
7.544000
7.872000
8.200000
8.528000
8.856000
9.184000
9.512000
9.840000
10.168000
10.496000
10.824000
11.152000
11.480000
11.808000
12.136000
12.464000
12.792000
13.120000
13.448000
13.776000
14.104000
14.432000
14.760000
15.088000
15.416000
15.744000
16.072000
16.400000
16.728000
17.056000
17.384000
17.712000
18.040000
18.368000
18.696000
19.024000
19.352000
19.680000
20.008000
20.336000
20.664000
20.992000
21.320000
21.648000
21.976000
22.304000
22.632000
22.960000
23.288000
23.616000
23.944000
24.272000
24.600000
24.928000
25.256000
25.584000
25.912000
26.240000
26.568000
26.896000
27.224000
27.552000
27.880000
28.208000
28.536000
28.864000
29.192000
29.520000
29.848000
30.176000
30.504000
30.832000
31.160000
31.488000
31.816000
32.144000
32.472000
32.800000
33.128000
33.456000
33.784000
34.112000
34.440000
34.768000
35.096000
35.424000
35.752000
36.080000
36.408000
36.736000
37.064000
37.392000
37.720000
38.048000
38.376000
38.704000
39.032000
39.360000
39.688000
40.016000
40.344000
40.672000
41.000000
41.328000
41.656000
41.984000
42.312000
42.640000
42.968000
43.296000
43.624000
43.952000
44.280000
44.608000
44.936000
45.264000
45.592000
45.920000
46.248000
46.576000
46.904000
47.232000
47.560000
47.888000
48.216000
48.544000
48.872000
49.200000
49.528000
49.856000
50.184000
50.512000
50.840000
51.168000
51.496000
51.824000
52.152000
52.480000
52.808000
53.136000
53.464000
53.792000
54.120000
54.448000
54.776000
55.104000
55.432000
55.760000
56.088000
56.416000
56.744000
57.072000
57.400000
57.728000
58.056000
58.384000
58.712000
59.040000
59.368000
59.696000
60.024000
60.352000
60.680000
61.008000
61.336000
61.664000
61.992000
62.320000
62.648000
62.976000
63.304000
63.632000
63.960000
64.288000
64.616000
64.944000
65.272000
65.600000
65.928000
66.256000
66.584000
66.912000
67.240000
67.568000
67.896000
68.224000
68.552000
68.880000
69.208000
69.536000
69.864000
70.192000
70.520000
70.848000
71.176000
71.504000
71.832000
72.160000
72.488000
72.816000
73.144000
73.472000
73.800000
74.128000
74.456000
74.784000
75.112000
75.440000
75.768000
76.096000
76.424000
76.752000
77.080000
77.408000
77.736000
78.064000
78.392000
78.720000
79.048000
79.376000
79.704000
80.032000
80.360000
80.688000
81.016000
81.344000
81.672000
82.000000
82.328000
82.656000
82.984000
83.312000
83.640000
83.968000
84.296000
84.624000
84.952000
85.280000
85.608000
85.936000
86.264000
86.592000
86.920000
87.248000
87.576000
87.904000
88.232000
88.560000
88.888000
89.216000
89.544000
89.872000
90.200000
90.528000
90.856000
91.184000
91.512000
91.840000
92.168000
92.496000
92.824000
93.152000
93.480000
93.808000
94.136000
94.464000
94.792000
95.120000
95.448000
95.776000
96.104000
96.432000
96.760000
97.088000
97.416000
97.744000
98.072000
98.400000
98.728000
99.056000
99.384000
99.712000
100.040000
100.368000
100.696000
101.024000
101.352000
101.680000
102.008000
102.336000
102.664000
102.992000
103.320000
103.648000
103.976000
104.304000
104.632000
104.960000
105.288000
105.616000
105.944000
106.272000
106.600000
106.928000
107.256000
107.584000
107.912000
108.240000
108.568000
108.896000
109.224000
109.552000
109.880000
110.208000
110.536000
110.864000
111.192000
111.520000
111.848000
112.176000
112.504000
112.832000
113.160000
113.488000
113.816000
114.144000
114.472000
114.800000
115.128000
115.456000
115.784000
116.112000
116.440000
116.768000
117.096000
117.424000
117.752000
118.080000
118.408000
118.736000
119.064000
119.392000
119.720000
120.048000
120.376000
120.704000
121.032000
121.360000
121.688000
122.016000
122.344000
122.672000
123.000000
123.328000
123.656000
123.984000
124.312000
124.640000
124.968000
125.296000
125.624000
125.952000
126.280000
126.608000
126.936000
127.264000
127.592000
127.920000
128.248000
128.576000
128.904000
129.232000
129.560000
129.888000
130.216000
130.544000
130.872000
131.200000
131.528000
131.856000
132.184000
132.512000
132.840000
133.168000
133.496000
133.824000
134.152000
134.480000
134.808000
135.136000
135.464000
135.792000
136.120000
136.448000
136.776000
137.104000
137.432000
137.760000
138.088000
138.416000
138.744000
139.072000
139.400000
139.728000
140.056000
140.384000
140.712000
141.040000
141.368000
141.696000
142.024000
142.352000
142.680000
143.008000
143.336000
143.664000
143.992000
144.320000
144.648000
144.976000
145.304000
145.632000
145.960000
146.288000
146.616000
146.944000
147.272000
147.600000
147.928000
148.256000
148.584000
148.912000
149.240000
149.568000
149.896000
150.224000
150.552000
150.880000
151.208000
151.536000
151.864000
152.192000
152.520000
152.848000
153.176000
153.504000
153.832000
154.160000
154.488000
154.816000
155.144000
155.472000
155.800000
156.128000
156.456000
156.784000
157.112000
157.440000
157.768000
158.096000
158.424000
158.752000
159.080000
159.408000
159.736000
160.064000
160.392000
160.720000
161.048000
161.376000
161.704000
162.032000
162.360000
162.688000
163.016000
163.344000
163.672000
164.000000
164.328000
164.656000
164.984000
165.312000
165.640000
165.968000
166.296000
166.624000
166.952000
167.280000
167.608000
167.936000
168.264000
168.592000
168.920000
169.248000
169.576000
169.904000
170.232000
170.560000
170.888000
171.216000
171.544000
171.872000
172.200000
172.528000
172.856000
173.184000
173.512000
173.840000
174.168000
174.496000
174.824000
175.152000
175.480000
175.808000
176.136000
176.464000
176.792000
177.120000
177.448000
177.776000
178.104000
178.432000
178.760000
179.088000
179.416000
179.744000
180.072000
180.400000
180.728000
181.056000
181.384000
181.712000
182.040000
182.368000
182.696000
183.024000
183.352000
183.680000
184.008000
184.336000
184.664000
184.992000
185.320000
185.648000
185.976000
186.304000
186.632000
186.960000
187.288000
187.616000
187.944000
188.272000
188.600000
188.928000
189.256000
189.584000
189.912000
190.240000
190.568000
190.896000
191.224000
191.552000
191.880000
192.208000
192.536000
192.864000
193.192000
193.520000
193.848000
194.176000
194.504000
194.832000
195.160000
195.488000
195.816000
196.144000
196.472000
196.800000
197.128000
197.456000
197.784000
198.112000
198.440000
198.768000
199.096000
199.424000
199.752000
200.080000
200.408000
200.736000
201.064000
201.392000
201.720000
202.048000
202.376000
202.704000
203.032000
203.360000
203.688000
204.016000
204.344000
204.672000
205.000000
205.328000
205.656000
205.984000
206.312000
206.640000
206.968000
207.296000
207.624000
207.952000
208.280000
208.608000
208.936000
209.264000
209.592000
209.920000
210.248000
210.576000
210.904000
211.232000
211.560000
211.888000
212.216000
212.544000
212.872000
213.200000
213.528000
213.856000
214.184000
214.512000
214.840000
215.168000
215.496000
215.824000
216.152000
216.480000
216.808000
217.136000
217.464000
217.792000
218.120000
218.448000
218.776000
219.104000
219.432000
219.760000
220.088000
220.416000
220.744000
221.072000
221.400000
221.728000
222.056000
222.384000
222.712000
223.040000
223.368000
223.696000
224.024000
224.352000
224.680000
225.008000
225.336000
225.664000
225.992000
226.320000
226.648000
226.976000
227.304000
227.632000
227.960000
228.288000
228.616000
228.944000
229.272000
229.600000
229.928000
230.256000
230.584000
230.912000
231.240000
231.568000
231.896000
232.224000
232.552000
232.880000
233.208000
233.536000
233.864000
234.192000
234.520000
234.848000
235.176000
235.504000
235.832000
236.160000
236.488000
236.816000
237.144000
237.472000
237.800000
238.128000
238.456000
238.784000
239.112000
239.440000
239.768000
240.096000
240.424000
240.752000
241.080000
241.408000
241.736000
242.064000
242.392000
242.720000
243.048000
243.376000
243.704000
244.032000
244.360000
244.688000
245.016000
245.344000
245.672000
246.000000
246.328000
246.656000
246.984000
247.312000
247.640000
247.968000
248.296000
248.624000
248.952000
249.280000
249.608000
249.936000
250.264000
250.592000
250.920000
251.248000
251.576000
251.904000
252.232000
252.560000
252.888000
253.216000
253.544000
253.872000
254.200000
254.528000
254.856000
255.184000
255.512000
255.840000
256.168000
256.496000
256.824000
257.152000
257.480000
257.808000
258.136000
258.464000
258.792000
259.120000
259.448000
259.776000
260.104000
260.432000
260.760000
261.088000
261.416000
261.744000
262.072000
262.400000
262.728000
263.056000
263.384000
263.712000
264.040000
264.368000
264.696000
265.024000
265.352000
265.680000
266.008000
266.336000
266.664000
266.992000
267.320000
267.648000
267.976000
268.304000
268.632000
268.960000
269.288000
269.616000
269.944000
270.272000
270.600000
270.928000
271.256000
271.584000
271.912000
272.240000
272.568000
272.896000
273.224000
273.552000
273.880000
274.208000
274.536000
274.864000
275.192000
275.520000
275.848000
276.176000
276.504000
276.832000
277.160000
277.488000
277.816000
278.144000
278.472000
278.800000
279.128000
279.456000
279.784000
280.112000
280.440000
280.768000
281.096000
281.424000
281.752000
282.080000
282.408000
282.736000
283.064000
283.392000
283.720000
284.048000
284.376000
284.704000
285.032000
285.360000
285.688000
286.016000
286.344000
286.672000
287.000000
287.328000
287.656000
287.984000
288.312000
288.640000
288.968000
289.296000
289.624000
289.952000
290.280000
290.608000
290.936000
291.264000
291.592000
291.920000
292.248000
292.576000
292.904000
293.232000
293.560000
293.888000
294.216000
294.544000
294.872000
295.200000
295.528000
295.856000
296.184000
296.512000
296.840000
297.168000
297.496000
297.824000
298.152000
298.480000
298.808000
299.136000
299.464000
299.792000
300.120000
300.448000
300.776000
301.104000
301.432000
301.760000
302.088000
302.416000
302.744000
303.072000
303.400000
303.728000
304.056000
304.384000
304.712000
305.040000
305.368000
305.696000
306.024000
306.352000
306.680000
307.008000
307.336000
307.664000
307.992000
308.320000
308.648000
308.976000
309.304000
309.632000
309.960000
310.288000
310.616000
310.944000
311.272000
311.600000
311.928000
312.256000
312.584000
312.912000
313.240000
313.568000
313.896000
314.224000
314.552000
314.880000
315.208000
315.536000
315.864000
316.192000
316.520000
316.848000
317.176000
317.504000
317.832000
318.160000
318.488000
318.816000
319.144000
319.472000
319.800000
320.128000
320.456000
320.784000
321.112000
321.440000
321.768000
322.096000
322.424000
322.752000
323.080000
323.408000
323.736000
324.064000
324.392000
324.720000
325.048000
325.376000
325.704000
326.032000
326.360000
326.688000
327.016000
327.344000
327.672000
328.000000
