0
0
0
0
0
1568233533332116
3723647910952194
2611457034122808
1964448668571472
1509048336808471
1208730728503397
993402849246280
838281647438216
726519522603660
605960667862169
531593016536101
465458258413718
434579020846002
378521642363589
337711462536399
320924206870727
295092511122679
269257994504955
248818724908210
227595633736214
221670469771083
214159324326335
189775207496563
188421032238728
177265392019985
165868523472208
156405979502895
144952756108001
138008887066759
127139417100654
125225540789793
116958817131046
114788917837319
105957960805773
105116860164236
105382040773507
100017990468672
96104272219633
84788777040565
91960756816828
87742041466296
81856416379389
79940344245933
74577645392935
77718781360344
71745468931602
65017237118945
63787406541903
65086661176891
62538242706160
58825382702620
59734754106201
56458785713671
56270830573276
56637002601551
51513864221968
51431700017869
49237426014667
48059204648854
50863166439793
47174325642266
44619243511793
44180402163298
45883883194028
40175871256777
44613492408589
40303831689709
35620846820025
34610028782463
39691770595429
37919389550843
37628403209483
36595038408599
35352019539625
33294763464844
33538009613699
32325833292190
29661307861258
35399338544864
32170981364989
31662360881940
27261729698356
26466726368963
29689488534242
28107333638685
28391003567702
30191559622051
27546535408699
29670123804671
26539136580281
26409655349119
24624478065282
23543773508364
28428407415090
26131859783472
24369505756344
27579619727593
23380571223603
23786830297993
27611372309359
24755378093773
25482323817611
25412530585995
26763793651556
21458890535943
21085380168103
24529603763018
22094314175999
20048922580154
20162658150340
21538322881311
21202705442556
20729305965001
20980316840134
22045765531539
19582330758107
20160990388468
19341648628767
21003371501327
16976397681316
19526995292259
18687033384616
18665514774742
20325931911731
16122215958735
16538568709120
18161004123131
15938670198183
17602707547031
15141307157049
19502869495908
16511815063533
18423105029422
18504537069941
16139735845043
17444325375623
16960930236457
15106382363163
16184754532610
16681480903407
16484432624345
13624447070600
16026649671985
15165994981823
14782638214392
15617069424822
12814026880608
15961346804540
16435477121799
12789432656257
12487630119680
14854214332700
12641787248742
14877841026059
15599478235363
16148529484526
14788748720560
16526874427429
15220401087980
12212062166201
13700038615072
15101744673865
13213214529337
14373405289875
9169528985303
12498732891302
13409582826699
12360498546504
12737765962106
13679981752875
15188191806805
13401062257659
12365265627873
14955715608361
11780951719826
13721300768469
11573891905819
15187780790301
11660837449793
12722865294200
11286627449535
11862324150556
11044407386153
13532213579018
12144504242841
11610530360778
11748015640394
9384989920992
12358299167976
9852252392904
12770264902297
11971747023608
12028835061144
11421746489971
9611419198344
9028676271150
10082770329865
10034386867892
10713164755264
13656546715364
9360962063026
9760638990977
9331391898007
10646240223878
9092509047739
9073987915616
10229012622562
9418555185114
9318024100449
9296974121907
10188780466991
8301813344868
9727955824384
11123015687343
9905029241754
8412710864497
7865404489633
8271961992477
10655423763545
8663261697257
9103212932032
9325308380405
8575652616305
8606736037700
10037420241950
7924127310221
10170215222823
8874966810860
9203046320679
6566138521431
8067823460964
8948830209077
8197713344175
7967508829658
8191018258984
6897961101625
6615426925493
7934112894608
9091869839942
7051751404753
8201505100115
7694016588515
7562885292381
8218753152480
7538013158411
8082594746613
8794174989344
6753293851656
7128968047708
7342589180043
6952329056226
7013463973113
7455861636990
7015176236624
7716579108582
9049317454669
6359251295393
5609111638518
6800737919085
6223517264067
6528373187638
6104299335762
6386928304247
8103667934106
6914715433010
6525558927889
5906661100829
7610135015063
6248817068078
7009391971342
6270331298182
6515934904398
7129672177384
5620138693159
6035046471120
5858507519918
5856675135112
4236633481155
5565176221531
6102921654152
5501278903575
6201084702998
6431343698757
4186380631201
4858871801718
5936718249804
5273027469379
4984161043518
5385951504272
5224433523344
3636291612586
4663128155404
5824603373331
4365381240815
4901125598558
4985012279085
5100029871939
6863311516216
4595944472024
4773579568131
5231179332541
5435143584555
6769495816051
4283564768597
3791947865751
4123003020898
4632751128730
4036950218401
4832553470336
2717920683460
3148178518743
4081718919645
5219425105937
4175123575776
3787784290447
5223992327266
3989352059070
3710232585039
4183327224695
3847690175668
2808491741288
4822397104681
5606614700280
3733937676756
4138684290997
3634048543066
3966802458804
4943176737123
4669898416735
3121062891340
3486739763889
3899434589111
4815956063469
3538778838796
3265575761753
4554897737483
4388470418393
4374940797253
5019742754667
4010534490082
3146245342082
2926838718933
4327655402094
3625604032465
3777883586375
2447794988372
4192435526858
3253938199193
3446189353886
3226119665454
4202488164420
3712445144514
3351116582622
3192264476549
2810446068041
2423202209339
2946578018729
2295170213606
3088172524596
3308981542757
2700997039126
3288582459487
2439543040322
2210587361247
2196264762022
3833167467851
2982633697690
2656461944684
3128410691714
3271383239818
3135247815650
3387751187205
2497259623737
3301831176838
3034684185984
2620503589140
2230478812858
3030208794236
1514127756756
1982172764630
3002303533425
2695279206713
2852254656847
2032024481824
2753059009966
1852357364718
2466328294957
2606824516799
3131523846593
2732344760836
1502722458631
2297919760822
1869683011339
2014754141824
2021416937879
2759557473633
1328024230551
1884708638290
1476997075586
2801405787414
1508633948503
1862111361911
2246823600649
1734758513629
1692667523020
1862222630909
1404503692675
2136660966623
2177864768725
2545799707728
2472496158516
1893337855474
2053386324260
1662523024761
1723159705223
2338550976384
2846904203662
1672564357677
2600243130534
2000344424814
1293888970896
2256726095402
1442905986352
1502326542541
1927652937217
825441350369
1621892408529
1608760177500
1451616242929
1724211813546
2181080275888
2244823936311
1008700009050
1466442851863
2002510186452
2119653594240
951345712564
1744898658373
1502023104892
1265546222911
1543821196594
897753308706
1440294451643
1996640680367
1714465660130
1145379259458
1108575765952
1005366175353
1004875256924
1330156472380
1077706363723
1776647396473
1330569139328
818974249558
1297522770499
633898522041
1146459627158
1702805634312
1844574658185
1269949270412
1883831322854
933920790732
1208433035335
1095611847958
928489675176
1365418799073
1027045975302
1845630816886
1288162247695
1050681793838
1223819143652
1630124939125
830256341329
1515049683869
1078418796726
967707254942
1073109501170
1685960325546
1195150950464
1624273339820
803070539227
794671071078
769985044745
885085235459
700960799902
976654688329
1097849939951
806057434027
896177227349
771071386173
1151456745809
1653775144907
561668517196
786286186031
887759381970
817807198170
1024506231284
1060749267930
642571461740
321778915952
920085432338
926219691019
668047871631
683374484372
350289356102
385909945719
637305402024
288097576930
314484077128
777402336814
957685710486
210475275833
814024212751
631692341876
272849392806
711595736781
195318195206
389926455566
672830920646
257849577020
375910365268
666779194163
408443264628
1039529846263
643767260451
145764478418
514323984967
969962043073
658947219516
284975228877
377879741026
152203105262
394584040501
425657546423
215994240596
553881601815
259690047394
403794331165
310553902296
728327551499
786266531475
391657362587
385597012578
406046697553
158639233455
262427923549
150145715475
141859053365
206020156879
489135372197
405512229094
260343050793
647762297231
794463073046
322756791309
636953477848
647287969032
132755857394
337325146416
259337939413
261511909400
282552274968
270323335079
382201889517
142544166349
288585988542
0
133902761984
266783207892
137380284296
641490019604
382211547584
131785922029
130999895527
145237487944
641860929263
174061964711
269344457077
415908147973
138320163728
596995006952
19496125913
390462242380
5157294108
286846912650
7554514725
391196371434
10840546971
157219303485
37231829365
128519591271
385123393250
166396581607
1781530147
97034011648
257333733867
149162401608
1780210614
269616368330
1784093772
253466086166
255366395243
168220679331
170458640947
129093918526
275897606008
0
182537282416
253466086166
148707210922
39273754084
271396015937
0
128535719577
257322972926
1842102561
1807912704
253466086166
128513358103
42739277983
1777962089
11698545685
128511131347
18905051710
3894889443
16018654411
255276529246
135116378734
0
0
130354129789
3844831065
131822277613
128518309884
3712456158
1811579894
181541074261
3603478237
128533828581
3831749386
10157530572
0
3593161165
11565078640
2567988429
0
253466086166
23852151076
0
1954801486
0
0
0
253466086166
126733043083
5905939166
253466086166
3357958026
2247759922
126733043083
0
0
1807268421
1802850739
0
16277907172
128539008181
0
4340953411
0
1779920481
2164127327
1805035921
126733043083
8136970975
1779689317
51504221090
26497234365
51709226320
0
2193220881
130849117413
0
114793240369
0
0
1885307228
128512880035
0
0
126733043083
3677673321
126733043083
0
1777967373
0
2531719602
1864735595
0
0
0
1852183511
0
2461927178
0
0
12223426610
0
8133344029
2389780828
1783123963
0
1994006159
0
126733043083
0
0
0
0
128511256772
0
0
0
0
16281333098
0
2053583149
0
0
0
0
1929673780
0
0
0
1915751507
0
0
0
0
1855407165
0
0
0
0
0
0
2524992072
1789117670
0
0
0
52356750425
0
0
0
0
0
1813357056
0
0
0
0
0
9065114254
0
0
0
0
0
0
0
0
27224410587
0
0
0
0
0
3365386349
9820922685
0
0
0
0
0
0
0
0
0
0
0
0
0
0
0
0
1800751054
0
0
0
0
1874100494
2772991198
0
0
0
0
0
0
0
0
0
0
0
0
1805717225
0
0
0
0
0
0
0
0
0
0
0
0
0
0
0
1790037947
0
0
0
0
0
0
0
0
0
0
0
0
0
0
0
0
0
0
0
0
0
0
0
0
0
0
0
0
0
0
0
0
0
0
0
0
0
0
0
0
0
0
0
0
0
0
0
126733043083
0
0
0
0
0
0
0
0
0
0
0
0
0
0
0
0
0
0
0
0
0
0
0
0
0
0
0
0
0
0
0
0
0
0
0
0
0
0
0
0
0
0
0
0
0
0
0
0
0
0
0
0
0
0
0
0
0
0
0
0
126733043083
0
0
0
0
0
0
0
0
0
0
0
0
0
0
0
0
0
0
0
0
0
0
0
0
0
0
0
0
0
0
0
0
0
0
0
0
0
0
0
0
0
0
0
0
0
0
0
0
0
0
0
0
0
