0.000000
5.697000
11.394000
17.091000
22.788000
28.485000
34.182000
39.879000
45.576000
51.273000
56.970000
62.667000
68.364000
74.061000
79.758000
85.455000
91.152000
96.849000
102.546000
108.243000
113.940000
119.637000
125.334000
131.031000
136.728000
142.425000
148.122000
153.819000
159.516000
165.213000
170.910000
176.607000
182.304000
188.001000
193.698000
199.395000
205.092000
210.789000
216.486000
222.183000
227.880000
233.577000
239.274000
244.971000
250.668000
256.365000
262.062000
267.759000
273.456000
279.153000
284.850000
290.547000
296.244000
301.941000
307.638000
313.335000
319.032000
324.729000
330.426000
336.123000
341.820000
347.517000
353.214000
358.911000
364.608000
370.305000
376.002000
381.699000
387.396000
393.093000
398.790000
404.487000
410.184000
415.881000
421.578000
427.275000
432.972000
438.669000
444.366000
450.063000
455.760000
461.457000
467.154000
472.851000
478.548000
484.245000
489.942000
495.639000
501.336000
507.033000
512.730000
518.427000
524.124000
529.821000
535.518000
541.215000
546.912000
552.609000
558.306000
564.003000
569.700000
575.397000
581.094000
586.791000
592.488000
598.185000
603.882000
609.579000
615.276000
620.973000
626.670000
632.367000
638.064000
643.761000
649.458000
655.155000
660.852000
666.549000
672.246000
677.943000
683.640000
689.337000
695.034000
700.731000
706.428000
712.125000
717.822000
723.519000
729.216000
734.913000
740.610000
746.307000
752.004000
757.701000
763.398000
769.095000
774.792000
780.489000
786.186000
791.883000
797.580000
803.277000
808.974000
814.671000
820.368000
826.065000
831.762000
837.459000
843.156000
848.853000
854.550000
860.247000
865.944000
871.641000
877.338000
883.035000
888.732000
894.429000
900.126000
905.823000
911.520000
917.217000
922.914000
928.611000
934.308000
940.005000
945.702000
951.399000
957.096000
962.793000
968.490000
974.187000
979.884000
985.581000
991.278000
996.975000
1002.672000
1008.369000
1014.066000
1019.763000
1025.460000
1031.157000
1036.854000
1042.551000
1048.248000
1053.945000
1059.642000
1065.339000
1071.036000
1076.733000
1082.430000
1088.127000
1093.824000
1099.521000
1105.218000
1110.915000
1116.612000
1122.309000
1128.006000
1133.703000
1139.400000
1145.097000
1150.794000
1156.491000
1162.188000
1167.885000
1173.582000
1179.279000
1184.976000
1190.673000
1196.370000
1202.067000
1207.764000
1213.461000
1219.158000
1224.855000
1230.552000
1236.249000
1241.946000
1247.643000
1253.340000
1259.037000
1264.734000
1270.431000
1276.128000
1281.825000
1287.522000
1293.219000
1298.916000
1304.613000
1310.310000
1316.007000
1321.704000
1327.401000
1333.098000
1338.795000
1344.492000
1350.189000
1355.886000
1361.583000
1367.280000
1372.977000
1378.674000
1384.371000
1390.068000
1395.765000
1401.462000
1407.159000
1412.856000
1418.553000
1424.250000
1429.947000
1435.644000
1441.341000
1447.038000
1452.735000
1458.432000
1464.129000
1469.826000
1475.523000
1481.220000
1486.917000
1492.614000
1498.311000
1504.008000
1509.705000
1515.402000
1521.099000
1526.796000
1532.493000
1538.190000
1543.887000
1549.584000
1555.281000
1560.978000
1566.675000
1572.372000
1578.069000
1583.766000
1589.463000
1595.160000
1600.857000
1606.554000
1612.251000
1617.948000
1623.645000
1629.342000
1635.039000
1640.736000
1646.433000
1652.130000
1657.827000
1663.524000
1669.221000
1674.918000
1680.615000
1686.312000
1692.009000
1697.706000
1703.403000
1709.100000
1714.797000
1720.494000
1726.191000
1731.888000
1737.585000
1743.282000
1748.979000
1754.676000
1760.373000
1766.070000
1771.767000
1777.464000
1783.161000
1788.858000
1794.555000
1800.252000
1805.949000
1811.646000
1817.343000
1823.040000
1828.737000
1834.434000
1840.131000
1845.828000
1851.525000
1857.222000
1862.919000
1868.616000
1874.313000
1880.010000
1885.707000
1891.404000
1897.101000
1902.798000
1908.495000
1914.192000
1919.889000
1925.586000
1931.283000
1936.980000
1942.677000
1948.374000
1954.071000
1959.768000
1965.465000
1971.162000
1976.859000
1982.556000
1988.253000
1993.950000
1999.647000
2005.344000
2011.041000
2016.738000
2022.435000
2028.132000
2033.829000
2039.526000
2045.223000
2050.920000
2056.617000
2062.314000
2068.011000
2073.708000
2079.405000
2085.102000
2090.799000
2096.496000
2102.193000
2107.890000
2113.587000
2119.284000
2124.981000
2130.678000
2136.375000
2142.072000
2147.769000
2153.466000
2159.163000
2164.860000
2170.557000
2176.254000
2181.951000
2187.648000
2193.345000
2199.042000
2204.739000
2210.436000
2216.133000
2221.830000
2227.527000
2233.224000
2238.921000
2244.618000
2250.315000
2256.012000
2261.709000
2267.406000
2273.103000
2278.800000
2284.497000
2290.194000
2295.891000
2301.588000
2307.285000
2312.982000
2318.679000
2324.376000
2330.073000
2335.770000
2341.467000
2347.164000
2352.861000
2358.558000
2364.255000
2369.952000
2375.649000
2381.346000
2387.043000
2392.740000
2398.437000
2404.134000
2409.831000
2415.528000
2421.225000
2426.922000
2432.619000
2438.316000
2444.013000
2449.710000
2455.407000
2461.104000
2466.801000
2472.498000
2478.195000
2483.892000
2489.589000
2495.286000
2500.983000
2506.680000
2512.377000
2518.074000
2523.771000
2529.468000
2535.165000
2540.862000
2546.559000
2552.256000
2557.953000
2563.650000
2569.347000
2575.044000
2580.741000
2586.438000
2592.135000
2597.832000
2603.529000
2609.226000
2614.923000
2620.620000
2626.317000
2632.014000
2637.711000
2643.408000
2649.105000
2654.802000
2660.499000
2666.196000
2671.893000
2677.590000
2683.287000
2688.984000
2694.681000
2700.378000
2706.075000
2711.772000
2717.469000
2723.166000
2728.863000
2734.560000
2740.257000
2745.954000
2751.651000
2757.348000
2763.045000
2768.742000
2774.439000
2780.136000
2785.833000
2791.530000
2797.227000
2802.924000
2808.621000
2814.318000
2820.015000
2825.712000
2831.409000
2837.106000
2842.803000
2848.500000
2854.197000
2859.894000
2865.591000
2871.288000
2876.985000
2882.682000
2888.379000
2894.076000
2899.773000
2905.470000
2911.167000
2916.864000
2922.561000
2928.258000
2933.955000
2939.652000
2945.349000
2951.046000
2956.743000
2962.440000
2968.137000
2973.834000
2979.531000
2985.228000
2990.925000
2996.622000
3002.319000
3008.016000
3013.713000
3019.410000
3025.107000
3030.804000
3036.501000
3042.198000
3047.895000
3053.592000
3059.289000
3064.986000
3070.683000
3076.380000
3082.077000
3087.774000
3093.471000
3099.168000
3104.865000
3110.562000
3116.259000
3121.956000
3127.653000
3133.350000
3139.047000
3144.744000
3150.441000
3156.138000
3161.835000
3167.532000
3173.229000
3178.926000
3184.623000
3190.320000
3196.017000
3201.714000
3207.411000
3213.108000
3218.805000
3224.502000
3230.199000
3235.896000
3241.593000
3247.290000
3252.987000
3258.684000
3264.381000
3270.078000
3275.775000
3281.472000
3287.169000
3292.866000
3298.563000
3304.260000
3309.957000
3315.654000
3321.351000
3327.048000
3332.745000
3338.442000
3344.139000
3349.836000
3355.533000
3361.230000
3366.927000
3372.624000
3378.321000
3384.018000
3389.715000
3395.412000
3401.109000
3406.806000
3412.503000
3418.200000
3423.897000
3429.594000
3435.291000
3440.988000
3446.685000
3452.382000
3458.079000
3463.776000
3469.473000
3475.170000
3480.867000
3486.564000
3492.261000
3497.958000
3503.655000
3509.352000
3515.049000
3520.746000
3526.443000
3532.140000
3537.837000
3543.534000
3549.231000
3554.928000
3560.625000
3566.322000
3572.019000
3577.716000
3583.413000
3589.110000
3594.807000
3600.504000
3606.201000
3611.898000
3617.595000
3623.292000
3628.989000
3634.686000
3640.383000
3646.080000
3651.777000
3657.474000
3663.171000
3668.868000
3674.565000
3680.262000
3685.959000
3691.656000
3697.353000
3703.050000
3708.747000
3714.444000
3720.141000
3725.838000
3731.535000
3737.232000
3742.929000
3748.626000
3754.323000
3760.020000
3765.717000
3771.414000
3777.111000
3782.808000
3788.505000
3794.202000
3799.899000
3805.596000
3811.293000
3816.990000
3822.687000
3828.384000
3834.081000
3839.778000
3845.475000
3851.172000
3856.869000
3862.566000
3868.263000
3873.960000
3879.657000
3885.354000
3891.051000
3896.748000
3902.445000
3908.142000
3913.839000
3919.536000
3925.233000
3930.930000
3936.627000
3942.324000
3948.021000
3953.718000
3959.415000
3965.112000
3970.809000
3976.506000
3982.203000
3987.900000
3993.597000
3999.294000
4004.991000
4010.688000
4016.385000
4022.082000
4027.779000
4033.476000
4039.173000
4044.870000
4050.567000
4056.264000
4061.961000
4067.658000
4073.355000
4079.052000
4084.749000
4090.446000
4096.143000
4101.840000
4107.537000
4113.234000
4118.931000
4124.628000
4130.325000
4136.022000
4141.719000
4147.416000
4153.113000
4158.810000
4164.507000
4170.204000
4175.901000
4181.598000
4187.295000
4192.992000
4198.689000
4204.386000
4210.083000
4215.780000
4221.477000
4227.174000
4232.871000
4238.568000
4244.265000
4249.962000
4255.659000
4261.356000
4267.053000
4272.750000
4278.447000
4284.144000
4289.841000
4295.538000
4301.235000
4306.932000
4312.629000
4318.326000
4324.023000
4329.720000
4335.417000
4341.114000
4346.811000
4352.508000
4358.205000
4363.902000
4369.599000
4375.296000
4380.993000
4386.690000
4392.387000
4398.084000
4403.781000
4409.478000
4415.175000
4420.872000
4426.569000
4432.266000
4437.963000
4443.660000
4449.357000
4455.054000
4460.751000
4466.448000
4472.145000
4477.842000
4483.539000
4489.236000
4494.933000
4500.630000
4506.327000
4512.024000
4517.721000
4523.418000
4529.115000
4534.812000
4540.509000
4546.206000
4551.903000
4557.600000
4563.297000
4568.994000
4574.691000
4580.388000
4586.085000
4591.782000
4597.479000
4603.176000
4608.873000
4614.570000
4620.267000
4625.964000
4631.661000
4637.358000
4643.055000
4648.752000
4654.449000
4660.146000
4665.843000
4671.540000
4677.237000
4682.934000
4688.631000
4694.328000
4700.025000
4705.722000
4711.419000
4717.116000
4722.813000
4728.510000
4734.207000
4739.904000
4745.601000
4751.298000
4756.995000
4762.692000
4768.389000
4774.086000
4779.783000
4785.480000
4791.177000
4796.874000
4802.571000
4808.268000
4813.965000
4819.662000
4825.359000
4831.056000
4836.753000
4842.450000
4848.147000
4853.844000
4859.541000
4865.238000
4870.935000
4876.632000
4882.329000
4888.026000
4893.723000
4899.420000
4905.117000
4910.814000
4916.511000
4922.208000
4927.905000
4933.602000
4939.299000
4944.996000
4950.693000
4956.390000
4962.087000
4967.784000
4973.481000
4979.178000
4984.875000
4990.572000
4996.269000
5001.966000
5007.663000
5013.360000
5019.057000
5024.754000
5030.451000
5036.148000
5041.845000
5047.542000
5053.239000
5058.936000
5064.633000
5070.330000
5076.027000
5081.724000
5087.421000
5093.118000
5098.815000
5104.512000
5110.209000
5115.906000
5121.603000
5127.300000
5132.997000
5138.694000
5144.391000
5150.088000
5155.785000
5161.482000
5167.179000
5172.876000
5178.573000
5184.270000
5189.967000
5195.664000
5201.361000
5207.058000
5212.755000
5218.452000
5224.149000
5229.846000
5235.543000
5241.240000
5246.937000
5252.634000
5258.331000
5264.028000
5269.725000
5275.422000
5281.119000
5286.816000
5292.513000
5298.210000
5303.907000
5309.604000
5315.301000
5320.998000
5326.695000
5332.392000
5338.089000
5343.786000
5349.483000
5355.180000
5360.877000
5366.574000
5372.271000
5377.968000
5383.665000
5389.362000
5395.059000
5400.756000
5406.453000
5412.150000
5417.847000
5423.544000
5429.241000
5434.938000
5440.635000
5446.332000
5452.029000
5457.726000
5463.423000
5469.120000
5474.817000
5480.514000
5486.211000
5491.908000
5497.605000
5503.302000
5508.999000
5514.696000
5520.393000
5526.090000
5531.787000
5537.484000
5543.181000
5548.878000
5554.575000
5560.272000
5565.969000
5571.666000
5577.363000
5583.060000
5588.757000
5594.454000
5600.151000
5605.848000
5611.545000
5617.242000
5622.939000
5628.636000
5634.333000
5640.030000
5645.727000
5651.424000
5657.121000
5662.818000
5668.515000
5674.212000
5679.909000
5685.606000
5691.303000
5697.000000
