4.826499999999999346e+00
5.023500000000000298e+00
5.220499999999999474e+00
5.417500000000000426e+00
5.614499999999999602e+00
5.811500000000000554e+00
6.008499999999999730e+00
6.205500000000000682e+00
6.402499999999999858e+00
6.599500000000000810e+00
6.796499999999999986e+00
6.993499999999999162e+00
7.190500000000000114e+00
7.387499999999999289e+00
7.584500000000000242e+00
7.781499999999999417e+00
7.978500000000000369e+00
8.175499999999999545e+00
8.372499999999998721e+00
8.569499999999999673e+00
8.766500000000000625e+00
8.963499999999999801e+00
9.160499999999998977e+00
9.357499999999999929e+00
9.554500000000000881e+00
9.751500000000000057e+00
9.948499999999999233e+00
1.014550000000000018e+01
1.034250000000000114e+01
1.053950000000000031e+01
1.073649999999999949e+01
1.093350000000000044e+01
1.113049999999999962e+01
1.132750000000000057e+01
1.152449999999999974e+01
1.172149999999999892e+01
1.191849999999999987e+01
1.211550000000000082e+01
1.231250000000000000e+01
1.250949999999999918e+01
1.270650000000000013e+01
1.290350000000000108e+01
1.310050000000000026e+01
1.329749999999999943e+01
1.349450000000000038e+01
1.369149999999999956e+01
1.388850000000000051e+01
1.408549999999999969e+01
1.428249999999999886e+01
1.447949999999999982e+01
1.467650000000000077e+01
1.487349999999999994e+01
1.507049999999999912e+01
1.526750000000000007e+01
1.546450000000000102e+01
1.566150000000000020e+01
1.585849999999999937e+01
1.605550000000000210e+01
1.625249999999999773e+01
1.644950000000000045e+01
1.664649999999999963e+01
1.684349999999999881e+01
1.704050000000000153e+01
1.723749999999999716e+01
1.743449999999999989e+01
1.763150000000000261e+01
1.782849999999999824e+01
1.802550000000000097e+01
1.822250000000000014e+01
1.841949999999999932e+01
1.861650000000000205e+01
1.881349999999999767e+01
1.901050000000000040e+01
1.920750000000000313e+01
1.940449999999999875e+01
1.960150000000000148e+01
1.979849999999999710e+01
1.999549999999999983e+01
2.019250000000000256e+01
2.038949999999999818e+01
2.058650000000000091e+01
2.078350000000000009e+01
2.098049999999999926e+01
2.117750000000000199e+01
2.137449999999999761e+01
2.157150000000000034e+01
2.176850000000000307e+01
2.196549999999999869e+01
2.216250000000000142e+01
2.235949999999999704e+01
2.255649999999999977e+01
2.275350000000000250e+01
2.295049999999999812e+01
2.314750000000000085e+01
2.334450000000000003e+01
2.354149999999999920e+01
2.373850000000000193e+01
2.393549999999999756e+01
2.413250000000000028e+01
2.432950000000000301e+01
2.452649999999999864e+01
2.472350000000000136e+01
2.492049999999999699e+01
2.511749999999999972e+01
2.531450000000000244e+01
2.551149999999999807e+01
2.570850000000000080e+01
2.590549999999999997e+01
2.610249999999999915e+01
2.629950000000000188e+01
2.649649999999999750e+01
2.669350000000000023e+01
2.689050000000000296e+01
2.708749999999999858e+01
2.728450000000000131e+01
2.748149999999999693e+01
2.767849999999999966e+01
2.787550000000000239e+01
2.807249999999999801e+01
2.826950000000000074e+01
2.846649999999999991e+01
2.866349999999999909e+01
2.886050000000000182e+01
2.905749999999999744e+01
2.925450000000000017e+01
2.945150000000000290e+01
2.964849999999999852e+01
2.984550000000000125e+01
3.004249999999999687e+01
3.023949999999999960e+01
3.043650000000000233e+01
3.063349999999999795e+01
3.083050000000000068e+01
3.102749999999999986e+01
3.122449999999999903e+01
3.142150000000000176e+01
3.161849999999999739e+01
3.181550000000000011e+01
3.201250000000000284e+01
3.220949999999999847e+01
3.240650000000000119e+01
3.260349999999999682e+01
3.280049999999999955e+01
3.299750000000000227e+01
3.319449999999999790e+01
3.339150000000000063e+01
3.358849999999999625e+01
3.378549999999999898e+01
3.398250000000000171e+01
3.417950000000000443e+01
3.437650000000000006e+01
3.457349999999999568e+01
3.477049999999999841e+01
3.496750000000000114e+01
3.516450000000000387e+01
3.536149999999999949e+01
3.555849999999999511e+01
3.575549999999999784e+01
3.595250000000000057e+01
3.614950000000000330e+01
3.634649999999999892e+01
3.654350000000000165e+01
3.674049999999999727e+01
3.693750000000000000e+01
3.713450000000000273e+01
3.733149999999999835e+01
3.752850000000000108e+01
3.772549999999999670e+01
3.792249999999999943e+01
3.811950000000000216e+01
3.831650000000000489e+01
3.851350000000000051e+01
3.871049999999999613e+01
3.890749999999999886e+01
3.910450000000000159e+01
3.930150000000000432e+01
3.949849999999999994e+01
3.969549999999999557e+01
3.989249999999999829e+01
4.008950000000000102e+01
4.028650000000000375e+01
4.048349999999999937e+01
4.068050000000000210e+01
4.087749999999999773e+01
4.107450000000000045e+01
4.127150000000000318e+01
4.146849999999999881e+01
4.166550000000000153e+01
4.186249999999999716e+01
4.205949999999999989e+01
4.225650000000000261e+01
4.245349999999999824e+01
4.265050000000000097e+01
4.284749999999999659e+01
4.304449999999999932e+01
4.324150000000000205e+01
4.343850000000000477e+01
4.363550000000000040e+01
4.383249999999999602e+01
4.402949999999999875e+01
4.422650000000000148e+01
4.442350000000000421e+01
4.462049999999999983e+01
4.481749999999999545e+01
4.501449999999999818e+01
4.521150000000000091e+01
4.540850000000000364e+01
4.560549999999999926e+01
4.580250000000000199e+01
4.599949999999999761e+01
4.619650000000000034e+01
4.639350000000000307e+01
4.659049999999999869e+01
4.678750000000000142e+01
4.698449999999999704e+01
4.718149999999999977e+01
4.737850000000000250e+01
4.757549999999999812e+01
4.777250000000000085e+01
4.796949999999999648e+01
4.816649999999999920e+01
4.836350000000000193e+01
4.856050000000000466e+01
4.875750000000000028e+01
4.895449999999999591e+01
4.915149999999999864e+01
4.934850000000000136e+01
4.954550000000000409e+01
4.974249999999999972e+01
4.993949999999999534e+01
5.013649999999999807e+01
5.033350000000000080e+01
5.053050000000000352e+01
5.072749999999999915e+01
5.092450000000000188e+01
5.112149999999999750e+01
5.131850000000000023e+01
5.151550000000000296e+01
5.171249999999999858e+01
5.190950000000000131e+01
5.210649999999999693e+01
5.230349999999999966e+01
5.250050000000000239e+01
5.269749999999999801e+01
5.289450000000000074e+01
5.309149999999999636e+01
5.328849999999999909e+01
5.348550000000000182e+01
5.368250000000000455e+01
5.387950000000000017e+01
5.407649999999999579e+01
5.427349999999999852e+01
5.447050000000000125e+01
5.466750000000000398e+01
5.486449999999999960e+01
5.506149999999999523e+01
5.525849999999999795e+01
5.545550000000000068e+01
5.565250000000000341e+01
5.584949999999999903e+01
5.604650000000000176e+01
5.624349999999999739e+01
5.644050000000000011e+01
5.663750000000000284e+01
5.683449999999999847e+01
5.703150000000000119e+01
5.722849999999999682e+01
5.742549999999999955e+01
5.762250000000000227e+01
5.781949999999999790e+01
5.801650000000000063e+01
5.821349999999999625e+01
5.841049999999999898e+01
5.860750000000000171e+01
5.880450000000000443e+01
5.900150000000000006e+01
5.919849999999999568e+01
5.939549999999999841e+01
5.959250000000000114e+01
5.978950000000000387e+01
5.998649999999999949e+01
6.018349999999999511e+01
6.038049999999999784e+01
6.057750000000000057e+01
6.077450000000000330e+01
6.097149999999999892e+01
6.116850000000000165e+01
6.136549999999999727e+01
6.156250000000000000e+01
6.175950000000000273e+01
6.195649999999999835e+01
6.215350000000000108e+01
6.235049999999999670e+01
6.254749999999999943e+01
6.274450000000000216e+01
6.294150000000000489e+01
6.313850000000000051e+01
6.333549999999999613e+01
6.353249999999999886e+01
6.372950000000000159e+01
6.392650000000000432e+01
6.412350000000000705e+01
6.432049999999999557e+01
6.451749999999999829e+01
6.471450000000000102e+01
6.491150000000000375e+01
6.510849999999999227e+01
6.530549999999999500e+01
6.550249999999999773e+01
6.569950000000000045e+01
6.589650000000000318e+01
6.609350000000000591e+01
6.629049999999999443e+01
6.648749999999999716e+01
6.668449999999999989e+01
6.688150000000000261e+01
6.707850000000000534e+01
6.727549999999999386e+01
6.747249999999999659e+01
6.766949999999999932e+01
6.786650000000000205e+01
6.806350000000000477e+01
6.826050000000000750e+01
6.845749999999999602e+01
6.865449999999999875e+01
6.885150000000000148e+01
6.904850000000000421e+01
6.924549999999999272e+01
6.944249999999999545e+01
6.963949999999999818e+01
6.983650000000000091e+01
7.003350000000000364e+01
7.023050000000000637e+01
7.042749999999999488e+01
7.062449999999999761e+01
7.082150000000000034e+01
7.101850000000000307e+01
7.121549999999999159e+01
7.141249999999999432e+01
7.160949999999999704e+01
7.180649999999999977e+01
7.200350000000000250e+01
7.220050000000000523e+01
7.239750000000000796e+01
7.259449999999999648e+01
7.279149999999999920e+01
7.298850000000000193e+01
7.318550000000000466e+01
7.338249999999999318e+01
7.357949999999999591e+01
7.377649999999999864e+01
7.397350000000000136e+01
7.417050000000000409e+01
7.436750000000000682e+01
7.456449999999999534e+01
7.476149999999999807e+01
7.495850000000000080e+01
7.515550000000000352e+01
7.535249999999999204e+01
7.554949999999999477e+01
7.574649999999999750e+01
7.594350000000000023e+01
7.614050000000000296e+01
7.633750000000000568e+01
7.653450000000000841e+01
7.673149999999999693e+01
7.692849999999999966e+01
7.712550000000000239e+01
7.732250000000000512e+01
7.751949999999999363e+01
7.771649999999999636e+01
7.791349999999999909e+01
7.811050000000000182e+01
7.830750000000000455e+01
7.850450000000000728e+01
7.870149999999999579e+01
7.889849999999999852e+01
7.909550000000000125e+01
7.929250000000000398e+01
7.948949999999999250e+01
7.968649999999999523e+01
7.988349999999999795e+01
8.008050000000000068e+01
8.027750000000000341e+01
8.047450000000000614e+01
8.067149999999999466e+01
8.086849999999999739e+01
8.106550000000000011e+01
8.126250000000000284e+01
8.145950000000000557e+01
8.165649999999999409e+01
8.185349999999999682e+01
8.205049999999999955e+01
8.224750000000000227e+01
8.244450000000000500e+01
8.264150000000000773e+01
8.283849999999999625e+01
8.303549999999999898e+01
8.323250000000000171e+01
8.342950000000000443e+01
8.362649999999999295e+01
8.382349999999999568e+01
8.402049999999999841e+01
8.421750000000000114e+01
8.441450000000000387e+01
8.461150000000000659e+01
8.480849999999999511e+01
8.500549999999999784e+01
8.520250000000000057e+01
8.539950000000000330e+01
8.559649999999999181e+01
8.579349999999999454e+01
8.599049999999999727e+01
8.618750000000000000e+01
8.638450000000000273e+01
8.658150000000000546e+01
8.677850000000000819e+01
8.697549999999999670e+01
8.717249999999999943e+01
8.736950000000000216e+01
8.756650000000000489e+01
8.776349999999999341e+01
8.796049999999999613e+01
8.815749999999999886e+01
8.835450000000000159e+01
8.855150000000000432e+01
8.874850000000000705e+01
8.894549999999999557e+01
8.914249999999999829e+01
8.933950000000000102e+01
8.953650000000000375e+01
8.973349999999999227e+01
8.993049999999999500e+01
9.012749999999999773e+01
9.032450000000000045e+01
9.052150000000000318e+01
9.071850000000000591e+01
9.091549999999999443e+01
9.111249999999999716e+01
9.130949999999999989e+01
9.150650000000000261e+01
9.170350000000000534e+01
9.190049999999999386e+01
9.209749999999999659e+01
9.229449999999999932e+01
9.249150000000000205e+01
9.268850000000000477e+01
9.288550000000000750e+01
9.308249999999999602e+01
9.327949999999999875e+01
9.347650000000000148e+01
9.367350000000000421e+01
9.387049999999999272e+01
9.406749999999999545e+01
9.426449999999999818e+01
9.446150000000000091e+01
9.465850000000000364e+01
9.485550000000000637e+01
9.505249999999999488e+01
9.524949999999999761e+01
9.544650000000000034e+01
9.564350000000000307e+01
9.584049999999999159e+01
9.603749999999999432e+01
9.623449999999999704e+01
9.643149999999999977e+01
9.662850000000000250e+01
9.682550000000000523e+01
9.702250000000000796e+01
9.721949999999999648e+01
9.741649999999999920e+01
9.761350000000000193e+01
9.781050000000000466e+01
9.800749999999999318e+01
9.820449999999999591e+01
9.840149999999999864e+01
9.859850000000000136e+01
9.879550000000000409e+01
9.899250000000000682e+01
9.918949999999999534e+01
9.938649999999999807e+01
9.958350000000000080e+01
9.978050000000000352e+01
9.997749999999999204e+01
1.001744999999999948e+02
1.003714999999999975e+02
1.005685000000000002e+02
1.007655000000000030e+02
1.009625000000000057e+02
1.011595000000000084e+02
1.013564999999999969e+02
1.015534999999999997e+02
1.017505000000000024e+02
1.019475000000000051e+02
1.021444999999999936e+02
1.023414999999999964e+02
1.025384999999999991e+02
1.027355000000000018e+02
1.029325000000000045e+02
1.031295000000000073e+02
1.033264999999999958e+02
1.035234999999999985e+02
1.037205000000000013e+02
1.039175000000000040e+02
1.041144999999999925e+02
1.043114999999999952e+02
1.045084999999999980e+02
1.047055000000000007e+02
1.049025000000000034e+02
1.050995000000000061e+02
1.052964999999999947e+02
1.054934999999999974e+02
1.056905000000000001e+02
1.058875000000000028e+02
1.060845000000000056e+02
1.062814999999999941e+02
1.064784999999999968e+02
1.066754999999999995e+02
1.068725000000000023e+02
1.070695000000000050e+02
1.072665000000000077e+02
1.074634999999999962e+02
1.076604999999999990e+02
1.078575000000000017e+02
1.080545000000000044e+02
1.082514999999999930e+02
1.084484999999999957e+02
1.086454999999999984e+02
1.088425000000000011e+02
1.090395000000000039e+02
1.092365000000000066e+02
1.094334999999999951e+02
1.096304999999999978e+02
1.098275000000000006e+02
1.100245000000000033e+02
1.102214999999999918e+02
1.104184999999999945e+02
1.106154999999999973e+02
1.108125000000000000e+02
1.110095000000000027e+02
1.112065000000000055e+02
1.114035000000000082e+02
1.116004999999999967e+02
1.117974999999999994e+02
1.119945000000000022e+02
1.121915000000000049e+02
1.123884999999999934e+02
1.125854999999999961e+02
1.127824999999999989e+02
1.129795000000000016e+02
1.131765000000000043e+02
1.133735000000000070e+02
1.135704999999999956e+02
1.137674999999999983e+02
1.139645000000000010e+02
1.141615000000000038e+02
1.143584999999999923e+02
1.145554999999999950e+02
1.147524999999999977e+02
1.149495000000000005e+02
1.151465000000000032e+02
1.153435000000000059e+02
1.155404999999999944e+02
1.157374999999999972e+02
1.159344999999999999e+02
1.161315000000000026e+02
1.163285000000000053e+02
1.165254999999999939e+02
1.167224999999999966e+02
1.169194999999999993e+02
1.171165000000000020e+02
1.173135000000000048e+02
1.175105000000000075e+02
1.177074999999999960e+02
1.179044999999999987e+02
1.181015000000000015e+02
1.182985000000000042e+02
1.184954999999999927e+02
1.186924999999999955e+02
1.188894999999999982e+02
1.190865000000000009e+02
1.192835000000000036e+02
1.194805000000000064e+02
1.196774999999999949e+02
1.198744999999999976e+02
1.200715000000000003e+02
1.202685000000000031e+02
1.204654999999999916e+02
1.206624999999999943e+02
1.208594999999999970e+02
1.210564999999999998e+02
1.212535000000000025e+02
1.214505000000000052e+02
1.216475000000000080e+02
1.218444999999999965e+02
1.220414999999999992e+02
1.222385000000000019e+02
1.224355000000000047e+02
1.226324999999999932e+02
