0.000000
6.281000
12.562000
18.843000
25.124000
31.405000
37.686000
43.967000
50.248000
56.529000
62.810000
69.091000
75.372000
81.653000
87.934000
94.215000
100.496000
106.777000
113.058000
119.339000
125.620000
131.901000
138.182000
144.463000
150.744000
157.025000
163.306000
169.587000
175.868000
182.149000
188.430000
194.711000
200.992000
207.273000
213.554000
219.835000
226.116000
232.397000
238.678000
244.959000
251.240000
257.521000
263.802000
270.083000
276.364000
282.645000
288.926000
295.207000
301.488000
307.769000
314.050000
320.331000
326.612000
332.893000
339.174000
345.455000
351.736000
358.017000
364.298000
370.579000
376.860000
383.141000
389.422000
395.703000
401.984000
408.265000
414.546000
420.827000
427.108000
433.389000
439.670000
445.951000
452.232000
458.513000
464.794000
471.075000
477.356000
483.637000
489.918000
496.199000
502.480000
508.761000
515.042000
521.323000
527.604000
533.885000
540.166000
546.447000
552.728000
559.009000
565.290000
571.571000
577.852000
584.133000
590.414000
596.695000
602.976000
609.257000
615.538000
621.819000
628.100000
634.381000
640.662000
646.943000
653.224000
659.505000
665.786000
672.067000
678.348000
684.629000
690.910000
697.191000
703.472000
709.753000
716.034000
722.315000
728.596000
734.877000
741.158000
747.439000
753.720000
760.001000
766.282000
772.563000
778.844000
785.125000
791.406000
797.687000
803.968000
810.249000
816.530000
822.811000
829.092000
835.373000
841.654000
847.935000
854.216000
860.497000
866.778000
873.059000
879.340000
885.621000
891.902000
898.183000
904.464000
910.745000
917.026000
923.307000
929.588000
935.869000
942.150000
948.431000
954.712000
960.993000
967.274000
973.555000
979.836000
986.117000
992.398000
998.679000
1004.960000
1011.241000
1017.522000
1023.803000
1030.084000
1036.365000
1042.646000
1048.927000
1055.208000
1061.489000
1067.770000
1074.051000
1080.332000
1086.613000
1092.894000
1099.175000
1105.456000
1111.737000
1118.018000
1124.299000
1130.580000
1136.861000
1143.142000
1149.423000
1155.704000
1161.985000
1168.266000
1174.547000
1180.828000
1187.109000
1193.390000
1199.671000
1205.952000
1212.233000
1218.514000
1224.795000
1231.076000
1237.357000
1243.638000
1249.919000
1256.200000
1262.481000
1268.762000
1275.043000
1281.324000
1287.605000
1293.886000
1300.167000
1306.448000
1312.729000
1319.010000
1325.291000
1331.572000
1337.853000
1344.134000
1350.415000
1356.696000
1362.977000
1369.258000
1375.539000
1381.820000
1388.101000
1394.382000
1400.663000
1406.944000
1413.225000
1419.506000
1425.787000
1432.068000
1438.349000
1444.630000
1450.911000
1457.192000
1463.473000
1469.754000
1476.035000
1482.316000
1488.597000
1494.878000
1501.159000
1507.440000
1513.721000
1520.002000
1526.283000
1532.564000
1538.845000
1545.126000
1551.407000
1557.688000
1563.969000
1570.250000
1576.531000
1582.812000
1589.093000
1595.374000
1601.655000
1607.936000
1614.217000
1620.498000
1626.779000
1633.060000
1639.341000
1645.622000
1651.903000
1658.184000
1664.465000
1670.746000
1677.027000
1683.308000
1689.589000
1695.870000
1702.151000
1708.432000
1714.713000
1720.994000
1727.275000
1733.556000
1739.837000
1746.118000
1752.399000
1758.680000
1764.961000
1771.242000
1777.523000
1783.804000
1790.085000
1796.366000
1802.647000
1808.928000
1815.209000
1821.490000
1827.771000
1834.052000
1840.333000
1846.614000
1852.895000
1859.176000
1865.457000
1871.738000
1878.019000
1884.300000
1890.581000
1896.862000
1903.143000
1909.424000
1915.705000
1921.986000
1928.267000
1934.548000
1940.829000
1947.110000
1953.391000
1959.672000
1965.953000
1972.234000
1978.515000
1984.796000
1991.077000
1997.358000
2003.639000
2009.920000
2016.201000
2022.482000
2028.763000
2035.044000
2041.325000
2047.606000
2053.887000
2060.168000
2066.449000
2072.730000
2079.011000
2085.292000
2091.573000
2097.854000
2104.135000
2110.416000
2116.697000
2122.978000
2129.259000
2135.540000
2141.821000
2148.102000
2154.383000
2160.664000
2166.945000
2173.226000
2179.507000
2185.788000
2192.069000
2198.350000
2204.631000
2210.912000
2217.193000
2223.474000
2229.755000
2236.036000
2242.317000
2248.598000
2254.879000
2261.160000
2267.441000
2273.722000
2280.003000
2286.284000
2292.565000
2298.846000
2305.127000
2311.408000
2317.689000
2323.970000
2330.251000
2336.532000
2342.813000
2349.094000
2355.375000
2361.656000
2367.937000
2374.218000
2380.499000
2386.780000
2393.061000
2399.342000
2405.623000
2411.904000
2418.185000
2424.466000
2430.747000
2437.028000
2443.309000
2449.590000
2455.871000
2462.152000
2468.433000
2474.714000
2480.995000
2487.276000
2493.557000
2499.838000
2506.119000
2512.400000
2518.681000
2524.962000
2531.243000
2537.524000
2543.805000
2550.086000
2556.367000
2562.648000
2568.929000
2575.210000
2581.491000
2587.772000
2594.053000
2600.334000
2606.615000
2612.896000
2619.177000
2625.458000
2631.739000
2638.020000
2644.301000
2650.582000
2656.863000
2663.144000
2669.425000
2675.706000
2681.987000
2688.268000
2694.549000
2700.830000
2707.111000
2713.392000
2719.673000
2725.954000
2732.235000
2738.516000
2744.797000
2751.078000
2757.359000
2763.640000
2769.921000
2776.202000
2782.483000
2788.764000
2795.045000
2801.326000
2807.607000
2813.888000
2820.169000
2826.450000
2832.731000
2839.012000
2845.293000
2851.574000
2857.855000
2864.136000
2870.417000
2876.698000
2882.979000
2889.260000
2895.541000
2901.822000
2908.103000
2914.384000
2920.665000
2926.946000
2933.227000
2939.508000
2945.789000
2952.070000
2958.351000
2964.632000
2970.913000
2977.194000
2983.475000
2989.756000
2996.037000
3002.318000
3008.599000
3014.880000
3021.161000
3027.442000
3033.723000
3040.004000
3046.285000
3052.566000
3058.847000
3065.128000
3071.409000
3077.690000
3083.971000
3090.252000
3096.533000
3102.814000
3109.095000
3115.376000
3121.657000
3127.938000
3134.219000
3140.500000
3146.781000
3153.062000
3159.343000
3165.624000
3171.905000
3178.186000
3184.467000
3190.748000
3197.029000
3203.310000
3209.591000
3215.872000
3222.153000
3228.434000
3234.715000
3240.996000
3247.277000
3253.558000
3259.839000
3266.120000
3272.401000
3278.682000
3284.963000
3291.244000
3297.525000
3303.806000
3310.087000
3316.368000
3322.649000
3328.930000
3335.211000
3341.492000
3347.773000
3354.054000
3360.335000
3366.616000
3372.897000
3379.178000
3385.459000
3391.740000
3398.021000
3404.302000
3410.583000
3416.864000
3423.145000
3429.426000
3435.707000
3441.988000
3448.269000
3454.550000
3460.831000
3467.112000
3473.393000
3479.674000
3485.955000
3492.236000
3498.517000
3504.798000
3511.079000
3517.360000
3523.641000
3529.922000
3536.203000
3542.484000
3548.765000
3555.046000
3561.327000
3567.608000
3573.889000
3580.170000
3586.451000
3592.732000
3599.013000
3605.294000
3611.575000
3617.856000
3624.137000
3630.418000
3636.699000
3642.980000
3649.261000
3655.542000
3661.823000
3668.104000
3674.385000
3680.666000
3686.947000
3693.228000
3699.509000
3705.790000
3712.071000
3718.352000
3724.633000
3730.914000
3737.195000
3743.476000
3749.757000
3756.038000
3762.319000
3768.600000
3774.881000
3781.162000
3787.443000
3793.724000
3800.005000
3806.286000
3812.567000
3818.848000
3825.129000
3831.410000
3837.691000
3843.972000
3850.253000
3856.534000
3862.815000
3869.096000
3875.377000
3881.658000
3887.939000
3894.220000
3900.501000
3906.782000
3913.063000
3919.344000
3925.625000
3931.906000
3938.187000
3944.468000
3950.749000
3957.030000
3963.311000
3969.592000
3975.873000
3982.154000
3988.435000
3994.716000
4000.997000
4007.278000
4013.559000
4019.840000
4026.121000
4032.402000
4038.683000
4044.964000
4051.245000
4057.526000
4063.807000
4070.088000
4076.369000
4082.650000
4088.931000
4095.212000
4101.493000
4107.774000
4114.055000
4120.336000
4126.617000
4132.898000
4139.179000
4145.460000
4151.741000
4158.022000
4164.303000
4170.584000
4176.865000
4183.146000
4189.427000
4195.708000
4201.989000
4208.270000
4214.551000
4220.832000
4227.113000
4233.394000
4239.675000
4245.956000
4252.237000
4258.518000
4264.799000
4271.080000
4277.361000
4283.642000
4289.923000
4296.204000
4302.485000
4308.766000
4315.047000
4321.328000
4327.609000
4333.890000
4340.171000
4346.452000
4352.733000
4359.014000
4365.295000
4371.576000
4377.857000
4384.138000
4390.419000
4396.700000
4402.981000
4409.262000
4415.543000
4421.824000
4428.105000
4434.386000
4440.667000
4446.948000
4453.229000
4459.510000
4465.791000
4472.072000
4478.353000
4484.634000
4490.915000
4497.196000
4503.477000
4509.758000
4516.039000
4522.320000
4528.601000
4534.882000
4541.163000
4547.444000
4553.725000
4560.006000
4566.287000
4572.568000
4578.849000
4585.130000
4591.411000
4597.692000
4603.973000
4610.254000
4616.535000
4622.816000
4629.097000
4635.378000
4641.659000
4647.940000
4654.221000
4660.502000
4666.783000
4673.064000
4679.345000
4685.626000
4691.907000
4698.188000
4704.469000
4710.750000
4717.031000
4723.312000
4729.593000
4735.874000
4742.155000
4748.436000
4754.717000
4760.998000
4767.279000
4773.560000
4779.841000
4786.122000
4792.403000
4798.684000
4804.965000
4811.246000
4817.527000
4823.808000
4830.089000
4836.370000
4842.651000
4848.932000
4855.213000
4861.494000
4867.775000
4874.056000
4880.337000
4886.618000
4892.899000
4899.180000
4905.461000
4911.742000
4918.023000
4924.304000
4930.585000
4936.866000
4943.147000
4949.428000
4955.709000
4961.990000
4968.271000
4974.552000
4980.833000
4987.114000
4993.395000
4999.676000
5005.957000
5012.238000
5018.519000
5024.800000
5031.081000
5037.362000
5043.643000
5049.924000
5056.205000
5062.486000
5068.767000
5075.048000
5081.329000
5087.610000
5093.891000
5100.172000
5106.453000
5112.734000
5119.015000
5125.296000
5131.577000
5137.858000
5144.139000
5150.420000
5156.701000
5162.982000
5169.263000
5175.544000
5181.825000
5188.106000
5194.387000
5200.668000
5206.949000
5213.230000
5219.511000
5225.792000
5232.073000
5238.354000
5244.635000
5250.916000
5257.197000
5263.478000
5269.759000
5276.040000
5282.321000
5288.602000
5294.883000
5301.164000
5307.445000
5313.726000
5320.007000
5326.288000
5332.569000
5338.850000
5345.131000
5351.412000
5357.693000
5363.974000
5370.255000
5376.536000
5382.817000
5389.098000
5395.379000
5401.660000
5407.941000
5414.222000
5420.503000
5426.784000
5433.065000
5439.346000
5445.627000
5451.908000
5458.189000
5464.470000
5470.751000
5477.032000
5483.313000
5489.594000
5495.875000
5502.156000
5508.437000
5514.718000
5520.999000
5527.280000
5533.561000
5539.842000
5546.123000
5552.404000
5558.685000
5564.966000
5571.247000
5577.528000
5583.809000
5590.090000
5596.371000
5602.652000
5608.933000
5615.214000
5621.495000
5627.776000
5634.057000
5640.338000
5646.619000
5652.900000
5659.181000
5665.462000
5671.743000
5678.024000
5684.305000
5690.586000
5696.867000
5703.148000
5709.429000
5715.710000
5721.991000
5728.272000
5734.553000
5740.834000
5747.115000
5753.396000
5759.677000
5765.958000
5772.239000
5778.520000
5784.801000
5791.082000
5797.363000
5803.644000
5809.925000
5816.206000
5822.487000
5828.768000
5835.049000
5841.330000
5847.611000
5853.892000
5860.173000
5866.454000
5872.735000
5879.016000
5885.297000
5891.578000
5897.859000
5904.140000
5910.421000
5916.702000
5922.983000
5929.264000
5935.545000
5941.826000
5948.107000
5954.388000
5960.669000
5966.950000
5973.231000
5979.512000
5985.793000
5992.074000
5998.355000
6004.636000
6010.917000
6017.198000
6023.479000
6029.760000
6036.041000
6042.322000
6048.603000
6054.884000
6061.165000
6067.446000
6073.727000
6080.008000
6086.289000
6092.570000
6098.851000
6105.132000
6111.413000
6117.694000
6123.975000
6130.256000
6136.537000
6142.818000
6149.099000
6155.380000
6161.661000
6167.942000
6174.223000
6180.504000
6186.785000
6193.066000
6199.347000
6205.628000
6211.909000
6218.190000
6224.471000
6230.752000
6237.033000
6243.314000
6249.595000
6255.876000
6262.157000
6268.438000
6274.719000
6281.000000
