3168952357725029
2905410490719984
2677237690901392
2489567937767534
2365229805950580
2177334875601004
2066248907280853
1944164160374914
1824031724605777
1703072576177435
1596335787613228
1557973471385060
1460368778976340
1464963184161315
1330887036798618
1270396061105108
1208706682856007
1167137799944136
1114983020958106
1086218458900161
1014490851124301
969449379045108
940704959242531
893616464213039
868328095142633
856825533394360
806826696616093
778642151618937
747162393085927
721050317742796
708423607434681
670068711711536
656464077903491
628439731676127
601072310439834
603398090077091
576915567195222
536989658377098
551624168525850
507890083368616
500784690198711
486297105589932
484899422034268
463576362216873
452767366212449
436061945287966
418502907722711
399471221572606
391357535035651
342025332357360
360257233925295
358354533188123
360765390527947
338446934490763
325655417332107
320689861677787
297269163289635
311410658720423
293454816252655
295286798359637
280543726820967
259706030846272
263697482162903
270814360766215
248066531242764
245521805158522
234375635648483
241373949972528
222138399090817
232919014301484
224728914965493
195954353597419
208581710132687
202335872126491
189580764544771
190064403587008
190967697726541
176954373386969
178663365166744
165390451079216
170544343147559
156079575809218
163088636115519
164459790297339
156663605477669
141502057698315
149862964904587
146381400916111
137569396519609
127836159158765
132676560591663
130210854878774
128611638152205
124549892632221
112658907787369
112279298723447
118853884557760
114366090315367
110698668382136
100708227684388
105539913808691
106337232645999
93976275918730
92437511171110
95979397711618
96732596846032
93171785405157
86837742656798
89326538550997
96539214944719
79035040919337
75972486820712
77339042990858
80151900956405
70740636432966
71653011185980
74679655789867
71844619746554
72009198697847
75048661908307
72503217124897
71869460672090
64989647100261
64056964295752
60799610859727
58568849067313
53040680931492
62702009986774
55113733002928
54617480743358
54479321774405
52617030395560
53760317518965
52127016980406
55304865261844
51456577606829
52823844415923
42242938937741
44195644574425
55949792725462
51037392060263
44953771322200
45037574889463
41540766044628
40680532878553
42870997817622
38256198112055
42464778417001
41838926952121
40655137985165
36170768183083
40157218619321
38630385779737
38547238097880
37226519367796
32664907644748
36752884944833
33949486559042
35863780972855
33026225140245
33908639154019
31275063584090
30304938096381
29791717962099
29542370928572
32626922883281
30925815314236
32650639647916
30782859008572
28086246677072
29200886287601
26614241408410
30207639904394
24305828835549
26182980353835
24691582693251
27294519078248
23920795254214
21866645778629
24400015350684
24302571591410
18504404015006
22400970037479
24154036438265
21024501783923
25919265686185
24241963433783
23641105457398
25646456426958
20107344520458
19861768110780
22716998367619
15655349141293
20504889565049
16936744334300
19517964724378
17562950255250
19234492880274
16769421982746
16583093137505
14647424256628
16035478494934
23496811913282
18747560128791
13851799727221
17356295883043
15712299114348
16279307734314
18494744726644
12668562020487
16457844762730
10759547510554
13617693562793
15933756184176
12579671008901
10657573213730
16124673208932
14561932266095
10265122534071
13586381710846
12416871027228
14437278593031
10982043927333
15773056865945
10724189718668
15203985366027
10721328791492
12162479712681
10010030099569
12203497805158
11985657501409
9503480600986
13152254415112
10225437944400
10403035380351
10606974656468
8072142157752
10990295176483
11457180386853
10494699146527
9476419044482
8130335163000
8368856279621
9818422256966
8853860847672
8309072265459
9226511078566
8007082395864
8262450577557
8064504740125
10232625013452
9918399299474
9323298007475
10864810313701
11036859568653
5978195335333
8671369399920
9553027070514
9001903974712
7603672519132
7883033526464
6745773572804
9048267490479
6990739339236
8970421998636
7444701541893
6644303084868
6461402944555
6022178707151
6766785692925
6317406292291
5344789165211
5906286138747
5951445788578
7455239158633
8185569070341
6141557233707
5063865607635
4904376706726
5867532761295
7076747319449
7401468033646
7052755852923
5882033403289
7010944372537
5473352559797
8281290115643
7895550939285
8559868647837
7524453612599
5789935356095
6099189078433
4991153872196
9349274707095
7273173281230
6720844195121
6591227414987
4988199015400
5853209636438
3181350258819
8239044794582
5447300201227
4215490085518
4011728681843
4127331639692
3638341457467
3188380265624
6069108653581
4777734734035
5220181489138
4944887640372
3347276141605
4343895484930
4944135677156
3308163460640
3803906638656
4872662599973
6103053477195
5246585668791
5643920549125
5488602924432
4411201504675
4418505569852
3315302759834
3230521190839
5238828552176
5000841803872
4614223374376
5662809991572
3330208756422
4135481618834
3211813801871
3374334223687
4392771024274
3606061782971
2718256500384
4295441447689
3347508461435
3765104167887
3652772313559
2703675528472
1883176433061
1887177200434
3708030895902
3965876303187
2413497830846
2569153186638
3499201735573
3041244349476
4821677223856
3735314056181
2841284919626
2734700161793
3785414621273
2132967732340
2484687659313
3862880736607
3336400276493
2873529174199
2303497375263
3701872826512
1343856711294
2481194719507
2401940264053
3021262918893
2092698873518
2898072158520
2660460041916
3695290928742
1503981552061
1402142347895
1295931521458
1158839664107
3421842614701
2033645179125
1625289510093
2041749840186
1685652735779
1312851263987
2351207776104
2718144109068
2852595364334
3145991073465
3074564686998
2104261310844
2305694156429
1025623111975
1777907866452
1257484651223
1555718935351
2085367421236
1424962001084
2400243683633
1272300387069
2780563134553
1869165197695
2022648559381
1869246850455
298604904104
2082575960935
1181502523694
2214521856328
2072566384631
2914515996114
452733297708
933829847993
1656542980082
1329295148323
578609121724
982486893595
1148211384964
1690631950604
1538734774956
1819045479377
727393337633
1561732550704
810479536722
932339810028
730897589004
1202961336372
1198964093310
1898783604285
357939835821
1624192266102
1420093086153
1934064426011
745936377072
1035422103241
2112891567035
590005136503
1180121779150
288711650456
364572114898
610994005327
942577540340
1471769350495
2061129272211
898439970064
939717054104
1585006299010
1139059814432
1299677283559
498617681512
301342298082
117178603180
927082308062
1196936265539
15140771053
1038694873541
1185489833417
885007704755
831137285912
596595914335
1261405174656
1253348550762
1466263566374
927086039587
885007704755
590005136503
723616976821
1192064587332
1696595768636
1096320921495
643631560852
590005136503
658637285844
885007704755
624946170070
601862466508
914595769645
1180010261848
1218268342894
885007704755
294483068762
295002568251
438659472440
1809134160618
631563384763
484066415687
1489991890761
675777827146
785444828880
54629883499
1249687291896
586214884803
295002568251
357482663237
1506304532055
30085727911
33601856247
917622161648
615414378364
42044317177
337112940475
683275064173
590005136503
891437102473
778279077219
308308315603
1675641358217
311715387817
590005136503
610909498304
516937083182
280680792860
1180010273007
39022111860
101978328805
68351033027
454988567417
285080934292
335766053729
396341748945
299660936369
898019201394
306011801651
528044719366
336652663220
8654573765
614812714378
604106554842
145002881533
295002568251
316702615561
529575291254
295002568251
138873460039
506750346677
908625100345
55282128395
295002568251
295002568251
308627305034
274147936035
11469128827
293870096791
646614943486
590005136503
49889913741
17497540761
315386336293
418233158701
15437633008
45283965203
485378708918
295002568251
138197063689
673768206105
123939542412
295002568251
590005136503
51523909636
333598242416
305306844183
590005136503
687212434676
8862389236
284524504090
71344665399
79114777955
590005136503
593219688100
590005136503
42098719943
38492781654
183705347105
366628983982
209743420292
320212398312
16944876804
590005136503
295002568251
189611659395
52318913361
21104354211
325703353538
20658181843
432562981305
597298725573
8103263448
212981952698
363888664829
341920097400
19521994731
295002568251
302837126324
295002568251
295002568251
963237090837
295002568251
300680033870
11074985216
295002568251
10218863997
295002568251
222229061304
885007704755
342635841087
86223765885
61813805927
295002568251
590005136503
224238736336
601975551252
295002568251
61880159143
590005136503
295002568251
295002568251
