9.255168401836590000e+14
8.903315112317030000e+14
8.672365034843730000e+14
8.346852224663240000e+14
8.133313237690230000e+14
7.920590943504800000e+14
7.795942612875910000e+14
7.526866502284840000e+14
7.406004864099080000e+14
7.140061311459370000e+14
6.999680997729010000e+14
6.814928050899400000e+14
6.729033814237250000e+14
6.567221068674460000e+14
6.433771765799830000e+14
6.338418685924630000e+14
6.115167434306940000e+14
6.029460357626960000e+14
5.976903941432320000e+14
5.866711498860090000e+14
5.740844515806110000e+14
5.659265034170380000e+14
5.533167011989620000e+14
5.459877066341200000e+14
5.400101740344030000e+14
5.273823538733490000e+14
5.137510364142160000e+14
5.089737392576760000e+14
4.976927997314990000e+14
4.918375109635150000e+14
4.800566863832770000e+14
4.777478090598040000e+14
4.700072186973270000e+14
4.619770349605260000e+14
4.566497755185180000e+14
4.441452829936140000e+14
4.424886273671180000e+14
4.282560045018950000e+14
4.270308298093940000e+14
4.152642408345410000e+14
4.080415259551830000e+14
4.056574646930560000e+14
4.017391813511970000e+14
3.906006297837530000e+14
3.876940371534240000e+14
3.822939649721400000e+14
3.790067572754630000e+14
3.683115211602060000e+14
3.629943717856860000e+14
3.606633858017120000e+14
3.509700373544050000e+14
3.484930134545090000e+14
3.385678464098870000e+14
3.344452379776090000e+14
3.297102843518460000e+14
3.233196966529490000e+14
3.201567229658650000e+14
3.160021030639750000e+14
3.093567782383500000e+14
3.071092236125370000e+14
3.007064230935450000e+14
2.967924538832120000e+14
2.933253879277780000e+14
2.852573484006460000e+14
2.824781452916100000e+14
2.774765909809740000e+14
2.756647931831340000e+14
2.711587047084270000e+14
2.624975158872320000e+14
2.575302436626520000e+14
2.568810539053420000e+14
2.543382220829620000e+14
2.498387235567720000e+14
2.485709989345850000e+14
2.417965196354960000e+14
2.378007052888340000e+14
2.337130617946440000e+14
2.279154467132260000e+14
2.282672797203310000e+14
2.233142110430930000e+14
2.222941061843200000e+14
2.152266039720720000e+14
2.172619811293440000e+14
2.075937984826330000e+14
2.063166250305830000e+14
2.056499707114950000e+14
2.003049028472460000e+14
2.015537662693330000e+14
1.943879263221620000e+14
1.903209631314130000e+14
1.914004466811270000e+14
1.846280874777950000e+14
1.849730087720780000e+14
1.835723663391930000e+14
1.810890363446370000e+14
1.745667497144500000e+14
1.738636226657660000e+14
1.721739776181100000e+14
1.706197776047650000e+14
1.654631519467480000e+14
1.617297739753480000e+14
1.606692776239920000e+14
1.601749633850580000e+14
1.563114204025800000e+14
1.562212537044230000e+14
1.522070140503750000e+14
1.526710740577700000e+14
1.476947183767590000e+14
1.484540853677820000e+14
1.413331751619790000e+14
1.392694825050500000e+14
1.392979172344990000e+14
1.361793612977500000e+14
1.340720428994960000e+14
1.333541064612360000e+14
1.285091792833050000e+14
1.297264082370590000e+14
1.246231504439830000e+14
1.268594720031650000e+14
1.234811235029800000e+14
1.208144635804760000e+14
1.190792609919740000e+14
1.180138451387440000e+14
1.178798985179960000e+14
1.124819370779390000e+14
1.098557735038950000e+14
1.130628388398790000e+14
1.093982604557060000e+14
1.066581912473020000e+14
1.038491331422000000e+14
1.030892764842900000e+14
1.014908014572600000e+14
9.981876430748800000e+13
1.000618294888790000e+14
9.688659664097200000e+13
9.714291239059100000e+13
9.356115369014400000e+13
9.265777208437000000e+13
9.315449117119000000e+13
9.068166005880600000e+13
8.727974887794400000e+13
8.732864788206100000e+13
8.636295330749800000e+13
8.249585228189700000e+13
8.344512077312600000e+13
8.228789333208100000e+13
7.810974008444200000e+13
8.230567042508100000e+13
7.969160543260000000e+13
7.678124259950300000e+13
7.722362821770400000e+13
7.536926578169200000e+13
7.359454126998000000e+13
7.236941804671500000e+13
7.198508425577000000e+13
7.087350737346900000e+13
7.177625828997500000e+13
6.892891971925800000e+13
6.681715038162900000e+13
6.622291591415900000e+13
6.451846502643800000e+13
6.511335912304200000e+13
6.371536884900100000e+13
6.311310389031700000e+13
6.088453772202600000e+13
6.067970882765800000e+13
5.973970700749500000e+13
5.885676464697600000e+13
5.760089389862400000e+13
5.640348644417800000e+13
5.705610633074000000e+13
5.572265655324300000e+13
5.717666473960700000e+13
5.461155336830900000e+13
5.282161380810800000e+13
5.318313838875500000e+13
5.140123527520900000e+13
5.120569839733000000e+13
5.165096988154100000e+13
4.981023998020100000e+13
5.132835478877200000e+13
5.011598404092600000e+13
4.818561789184000000e+13
4.724655895966300000e+13
4.627151293725400000e+13
4.620613090686300000e+13
4.679873346944400000e+13
4.442222320061600000e+13
4.359755880778500000e+13
4.472885001851600000e+13
4.264419784228500000e+13
4.149481555517200000e+13
4.192126835101100000e+13
4.122971052988200000e+13
4.193655263910700000e+13
4.077752927630100000e+13
4.005185039962200000e+13
3.934055763919600000e+13
3.842017052354700000e+13
3.882616364485800000e+13
3.850289016833300000e+13
3.835778950623500000e+13
3.773106494475000000e+13
3.721942736405000000e+13
3.777948027334200000e+13
3.560457072295000000e+13
3.559628849301900000e+13
3.467454947467100000e+13
3.634466330867600000e+13
3.540647260347500000e+13
3.433125407263200000e+13
3.415731437867900000e+13
3.225976629791800000e+13
3.263669064477500000e+13
3.206649613793000000e+13
3.357592791641600000e+13
3.272401592494100000e+13
3.084571754591800000e+13
3.014184401032300000e+13
3.062068358133600000e+13
3.121476316458500000e+13
2.975532277568000000e+13
2.960083177602900000e+13
2.871511598510000000e+13
2.959138376360900000e+13
3.144098076416300000e+13
2.985123426099600000e+13
2.672147084074600000e+13
2.894613564667400000e+13
2.895980420768400000e+13
2.800001571174600000e+13
2.631028865720000000e+13
2.696723757431700000e+13
2.765940498983700000e+13
2.696356055516600000e+13
2.575672366748200000e+13
2.595112968323300000e+13
2.552557245013100000e+13
2.614552215097400000e+13
2.602657965982600000e+13
2.448155213944700000e+13
2.394475481515400000e+13
2.624475931693000000e+13
2.490605318844200000e+13
2.466949495879600000e+13
2.317792937836100000e+13
2.307302531474200000e+13
2.381135713211300000e+13
2.386072701651800000e+13
2.354894398323400000e+13
2.291592301960800000e+13
2.336628853413900000e+13
2.183219988509300000e+13
2.188863331821000000e+13
2.135104871006500000e+13
2.096786273980400000e+13
2.152356127164000000e+13
2.090938559964300000e+13
1.951418714646700000e+13
1.938151678866400000e+13
2.086735700400000000e+13
1.936489941985500000e+13
1.958735303600400000e+13
2.004167610870800000e+13
2.013590611441900000e+13
1.904316427932100000e+13
1.961214790562600000e+13
1.851183669784000000e+13
1.775771159110000000e+13
1.960323862595900000e+13
1.841428332699200000e+13
1.877941766583300000e+13
1.834726613069500000e+13
1.777030144356500000e+13
1.735724244629400000e+13
1.777902646282300000e+13
1.697600603774500000e+13
1.759996330309700000e+13
1.629895416027100000e+13
1.681045968608900000e+13
1.714231942403400000e+13
1.686917265649800000e+13
1.712208346444200000e+13
1.684465491684500000e+13
1.647487935502300000e+13
1.612716623676000000e+13
1.636892527199300000e+13
1.579636049362900000e+13
1.484700552339600000e+13
1.645126430723400000e+13
1.538282466045800000e+13
1.563999071507300000e+13
1.544966479037500000e+13
1.446448057627400000e+13
1.448510176281700000e+13
1.392349694395300000e+13
1.373859498859600000e+13
1.364435498348600000e+13
1.435760927680700000e+13
1.388270453928100000e+13
1.402882547317000000e+13
1.444478038270300000e+13
1.388082083226700000e+13
1.416334375323300000e+13
1.390043393758500000e+13
1.381107297058000000e+13
1.333524022594100000e+13
1.330618318323000000e+13
1.283401964269600000e+13
1.334862859280200000e+13
1.238209289519400000e+13
1.268750726684600000e+13
1.155520341278500000e+13
1.321091882775600000e+13
1.196891410367600000e+13
1.188375589537700000e+13
1.140139626886400000e+13
1.199645717662200000e+13
1.187060297308300000e+13
1.223418873438800000e+13
1.170220256324100000e+13
1.138702586714800000e+13
1.083995711948400000e+13
1.030138863032000000e+13
1.017748067611800000e+13
1.016589444111800000e+13
1.059725345704500000e+13
1.092082780584300000e+13
1.085052890939000000e+13
1.017331312285800000e+13
1.008860380173600000e+13
1.028640445875700000e+13
1.003819808002600000e+13
9.648129279825000000e+12
1.029012887202400000e+13
1.056761785082800000e+13
9.809668882416000000e+12
9.146426778950000000e+12
9.756248751832000000e+12
9.954350949810000000e+12
9.901893879681000000e+12
8.689478268668000000e+12
9.054480323219000000e+12
8.870095426155000000e+12
8.715245349578000000e+12
8.941740516201000000e+12
8.630242353939000000e+12
8.296393281512000000e+12
8.243551745536000000e+12
8.733442909074000000e+12
8.449593724134000000e+12
8.848486907082000000e+12
8.222446735247000000e+12
7.962602921581000000e+12
7.824637105443000000e+12
8.471239074240000000e+12
7.874078825657000000e+12
7.771197039003000000e+12
7.484694253163000000e+12
7.456471495834000000e+12
7.277521037022000000e+12
7.965486621182000000e+12
7.639263962434000000e+12
7.604312320388000000e+12
8.059504071034000000e+12
7.414661969860000000e+12
6.727923644564000000e+12
7.238634177493000000e+12
7.726695313490000000e+12
7.099799148313000000e+12
6.950796554776000000e+12
7.353552671104000000e+12
7.487857177511000000e+12
6.786291114543000000e+12
6.402578972522000000e+12
7.576913890225000000e+12
6.996212664280000000e+12
7.254982433734000000e+12
6.344075681184000000e+12
6.363868291373000000e+12
6.615328854405000000e+12
6.223816602397000000e+12
6.720640519269000000e+12
6.638178258457000000e+12
6.819739690180000000e+12
6.379622477034000000e+12
5.911166042075000000e+12
6.614601318276000000e+12
6.312150396509000000e+12
6.494447768059000000e+12
6.507878257018000000e+12
5.765312376539000000e+12
5.376614802143000000e+12
5.809444523762000000e+12
5.309988754378000000e+12
5.968476817043000000e+12
5.649762153740000000e+12
6.222567757169000000e+12
5.254278998344000000e+12
5.535079649265000000e+12
5.546742263918000000e+12
5.509685259192000000e+12
5.402888426385000000e+12
5.760240450297000000e+12
5.238155217931000000e+12
5.192389163669000000e+12
5.042823221087000000e+12
4.846213971220000000e+12
5.070524555358000000e+12
4.840610799547000000e+12
4.900573068891000000e+12
5.163651297721000000e+12
4.535316227235000000e+12
5.173550934860000000e+12
5.069845139905000000e+12
4.606487852835000000e+12
5.034961142693000000e+12
4.655463100316000000e+12
4.608421799918000000e+12
4.614236578240000000e+12
3.915482921894000000e+12
4.634960197387000000e+12
3.924674532417000000e+12
4.183568731767000000e+12
4.488434909636000000e+12
4.154347292642000000e+12
4.310183065878000000e+12
4.297619092208000000e+12
4.290262780475000000e+12
4.144229175540000000e+12
3.711860415652000000e+12
3.978177934090000000e+12
3.499602702028000000e+12
4.288774281122000000e+12
3.806917251349000000e+12
3.492061432396000000e+12
4.308018031007000000e+12
3.773193307341000000e+12
3.836416328912000000e+12
3.986988941662000000e+12
3.400345784081000000e+12
3.502561710491000000e+12
3.546120697866000000e+12
3.894380923155000000e+12
3.457356359338000000e+12
3.347246232899000000e+12
3.272336222260000000e+12
3.484027768269000000e+12
3.714730602939000000e+12
3.443917522635000000e+12
2.896305480549000000e+12
3.116936807371000000e+12
3.632540259137000000e+12
3.155336987970000000e+12
3.542854047620000000e+12
3.265377036900000000e+12
3.432772732151000000e+12
3.274883958223000000e+12
2.795024218766000000e+12
2.961508485630000000e+12
2.711203097997000000e+12
2.851643749244000000e+12
3.108209521857000000e+12
2.547255904802000000e+12
3.036365278686000000e+12
2.986668380260000000e+12
3.072377347662000000e+12
2.470122959856000000e+12
3.045731535596000000e+12
2.841875171039000000e+12
2.613124148274000000e+12
2.546163247128000000e+12
2.681590763504000000e+12
2.628634758930000000e+12
2.968370758468000000e+12
2.883317746828000000e+12
2.392040184734000000e+12
2.411040405426000000e+12
2.306085255365000000e+12
2.623484876188000000e+12
2.631328107448000000e+12
2.378688404942000000e+12
2.843202912959000000e+12
2.291329992473000000e+12
2.309948344116000000e+12
2.220076057830000000e+12
2.348272694212000000e+12
2.496686534566000000e+12
1.975247661679000000e+12
2.390558552856000000e+12
2.372836987816000000e+12
2.090764959039000000e+12
2.049658987775000000e+12
2.118913604712000000e+12
2.064935037360000000e+12
1.939421959243000000e+12
2.090628947811000000e+12
1.937684212751000000e+12
2.313762832147000000e+12
1.978305650674000000e+12
1.790430072308000000e+12
2.005274160013000000e+12
2.299653467343000000e+12
1.725723396243000000e+12
1.829715772042000000e+12
1.752899212922000000e+12
1.418801967633000000e+12
1.768593083754000000e+12
1.845425471876000000e+12
1.915049977704000000e+12
1.663956437232000000e+12
1.526496540354000000e+12
1.537171244299000000e+12
1.444295839762000000e+12
1.790906277333000000e+12
1.711015388510000000e+12
1.437952492182000000e+12
1.416602544924000000e+12
1.657841615363000000e+12
1.782020369461000000e+12
1.329565922771000000e+12
1.413841817457000000e+12
1.369094194565000000e+12
1.314728341575000000e+12
1.166061638019000000e+12
1.595151281980000000e+12
1.525587658967000000e+12
1.322463597479000000e+12
1.292766914615000000e+12
1.354167861200000000e+12
1.698437506064000000e+12
1.242072697140000000e+12
1.195644649865000000e+12
1.185223585679000000e+12
1.387097774151000000e+12
1.263220029789000000e+12
1.130347898114000000e+12
1.199216855429000000e+12
9.853987199720000000e+11
6.625114151780000000e+11
1.109479231519000000e+12
1.233415839067000000e+12
1.224327024333000000e+12
1.343228208449000000e+12
1.154767333556000000e+12
1.483687581211000000e+12
1.223419419976000000e+12
1.117257451042000000e+12
9.636323877580000000e+11
1.220207445327000000e+12
1.103511938303000000e+12
1.072406377138000000e+12
1.138631833289000000e+12
7.198035184480000000e+11
9.330586498190000000e+11
1.001519109353000000e+12
1.014360671947000000e+12
7.817673165230000000e+11
9.765902859010000000e+11
9.911985672010000000e+11
9.806876903900000000e+11
9.087769947400000000e+11
6.929981650000000000e+11
1.076612698919000000e+12
8.561427033250000000e+11
5.759600786710000000e+11
1.023039166584000000e+12
1.038563131284000000e+12
1.101853856903000000e+12
8.355569646990000000e+11
7.766154064830000000e+11
1.094077830663000000e+12
1.029902238123000000e+12
6.105085164710000000e+11
1.158410562825000000e+12
8.516332861790000000e+11
1.219149108692000000e+12
5.820215943050000000e+11
5.276798342480000000e+11
9.755977758710000000e+11
7.882522412620000000e+11
6.469727736490000000e+11
8.365730315080000000e+11
7.777566318090000000e+11
7.870604507580000000e+11
8.104126509900000000e+11
7.834197787630000000e+11
5.788148596670000000e+11
7.344675637340000000e+11
6.284641123090000000e+11
8.008871134740000000e+11
7.248423314290000000e+11
5.447964667380000000e+11
4.510515062700000000e+11
7.516595146200000000e+11
7.093350346460000000e+11
5.105081299490000000e+11
6.409122765670000000e+11
5.163663596950000000e+11
5.653878646490000000e+11
4.454571752360000000e+11
4.658597360760000000e+11
5.671083977190000000e+11
6.365282218420000000e+11
7.605717420620000000e+11
4.824136242930000000e+11
3.920562729970000000e+11
6.566222496790000000e+11
4.865101289920000000e+11
5.334493970800000000e+11
4.712696141030000000e+11
6.589385791890000000e+11
4.377148173530000000e+11
4.000149493300000000e+11
5.260073232470000000e+11
5.350496116020000000e+11
4.913285892180000000e+11
4.319214018290000000e+11
4.742031443290000000e+11
5.453138816200000000e+11
4.203015886940000000e+11
3.521771176900000000e+11
4.750072590930000000e+11
3.744636997250000000e+11
4.636285300440000000e+11
3.248996568670000000e+11
3.946776782020000000e+11
4.553122620930000000e+11
3.399910151800000000e+11
3.422051606480000000e+11
4.056541098100000000e+11
4.661850854940000000e+11
3.836481468230000000e+11
5.163465038940000000e+11
3.161588124890000000e+11
3.145599318410000000e+11
3.182040328110000000e+11
3.255333645740000000e+11
3.304157283670000000e+11
2.718462762100000000e+11
5.436884475110000000e+11
3.210174854020000000e+11
2.612873948630000000e+11
3.685693357070000000e+11
3.050897786700000000e+11
1.511324315540000000e+11
2.848909438590000000e+11
3.272158546560000000e+11
2.569794089410000000e+11
2.143596497590000000e+11
2.437978255060000000e+11
3.558797752720000000e+11
2.293581172250000000e+11
2.578495323390000000e+11
4.142788558210000000e+11
2.594543339140000000e+11
2.350818768990000000e+11
3.209727729690000000e+11
2.392097072200000000e+11
3.094853250840000000e+11
3.143337334470000000e+11
2.890334612750000000e+11
2.061504842890000000e+11
2.682564075000000000e+11
1.543847150140000000e+11
1.787511459700000000e+11
2.471650239580000000e+11
2.071961559100000000e+11
2.398541406130000000e+11
2.976178443250000000e+11
2.098672153770000000e+11
2.503601338290000000e+11
2.328968357740000000e+11
2.031694512810000000e+11
1.662915604170000000e+11
2.781470138230000000e+11
2.022317944410000000e+11
2.999669921340000000e+11
1.965242754770000000e+11
2.274364269050000000e+11
2.667448292750000000e+11
9.365985237200000000e+10
1.260589245060000000e+11
6.371252089900000000e+10
1.866114559680000000e+11
1.429960009630000000e+11
1.783647005910000000e+11
1.901728969730000000e+11
1.440701628160000000e+11
1.549450816660000000e+11
2.425233366780000000e+11
1.409448045540000000e+11
2.366543986820000000e+11
2.930641940800000000e+11
8.665767579400000000e+10
1.811627206460000000e+11
1.684475474100000000e+11
2.334533420670000000e+11
1.242388863500000000e+11
1.882163323510000000e+11
1.741694299270000000e+11
2.476698241790000000e+11
1.279147771910000000e+11
8.641685057900000000e+10
1.341612550700000000e+11
1.674828753670000000e+11
7.398026634100000000e+10
1.830947250180000000e+11
1.363152537140000000e+11
1.609723990490000000e+11
1.070650922680000000e+11
9.835524422300000000e+10
1.484116485780000000e+11
1.189983491660000000e+11
5.554955851100000000e+10
1.687233877520000000e+11
1.461347458740000000e+11
1.205392114980000000e+11
4.097423015300000000e+10
1.427832712780000000e+11
9.642567917500000000e+10
1.001359787580000000e+11
8.858493174700000000e+10
9.446062874600000000e+10
9.029839497800000000e+10
1.912870148250000000e+11
1.337325695970000000e+11
9.272394594100000000e+10
1.195478050480000000e+11
5.040069606500000000e+10
1.254579368040000000e+11
1.163934558700000000e+11
1.025010127410000000e+11
6.025501392700000000e+10
1.069597720490000000e+11
8.586423737500000000e+10
7.118956060900000000e+10
1.211565168690000000e+11
1.355444037900000000e+11
6.208526437800000000e+10
7.894164634600000000e+10
1.030243687430000000e+11
3.424249607800000000e+10
1.597341451020000000e+11
1.092989111480000000e+11
6.271045672400000000e+10
1.536865422060000000e+11
9.653659978900000000e+10
1.409260912930000000e+11
