1.934984536417060000e+14
1.732521304717880000e+14
1.607410691240030000e+14
1.439196712789580000e+14
1.336958890045620000e+14
1.203876908147680000e+14
1.131356940561800000e+14
1.068717218260990000e+14
9.815856326486100000e+13
9.567245649697400000e+13
8.855641264340300000e+13
8.355404546665600000e+13
7.730072605613400000e+13
7.441491151136800000e+13
7.398299389653400000e+13
6.656449239404600000e+13
6.300403213248300000e+13
6.243912306233800000e+13
5.987415989201800000e+13
5.702106115550700000e+13
5.669534469685200000e+13
5.324434599447000000e+13
5.233802127130300000e+13
5.163675717837600000e+13
4.851917782821900000e+13
4.807622823980300000e+13
4.461247755082600000e+13
4.489052799412300000e+13
4.216454576149100000e+13
4.134420056272700000e+13
4.289172511895100000e+13
4.142593248745900000e+13
4.074010559857200000e+13
3.789955257194700000e+13
3.679294175130200000e+13
3.788246524903400000e+13
3.675290072265000000e+13
3.611056122067400000e+13
3.574903794050600000e+13
3.405576949363600000e+13
3.307590238074900000e+13
3.397467132731900000e+13
3.405763579304100000e+13
3.158702298098600000e+13
3.264323182649400000e+13
3.128444772761000000e+13
3.172230869363700000e+13
3.062837119257700000e+13
2.970776709642500000e+13
2.858677603575500000e+13
2.870455366861900000e+13
2.717057180885400000e+13
2.774964633139000000e+13
2.767828274699700000e+13
2.671817755749900000e+13
2.609721598852400000e+13
2.702076071699300000e+13
2.818054207942600000e+13
2.500639592101600000e+13
2.583523345743400000e+13
2.367028595927400000e+13
2.442970344642300000e+13
2.348688046421700000e+13
2.405082326917900000e+13
2.319738455201400000e+13
2.352517309889400000e+13
2.173852417101800000e+13
2.255414190027000000e+13
1.997161450385800000e+13
2.161663524983900000e+13
2.059059258440500000e+13
2.196719099489800000e+13
2.038625704302200000e+13
2.041745355706600000e+13
1.980387855085300000e+13
2.021849794162700000e+13
1.905330199579700000e+13
1.872710058154900000e+13
1.920359001340000000e+13
1.847899732175900000e+13
1.695880834497200000e+13
1.813945112407700000e+13
1.757528981056500000e+13
1.728555006813400000e+13
1.751870430914900000e+13
1.630493608272800000e+13
1.720412256118600000e+13
1.634988359592800000e+13
1.729527901792900000e+13
1.552094217208200000e+13
1.456062396933000000e+13
1.410297988742300000e+13
1.564420646085200000e+13
1.599097307465400000e+13
1.454093937475900000e+13
1.431138888891500000e+13
1.380086637536500000e+13
1.443400602356300000e+13
1.412427250845000000e+13
1.405219627090000000e+13
1.376471132851600000e+13
1.319937509572100000e+13
1.220794873126500000e+13
1.300430650063600000e+13
1.335192671967200000e+13
1.287508490297000000e+13
1.185388598535300000e+13
1.131583192101800000e+13
1.184654793447600000e+13
1.139286300459100000e+13
1.105854648477500000e+13
1.125737344179900000e+13
1.089060952465300000e+13
1.028240451898800000e+13
1.049646279840100000e+13
1.147637536199100000e+13
1.029830133762100000e+13
9.312812007368000000e+12
1.018794991565200000e+13
1.115533442416900000e+13
9.579835285426000000e+12
9.470004991492000000e+12
9.270868936391000000e+12
9.350796750072000000e+12
9.020559633912000000e+12
9.693326865264000000e+12
9.138849314393000000e+12
8.264168335856000000e+12
9.408442578274000000e+12
8.502860880029000000e+12
8.523692414735000000e+12
8.820236563555000000e+12
8.328363492975000000e+12
8.897838489882000000e+12
7.565764746827000000e+12
7.744328854065000000e+12
7.597029109133000000e+12
7.554998496180000000e+12
7.505021921868000000e+12
7.900738452463000000e+12
7.563000824299000000e+12
8.673329200445000000e+12
7.272318724529000000e+12
7.709170559635000000e+12
7.411308947965000000e+12
6.423850863036000000e+12
6.956637299583000000e+12
7.088180799755000000e+12
7.113202611814000000e+12
6.416829716820000000e+12
6.834232856466000000e+12
6.433431103798000000e+12
6.288112115375000000e+12
6.346590913273000000e+12
6.263510897736000000e+12
6.022960934756000000e+12
5.987152265912000000e+12
5.975771352017000000e+12
5.996216731826000000e+12
5.110750795840000000e+12
6.103251850360000000e+12
5.166580686098000000e+12
5.277147975036000000e+12
5.199073478691000000e+12
5.909931966769000000e+12
5.511500544873000000e+12
5.006484740984000000e+12
5.148511805174000000e+12
4.895037647971000000e+12
5.806311726714000000e+12
5.181662210672000000e+12
4.996081370836000000e+12
4.617936414202000000e+12
5.517851423038000000e+12
4.798463325737000000e+12
4.237382798408000000e+12
4.579683685121000000e+12
4.865715974407000000e+12
4.574300953067000000e+12
4.645771807240000000e+12
4.380657615715000000e+12
4.409927200170000000e+12
4.200889712754000000e+12
4.030242620046000000e+12
4.266507684770000000e+12
3.999951407515000000e+12
4.000983039971000000e+12
3.998976595260000000e+12
4.218856932789000000e+12
4.038916738889000000e+12
3.375437403803000000e+12
3.720098004511000000e+12
3.063331445840000000e+12
4.027278823284000000e+12
4.479943386038000000e+12
4.217697467041000000e+12
3.987981783449000000e+12
3.273232238900000000e+12
3.481992771187000000e+12
3.671250869700000000e+12
2.960668109389000000e+12
3.775060672891000000e+12
4.213161038204000000e+12
3.417884937248000000e+12
2.940910559332000000e+12
3.241458803418000000e+12
3.603140830696000000e+12
3.588655877457000000e+12
3.325173076915000000e+12
2.561324805770000000e+12
3.104406435537000000e+12
2.806739701695000000e+12
2.849335653324000000e+12
3.079083186283000000e+12
2.749287859612000000e+12
3.142515186856000000e+12
3.261227342499000000e+12
3.081289508276000000e+12
2.714284651487000000e+12
3.222158980815000000e+12
2.663002333573000000e+12
3.022286566699000000e+12
2.453674898964000000e+12
2.742471923814000000e+12
2.048502251237000000e+12
1.918769105637000000e+12
2.847248725416000000e+12
2.429111028144000000e+12
2.409475207457000000e+12
2.493063187321000000e+12
2.378444606421000000e+12
2.446409543444000000e+12
2.716305112024000000e+12
2.339763511618000000e+12
2.446861229280000000e+12
2.143153952380000000e+12
2.136531794118000000e+12
2.854041940133000000e+12
2.536233753964000000e+12
2.368504179748000000e+12
2.449455585421000000e+12
2.248695249580000000e+12
1.996523499705000000e+12
1.685164233285000000e+12
1.945632233269000000e+12
1.712207197884000000e+12
2.084862699011000000e+12
1.810707479518000000e+12
1.950895784116000000e+12
2.312335358732000000e+12
2.111849471575000000e+12
1.583398930245000000e+12
2.238445231737000000e+12
1.924831266966000000e+12
1.813712147368000000e+12
1.930480455316000000e+12
1.813435213230000000e+12
1.635428531226000000e+12
1.638898621507000000e+12
1.962523292340000000e+12
1.798320286293000000e+12
1.432115917125000000e+12
1.900119028815000000e+12
1.482642425554000000e+12
1.451678115919000000e+12
1.712297190942000000e+12
1.986403716722000000e+12
1.975045081388000000e+12
1.561312595646000000e+12
1.788487551963000000e+12
2.050354044297000000e+12
1.569740116613000000e+12
1.464778120677000000e+12
1.275097584651000000e+12
1.253419674626000000e+12
2.027332944408000000e+12
1.692265810584000000e+12
1.143335284460000000e+12
1.274961806373000000e+12
1.041544783166000000e+12
1.398156463144000000e+12
1.251870168871000000e+12
1.240009724108000000e+12
1.507067953051000000e+12
1.968298784894000000e+12
1.682881858763000000e+12
1.295534526251000000e+12
1.482388102119000000e+12
1.324791724074000000e+12
1.228089316666000000e+12
1.476121888663000000e+12
1.277506768282000000e+12
1.398396455191000000e+12
1.173384687628000000e+12
1.078466624896000000e+12
1.411586425945000000e+12
9.951233113800000000e+11
1.352381914131000000e+12
1.074230676596000000e+12
1.131235177122000000e+12
1.353719830611000000e+12
1.411097461188000000e+12
1.002845613500000000e+12
1.203838133461000000e+12
1.043747622964000000e+12
1.419501658384000000e+12
1.022033317304000000e+12
7.548756128540000000e+11
1.168311589024000000e+12
1.079847686545000000e+12
1.025267323621000000e+12
9.539600380450000000e+11
1.144294688025000000e+12
9.591805559800000000e+11
1.166993387232000000e+12
1.097005538702000000e+12
9.913649861520000000e+11
9.700616851870000000e+11
6.951544117110000000e+11
8.328151099210000000e+11
9.783672864260000000e+11
8.319965868130000000e+11
8.776529339300000000e+11
1.166570282157000000e+12
8.745496242540000000e+11
9.518216313110000000e+11
8.073805257180000000e+11
7.008170683410000000e+11
9.181706334230000000e+11
7.428055478190000000e+11
9.818171588080000000e+11
6.176261738370000000e+11
7.962202730910000000e+11
1.014756098149000000e+12
8.232736990130000000e+11
1.084547941967000000e+12
6.949128090600000000e+11
6.317176479550000000e+11
9.611175257500000000e+11
6.768082707080000000e+11
5.665834283180000000e+11
6.761106656210000000e+11
6.846013505550000000e+11
9.329485031590000000e+11
5.740656081550000000e+11
8.307450902710000000e+11
8.316492955750000000e+11
8.004821340660000000e+11
5.156030617040000000e+11
6.253630408370000000e+11
8.595818746720000000e+11
7.405501303860000000e+11
9.322247522050000000e+11
1.082182922820000000e+12
7.740978018790000000e+11
6.218236203810000000e+11
6.018017326410000000e+11
8.185219007470000000e+11
5.937915177830000000e+11
5.115609247110000000e+11
8.716742127760000000e+11
5.453270339360000000e+11
6.795710893720000000e+11
5.428342737450000000e+11
5.954782213270000000e+11
5.945360931100000000e+11
8.179696350540000000e+11
9.230579732200000000e+11
5.630016770940000000e+11
6.306967343610000000e+11
5.397725251480000000e+11
5.602679267160000000e+11
5.790407453130000000e+11
1.173039375438000000e+12
6.186706742710000000e+11
7.150595411190000000e+11
5.610217517640000000e+11
6.581569499620000000e+11
7.737887848500000000e+11
5.697324635490000000e+11
5.055594515000000000e+11
6.274007199220000000e+11
4.935104863610000000e+11
5.314936505940000000e+11
7.870917436710000000e+11
8.008526680260000000e+11
5.865451879630000000e+11
5.703722050390000000e+11
6.010999354130000000e+11
6.327653738910000000e+11
7.526573999930000000e+11
6.542323275300000000e+11
4.303951427920000000e+11
7.217995548980000000e+11
6.438338240350000000e+11
6.448451145460000000e+11
4.493112641760000000e+11
5.325373673530000000e+11
6.840355074720000000e+11
4.190052816920000000e+11
5.779962541250000000e+11
5.723980712840000000e+11
5.752480125310000000e+11
5.041172234700000000e+11
5.006114057670000000e+11
6.233653189870000000e+11
3.632598018150000000e+11
6.557909375510000000e+11
3.756326611650000000e+11
8.560949710730000000e+11
6.351176007350000000e+11
3.740395041150000000e+11
4.188546127370000000e+11
4.998262606100000000e+11
5.395605237570000000e+11
5.526047460010000000e+11
7.937539885310000000e+11
5.180511716010000000e+11
6.461097463210000000e+11
6.501061753030000000e+11
5.178133768320000000e+11
4.925513402310000000e+11
6.173815454560000000e+11
5.304279945120000000e+11
4.273707686310000000e+11
6.060882186480000000e+11
5.383041593030000000e+11
5.143101077420000000e+11
5.145585948540000000e+11
3.558268044440000000e+11
5.023818429900000000e+11
8.235154672850000000e+11
3.981909838690000000e+11
4.211208591500000000e+11
4.929096227330000000e+11
4.828742219510000000e+11
3.956135726030000000e+11
3.448177424020000000e+11
5.963220855130000000e+11
4.505467625910000000e+11
4.541882712970000000e+11
6.121420172270000000e+11
3.209769155160000000e+11
4.369504933780000000e+11
3.826637205970000000e+11
3.066860598340000000e+11
4.433330351030000000e+11
4.021541363620000000e+11
2.479692403460000000e+11
4.453651498420000000e+11
4.294931206640000000e+11
3.769027239580000000e+11
6.210235670560000000e+11
4.397222816730000000e+11
4.510909688570000000e+11
3.392689377510000000e+11
5.169342186310000000e+11
4.225486710730000000e+11
4.720587388460000000e+11
4.738125662280000000e+11
2.508359580250000000e+11
4.316446923050000000e+11
3.331644982490000000e+11
5.635561056700000000e+11
4.528451439780000000e+11
5.081764803620000000e+11
4.423762372210000000e+11
1.883540132430000000e+11
2.904240019200000000e+11
5.182077469130000000e+11
4.582226407610000000e+11
3.854445812580000000e+11
5.442317134720000000e+11
4.293001015300000000e+11
3.913382531700000000e+11
4.761938769610000000e+11
3.796142622630000000e+11
3.982608139390000000e+11
3.161822697740000000e+11
3.724770493620000000e+11
3.147702094620000000e+11
4.211236504250000000e+11
7.297493213720000000e+11
3.237271791840000000e+11
5.088099942690000000e+11
5.543952811150000000e+11
2.243721739980000000e+11
2.073700631150000000e+11
4.259746282890000000e+11
3.634845523420000000e+11
6.588938456310000000e+11
3.872534843110000000e+11
4.615235311900000000e+11
3.584602873360000000e+11
2.444296732700000000e+11
2.713001826220000000e+11
3.218371470610000000e+11
4.934582119930000000e+11
4.863898365440000000e+11
2.836063691650000000e+11
2.912570720820000000e+11
3.839482947870000000e+11
3.117029472530000000e+11
3.713183220390000000e+11
4.519197989690000000e+11
3.762978053350000000e+11
2.853571263670000000e+11
1.991714043840000000e+11
2.601774321690000000e+11
4.070370427720000000e+11
2.810606050210000000e+11
3.670313598860000000e+11
3.402598035020000000e+11
2.120661142380000000e+11
2.762884557280000000e+11
2.517753592310000000e+11
2.858176224230000000e+11
1.508235442890000000e+11
3.396567071970000000e+11
3.189937187940000000e+11
2.086050300120000000e+11
3.646119398900000000e+11
1.883931373000000000e+11
3.112273192030000000e+11
3.240117328580000000e+11
2.705820573080000000e+11
3.786067751150000000e+11
2.160692473680000000e+11
3.389459016090000000e+11
3.839658995010000000e+11
1.192488974290000000e+11
3.227377535820000000e+11
1.870143901390000000e+11
3.613176676700000000e+11
2.379108902290000000e+11
2.236797152540000000e+11
3.541346402210000000e+11
1.181387287750000000e+11
2.404058768650000000e+11
2.448195183720000000e+11
2.352150696510000000e+11
3.023396558830000000e+11
2.896432182540000000e+11
2.436010089730000000e+11
1.604159644480000000e+11
1.990496899070000000e+11
1.821678593390000000e+11
2.787943245530000000e+11
4.102735814740000000e+11
1.322142296030000000e+11
1.264738079460000000e+11
1.144505662690000000e+11
2.056190824260000000e+11
1.883530356950000000e+11
2.174353225470000000e+11
3.230185115440000000e+11
8.388295308300000000e+10
3.078150378630000000e+11
1.626373387050000000e+11
1.415690531640000000e+11
1.612086942110000000e+11
1.891273162980000000e+11
1.631191417920000000e+11
1.413159934390000000e+11
3.245725390200000000e+11
2.252107540720000000e+11
1.630728676910000000e+11
2.165082315510000000e+11
1.843389865490000000e+11
1.737878589550000000e+11
1.218762885930000000e+11
2.079911360900000000e+11
3.167609557150000000e+11
3.796030683210000000e+11
2.047371613160000000e+11
1.904894253260000000e+11
1.213283279980000000e+11
1.069963100700000000e+11
1.106770532470000000e+11
1.401811246590000000e+11
1.268585698350000000e+11
1.141314703510000000e+11
2.006613451790000000e+11
2.857377397850000000e+11
1.778726689800000000e+11
2.184388944030000000e+11
2.681299034070000000e+11
2.186119763140000000e+11
1.148082340400000000e+11
2.680088725520000000e+11
1.094384185700000000e+11
2.225983156650000000e+11
2.451390162210000000e+11
3.551401504230000000e+11
1.734479765940000000e+11
3.390167360250000000e+11
1.376281543340000000e+11
1.545341613130000000e+11
1.553673399500000000e+11
1.003401423600000000e+11
2.012622107190000000e+11
1.339244842190000000e+11
8.987474701200000000e+10
6.739853619600000000e+10
6.472115900900000000e+10
1.098802342570000000e+11
1.518407851300000000e+11
2.292169937500000000e+11
8.503345542300000000e+10
2.689213800950000000e+11
1.893081973860000000e+11
1.598624422440000000e+11
1.221700861870000000e+11
8.729568410300000000e+10
2.435181804650000000e+11
1.171356654080000000e+11
1.772730404530000000e+11
1.006330169070000000e+11
7.248843445700000000e+10
2.953110578350000000e+11
1.775285444480000000e+11
2.508059730010000000e+11
2.070961774820000000e+11
8.113108857500000000e+10
8.576370520000000000e+10
1.283063775750000000e+11
7.056569691500000000e+10
8.994342967300000000e+10
1.987250968000000000e+11
2.141642513160000000e+11
1.048598323700000000e+11
9.853261488900000000e+10
1.153405735590000000e+11
1.659197237710000000e+11
1.105846728500000000e+11
9.552880544100000000e+10
1.163908721870000000e+11
9.458463634500000000e+10
1.451532534370000000e+11
9.649759013100000000e+10
5.047383403700000000e+10
1.078058376500000000e+11
8.697896641900000000e+10
1.768267085190000000e+11
9.436225651000000000e+10
1.150056910510000000e+11
6.625753493800000000e+10
9.745234751100000000e+10
7.049363174100000000e+10
8.447117512800000000e+10
6.879454040600000000e+10
1.466581084230000000e+11
8.208912082400000000e+10
1.290778746930000000e+11
1.131391410610000000e+11
1.668587478160000000e+11
1.064280343050000000e+11
1.093552825940000000e+11
1.685063345790000000e+11
7.787479727300000000e+10
1.012475209500000000e+11
1.772885840500000000e+11
1.137278705890000000e+11
8.892652489100000000e+10
9.612061975900000000e+10
1.964791507790000000e+11
6.485696665600000000e+10
1.175193630240000000e+11
1.022657566890000000e+11
1.304194567280000000e+11
9.762554302000000000e+10
1.087650023630000000e+11
1.375560366280000000e+11
9.046868798400000000e+10
1.014127810210000000e+11
7.578632639300000000e+10
6.890511757300000000e+10
1.550618042840000000e+11
7.977518360800000000e+10
6.662954745600000000e+10
7.566251342100000000e+10
4.602150909300000000e+10
2.015725825100000000e+11
8.336437859600000000e+10
7.128381600200000000e+10
7.802700209600000000e+10
1.266906110940000000e+11
7.502902611100000000e+10
9.830309046000000000e+10
6.676281183300000000e+10
1.374243311480000000e+11
8.143553830300000000e+10
7.117609360000000000e+10
7.675612187000000000e+10
8.384489534000000000e+10
6.681634954700000000e+10
7.202395055900000000e+10
7.978004154900000000e+10
5.407092262900000000e+10
3.288304557500000000e+10
5.259365734200000000e+10
9.324666286200000000e+10
6.477249225300000000e+10
1.004434834470000000e+11
5.828026683300000000e+10
6.707556656300000000e+10
4.476820472600000000e+10
6.449120509200000000e+10
5.636793258200000000e+10
4.930346556200000000e+10
4.647250360800000000e+10
9.963206547800000000e+10
9.050711762800000000e+10
4.536333573800000000e+10
3.522930985800000000e+10
8.155441396900000000e+10
2.864803945300000000e+10
9.136860814000000000e+10
3.672697887700000000e+10
5.687729210100000000e+10
5.619537812800000000e+10
3.741973013200000000e+10
3.253121472400000000e+10
8.471378100800000000e+10
5.063053553400000000e+10
5.715304606800000000e+10
2.817985763500000000e+10
4.908091983800000000e+10
5.113997388000000000e+10
5.787104841200000000e+10
5.050482379200000000e+10
2.466535016500000000e+10
5.100260176700000000e+10
6.974947858700000000e+10
4.672436506900000000e+10
3.586599354400000000e+10
6.286611872600000000e+10
5.985908985000000000e+10
6.857045958600000000e+10
3.345560967500000000e+10
6.873161189800000000e+10
4.120259504600000000e+10
5.039625607700000000e+10
3.454034633100000000e+10
8.107182258800000000e+10
1.033138864950000000e+11
5.826874455700000000e+10
5.345652669600000000e+10
7.645238246700000000e+10
9.182526501900000000e+10
5.709339896100000000e+10
7.380309771100000000e+10
2.978767921400000000e+10
2.844586591600000000e+10
4.993871967100000000e+10
5.954561845000000000e+10
4.039961305400000000e+10
5.283579279300000000e+10
5.310342642500000000e+10
3.825060243100000000e+10
5.491874314100000000e+10
5.149290914900000000e+10
7.036101867200000000e+10
4.280343362600000000e+10
5.503716594000000000e+10
4.839921179400000000e+10
4.462669541900000000e+10
5.152816565000000000e+10
4.842604301400000000e+10
3.579623596100000000e+10
3.562362873500000000e+10
6.151813102200000000e+10
1.346449507910000000e+11
3.866582849500000000e+10
3.798317642700000000e+10
5.240205596700000000e+10
4.814778278000000000e+10
4.797437061100000000e+10
4.451584519500000000e+10
6.085201756700000000e+10
3.244125082600000000e+10
3.714806686600000000e+10
3.255006109300000000e+10
4.880103437500000000e+10
4.343909609400000000e+10
3.317977195600000000e+10
5.495846422200000000e+10
4.545890687400000000e+10
3.245048025200000000e+10
4.410960719000000000e+10
3.153551087900000000e+10
4.255600756500000000e+10
2.262397351600000000e+10
3.515786492700000000e+10
3.459552581400000000e+10
2.044546574300000000e+10
6.368314808300000000e+10
3.970204190600000000e+10
3.596822915900000000e+10
4.515311658500000000e+10
5.112160716400000000e+10
5.458045616800000000e+10
3.606224205800000000e+10
4.040797158600000000e+10
3.035831440800000000e+10
4.808608589200000000e+10
1.461253960900000000e+10
4.375854233700000000e+10
6.654432545000000000e+09
3.759686447800000000e+10
1.243418775600000000e+10
2.837707872000000000e+10
2.747697159000000000e+10
2.824447859400000000e+10
2.442081150200000000e+10
1.870534050800000000e+10
2.757456730600000000e+10
1.645017604600000000e+10
3.686667609700000000e+10
3.121629114900000000e+10
3.028105113200000000e+10
2.581674218500000000e+10
3.085790038900000000e+10
2.121667857700000000e+10
3.449936018100000000e+10
2.578523584600000000e+10
3.826046956200000000e+10
1.243638710600000000e+10
3.078812182500000000e+10
6.628091981000000000e+09
1.990744084200000000e+10
1.642830118000000000e+10
3.920188922800000000e+10
1.484462626500000000e+10
8.446511107000000000e+09
2.012322168900000000e+10
2.537184885600000000e+10
1.667725843500000000e+10
3.079754332400000000e+10
2.145159875400000000e+10
2.489104080300000000e+10
1.031712837900000000e+10
1.977140156700000000e+10
1.817401288400000000e+10
1.554702504900000000e+10
2.086491731400000000e+10
3.578143152500000000e+10
2.023343298300000000e+10
2.845439334000000000e+10
1.696755581600000000e+10
1.847379601200000000e+10
2.248546559100000000e+10
2.778224691500000000e+10
1.748202042400000000e+10
2.610716175200000000e+10
2.588828693900000000e+10
1.613640992500000000e+10
1.695007639500000000e+10
2.362515440100000000e+10
1.444286277900000000e+10
2.830714038700000000e+10
1.525438535900000000e+10
1.386214699800000000e+10
8.659918266000000000e+09
1.671359630200000000e+10
2.164273944200000000e+10
2.232861693800000000e+10
3.124349272300000000e+10
1.549071338800000000e+10
1.967806496200000000e+10
1.662597398100000000e+10
5.791693287000000000e+09
2.701265421200000000e+10
2.043264247600000000e+10
1.370700606800000000e+10
1.295276344900000000e+10
1.632244142500000000e+10
1.404858805100000000e+10
2.158673522400000000e+10
5.639796338000000000e+09
1.057534141000000000e+10
3.173144682600000000e+10
1.745672344400000000e+10
5.037174361500000000e+10
2.023943748900000000e+10
2.106250799000000000e+10
2.360037186700000000e+10
1.085008574600000000e+10
2.626996120000000000e+09
1.595751804000000000e+09
2.573250709200000000e+10
1.954811873000000000e+09
1.348537868100000000e+10
1.726923004200000000e+10
2.186720061400000000e+10
1.678385118100000000e+10
1.955153354300000000e+10
2.232365429700000000e+10
3.022704463800000000e+10
8.100260424000000000e+09
7.773557860000000000e+09
6.143214609000000000e+09
2.129807722800000000e+10
1.192763043800000000e+10
2.015034922900000000e+10
1.198901779400000000e+10
3.944966284900000000e+10
1.362329847000000000e+10
1.594792911000000000e+10
2.366116972600000000e+10
2.114862216000000000e+10
5.734600267000000000e+09
8.034505251000000000e+09
9.764556842000000000e+09
7.938885604000000000e+09
1.031688062300000000e+10
1.387723747200000000e+10
5.768646216000000000e+09
1.474246960200000000e+10
