17.608000
18.744000
19.880000
21.016000
22.152000
23.288000
24.424000
25.560000
26.696000
27.832000
28.968000
30.104000
31.240000
32.376000
33.512000
34.648000
35.784000
36.920000
38.056000
39.192000
40.328000
41.464000
42.600000
43.736000
44.872000
46.008000
47.144000
48.280000
49.416000
50.552000
51.688000
52.824000
53.960000
55.096000
56.232000
57.368000
58.504000
59.640000
60.776000
61.912000
63.048000
64.184000
65.320000
66.456000
67.592000
68.728000
69.864000
71.000000
72.136000
73.272000
74.408000
75.544000
76.680000
77.816000
78.952000
80.088000
81.224000
82.360000
83.496000
84.632000
85.768000
86.904000
88.040000
89.176000
90.312000
91.448000
92.584000
93.720000
94.856000
95.992000
97.128000
98.264000
99.400000
100.536000
101.672000
102.808000
103.944000
105.080000
106.216000
107.352000
108.488000
109.624000
110.760000
111.896000
113.032000
114.168000
115.304000
116.440000
117.576000
118.712000
119.848000
120.984000
122.120000
123.256000
124.392000
125.528000
126.664000
127.800000
128.936000
130.072000
131.208000
132.344000
133.480000
134.616000
135.752000
136.888000
138.024000
139.160000
140.296000
141.432000
142.568000
143.704000
144.840000
145.976000
147.112000
148.248000
149.384000
150.520000
151.656000
152.792000
153.928000
155.064000
156.200000
157.336000
158.472000
159.608000
160.744000
161.880000
163.016000
164.152000
165.288000
166.424000
167.560000
168.696000
169.832000
170.968000
172.104000
173.240000
174.376000
175.512000
176.648000
177.784000
178.920000
180.056000
181.192000
182.328000
183.464000
184.600000
185.736000
186.872000
188.008000
189.144000
190.280000
191.416000
192.552000
193.688000
194.824000
195.960000
197.096000
198.232000
199.368000
200.504000
201.640000
202.776000
203.912000
205.048000
206.184000
207.320000
208.456000
209.592000
210.728000
211.864000
213.000000
214.136000
215.272000
216.408000
217.544000
218.680000
219.816000
220.952000
222.088000
223.224000
224.360000
225.496000
226.632000
227.768000
228.904000
230.040000
231.176000
232.312000
233.448000
234.584000
235.720000
236.856000
237.992000
239.128000
240.264000
241.400000
242.536000
243.672000
244.808000
245.944000
247.080000
248.216000
249.352000
250.488000
251.624000
252.760000
253.896000
255.032000
256.168000
257.304000
258.440000
259.576000
260.712000
261.848000
262.984000
264.120000
265.256000
266.392000
267.528000
268.664000
269.800000
270.936000
272.072000
273.208000
274.344000
275.480000
276.616000
277.752000
278.888000
280.024000
281.160000
282.296000
283.432000
284.568000
285.704000
286.840000
287.976000
289.112000
290.248000
291.384000
292.520000
293.656000
294.792000
295.928000
297.064000
298.200000
299.336000
300.472000
301.608000
302.744000
303.880000
305.016000
306.152000
307.288000
308.424000
309.560000
310.696000
311.832000
312.968000
314.104000
315.240000
316.376000
317.512000
318.648000
319.784000
320.920000
322.056000
323.192000
324.328000
325.464000
326.600000
327.736000
328.872000
330.008000
331.144000
332.280000
333.416000
334.552000
335.688000
336.824000
337.960000
339.096000
340.232000
341.368000
342.504000
343.640000
344.776000
345.912000
347.048000
348.184000
349.320000
350.456000
351.592000
352.728000
353.864000
355.000000
356.136000
357.272000
358.408000
359.544000
360.680000
361.816000
362.952000
364.088000
365.224000
366.360000
367.496000
368.632000
369.768000
370.904000
372.040000
373.176000
374.312000
375.448000
376.584000
377.720000
378.856000
379.992000
381.128000
382.264000
383.400000
384.536000
385.672000
386.808000
387.944000
389.080000
390.216000
391.352000
392.488000
393.624000
394.760000
395.896000
397.032000
398.168000
399.304000
400.440000
401.576000
402.712000
403.848000
404.984000
406.120000
407.256000
408.392000
409.528000
410.664000
411.800000
412.936000
414.072000
415.208000
416.344000
417.480000
418.616000
419.752000
420.888000
422.024000
423.160000
424.296000
425.432000
426.568000
427.704000
428.840000
429.976000
431.112000
432.248000
433.384000
434.520000
435.656000
436.792000
437.928000
439.064000
440.200000
441.336000
442.472000
443.608000
444.744000
445.880000
447.016000
448.152000
449.288000
450.424000
451.560000
452.696000
453.832000
454.968000
456.104000
457.240000
458.376000
459.512000
460.648000
461.784000
462.920000
464.056000
465.192000
466.328000
467.464000
468.600000
469.736000
470.872000
472.008000
473.144000
474.280000
475.416000
476.552000
477.688000
478.824000
479.960000
481.096000
482.232000
483.368000
484.504000
485.640000
486.776000
487.912000
489.048000
490.184000
491.320000
492.456000
493.592000
494.728000
495.864000
497.000000
498.136000
499.272000
500.408000
501.544000
502.680000
503.816000
504.952000
506.088000
507.224000
508.360000
509.496000
510.632000
511.768000
512.904000
514.040000
515.176000
516.312000
517.448000
518.584000
519.720000
520.856000
521.992000
523.128000
524.264000
525.400000
526.536000
527.672000
528.808000
529.944000
531.080000
532.216000
533.352000
534.488000
535.624000
536.760000
537.896000
539.032000
540.168000
541.304000
542.440000
543.576000
544.712000
545.848000
546.984000
548.120000
549.256000
550.392000
551.528000
552.664000
553.800000
554.936000
556.072000
557.208000
558.344000
559.480000
560.616000
561.752000
562.888000
564.024000
565.160000
566.296000
567.432000
568.568000
569.704000
570.840000
571.976000
573.112000
574.248000
575.384000
576.520000
577.656000
578.792000
579.928000
581.064000
582.200000
583.336000
584.472000
585.608000
586.744000
587.880000
589.016000
590.152000
591.288000
592.424000
593.560000
594.696000
595.832000
596.968000
598.104000
599.240000
600.376000
601.512000
602.648000
603.784000
604.920000
606.056000
607.192000
608.328000
609.464000
610.600000
611.736000
612.872000
614.008000
615.144000
616.280000
617.416000
618.552000
619.688000
620.824000
621.960000
623.096000
624.232000
625.368000
626.504000
627.640000
628.776000
629.912000
631.048000
632.184000
633.320000
634.456000
635.592000
636.728000
637.864000
639.000000
640.136000
641.272000
642.408000
643.544000
644.680000
645.816000
646.952000
648.088000
649.224000
650.360000
651.496000
652.632000
653.768000
654.904000
656.040000
657.176000
658.312000
659.448000
660.584000
661.720000
662.856000
663.992000
665.128000
666.264000
667.400000
668.536000
669.672000
670.808000
671.944000
673.080000
674.216000
675.352000
676.488000
677.624000
678.760000
679.896000
681.032000
682.168000
683.304000
684.440000
685.576000
686.712000
687.848000
688.984000
690.120000
691.256000
692.392000
693.528000
694.664000
695.800000
696.936000
698.072000
699.208000
700.344000
701.480000
702.616000
703.752000
704.888000
706.024000
707.160000
708.296000
709.432000
710.568000
711.704000
712.840000
713.976000
715.112000
716.248000
717.384000
718.520000
719.656000
720.792000
721.928000
723.064000
724.200000
725.336000
726.472000
727.608000
728.744000
729.880000
731.016000
732.152000
733.288000
734.424000
735.560000
736.696000
737.832000
738.968000
740.104000
741.240000
742.376000
743.512000
744.648000
745.784000
746.920000
748.056000
749.192000
750.328000
751.464000
752.600000
753.736000
754.872000
756.008000
757.144000
758.280000
759.416000
760.552000
761.688000
762.824000
763.960000
765.096000
766.232000
767.368000
768.504000
769.640000
770.776000
771.912000
773.048000
774.184000
775.320000
776.456000
777.592000
778.728000
779.864000
781.000000
782.136000
783.272000
784.408000
785.544000
786.680000
787.816000
788.952000
790.088000
791.224000
792.360000
793.496000
794.632000
795.768000
796.904000
799.176000
800.312000
801.448000
802.584000
803.720000
804.856000
805.992000
807.128000
808.264000
809.400000
810.536000
811.672000
812.808000
813.944000
815.080000
816.216000
817.352000
818.488000
819.624000
820.760000
821.896000
823.032000
824.168000
826.440000
827.576000
828.712000
829.848000
830.984000
832.120000
