2763290435667751
2566263879405288
2340487844894190
2191115668707942
2041140927845277
1887307713549283
1781883851980224
1699689208469098
1582686691271239
1506341930696215
1415542086593419
1350527741599885
1287314863054523
1220854644626036
1187961716122294
1115652323096058
1063257304936086
1034032384601164
973385415850683
945666905031964
915963967383490
895834410293364
846682301886265
805465619893230
808787270894573
772972844198781
739190279069619
724092429998869
722633961814718
705720278690532
675375937809833
646643838459702
634004251450189
615728486954623
598032378561392
592084078560225
569730315476641
563337809946092
543713417410030
533843222945631
507659263430073
509372188619079
497725038175037
487701668706968
464348157052289
458203436978673
452875480978544
449415297876330
446672023244864
429390142445197
415801455989418
417972907389963
415155659600322
403293858603602
382853112818532
391360157117615
369769426218501
377053419331230
360006760525613
362159531246579
345773815308341
356317541680107
347679929178236
333739965350535
325837112730094
330723664899534
316249493715366
314954200033261
321581674880755
303918033471801
305250836548872
290229382843328
289697383356211
278600375573175
285205786755534
279640647059444
259968634687795
275232590429777
274464212346844
269601691484360
263089530108116
252613241328883
251673489568446
256729352221332
247902472062131
247638818921741
239533478251546
236427306778178
230833414609239
220967235918778
217404038857723
222718421224151
220966409255896
231574697473111
219171972114630
210774863536486
201387236379350
205670778440920
199493920703807
198735425833951
200392844425533
200952056779771
193428937705889
188622494936848
183007746169835
190134842794993
196601665779949
179895047782398
170890064055781
184365820625915
172871753265650
177510717565921
172889210488104
165208102371850
165833707223765
160679508923709
156460446164691
159659246509589
154739103800177
154765584961711
148320790498049
158779316811763
148199687657218
152646691100779
147673403580823
143420213995524
144493191807062
142835760133033
143492488070654
140681344828386
137581389299132
130694914210777
139892914956198
129505288611041
126369742071796
130249350072831
123891505186440
123550366397354
125749532525486
122023916643231
118479471318776
120753170119726
117545268395112
115405495719948
120324784295867
114607507706822
117857381167659
116500541053919
115571873823873
111591307906945
109313718852577
106361623702814
111097444135905
107329341665444
104054348983815
99419240346270
99240378956368
102886064225711
101087883946014
100066159158156
98677121792005
97142387458332
91791437592461
101098828325666
96724889319488
90611650027012
90543431724158
85686533788535
86161768448590
85646454621531
81605129191875
86804818667019
86923606375815
84161226896889
84151378225932
83744057870604
75207870827702
78197592739163
77340233926372
72569741521809
83045101570538
74074623504955
72359915703861
80482434683755
72926699364430
72626499129291
70126744214756
75063268255060
68944421682086
68130077179860
69717668991011
71088652169266
74361993586949
67905764110217
66761908000263
68842164457684
68666964157650
67204030788694
65503051154286
65565176511956
64719388552004
62885782385064
61591494155291
60980937274207
64517156109358
61013705026698
60259776342633
62927722245738
60525570376655
59317128222869
57905212202722
60307798418547
53256128923596
58329231735992
54951734391122
55480146211579
55098651457380
54565865448345
53635687883233
50524110724173
54038993187329
50191480076559
52344866536210
49117743117680
51535621910077
48918407300840
50351157485013
48239240706585
45729480228496
52637516892051
48915944116510
51594015058386
47633815079588
45743564284564
45395393447139
46904363583760
44066961036796
46738998294217
46057245305257
45100397583243
38819744064369
40531639248089
40903674489903
40802462460862
41940261819618
43180268176899
40351866438878
37355656372808
36944100406473
38324316346620
38844024898351
39347097610282
38490911587729
39599144657773
39673070607769
36474547037334
37945725660952
36114861293760
33804204588560
33361871134918
32412219352115
32421348859828
32849179156000
32382969350947
31878734206121
31258164903673
33279564400697
31542285732528
34720448579750
32577215752801
30110557958788
30390373921170
28181198179847
32953463734233
34810806225707
31170647268472
31473349137036
27299003472218
30285119547881
30304462157096
27368839276592
30230652876745
27689441237975
26956230074188
32495278612009
25691168762832
25400425771843
23617613671539
25246164308385
25608530839265
25155514264794
25188154693176
22313782450532
22701280753494
23295697912025
27207770588754
24864369539885
22326134528474
21960587337104
21599722477291
24133372292728
23583762740018
23790199109592
20116777738168
21001647752638
22438583354148
22005526018977
23872957328400
20585867336375
24412588959232
21323686347369
20435820615474
20533606143553
19435646823379
19443728913273
19714558673289
21418287565271
21760601079449
21903004797426
17520022807680
20924984802456
18720163356142
17871173639924
19082084000867
16198733457875
18157355240250
18364785526848
18346296841685
19411647463411
18805942697949
17581458631657
17879882538364
14347536262405
16268567229690
16520031713760
17902122813001
17012099159828
16928573404641
13010142067050
17017558341762
15279527838133
14422357315196
15403064044978
15378899382909
13015074702214
14602979391581
13761826682526
14008806183364
12323454424913
14597766467934
13219922543275
14936842984891
13115243635002
11149078205292
12354409597337
14664509441393
14393624601050
12359765200872
15825450584902
13532785895325
10521753676061
12385664648544
10879623467016
12608247702325
12719243541582
10356095125734
10775308798070
11632635861619
10881257776458
11173167646914
11005613082840
12442922841177
12106549172005
9769815800104
12356309283104
10265732416808
11939326193377
10326994180864
11676164175871
12078536335086
10358975067283
10207214594852
11246308894297
10057950608646
11184336028866
9646234986207
8289599866751
8222894033557
8339424007876
9796835069058
9343859454822
10066721139519
7986043838030
9166012424794
9872774145225
8209512770369
8871653242885
9464758419384
8386360603651
9396671009258
7417941222453
9207168252891
9404676572759
7232713905408
6620290948667
8091879875754
7251280158226
9413616092588
8953920119073
7172286435974
8039630991787
5098828419067
7867586951874
7851971903619
6825539349381
7434402059036
6139597704039
7374459857698
8096579223220
7619248806731
6871345618380
6864465171749
7843580411523
8725748109549
6067931114872
7131569223766
6588162361051
7019087616343
7024864357415
6140959198899
8203989156449
7215801520948
6316996304144
6334884940607
7447457425516
6727687432076
5936642092171
7158634817922
7370153110753
6300386075831
4899430500576
4736742119963
5425499082056
6442552716836
6438542614239
5364199710449
5626268702452
6496818539920
6288891425446
5325799190450
5956552917610
4490100835753
4194455152506
5263603287779
5863255826848
6263397354386
6222574585921
6496746543725
4996949127949
3802892027293
4793209889959
4796892470990
6549091022849
5647774240793
4846290043900
4562466571474
3996585697755
3956407121076
5064200562582
4891462952731
5087880998070
5404024493389
4788882067927
4607830767947
4934514001849
3129406345239
4787044312675
3842678219769
4710212536109
3870825559905
4073431561825
4646052986873
3964925200703
4818312872694
4958709796472
4572659671688
3463443826126
5048016942676
4383185602638
4632427981513
3562283298006
3492634236204
3022841356919
3557903670003
3418173907061
4282047088350
2738122437877
3531227985933
4445347536782
3315752677244
4032261996039
3125406687184
3364770717403
4733472951021
2384397535881
2564989529663
4420904638136
3205425324920
3452426906846
2934650788308
2994081772399
2474831773018
4499089666266
4353398527032
2993310602688
3020567028668
3290580523266
3661387558480
3192890583075
3865910040290
4050863132921
2569489697222
3216326407324
2413163888000
1127786338963
2353970341450
2278013549900
2623356933803
3350804345213
2903406698788
2585022282912
2235077455877
3155607410266
3099174657138
2772264485719
3618798417734
1944929923882
2569364143401
2404761934461
2813327275013
3127290439788
3247874008537
2044638203999
3518013916161
2348498412726
1857102292617
2654176727337
2380772324892
1600080880612
2628552633953
2155467672738
3910394089695
1387164979478
2210079010680
2443200515757
2066673131064
1816082945931
1861192704318
1935662103201
1613757248890
2145235560471
2288251896319
1976039370629
1746861978086
1347410408120
1743410763759
1850313308821
2546382348145
2152237230704
1741845936886
1793610398252
1863240561756
1649898926799
1748596850368
1393064874272
1893107098651
1304625163964
1773176803907
1559249438124
2249216034672
1387968590546
1311533626711
2006048946241
1809190620982
2520242143013
1256429414010
1864465958552
1407214799948
1271509771279
1019631082583
1376858464316
1678082008931
2336784969062
1740769640251
2424861512942
1686259110285
1458475881479
1366463467247
1494512158292
1458779492305
1503237630576
2190969087601
939406820301
1650727588423
1048036682941
1650351746351
1415597296709
2298680646608
888743125653
1654210231864
1237779208358
1157694588048
1797043303123
1460540512926
1401013415040
1264590161438
1646343216605
1734658471768
1178713677322
1113012623624
998817712496
1522642480562
422519488918
883256538418
1461851253590
1220090211220
1326086895753
714174505909
843391864401
732704767999
1182913067970
811681214540
592972959291
605082365407
1015212032826
1332599912722
366772385279
550371670487
570233919612
914338513505
852660758759
1038590958071
552573607399
1100987035626
1059383232818
1578200597490
1126950768111
1050985753558
864808706159
1540286457555
560740186488
732799551000
766021475312
601431012412
1526169401699
353243245787
1091402446600
1105314522472
767899735109
323467673737
705298274356
1281521716232
902673725311
549520364232
801985113103
882324175449
1057859692912
802932504295
1245476196974
407235436559
822310305188
813858320410
922964489714
754931478055
445039795568
1009466173027
1190558359787
935813530802
445681837873
224199456261
561202164609
702574893982
86521596408
310450842758
456855765548
516932665960
798295704191
401096887122
684598196563
561087037983
399151335164
652319058103
525532571658
481041692932
534637798604
549839440374
550021180727
289539105166
366992820124
541142762209
472293694811
643676896680
606342265177
431253195512
296916527271
520819905704
441838671609
586680127496
647802882593
175428505628
440532706604
615510157071
162235370477
441704419841
983151017188
192813923784
681227941109
322611087203
463642336132
234443358955
475046259216
502033240655
563961441868
299426355379
345458856232
478163017096
301692072974
389103833302
180271258576
659313292429
377451737554
507020473804
315810753322
168015885207
274779153177
720549603556
397207808992
576961767847
322679211814
257275781347
314093095632
432812101259
299130735654
460019480228
584042276853
367494920881
675683450329
234636652783
429812087166
580167929976
294725625624
28148208599
180151883508
418664290672
535595677645
204187422974
48138006653
190593428080
198313703665
301652454332
564058566862
554723116127
316628926136
159864873663
122639390754
421370408143
376256734626
286826548043
236084214577
438082826674
