0.000000
0.032000
0.064000
0.096000
0.128000
0.160000
0.192000
0.224000
0.256000
0.288000
0.320000
0.352000
0.384000
0.416000
0.448000
0.480000
0.512000
0.544000
0.576000
0.608000
0.640000
0.672000
0.704000
0.736000
0.768000
0.800000
0.832000
0.864000
0.896000
0.928000
0.960000
0.992000
1.024000
1.056000
1.088000
1.120000
1.152000
1.184000
1.216000
1.248000
1.280000
1.312000
1.344000
1.376000
1.408000
1.440000
1.472000
1.504000
1.536000
1.568000
1.600000
1.632000
1.664000
1.696000
1.728000
1.760000
1.792000
1.824000
1.856000
1.888000
1.920000
1.952000
1.984000
2.016000
2.048000
2.080000
2.112000
2.144000
2.176000
2.208000
2.240000
2.272000
2.304000
2.336000
2.368000
2.400000
2.432000
2.464000
2.496000
2.528000
2.560000
2.592000
2.624000
2.656000
2.688000
2.720000
2.752000
2.784000
2.816000
2.848000
2.880000
2.912000
2.944000
2.976000
3.008000
3.040000
3.072000
3.104000
3.136000
3.168000
3.200000
3.232000
3.264000
3.296000
3.328000
3.360000
3.392000
3.424000
3.456000
3.488000
3.520000
3.552000
3.584000
3.616000
3.648000
3.680000
3.712000
3.744000
3.776000
3.808000
3.840000
3.872000
3.904000
3.936000
3.968000
4.000000
4.032000
4.064000
4.096000
4.128000
4.160000
4.192000
4.224000
4.256000
4.288000
4.320000
4.352000
4.384000
4.416000
4.448000
4.480000
4.512000
4.544000
4.576000
4.608000
4.640000
4.672000
4.704000
4.736000
4.768000
4.800000
4.832000
4.864000
4.896000
4.928000
4.960000
4.992000
5.024000
5.056000
5.088000
5.120000
5.152000
5.184000
5.216000
5.248000
5.280000
5.312000
5.344000
5.376000
5.408000
5.440000
5.472000
5.504000
5.536000
5.568000
5.600000
5.632000
5.664000
5.696000
5.728000
5.760000
5.792000
5.824000
5.856000
5.888000
5.920000
5.952000
5.984000
6.016000
6.048000
6.080000
6.112000
6.144000
6.176000
6.208000
6.240000
6.272000
6.304000
6.336000
6.368000
6.400000
6.432000
6.464000
6.496000
6.528000
6.560000
6.592000
6.624000
6.656000
6.688000
6.720000
6.752000
6.784000
6.816000
6.848000
6.880000
6.912000
6.944000
6.976000
7.008000
7.040000
7.072000
7.104000
7.136000
7.168000
7.200000
7.232000
7.264000
7.296000
7.328000
7.360000
7.392000
7.424000
7.456000
7.488000
7.520000
7.552000
7.584000
7.616000
7.648000
7.680000
7.712000
7.744000
7.776000
7.808000
7.840000
7.872000
7.904000
7.936000
7.968000
8.000000
8.032000
8.064000
8.096000
8.128000
8.160000
8.192000
8.224000
8.256000
8.288000
8.320000
8.352000
8.384000
8.416000
8.448000
8.480000
8.512000
8.544000
8.576000
8.608000
8.640000
8.672000
8.704000
8.736000
8.768000
8.800000
8.832000
8.864000
8.896000
8.928000
8.960000
8.992000
9.024000
9.056000
9.088000
9.120000
9.152000
9.184000
9.216000
9.248000
9.280000
9.312000
9.344000
9.376000
9.408000
9.440000
9.472000
9.504000
9.536000
9.568000
9.600000
9.632000
9.664000
9.696000
9.728000
9.760000
9.792000
9.824000
9.856000
9.888000
9.920000
9.952000
9.984000
10.016000
10.048000
10.080000
10.112000
10.144000
10.176000
10.208000
10.240000
10.272000
10.304000
10.336000
10.368000
10.400000
10.432000
10.464000
10.496000
10.528000
10.560000
10.592000
10.624000
10.656000
10.688000
10.720000
10.752000
10.784000
10.816000
10.848000
10.880000
10.912000
10.944000
10.976000
11.008000
11.040000
11.072000
11.104000
11.136000
11.168000
11.200000
11.232000
11.264000
11.296000
11.328000
11.360000
11.392000
11.424000
11.456000
11.488000
11.520000
11.552000
11.584000
11.616000
11.648000
11.680000
11.712000
11.744000
11.776000
11.808000
11.840000
11.872000
11.904000
11.936000
11.968000
12.000000
12.032000
12.064000
12.096000
12.128000
12.160000
12.192000
12.224000
12.256000
12.288000
12.320000
12.352000
12.384000
12.416000
12.448000
12.480000
12.512000
12.544000
12.576000
12.608000
12.640000
12.672000
12.704000
12.736000
12.768000
12.800000
12.832000
12.864000
12.896000
12.928000
12.960000
12.992000
13.024000
13.056000
13.088000
13.120000
13.152000
13.184000
13.216000
13.248000
13.280000
13.312000
13.344000
13.376000
13.408000
13.440000
13.472000
13.504000
13.536000
13.568000
13.600000
13.632000
13.664000
13.696000
13.728000
13.760000
13.792000
13.824000
13.856000
13.888000
13.920000
13.952000
13.984000
14.016000
14.048000
14.080000
14.112000
14.144000
14.176000
14.208000
14.240000
14.272000
14.304000
14.336000
14.368000
14.400000
14.432000
14.464000
14.496000
14.528000
14.560000
14.592000
14.624000
14.656000
14.688000
14.720000
14.752000
14.784000
14.816000
14.848000
14.880000
14.912000
14.944000
14.976000
15.008000
15.040000
15.072000
15.104000
15.136000
15.168000
15.200000
15.232000
15.264000
15.296000
15.328000
15.360000
15.392000
15.424000
15.456000
15.488000
15.520000
15.552000
15.584000
15.616000
15.648000
15.680000
15.712000
15.744000
15.776000
15.808000
15.840000
15.872000
15.904000
15.936000
15.968000
16.000000
16.032000
16.064000
16.096000
16.128000
16.160000
16.192000
16.224000
16.256000
16.288000
16.320000
16.352000
16.384000
16.416000
16.448000
16.480000
16.512000
16.544000
16.576000
16.608000
16.640000
16.672000
16.704000
16.736000
16.768000
16.800000
16.832000
16.864000
16.896000
16.928000
16.960000
16.992000
17.024000
17.056000
17.088000
17.120000
17.152000
17.184000
17.216000
17.248000
17.280000
17.312000
17.344000
17.376000
17.408000
17.440000
17.472000
17.504000
17.536000
17.568000
17.600000
17.632000
17.664000
17.696000
17.728000
17.760000
17.792000
17.824000
17.856000
17.888000
17.920000
17.952000
17.984000
18.016000
18.048000
18.080000
18.112000
18.144000
18.176000
18.208000
18.240000
18.272000
18.304000
18.336000
18.368000
18.400000
18.432000
18.464000
18.496000
18.528000
18.560000
18.592000
18.624000
18.656000
18.688000
18.720000
18.752000
18.784000
18.816000
18.848000
18.880000
18.912000
18.944000
18.976000
19.008000
19.040000
19.072000
19.104000
19.136000
19.168000
19.200000
19.232000
19.264000
19.296000
19.328000
19.360000
19.392000
19.424000
19.456000
19.488000
19.520000
19.552000
19.584000
19.616000
19.648000
19.680000
19.712000
19.744000
19.776000
19.808000
19.840000
19.872000
19.904000
19.936000
19.968000
20.000000
20.032000
20.064000
20.096000
20.128000
20.160000
20.192000
20.224000
20.256000
20.288000
20.320000
20.352000
20.384000
20.416000
20.448000
20.480000
20.512000
20.544000
20.576000
20.608000
20.640000
20.672000
20.704000
20.736000
20.768000
20.800000
20.832000
20.864000
20.896000
20.928000
20.960000
20.992000
21.024000
21.056000
21.088000
21.120000
21.152000
21.184000
21.216000
21.248000
21.280000
21.312000
21.344000
21.376000
21.408000
21.440000
21.472000
21.504000
21.536000
21.568000
21.600000
21.632000
21.664000
21.696000
21.728000
21.760000
21.792000
21.824000
21.856000
21.888000
21.920000
21.952000
21.984000
22.016000
22.048000
22.080000
22.112000
22.144000
22.176000
22.208000
22.240000
22.272000
22.304000
22.336000
22.368000
22.400000
22.432000
22.464000
22.496000
22.528000
22.560000
22.592000
22.624000
22.656000
22.688000
22.720000
22.752000
22.784000
22.816000
22.848000
22.880000
22.912000
22.944000
22.976000
23.008000
23.040000
23.072000
23.104000
23.136000
23.168000
23.200000
23.232000
23.264000
23.296000
23.328000
23.360000
23.392000
23.424000
23.456000
23.488000
23.520000
23.552000
23.584000
23.616000
23.648000
23.680000
23.712000
23.744000
23.776000
23.808000
23.840000
23.872000
23.904000
23.936000
23.968000
24.000000
24.032000
24.064000
24.096000
24.128000
24.160000
24.192000
24.224000
24.256000
24.288000
24.320000
24.352000
24.384000
24.416000
24.448000
24.480000
24.512000
24.544000
24.576000
24.608000
24.640000
24.672000
24.704000
24.736000
24.768000
24.800000
24.832000
24.864000
24.896000
24.928000
24.960000
24.992000
25.024000
25.056000
25.088000
25.120000
25.152000
25.184000
25.216000
25.248000
25.280000
25.312000
25.344000
25.376000
25.408000
25.440000
25.472000
25.504000
25.536000
25.568000
25.600000
25.632000
25.664000
25.696000
25.728000
25.760000
25.792000
25.824000
25.856000
25.888000
25.920000
25.952000
25.984000
26.016000
26.048000
26.080000
26.112000
26.144000
26.176000
26.208000
26.240000
26.272000
26.304000
26.336000
26.368000
26.400000
26.432000
26.464000
26.496000
26.528000
26.560000
26.592000
26.624000
26.656000
26.688000
26.720000
26.752000
26.784000
26.816000
26.848000
26.880000
26.912000
26.944000
26.976000
27.008000
27.040000
27.072000
27.104000
27.136000
27.168000
27.200000
27.232000
27.264000
27.296000
27.328000
27.360000
27.392000
27.424000
27.456000
27.488000
27.520000
27.552000
27.584000
27.616000
27.648000
27.680000
27.712000
27.744000
27.776000
27.808000
27.840000
27.872000
27.904000
27.936000
27.968000
28.000000
28.032000
28.064000
28.096000
28.128000
28.160000
28.192000
28.224000
28.256000
28.288000
28.320000
28.352000
28.384000
28.416000
28.448000
28.480000
28.512000
28.544000
28.576000
28.608000
28.640000
28.672000
28.704000
28.736000
28.768000
28.800000
28.832000
28.864000
28.896000
28.928000
28.960000
28.992000
29.024000
29.056000
29.088000
29.120000
29.152000
29.184000
29.216000
29.248000
29.280000
29.312000
29.344000
29.376000
29.408000
29.440000
29.472000
29.504000
29.536000
29.568000
29.600000
29.632000
29.664000
29.696000
29.728000
29.760000
29.792000
29.824000
29.856000
29.888000
29.920000
29.952000
29.984000
30.016000
30.048000
30.080000
30.112000
30.144000
30.176000
30.208000
30.240000
30.272000
30.304000
30.336000
30.368000
30.400000
30.432000
30.464000
30.496000
30.528000
30.560000
30.592000
30.624000
30.656000
30.688000
30.720000
30.752000
30.784000
30.816000
30.848000
30.880000
30.912000
30.944000
30.976000
31.008000
31.040000
31.072000
31.104000
31.136000
31.168000
31.200000
31.232000
31.264000
31.296000
31.328000
31.360000
31.392000
31.424000
31.456000
31.488000
31.520000
31.552000
31.584000
31.616000
31.648000
31.680000
31.712000
31.744000
31.776000
31.808000
31.840000
31.872000
31.904000
31.936000
31.968000
32.000000
