6.212500
6.567500
6.922500
7.277500
7.632500
7.987500
8.342500
8.697500
9.052500
9.407500
9.762500
10.117500
10.472500
10.827500
11.182500
11.537500
11.892500
12.247500
12.602500
12.957500
13.312500
13.667500
14.022500
14.377500
14.732500
15.087500
15.442500
15.797500
16.152500
16.507500
16.862500
17.217500
17.572500
17.927500
18.282500
18.637500
18.992500
19.347500
19.702500
20.057500
20.412500
20.767500
21.122500
21.477500
21.832500
22.187500
22.542500
22.897500
23.252500
23.607500
23.962500
24.317500
24.672500
25.027500
25.382500
25.737500
26.092500
26.447500
26.802500
27.157500
27.512500
27.867500
28.222500
28.577500
28.932500
29.287500
29.642500
29.997500
30.352500
30.707500
31.062500
31.417500
31.772500
32.127500
32.482500
32.837500
33.192500
33.547500
33.902500
34.257500
34.612500
34.967500
35.322500
35.677500
36.032500
36.387500
36.742500
37.097500
37.452500
37.807500
38.162500
38.517500
38.872500
39.227500
39.582500
39.937500
40.292500
40.647500
41.002500
41.357500
41.712500
42.067500
42.422500
42.777500
43.132500
43.487500
43.842500
44.197500
44.552500
44.907500
45.262500
45.617500
45.972500
46.327500
46.682500
47.037500
47.392500
47.747500
48.102500
48.457500
48.812500
49.167500
49.522500
49.877500
50.232500
50.587500
50.942500
51.297500
51.652500
52.007500
52.362500
52.717500
53.072500
53.427500
53.782500
54.137500
54.492500
54.847500
55.202500
55.557500
55.912500
56.267500
56.622500
56.977500
57.332500
57.687500
58.042500
58.397500
58.752500
59.107500
59.462500
59.817500
60.172500
60.527500
60.882500
61.237500
61.592500
61.947500
62.302500
62.657500
63.012500
63.367500
63.722500
64.077500
64.432500
64.787500
65.142500
65.497500
65.852500
66.207500
66.562500
66.917500
67.272500
67.627500
67.982500
68.337500
68.692500
69.047500
69.402500
69.757500
70.112500
70.467500
70.822500
71.177500
71.532500
71.887500
72.242500
72.597500
72.952500
73.307500
73.662500
74.017500
74.372500
74.727500
75.082500
75.437500
75.792500
76.147500
76.502500
76.857500
77.212500
77.567500
77.922500
78.277500
78.632500
78.987500
79.342500
79.697500
80.052500
80.407500
80.762500
81.117500
81.472500
81.827500
82.182500
82.537500
82.892500
83.247500
83.602500
83.957500
84.312500
84.667500
85.022500
85.377500
85.732500
86.087500
86.442500
86.797500
87.152500
87.507500
87.862500
88.217500
88.572500
88.927500
89.282500
89.637500
89.992500
90.347500
90.702500
91.057500
91.412500
91.767500
92.122500
92.477500
92.832500
93.187500
93.542500
93.897500
94.252500
94.607500
94.962500
95.317500
95.672500
96.027500
96.382500
96.737500
97.092500
97.447500
97.802500
98.157500
98.512500
98.867500
99.222500
99.577500
99.932500
100.287500
100.642500
100.997500
101.352500
101.707500
102.062500
102.417500
102.772500
103.127500
103.482500
103.837500
104.192500
104.547500
104.902500
105.257500
105.612500
105.967500
106.322500
106.677500
107.032500
107.387500
107.742500
108.097500
108.452500
108.807500
109.162500
109.517500
109.872500
110.227500
110.582500
110.937500
111.292500
111.647500
112.002500
112.357500
112.712500
113.067500
113.422500
113.777500
114.132500
114.487500
114.842500
115.197500
115.552500
115.907500
116.262500
116.617500
116.972500
117.327500
117.682500
118.037500
118.392500
118.747500
119.102500
119.457500
119.812500
120.167500
120.522500
120.877500
121.232500
121.587500
121.942500
122.297500
122.652500
123.007500
123.362500
123.717500
124.072500
124.427500
124.782500
125.137500
125.492500
125.847500
126.202500
126.557500
126.912500
127.267500
127.622500
127.977500
128.332500
128.687500
129.042500
129.397500
129.752500
130.107500
130.462500
130.817500
131.172500
131.527500
131.882500
132.237500
132.592500
132.947500
133.302500
133.657500
134.012500
134.367500
134.722500
135.077500
135.432500
135.787500
136.142500
136.497500
136.852500
137.207500
137.562500
137.917500
138.272500
138.627500
138.982500
139.337500
139.692500
140.047500
140.402500
140.757500
141.112500
141.467500
141.822500
142.177500
142.532500
142.887500
143.242500
143.597500
143.952500
144.307500
144.662500
145.017500
145.372500
145.727500
146.082500
146.437500
146.792500
147.147500
147.502500
147.857500
148.212500
148.567500
148.922500
149.277500
149.632500
149.987500
150.342500
150.697500
151.052500
151.407500
151.762500
152.117500
152.472500
152.827500
153.182500
153.537500
153.892500
154.247500
154.602500
154.957500
155.312500
155.667500
156.022500
156.377500
156.732500
157.087500
157.442500
157.797500
158.152500
158.507500
158.862500
159.217500
159.572500
159.927500
160.282500
160.637500
160.992500
161.347500
161.702500
162.057500
162.412500
162.767500
163.122500
163.477500
163.832500
164.187500
164.542500
164.897500
165.252500
165.607500
165.962500
166.317500
166.672500
167.027500
167.382500
167.737500
168.092500
168.447500
168.802500
169.157500
169.512500
169.867500
170.222500
170.577500
170.932500
171.287500
171.642500
171.997500
172.352500
172.707500
173.062500
173.417500
173.772500
174.127500
174.482500
174.837500
175.192500
175.547500
175.902500
176.257500
176.612500
176.967500
177.322500
177.677500
178.032500
178.387500
178.742500
179.097500
179.452500
179.807500
180.162500
180.517500
180.872500
181.227500
181.582500
181.937500
182.292500
182.647500
183.002500
183.357500
183.712500
184.067500
184.422500
184.777500
185.132500
185.487500
185.842500
186.197500
186.552500
186.907500
187.262500
187.617500
188.327500
188.682500
189.037500
189.392500
189.747500
190.102500
190.457500
190.812500
191.167500
191.522500
191.877500
192.232500
192.587500
192.942500
193.297500
193.652500
194.007500
194.362500
194.717500
195.072500
195.427500
