0.000000
1.596000
3.192000
4.788000
6.384000
7.980000
9.576000
11.172000
12.768000
14.364000
15.960000
17.556000
19.152000
20.748000
22.344000
23.940000
25.536000
27.132000
28.728000
30.324000
31.920000
33.516000
35.112000
36.708000
38.304000
39.900000
41.496000
43.092000
44.688000
46.284000
47.880000
49.476000
51.072000
52.668000
54.264000
55.860000
57.456000
59.052000
60.648000
62.244000
63.840000
65.436000
67.032000
68.628000
70.224000
71.820000
73.416000
75.012000
76.608000
78.204000
79.800000
81.396000
82.992000
84.588000
86.184000
87.780000
89.376000
90.972000
92.568000
94.164000
95.760000
97.356000
98.952000
100.548000
102.144000
103.740000
105.336000
106.932000
108.528000
110.124000
111.720000
113.316000
114.912000
116.508000
118.104000
119.700000
121.296000
122.892000
124.488000
126.084000
127.680000
129.276000
130.872000
132.468000
134.064000
135.660000
137.256000
138.852000
140.448000
142.044000
143.640000
145.236000
146.832000
148.428000
150.024000
151.620000
153.216000
154.812000
156.408000
158.004000
159.600000
161.196000
162.792000
164.388000
165.984000
167.580000
169.176000
170.772000
172.368000
173.964000
175.560000
177.156000
178.752000
180.348000
181.944000
183.540000
185.136000
186.732000
188.328000
189.924000
191.520000
193.116000
194.712000
196.308000
197.904000
199.500000
201.096000
202.692000
204.288000
205.884000
207.480000
209.076000
210.672000
212.268000
213.864000
215.460000
217.056000
218.652000
220.248000
221.844000
223.440000
225.036000
226.632000
228.228000
229.824000
231.420000
233.016000
234.612000
236.208000
237.804000
239.400000
240.996000
242.592000
244.188000
245.784000
247.380000
248.976000
250.572000
252.168000
253.764000
255.360000
256.956000
258.552000
260.148000
261.744000
263.340000
264.936000
266.532000
268.128000
269.724000
271.320000
272.916000
274.512000
276.108000
277.704000
279.300000
280.896000
282.492000
284.088000
285.684000
287.280000
288.876000
290.472000
292.068000
293.664000
295.260000
296.856000
298.452000
300.048000
301.644000
303.240000
304.836000
306.432000
308.028000
309.624000
311.220000
312.816000
314.412000
316.008000
317.604000
319.200000
320.796000
322.392000
323.988000
325.584000
327.180000
328.776000
330.372000
331.968000
333.564000
335.160000
336.756000
338.352000
339.948000
341.544000
343.140000
344.736000
346.332000
347.928000
349.524000
351.120000
352.716000
354.312000
355.908000
357.504000
359.100000
360.696000
362.292000
363.888000
365.484000
367.080000
368.676000
370.272000
371.868000
373.464000
375.060000
376.656000
378.252000
379.848000
381.444000
383.040000
384.636000
386.232000
387.828000
389.424000
391.020000
392.616000
394.212000
395.808000
397.404000
399.000000
400.596000
402.192000
403.788000
405.384000
406.980000
408.576000
410.172000
411.768000
413.364000
414.960000
416.556000
418.152000
419.748000
421.344000
422.940000
424.536000
426.132000
427.728000
429.324000
430.920000
432.516000
434.112000
435.708000
437.304000
438.900000
440.496000
442.092000
443.688000
445.284000
446.880000
448.476000
450.072000
451.668000
453.264000
454.860000
456.456000
458.052000
459.648000
461.244000
462.840000
464.436000
466.032000
467.628000
469.224000
470.820000
472.416000
474.012000
475.608000
477.204000
478.800000
480.396000
481.992000
483.588000
485.184000
486.780000
488.376000
489.972000
491.568000
493.164000
494.760000
496.356000
497.952000
499.548000
501.144000
502.740000
504.336000
505.932000
507.528000
509.124000
510.720000
512.316000
513.912000
515.508000
517.104000
518.700000
520.296000
521.892000
523.488000
525.084000
526.680000
528.276000
529.872000
531.468000
533.064000
534.660000
536.256000
537.852000
539.448000
541.044000
542.640000
544.236000
545.832000
547.428000
549.024000
550.620000
552.216000
553.812000
555.408000
557.004000
558.600000
560.196000
561.792000
563.388000
564.984000
566.580000
568.176000
569.772000
571.368000
572.964000
574.560000
576.156000
577.752000
579.348000
580.944000
582.540000
584.136000
585.732000
587.328000
588.924000
590.520000
592.116000
593.712000
595.308000
596.904000
598.500000
600.096000
601.692000
603.288000
604.884000
606.480000
608.076000
609.672000
611.268000
612.864000
614.460000
616.056000
617.652000
619.248000
620.844000
622.440000
624.036000
625.632000
627.228000
628.824000
630.420000
632.016000
633.612000
635.208000
636.804000
638.400000
639.996000
641.592000
643.188000
644.784000
646.380000
647.976000
649.572000
651.168000
652.764000
654.360000
655.956000
657.552000
659.148000
660.744000
662.340000
663.936000
665.532000
667.128000
668.724000
670.320000
671.916000
673.512000
675.108000
676.704000
678.300000
679.896000
681.492000
683.088000
684.684000
686.280000
687.876000
689.472000
691.068000
692.664000
694.260000
695.856000
697.452000
699.048000
700.644000
702.240000
703.836000
705.432000
707.028000
708.624000
710.220000
711.816000
713.412000
715.008000
716.604000
718.200000
719.796000
721.392000
722.988000
724.584000
726.180000
727.776000
729.372000
730.968000
732.564000
734.160000
735.756000
737.352000
738.948000
740.544000
742.140000
743.736000
745.332000
746.928000
748.524000
750.120000
751.716000
753.312000
754.908000
756.504000
758.100000
759.696000
761.292000
762.888000
764.484000
766.080000
767.676000
769.272000
770.868000
772.464000
774.060000
775.656000
777.252000
778.848000
780.444000
782.040000
783.636000
785.232000
786.828000
788.424000
790.020000
791.616000
793.212000
794.808000
796.404000
798.000000
799.596000
801.192000
802.788000
804.384000
805.980000
807.576000
809.172000
810.768000
812.364000
813.960000
815.556000
817.152000
818.748000
820.344000
821.940000
823.536000
825.132000
826.728000
828.324000
829.920000
831.516000
833.112000
834.708000
836.304000
837.900000
839.496000
841.092000
842.688000
844.284000
845.880000
847.476000
849.072000
850.668000
852.264000
853.860000
855.456000
857.052000
858.648000
860.244000
861.840000
863.436000
865.032000
866.628000
868.224000
869.820000
871.416000
873.012000
874.608000
876.204000
877.800000
879.396000
880.992000
882.588000
884.184000
885.780000
887.376000
888.972000
890.568000
892.164000
893.760000
895.356000
896.952000
898.548000
900.144000
901.740000
903.336000
904.932000
906.528000
908.124000
909.720000
911.316000
912.912000
914.508000
916.104000
917.700000
919.296000
920.892000
922.488000
924.084000
925.680000
927.276000
928.872000
930.468000
932.064000
933.660000
935.256000
936.852000
938.448000
940.044000
941.640000
943.236000
944.832000
946.428000
948.024000
949.620000
951.216000
952.812000
954.408000
956.004000
957.600000
959.196000
960.792000
962.388000
963.984000
965.580000
967.176000
968.772000
970.368000
971.964000
973.560000
975.156000
976.752000
978.348000
979.944000
981.540000
983.136000
984.732000
986.328000
987.924000
989.520000
991.116000
992.712000
994.308000
995.904000
997.500000
999.096000
1000.692000
1002.288000
1003.884000
1005.480000
1007.076000
1008.672000
1010.268000
1011.864000
1013.460000
1015.056000
1016.652000
1018.248000
1019.844000
1021.440000
1023.036000
1024.632000
1026.228000
1027.824000
1029.420000
1031.016000
1032.612000
1034.208000
1035.804000
1037.400000
1038.996000
1040.592000
1042.188000
1043.784000
1045.380000
1046.976000
1048.572000
1050.168000
1051.764000
1053.360000
1054.956000
1056.552000
1058.148000
1059.744000
1061.340000
1062.936000
1064.532000
1066.128000
1067.724000
1069.320000
1070.916000
1072.512000
1074.108000
1075.704000
1077.300000
1078.896000
1080.492000
1082.088000
1083.684000
1085.280000
1086.876000
1088.472000
1090.068000
1091.664000
1093.260000
1094.856000
1096.452000
1098.048000
1099.644000
1101.240000
1102.836000
1104.432000
1106.028000
1107.624000
1109.220000
1110.816000
1112.412000
1114.008000
1115.604000
1117.200000
1118.796000
1120.392000
1121.988000
1123.584000
1125.180000
1126.776000
1128.372000
1129.968000
1131.564000
1133.160000
1134.756000
1136.352000
1137.948000
1139.544000
1141.140000
1142.736000
1144.332000
1145.928000
1147.524000
1149.120000
1150.716000
1152.312000
1153.908000
1155.504000
1157.100000
1158.696000
1160.292000
1161.888000
1163.484000
1165.080000
1166.676000
1168.272000
1169.868000
1171.464000
1173.060000
1174.656000
1176.252000
1177.848000
1179.444000
1181.040000
1182.636000
1184.232000
1185.828000
1187.424000
1189.020000
1190.616000
1192.212000
1193.808000
1195.404000
1197.000000
1198.596000
1200.192000
1201.788000
1203.384000
1204.980000
1206.576000
1208.172000
1209.768000
1211.364000
1212.960000
1214.556000
1216.152000
1217.748000
1219.344000
1220.940000
1222.536000
1224.132000
1225.728000
1227.324000
1228.920000
1230.516000
1232.112000
1233.708000
1235.304000
1236.900000
1238.496000
1240.092000
1241.688000
1243.284000
1244.880000
1246.476000
1248.072000
1249.668000
1251.264000
1252.860000
1254.456000
1256.052000
1257.648000
1259.244000
1260.840000
1262.436000
1264.032000
1265.628000
1267.224000
1268.820000
1270.416000
1272.012000
1273.608000
1275.204000
1276.800000
1278.396000
1279.992000
1281.588000
1283.184000
1284.780000
1286.376000
1287.972000
1289.568000
1291.164000
1292.760000
1294.356000
1295.952000
1297.548000
1299.144000
1300.740000
1302.336000
1303.932000
1305.528000
1307.124000
1308.720000
1310.316000
1311.912000
1313.508000
1315.104000
1316.700000
1318.296000
1319.892000
1321.488000
1323.084000
1324.680000
1326.276000
1327.872000
1329.468000
1331.064000
1332.660000
1334.256000
1335.852000
1337.448000
1339.044000
1340.640000
1342.236000
1343.832000
1345.428000
1347.024000
1348.620000
1350.216000
1351.812000
1353.408000
1355.004000
1356.600000
1358.196000
1359.792000
1361.388000
1362.984000
1364.580000
1366.176000
1367.772000
1369.368000
1370.964000
1372.560000
1374.156000
1375.752000
1377.348000
1378.944000
1380.540000
1382.136000
1383.732000
1385.328000
1386.924000
1388.520000
1390.116000
1391.712000
1393.308000
1394.904000
1396.500000
1398.096000
1399.692000
1401.288000
1402.884000
1404.480000
1406.076000
1407.672000
1409.268000
1410.864000
1412.460000
1414.056000
1415.652000
1417.248000
1418.844000
1420.440000
1422.036000
1423.632000
1425.228000
1426.824000
1428.420000
1430.016000
1431.612000
1433.208000
1434.804000
1436.400000
1437.996000
1439.592000
1441.188000
1442.784000
1444.380000
1445.976000
1447.572000
1449.168000
1450.764000
1452.360000
1453.956000
1455.552000
1457.148000
1458.744000
1460.340000
1461.936000
1463.532000
1465.128000
1466.724000
1468.320000
1469.916000
1471.512000
1473.108000
1474.704000
1476.300000
1477.896000
1479.492000
1481.088000
1482.684000
1484.280000
1485.876000
1487.472000
1489.068000
1490.664000
1492.260000
1493.856000
1495.452000
1497.048000
1498.644000
1500.240000
1501.836000
1503.432000
1505.028000
1506.624000
1508.220000
1509.816000
1511.412000
1513.008000
1514.604000
1516.200000
1517.796000
1519.392000
1520.988000
1522.584000
1524.180000
1525.776000
1527.372000
1528.968000
1530.564000
1532.160000
1533.756000
1535.352000
1536.948000
1538.544000
1540.140000
1541.736000
1543.332000
1544.928000
1546.524000
1548.120000
1549.716000
1551.312000
1552.908000
1554.504000
1556.100000
1557.696000
1559.292000
1560.888000
1562.484000
1564.080000
1565.676000
1567.272000
1568.868000
1570.464000
1572.060000
1573.656000
1575.252000
1576.848000
1578.444000
1580.040000
1581.636000
1583.232000
1584.828000
1586.424000
1588.020000
1589.616000
1591.212000
1592.808000
1594.404000
1596.000000
