0.000000
3.890000
7.780000
11.670000
15.560000
19.450000
23.340000
27.230000
31.120000
35.010000
38.900000
42.790000
46.680000
50.570000
54.460000
58.350000
62.240000
66.130000
70.020000
73.910000
77.800000
81.690000
85.580000
89.470000
93.360000
97.250000
101.140000
105.030000
108.920000
112.810000
116.700000
120.590000
124.480000
128.370000
132.260000
136.150000
140.040000
143.930000
147.820000
151.710000
155.600000
159.490000
163.380000
167.270000
171.160000
175.050000
178.940000
182.830000
186.720000
190.610000
194.500000
198.390000
202.280000
206.170000
210.060000
213.950000
217.840000
221.730000
225.620000
229.510000
233.400000
237.290000
241.180000
245.070000
248.960000
252.850000
256.740000
260.630000
264.520000
268.410000
272.300000
276.190000
280.080000
283.970000
287.860000
291.750000
295.640000
299.530000
303.420000
307.310000
311.200000
315.090000
318.980000
322.870000
326.760000
330.650000
334.540000
338.430000
342.320000
346.210000
350.100000
353.990000
357.880000
361.770000
365.660000
369.550000
373.440000
377.330000
381.220000
385.110000
389.000000
392.890000
396.780000
400.670000
404.560000
408.450000
412.340000
416.230000
420.120000
424.010000
427.900000
431.790000
435.680000
439.570000
443.460000
447.350000
451.240000
455.130000
459.020000
462.910000
466.800000
470.690000
474.580000
478.470000
482.360000
486.250000
490.140000
494.030000
497.920000
501.810000
505.700000
509.590000
513.480000
517.370000
521.260000
525.150000
529.040000
532.930000
536.820000
540.710000
544.600000
548.490000
552.380000
556.270000
560.160000
564.050000
567.940000
571.830000
575.720000
579.610000
583.500000
587.390000
591.280000
595.170000
599.060000
602.950000
606.840000
610.730000
614.620000
618.510000
622.400000
626.290000
630.180000
634.070000
637.960000
641.850000
645.740000
649.630000
653.520000
657.410000
661.300000
665.190000
669.080000
672.970000
676.860000
680.750000
684.640000
688.530000
692.420000
696.310000
700.200000
704.090000
707.980000
711.870000
715.760000
719.650000
723.540000
727.430000
731.320000
735.210000
739.100000
742.990000
746.880000
750.770000
754.660000
758.550000
762.440000
766.330000
770.220000
774.110000
778.000000
781.890000
785.780000
789.670000
793.560000
797.450000
801.340000
805.230000
809.120000
813.010000
816.900000
820.790000
824.680000
828.570000
832.460000
836.350000
840.240000
844.130000
848.020000
851.910000
855.800000
859.690000
863.580000
867.470000
871.360000
875.250000
879.140000
883.030000
886.920000
890.810000
894.700000
898.590000
902.480000
906.370000
910.260000
914.150000
918.040000
921.930000
925.820000
929.710000
933.600000
937.490000
941.380000
945.270000
949.160000
953.050000
956.940000
960.830000
964.720000
968.610000
972.500000
976.390000
980.280000
984.170000
988.060000
991.950000
995.840000
999.730000
1003.620000
1007.510000
1011.400000
1015.290000
1019.180000
1023.070000
1026.960000
1030.850000
1034.740000
1038.630000
1042.520000
1046.410000
1050.300000
1054.190000
1058.080000
1061.970000
1065.860000
1069.750000
1073.640000
1077.530000
1081.420000
1085.310000
1089.200000
1093.090000
1096.980000
1100.870000
1104.760000
1108.650000
1112.540000
1116.430000
1120.320000
1124.210000
1128.100000
1131.990000
1135.880000
1139.770000
1143.660000
1147.550000
1151.440000
1155.330000
1159.220000
1163.110000
1167.000000
1170.890000
1174.780000
1178.670000
1182.560000
1186.450000
1190.340000
1194.230000
1198.120000
1202.010000
1205.900000
1209.790000
1213.680000
1217.570000
1221.460000
1225.350000
1229.240000
1233.130000
1237.020000
1240.910000
1244.800000
1248.690000
1252.580000
1256.470000
1260.360000
1264.250000
1268.140000
1272.030000
1275.920000
1279.810000
1283.700000
1287.590000
1291.480000
1295.370000
1299.260000
1303.150000
1307.040000
1310.930000
1314.820000
1318.710000
1322.600000
1326.490000
1330.380000
1334.270000
1338.160000
1342.050000
1345.940000
1349.830000
1353.720000
1357.610000
1361.500000
1365.390000
1369.280000
1373.170000
1377.060000
1380.950000
1384.840000
1388.730000
1392.620000
1396.510000
1400.400000
1404.290000
1408.180000
1412.070000
1415.960000
1419.850000
1423.740000
1427.630000
1431.520000
1435.410000
1439.300000
1443.190000
1447.080000
1450.970000
1454.860000
1458.750000
1462.640000
1466.530000
1470.420000
1474.310000
1478.200000
1482.090000
1485.980000
1489.870000
1493.760000
1497.650000
1501.540000
1505.430000
1509.320000
1513.210000
1517.100000
1520.990000
1524.880000
1528.770000
1532.660000
1536.550000
1540.440000
1544.330000
1548.220000
1552.110000
1556.000000
1559.890000
1563.780000
1567.670000
1571.560000
1575.450000
1579.340000
1583.230000
1587.120000
1591.010000
1594.900000
1598.790000
1602.680000
1606.570000
1610.460000
1614.350000
1618.240000
1622.130000
1626.020000
1629.910000
1633.800000
1637.690000
1641.580000
1645.470000
1649.360000
1653.250000
1657.140000
1661.030000
1664.920000
1668.810000
1672.700000
1676.590000
1680.480000
1684.370000
1688.260000
1692.150000
1696.040000
1699.930000
1703.820000
1707.710000
1711.600000
1715.490000
1719.380000
1723.270000
1727.160000
1731.050000
1734.940000
1738.830000
1742.720000
1746.610000
1750.500000
1754.390000
1758.280000
1762.170000
1766.060000
1769.950000
1773.840000
1777.730000
1781.620000
1785.510000
1789.400000
1793.290000
1797.180000
1801.070000
1804.960000
1808.850000
1812.740000
1816.630000
1820.520000
1824.410000
1828.300000
1832.190000
1836.080000
1839.970000
1843.860000
1847.750000
1851.640000
1855.530000
1859.420000
1863.310000
1867.200000
1871.090000
1874.980000
1878.870000
1882.760000
1886.650000
1890.540000
1894.430000
1898.320000
1902.210000
1906.100000
1909.990000
1913.880000
1917.770000
1921.660000
1925.550000
1929.440000
1933.330000
1937.220000
1941.110000
1945.000000
1948.890000
1952.780000
1956.670000
1960.560000
1964.450000
1968.340000
1972.230000
1976.120000
1980.010000
1983.900000
1987.790000
1991.680000
1995.570000
1999.460000
2003.350000
2007.240000
2011.130000
2015.020000
2018.910000
2022.800000
2026.690000
2030.580000
2034.470000
2038.360000
2042.250000
2046.140000
2050.030000
2053.920000
2057.810000
2061.700000
2065.590000
2069.480000
2073.370000
2077.260000
2081.150000
2085.040000
2088.930000
2092.820000
2096.710000
2100.600000
2104.490000
2108.380000
2112.270000
2116.160000
2120.050000
2123.940000
2127.830000
2131.720000
2135.610000
2139.500000
2143.390000
2147.280000
2151.170000
2155.060000
2158.950000
2162.840000
2166.730000
2170.620000
2174.510000
2178.400000
2182.290000
2186.180000
2190.070000
2193.960000
2197.850000
2201.740000
2205.630000
2209.520000
2213.410000
2217.300000
2221.190000
2225.080000
2228.970000
2232.860000
2236.750000
2240.640000
2244.530000
2248.420000
2252.310000
2256.200000
2260.090000
2263.980000
2267.870000
2271.760000
2275.650000
2279.540000
2283.430000
2287.320000
2291.210000
2295.100000
2298.990000
2302.880000
2306.770000
2310.660000
2314.550000
2318.440000
2322.330000
2326.220000
2330.110000
2334.000000
2337.890000
2341.780000
2345.670000
2349.560000
2353.450000
2357.340000
2361.230000
2365.120000
2369.010000
2372.900000
2376.790000
2380.680000
2384.570000
2388.460000
2392.350000
2396.240000
2400.130000
2404.020000
2407.910000
2411.800000
2415.690000
2419.580000
2423.470000
2427.360000
2431.250000
2435.140000
2439.030000
2442.920000
2446.810000
2450.700000
2454.590000
2458.480000
2462.370000
2466.260000
2470.150000
2474.040000
2477.930000
2481.820000
2485.710000
2489.600000
2493.490000
2497.380000
2501.270000
2505.160000
2509.050000
2512.940000
2516.830000
2520.720000
2524.610000
2528.500000
2532.390000
2536.280000
2540.170000
2544.060000
2547.950000
2551.840000
2555.730000
2559.620000
2563.510000
2567.400000
2571.290000
2575.180000
2579.070000
2582.960000
2586.850000
2590.740000
2594.630000
2598.520000
2602.410000
2606.300000
2610.190000
2614.080000
2617.970000
2621.860000
2625.750000
2629.640000
2633.530000
2637.420000
2641.310000
2645.200000
2649.090000
2652.980000
2656.870000
2660.760000
2664.650000
2668.540000
2672.430000
2676.320000
2680.210000
2684.100000
2687.990000
2691.880000
2695.770000
2699.660000
2703.550000
2707.440000
2711.330000
2715.220000
2719.110000
2723.000000
2726.890000
2730.780000
2734.670000
2738.560000
2742.450000
2746.340000
2750.230000
2754.120000
2758.010000
2761.900000
2765.790000
2769.680000
2773.570000
2777.460000
2781.350000
2785.240000
2789.130000
2793.020000
2796.910000
2800.800000
2804.690000
2808.580000
2812.470000
2816.360000
2820.250000
2824.140000
2828.030000
2831.920000
2835.810000
2839.700000
2843.590000
2847.480000
2851.370000
2855.260000
2859.150000
2863.040000
2866.930000
2870.820000
2874.710000
2878.600000
2882.490000
2886.380000
2890.270000
2894.160000
2898.050000
2901.940000
2905.830000
2909.720000
2913.610000
2917.500000
2921.390000
2925.280000
2929.170000
2933.060000
2936.950000
2940.840000
2944.730000
2948.620000
2952.510000
2956.400000
2960.290000
2964.180000
2968.070000
2971.960000
2975.850000
2979.740000
2983.630000
2987.520000
2991.410000
2995.300000
2999.190000
3003.080000
3006.970000
3010.860000
3014.750000
3018.640000
3022.530000
3026.420000
3030.310000
3034.200000
3038.090000
3041.980000
3045.870000
3049.760000
3053.650000
3057.540000
3061.430000
3065.320000
3069.210000
3073.100000
3076.990000
3080.880000
3084.770000
3088.660000
3092.550000
3096.440000
3100.330000
3104.220000
3108.110000
3112.000000
3115.890000
3119.780000
3123.670000
3127.560000
3131.450000
3135.340000
3139.230000
3143.120000
3147.010000
3150.900000
3154.790000
3158.680000
3162.570000
3166.460000
3170.350000
3174.240000
3178.130000
3182.020000
3185.910000
3189.800000
3193.690000
3197.580000
3201.470000
3205.360000
3209.250000
3213.140000
3217.030000
3220.920000
3224.810000
3228.700000
3232.590000
3236.480000
3240.370000
3244.260000
3248.150000
3252.040000
3255.930000
3259.820000
3263.710000
3267.600000
3271.490000
3275.380000
3279.270000
3283.160000
3287.050000
3290.940000
3294.830000
3298.720000
3302.610000
3306.500000
3310.390000
3314.280000
3318.170000
3322.060000
3325.950000
3329.840000
3333.730000
3337.620000
3341.510000
3345.400000
3349.290000
3353.180000
3357.070000
3360.960000
3364.850000
3368.740000
3372.630000
3376.520000
3380.410000
3384.300000
3388.190000
3392.080000
3395.970000
3399.860000
3403.750000
3407.640000
3411.530000
3415.420000
3419.310000
3423.200000
3427.090000
3430.980000
3434.870000
3438.760000
3442.650000
3446.540000
3450.430000
3454.320000
3458.210000
3462.100000
3465.990000
3469.880000
3473.770000
3477.660000
3481.550000
3485.440000
3489.330000
3493.220000
3497.110000
3501.000000
3504.890000
3508.780000
3512.670000
3516.560000
3520.450000
3524.340000
3528.230000
3532.120000
3536.010000
3539.900000
3543.790000
3547.680000
3551.570000
3555.460000
3559.350000
3563.240000
3567.130000
3571.020000
3574.910000
3578.800000
3582.690000
3586.580000
3590.470000
3594.360000
3598.250000
3602.140000
3606.030000
3609.920000
3613.810000
3617.700000
3621.590000
3625.480000
3629.370000
3633.260000
3637.150000
3641.040000
3644.930000
3648.820000
3652.710000
3656.600000
3660.490000
3664.380000
3668.270000
3672.160000
3676.050000
3679.940000
3683.830000
3687.720000
3691.610000
3695.500000
3699.390000
3703.280000
3707.170000
3711.060000
3714.950000
3718.840000
3722.730000
3726.620000
3730.510000
3734.400000
3738.290000
3742.180000
3746.070000
3749.960000
3753.850000
3757.740000
3761.630000
3765.520000
3769.410000
3773.300000
3777.190000
3781.080000
3784.970000
3788.860000
3792.750000
3796.640000
3800.530000
3804.420000
3808.310000
3812.200000
3816.090000
3819.980000
3823.870000
3827.760000
3831.650000
3835.540000
3839.430000
3843.320000
3847.210000
3851.100000
3854.990000
3858.880000
3862.770000
3866.660000
3870.550000
3874.440000
3878.330000
3882.220000
3886.110000
3890.000000
