2162280505161077
1993803313758685
1824711687626375
1707528565288300
1595984698919836
1459398561490834
1374690637388627
1269111330462160
1193366826823431
1142210494636917
1093467441617950
1019152680052772
982707117790293
924753861183102
888920921780810
846355234321763
798815357753951
772473774777256
746145080608817
709267182896867
673213554783836
654469997667095
635928867545414
624121129897051
600527572174093
553610900119789
544146261248506
534843766046753
506510545566976
502981050925897
472500408105241
475258261266114
456220335238743
444662239845183
422019611439610
415963466950071
402989321757793
388061250438051
383922275666900
380518610900214
359322877484616
356279983125480
348872225584294
328215530845351
327246373704025
322751735199062
323052010264050
302834130451419
303498330074335
294124344702866
274645233876696
278768292325461
270919228910822
255810685420068
260223321980890
248399853461552
246709580681196
237726610503164
234494419959604
230190886626807
224622211330744
213501214926295
216888479145279
213760122847047
203177252227333
194711200507584
188263499637580
201987577734816
191315858968157
185708696303224
180111690813010
175484214124951
174165217188018
180110266140046
163519821567269
158563428861995
149398894448428
156865471754931
148945035079908
143855234746775
147499437710462
151103772550161
141370583128382
136599972817552
135155615636121
137444553288291
128486431876427
132468527566893
128239030722320
126334532216480
124718854039153
116067309618094
113838418469953
111995082588279
116746436935946
104636535754529
113552348416083
109796971938981
102895695420337
102813968830165
98303301622435
100965897932472
97041744015288
94622129477326
94438673817622
90792962075317
86831067465516
90696113803330
92025085269388
85805297653086
86168386964275
85375727657659
83326569172712
80548975351213
77026139033271
77230743592386
77502538611924
79483430206255
69193204327424
70047732104970
65462516684869
71019182210978
69174732859200
63813814247337
68683867432366
72526968818754
62918955476755
61661121262539
62333800809175
61957890980250
59779067558775
55656915972242
56101820201089
56365809498968
61015788318776
56824243673450
54948577664705
55084064439306
48819355609130
49685775212140
53866947427726
45809168083057
45121018478282
47533457942494
47271092554315
47171719261148
44961864064301
42310282460480
44698021965510
39628328321469
41289856071883
39044076108157
37179813356003
39713621227756
41397638551504
38648158180662
35461855995803
32815997072721
31784638960685
33194800743053
31685014104274
34284352949166
35054606716721
30888121248166
30863613619166
31957756145404
31456624209584
34363376992060
30533404865297
26648672761779
24996915177524
29715321630170
26408019489571
26629373194226
27928435194128
26628132410627
27428789372168
20825838359288
29929649888519
23763939267712
24484072475831
24334194973428
23915316917166
21825004802064
21250881420800
22624301995928
25674366054328
22384770018129
22796655776730
21405740320094
22217224511880
17749296009678
20520400074276
19113184384305
17066230744483
17641738706145
15985025343419
19368072026132
14064773428166
18205333265268
16013252965097
14721604557408
15636957049088
17836491834224
14778126090925
16839255707141
15486641335272
16521723692744
14440639222482
15157690754519
12452709229993
13079728278559
13357185891802
14216876255839
14483341215807
11539145542003
11690400894660
10959610134033
9815728629612
13624366301262
14020502143587
10738787011365
9259452183200
9927529726896
10208262341950
8552075274088
9250045847711
11622221462997
8843948334329
9598676396748
11637635383980
8536967324987
8482248055090
8687216105682
9642920392216
10148019697561
10400817582143
8997029218603
6782063305222
6879338079137
8415730449765
7252588795860
8741739633156
6861412978552
6641095362713
8199351737628
8440124126476
6298516073178
6726283928850
5442105812608
5147377394532
4779963167946
7771862068716
6816951407620
6420897117295
4935801558732
4145180322741
5510009463821
6300914532747
5527282298512
7582057064080
5212053857577
4150029616638
6636476616982
5491468751636
5200226355255
4248360623668
4018933825883
4241857774739
4300526594914
4400861832934
4137071330443
4763637119292
4640765786180
4537043154543
3948095233278
3728514686865
4442145373124
4290726439336
3919616603365
2556591409252
3898359576063
3631002216185
3850383925461
3393194340094
3236237072222
2301056726851
2996317893921
2109012481356
2960068730774
3236050986301
2886595390777
3044575414524
1819079621097
1325920431396
2808901129160
2086862966171
2394792143362
1885546106454
1900947634664
2852949064179
2238081084274
2303387254801
1882005473516
1963030130446
1448764078926
2526710490788
1333053604068
2254164241396
1184656564497
1254662327208
1105027731356
1826453962222
1392079581240
1056485482095
1567525234445
2451340410241
1896403017479
895527616095
1372067272750
1216962807216
1530893384029
1058241138268
1697798762493
1788536817599
1023097682956
1364474274255
1356624855701
1180984261053
1378599619050
451855310889
859302214389
1181500582904
1278946260251
1250230844653
875034900006
1062980674190
1033012260974
478738159864
464938948299
599290712477
1374341399176
933034787314
754987869292
1167752351640
842123888589
289798342334
777967692671
324660282169
782776389573
848737951056
498426269839
682365791369
129644478222
807235345196
809960510807
648303709304
472633809681
455311347407
585771928454
245988362931
681425361246
80024780202
663315011146
839780072354
402718532276
392576665311
709111742057
249766969165
652688829433
561442652772
777251219327
316841678163
528517571480
40677631130
151069507477
416435616300
190633471011
493846970991
440842403997
263327199449
476675999766
257523011812
278911780008
202829906359
196183529657
306193258166
32318264905
416814088588
551704471180
219851848381
17456705231
174098214830
18632258434
28573152371
8675670246
115410031574
228102133308
339882082579
153122624887
19498086720
38765693283
200379662669
220021777132
321003301110
179979038510
42776950788
58515349873
236580771054
224177827497
168578007238
453382485040
98333155019
165645897127
31537438208
140242519286
305449227001
165929284872
68107358391
15009562477
89159511654
203232040587
193924923276
218120839631
18347587051
309021333692
170847049646
2288548605
372036001416
407094891032
145479392086
44099302101
159398196670
19467264413
15423315217
2690188292
194583611135
161639775913
24004919367
75950476453
5050812686
2535664900
205504745710
276525590833
16965232838
306413557196
7781894328
9485758198
9165542834
255212116460
33315169508
12342534955
5121085637
20797827365
4620320508
13258556677
159795301962
13327856981
2462741935
165240782355
5247269541
2953760549
23599568736
15816576805
154099346039
57648792638
30114798187
2293550110
8238436439
3360831672
50451081201
4943534061
6503141167
2559787389
4899542452
4412160723
315425078067
8318378998
28229366136
20903217769
19116636233
161270169011
204556239937
2160599687
15104884839
10489099391
14905992222
40209669721
2416552939
162385010847
2804239318
2337772580
170067372989
9524038820
2925891377
6755569367
5828167630
105926239916
8417495161
20150251363
2829575132
150042162973
2749754571
150042162973
9291682038
5225171229
4773235046
8261773273
6869961110
34879397063
4899542452
3988243218
13414875967
2109686927
