1.624664335137400000e+14
1.594146022595080000e+14
1.484587514183650000e+14
1.442101915544170000e+14
1.402132194988560000e+14
1.375032075086930000e+14
1.290740477992670000e+14
1.237234781362910000e+14
1.196920152936820000e+14
1.158599604025980000e+14
1.101590750230850000e+14
1.098778200851840000e+14
1.066189639046310000e+14
1.026789315269510000e+14
9.909874631457300000e+13
9.536482207987400000e+13
9.392135274423100000e+13
9.244111595811300000e+13
8.956799564473000000e+13
8.587929500856800000e+13
8.568071793469600000e+13
8.098372948494600000e+13
7.993252345035500000e+13
7.645706345556700000e+13
7.408365906726000000e+13
7.540745988652600000e+13
7.069643775927500000e+13
6.876150258981100000e+13
6.640381872190800000e+13
6.605670528210900000e+13
6.479547022456000000e+13
6.384838603125500000e+13
6.304178951587300000e+13
5.936161356951000000e+13
5.982303668199700000e+13
5.624469998378400000e+13
5.758098935309600000e+13
5.272397310552900000e+13
5.462192367349000000e+13
5.418409826133500000e+13
5.321081193356100000e+13
5.210227007293300000e+13
4.970711540899400000e+13
4.830090108990200000e+13
4.523554379161300000e+13
4.794410343839200000e+13
4.439679924578400000e+13
4.270973657800000000e+13
4.285709609087900000e+13
4.251173824869800000e+13
4.092771330333200000e+13
4.118604458601200000e+13
3.850447771514800000e+13
3.749746798399700000e+13
3.699530425561200000e+13
3.732577320485800000e+13
3.827662270079500000e+13
3.404776817270100000e+13
3.181496729778800000e+13
3.493437804288900000e+13
3.417720289833500000e+13
3.251973490632100000e+13
3.029315727606600000e+13
3.152502020205900000e+13
3.088893282961700000e+13
2.916029082824600000e+13
2.939527502753900000e+13
2.804894418325600000e+13
2.846605748982900000e+13
2.598881454232300000e+13
2.714955509896900000e+13
2.503173857867200000e+13
2.639660498918500000e+13
2.552598336069700000e+13
2.409508833142900000e+13
2.381253978983500000e+13
2.566691987720400000e+13
2.213653692182800000e+13
2.272090141568000000e+13
2.347052452596600000e+13
2.132408036485300000e+13
1.985505775981900000e+13
2.049526018329800000e+13
2.094397965098800000e+13
2.075942731809700000e+13
1.901237417497300000e+13
2.123695608696200000e+13
1.728896843261000000e+13
1.858251844481000000e+13
1.820998655863600000e+13
1.762835320029500000e+13
1.686819827887300000e+13
1.748028581536500000e+13
1.579922899728600000e+13
1.421861062260000000e+13
1.646300394759800000e+13
1.620298700149300000e+13
1.308923025097500000e+13
1.575272869313700000e+13
1.546172108760900000e+13
1.443776247946600000e+13
1.359738824023800000e+13
1.410650806183800000e+13
1.396441779271000000e+13
1.291688495236400000e+13
1.236002182362100000e+13
1.362059138066500000e+13
1.279599274302200000e+13
1.222233481299500000e+13
1.096181611298600000e+13
1.236084261983100000e+13
1.216184922573100000e+13
1.179307234583800000e+13
1.058962087237700000e+13
1.065245889362500000e+13
1.127571887733200000e+13
1.121925976616000000e+13
1.053461243248500000e+13
1.030870973206400000e+13
9.407419463657000000e+12
1.117734377336000000e+13
9.560383280490000000e+12
1.099107082709300000e+13
8.824984190577000000e+12
9.073744834287000000e+12
8.476377529186000000e+12
8.498348659407000000e+12
9.301389283417000000e+12
8.446984873878000000e+12
9.376510810411000000e+12
8.672924727420000000e+12
8.184362667664000000e+12
8.073111053419000000e+12
8.128121135227000000e+12
8.064239985727000000e+12
7.714301079719000000e+12
7.527458654878000000e+12
7.972777588115000000e+12
7.419089380469000000e+12
7.743642106464000000e+12
7.931743985269000000e+12
6.845597497229000000e+12
7.479378425863000000e+12
6.891426569178000000e+12
6.456680867565000000e+12
6.358513478623000000e+12
6.829276281123000000e+12
7.514495440132000000e+12
6.685047766031000000e+12
6.276239575539000000e+12
5.535348798406000000e+12
6.592165377514000000e+12
5.826859481925000000e+12
6.173849234043000000e+12
5.476346778785000000e+12
5.860561192353000000e+12
5.821339520848000000e+12
5.232235147232000000e+12
4.790969348323000000e+12
5.798264073507000000e+12
5.089180801227000000e+12
5.229522078544000000e+12
4.992261670685000000e+12
5.264776597698000000e+12
4.780209996038000000e+12
4.780364660747000000e+12
4.274938194296000000e+12
4.916787605992000000e+12
4.711109706655000000e+12
4.989329800600000000e+12
4.698625631863000000e+12
3.992887394354000000e+12
4.131944107780000000e+12
4.487426437373000000e+12
4.874740171422000000e+12
3.937984275083000000e+12
4.188710438345000000e+12
3.971804016123000000e+12
4.358934690919000000e+12
4.445058776691000000e+12
4.113310680876000000e+12
3.922504525094000000e+12
3.653380699813000000e+12
3.802354215899000000e+12
3.966403082051000000e+12
3.752055923532000000e+12
3.781113881756000000e+12
3.480818796638000000e+12
3.871871413983000000e+12
4.195662593895000000e+12
3.624881356976000000e+12
3.491584288873000000e+12
3.138411773459000000e+12
3.441743269519000000e+12
2.604404915935000000e+12
3.189338497639000000e+12
3.091127727150000000e+12
3.292648587311000000e+12
3.403133342393000000e+12
2.741362727052000000e+12
3.506086977326000000e+12
3.206206430374000000e+12
3.209463831165000000e+12
3.455105558540000000e+12
3.100570686563000000e+12
3.044101925443000000e+12
3.358726928095000000e+12
2.741802620687000000e+12
2.650030830114000000e+12
2.694360344826000000e+12
2.907085752774000000e+12
3.265863425296000000e+12
3.190821054080000000e+12
3.002283221373000000e+12
2.512613731981000000e+12
3.151761585253000000e+12
2.422713224602000000e+12
2.529318023779000000e+12
2.701325627095000000e+12
2.668509785839000000e+12
2.060796236939000000e+12
2.318181985374000000e+12
2.688774283026000000e+12
2.668101013405000000e+12
2.320809166795000000e+12
2.622105010588000000e+12
2.583107313003000000e+12
2.550844193136000000e+12
2.195519362238000000e+12
2.015092514890000000e+12
2.090655883805000000e+12
2.710063507869000000e+12
1.739970136290000000e+12
2.336853665069000000e+12
2.339576772853000000e+12
2.132778452968000000e+12
2.306704717856000000e+12
2.169843501192000000e+12
2.197956717719000000e+12
1.951756628621000000e+12
2.000849494702000000e+12
2.099691345917000000e+12
1.886498234125000000e+12
2.152168803417000000e+12
2.161222407559000000e+12
1.608194136153000000e+12
1.925049891119000000e+12
1.932724176715000000e+12
1.373888864648000000e+12
1.884424021420000000e+12
1.806445880076000000e+12
1.530788913355000000e+12
1.760208664701000000e+12
1.646437975530000000e+12
1.607397449073000000e+12
1.810296384982000000e+12
1.661182508779000000e+12
1.556529150256000000e+12
1.559749252511000000e+12
1.439692333106000000e+12
1.787282815774000000e+12
1.740086863005000000e+12
1.772829785245000000e+12
1.292662422299000000e+12
1.539135617155000000e+12
1.521691874850000000e+12
1.578281591348000000e+12
1.447628911030000000e+12
1.371626964541000000e+12
1.443724134295000000e+12
1.292880227748000000e+12
1.578979383180000000e+12
1.131937186963000000e+12
1.246258543893000000e+12
1.461665075152000000e+12
1.343151920533000000e+12
1.188406972007000000e+12
1.500046107539000000e+12
1.012983131060000000e+12
8.465074569310000000e+11
1.084919452130000000e+12
1.412959144893000000e+12
1.138465648458000000e+12
1.094279696981000000e+12
1.108202144028000000e+12
8.180691962090000000e+11
1.422180242054000000e+12
1.050609251446000000e+12
1.177684633116000000e+12
1.170584657090000000e+12
9.882012459290000000e+11
1.266057748079000000e+12
1.224007692359000000e+12
1.009340850120000000e+12
9.149993400370000000e+11
9.458861577570000000e+11
8.562618067830000000e+11
5.321233523950000000e+11
1.096208658559000000e+12
9.991143534060000000e+11
1.150850479307000000e+12
9.700839190580000000e+11
9.611632837930000000e+11
1.125115908949000000e+12
9.215947005380000000e+11
9.429518467180000000e+11
7.935149673070000000e+11
1.134717255698000000e+12
7.913661563690000000e+11
8.943202868050000000e+11
9.034948479290000000e+11
6.518356431600000000e+11
9.117958550450000000e+11
7.575045641520000000e+11
9.939571740000000000e+11
9.517377543350000000e+11
8.155089501360000000e+11
9.407168809310000000e+11
1.046757201762000000e+12
7.906727363660000000e+11
7.751070210660000000e+11
8.354372264640000000e+11
9.267101932050000000e+11
7.660958591800000000e+11
7.619297514650000000e+11
8.136685635020000000e+11
8.090755653530000000e+11
7.306677466900000000e+11
7.183092610030000000e+11
9.174978572600000000e+11
9.288314744560000000e+11
6.707454808490000000e+11
9.471413529370000000e+11
8.007936639760000000e+11
5.482285063870000000e+11
9.203440816900000000e+11
8.184670743590000000e+11
6.593836992530000000e+11
5.905969547500000000e+11
7.303944920420000000e+11
6.747308689620000000e+11
5.760619732590000000e+11
5.414873441270000000e+11
5.370937630840000000e+11
6.456222490470000000e+11
8.415513636640000000e+11
6.562388990510000000e+11
6.279350563760000000e+11
8.936591729420000000e+11
7.573351374440000000e+11
6.445800329610000000e+11
8.609940611560000000e+11
6.934801910170000000e+11
8.628670779130000000e+11
5.223866616560000000e+11
5.178524156390000000e+11
7.094330561530000000e+11
6.878114949100000000e+11
8.248034884710000000e+11
6.220940607940000000e+11
5.046575187640000000e+11
5.465378879380000000e+11
6.925426306960000000e+11
6.071549426720000000e+11
8.492012907240000000e+11
8.301220300020000000e+11
6.683921696380000000e+11
5.394435314290000000e+11
5.328054615350000000e+11
6.953587639100000000e+11
4.981837365470000000e+11
6.122934533840000000e+11
5.189470814640000000e+11
5.297537096270000000e+11
7.038653625270000000e+11
4.163502294410000000e+11
6.575924670030000000e+11
6.961697803670000000e+11
6.190758143050000000e+11
6.320936139180000000e+11
5.353725777720000000e+11
5.402957557040000000e+11
4.672488967540000000e+11
5.736600759790000000e+11
4.822382131010000000e+11
6.175934766990000000e+11
5.194948185210000000e+11
5.982006384910000000e+11
6.263966233950000000e+11
6.135363674160000000e+11
5.001657927310000000e+11
5.165963433250000000e+11
5.415055362920000000e+11
5.123974843910000000e+11
3.859456592860000000e+11
6.774709081250000000e+11
5.810705151960000000e+11
5.482259605840000000e+11
5.286367337510000000e+11
4.007528675290000000e+11
5.055021418530000000e+11
3.835467113490000000e+11
3.866271039220000000e+11
4.934542304350000000e+11
5.108121256210000000e+11
5.231535468920000000e+11
4.919765877210000000e+11
4.217020673120000000e+11
3.594963910770000000e+11
5.735659979450000000e+11
3.829452714010000000e+11
4.948057086270000000e+11
4.483603633220000000e+11
3.442272467480000000e+11
4.438973763070000000e+11
2.972141465280000000e+11
5.970981203250000000e+11
3.987685957850000000e+11
4.263753746410000000e+11
4.919753612160000000e+11
4.393362909450000000e+11
4.878606104580000000e+11
4.099895929680000000e+11
4.942016051810000000e+11
3.049322445760000000e+11
3.343116348390000000e+11
4.639907583810000000e+11
3.675333571220000000e+11
3.793943335160000000e+11
2.317445246680000000e+11
4.943032579410000000e+11
3.742598211360000000e+11
4.524998379040000000e+11
3.149601340820000000e+11
3.906188626160000000e+11
2.281824589540000000e+11
3.761559805250000000e+11
4.490902114440000000e+11
3.618978170880000000e+11
3.356938402560000000e+11
3.580760673690000000e+11
3.113869952250000000e+11
4.288038871280000000e+11
2.991515396910000000e+11
3.178870463020000000e+11
2.219517279930000000e+11
3.421512028610000000e+11
3.737512059340000000e+11
2.464289578840000000e+11
2.877707435660000000e+11
4.113399990730000000e+11
1.779545827110000000e+11
3.143656197730000000e+11
2.818494450810000000e+11
3.178209413590000000e+11
3.372294023080000000e+11
1.858597529350000000e+11
2.030016976000000000e+11
4.248135169750000000e+11
1.971738089450000000e+11
2.443277082130000000e+11
2.481327435740000000e+11
2.248540445770000000e+11
2.774081197570000000e+11
2.211118555670000000e+11
3.098170323400000000e+11
1.662297159720000000e+11
2.419503911490000000e+11
1.552958919760000000e+11
2.256823767320000000e+11
2.369512055480000000e+11
2.187336341380000000e+11
2.245021133060000000e+11
2.574681931480000000e+11
1.707072602510000000e+11
2.422298249760000000e+11
2.632779140070000000e+11
2.093371732300000000e+11
2.416506778520000000e+11
1.891935080930000000e+11
2.074501468760000000e+11
1.767447062840000000e+11
1.680735592530000000e+11
1.896250205890000000e+11
1.980861981140000000e+11
1.949006110670000000e+11
2.620775116070000000e+11
2.462257771590000000e+11
1.536845048240000000e+11
2.334546264540000000e+11
1.566179403280000000e+11
1.425013009940000000e+11
1.528244685250000000e+11
1.225331446630000000e+11
1.626282148610000000e+11
1.592012008070000000e+11
2.393757847620000000e+11
1.715816131140000000e+11
2.302732899650000000e+11
1.662265005640000000e+11
1.322274894940000000e+11
2.121849900240000000e+11
1.386718875910000000e+11
1.503571997940000000e+11
2.368986554550000000e+11
2.272734578410000000e+11
1.404166796040000000e+11
1.911353559350000000e+11
1.745112034650000000e+11
3.834657540290000000e+11
3.402806340830000000e+11
2.194424333500000000e+11
2.612907115960000000e+11
1.946967075950000000e+11
2.637962117290000000e+11
2.164149983980000000e+11
3.565662563300000000e+11
2.760733504000000000e+11
1.227180713540000000e+11
1.955188036130000000e+11
2.440325775090000000e+11
2.166595537380000000e+11
2.429462436690000000e+11
2.361880567700000000e+11
2.056592489700000000e+11
1.914757875160000000e+11
1.846023401580000000e+11
2.719596583630000000e+11
1.420168133100000000e+11
1.091449117640000000e+11
2.035655415580000000e+11
4.112919139110000000e+11
1.685885364760000000e+11
1.773307694150000000e+11
2.159775688580000000e+11
1.503935591780000000e+11
1.912493731550000000e+11
2.941303697430000000e+11
1.997832243030000000e+11
2.215172238420000000e+11
2.347662442500000000e+11
1.127136779760000000e+11
1.855141313220000000e+11
2.823341215110000000e+11
2.894947013080000000e+11
2.618555922650000000e+11
2.636881358420000000e+11
1.498597196520000000e+11
7.236547496100000000e+10
2.720337844560000000e+11
1.842810546470000000e+11
2.341556224610000000e+11
1.555978012470000000e+11
1.972368295470000000e+11
1.467797126790000000e+11
2.447481744170000000e+11
2.002411559070000000e+11
2.123579037110000000e+11
1.163290216250000000e+11
2.151201634490000000e+11
1.506307617890000000e+11
1.527035734190000000e+11
2.138610152860000000e+11
1.959506143980000000e+11
2.095421235380000000e+11
2.278776780610000000e+11
1.729501332220000000e+11
1.974224371280000000e+11
2.095910408900000000e+11
1.166221661650000000e+11
1.232525319050000000e+11
1.814461207490000000e+11
1.487805230420000000e+11
1.369174317950000000e+11
1.891369562170000000e+11
6.147331253600000000e+10
1.271164778420000000e+11
2.040013440090000000e+11
1.448645403690000000e+11
1.866457766160000000e+11
1.755422232700000000e+11
1.878348335620000000e+11
2.161447788560000000e+11
8.035952697300000000e+10
1.242998136370000000e+11
2.242066476210000000e+11
1.029848055020000000e+11
5.243445044000000000e+10
1.887723140430000000e+11
1.330572931190000000e+11
1.444388502810000000e+11
1.235528693720000000e+11
7.187174876800000000e+10
1.470950794210000000e+11
1.540420774230000000e+11
1.911166595360000000e+11
1.465289252200000000e+11
1.196787385080000000e+11
2.068898132000000000e+10
1.208538880250000000e+11
1.685707346280000000e+11
1.911569267760000000e+11
3.357930180800000000e+10
1.607971048520000000e+11
1.056713362790000000e+11
4.478083302700000000e+10
5.978325969800000000e+10
1.157256239620000000e+11
7.915630771500000000e+10
6.749136069600000000e+10
6.999923119200000000e+10
1.160913818560000000e+11
1.105920794350000000e+11
1.067524222840000000e+11
8.938288425700000000e+10
4.370826471600000000e+10
2.067135888700000000e+10
5.526696834600000000e+10
7.363987885000000000e+10
1.535328527440000000e+11
9.431928094400000000e+10
9.869094163600000000e+10
1.106235990790000000e+11
1.295325857770000000e+11
4.663299258300000000e+10
1.198772398740000000e+11
3.337100265200000000e+10
1.039584636720000000e+11
7.140828557300000000e+10
8.783746372000000000e+10
1.265568040290000000e+11
5.068968537900000000e+10
3.210118126900000000e+10
1.342987753840000000e+11
3.881777902700000000e+10
3.047902400600000000e+10
4.423211791000000000e+10
1.005381086910000000e+11
6.383277397600000000e+10
1.307585715710000000e+11
3.133587279900000000e+10
1.104959364860000000e+11
