0.000000
0.035000
0.070000
0.105000
0.140000
0.175000
0.210000
0.245000
0.280000
0.315000
0.350000
0.385000
0.420000
0.455000
0.490000
0.525000
0.560000
0.595000
0.630000
0.665000
0.700000
0.735000
0.770000
0.805000
0.840000
0.875000
0.910000
0.945000
0.980000
1.015000
1.050000
1.085000
1.120000
1.155000
1.190000
1.225000
1.260000
1.295000
1.330000
1.365000
1.400000
1.435000
1.470000
1.505000
1.540000
1.575000
1.610000
1.645000
1.680000
1.715000
1.750000
1.785000
1.820000
1.855000
1.890000
1.925000
1.960000
1.995000
2.030000
2.065000
2.100000
2.135000
2.170000
2.205000
2.240000
2.275000
2.310000
2.345000
2.380000
2.415000
2.450000
2.485000
2.520000
2.555000
2.590000
2.625000
2.660000
2.695000
2.730000
2.765000
2.800000
2.835000
2.870000
2.905000
2.940000
2.975000
3.010000
3.045000
3.080000
3.115000
3.150000
3.185000
3.220000
3.255000
3.290000
3.325000
3.360000
3.395000
3.430000
3.465000
3.500000
3.535000
3.570000
3.605000
3.640000
3.675000
3.710000
3.745000
3.780000
3.815000
3.850000
3.885000
3.920000
3.955000
3.990000
4.025000
4.060000
4.095000
4.130000
4.165000
4.200000
4.235000
4.270000
4.305000
4.340000
4.375000
4.410000
4.445000
4.480000
4.515000
4.550000
4.585000
4.620000
4.655000
4.690000
4.725000
4.760000
4.795000
4.830000
4.865000
4.900000
4.935000
4.970000
5.005000
5.040000
5.075000
5.110000
5.145000
5.180000
5.215000
5.250000
5.285000
5.320000
5.355000
5.390000
5.425000
5.460000
5.495000
5.530000
5.565000
5.600000
5.635000
5.670000
5.705000
5.740000
5.775000
5.810000
5.845000
5.880000
5.915000
5.950000
5.985000
6.020000
6.055000
6.090000
6.125000
6.160000
6.195000
6.230000
6.265000
6.300000
6.335000
6.370000
6.405000
6.440000
6.475000
6.510000
6.545000
6.580000
6.615000
6.650000
6.685000
6.720000
6.755000
6.790000
6.825000
6.860000
6.895000
6.930000
6.965000
7.000000
7.035000
7.070000
7.105000
7.140000
7.175000
7.210000
7.245000
7.280000
7.315000
7.350000
7.385000
7.420000
7.455000
7.490000
7.525000
7.560000
7.595000
7.630000
7.665000
7.700000
7.735000
7.770000
7.805000
7.840000
7.875000
7.910000
7.945000
7.980000
8.015000
8.050000
8.085000
8.120000
8.155000
8.190000
8.225000
8.260000
8.295000
8.330000
8.365000
8.400000
8.435000
8.470000
8.505000
8.540000
8.575000
8.610000
8.645000
8.680000
8.715000
8.750000
8.785000
8.820000
8.855000
8.890000
8.925000
8.960000
8.995000
9.030000
9.065000
9.100000
9.135000
9.170000
9.205000
9.240000
9.275000
9.310000
9.345000
9.380000
9.415000
9.450000
9.485000
9.520000
9.555000
9.590000
9.625000
9.660000
9.695000
9.730000
9.765000
9.800000
9.835000
9.870000
9.905000
9.940000
9.975000
10.010000
10.045000
10.080000
10.115000
10.150000
10.185000
10.220000
10.255000
10.290000
10.325000
10.360000
10.395000
10.430000
10.465000
10.500000
10.535000
10.570000
10.605000
10.640000
10.675000
10.710000
10.745000
10.780000
10.815000
10.850000
10.885000
10.920000
10.955000
10.990000
11.025000
11.060000
11.095000
11.130000
11.165000
11.200000
11.235000
11.270000
11.305000
11.340000
11.375000
11.410000
11.445000
11.480000
11.515000
11.550000
11.585000
11.620000
11.655000
11.690000
11.725000
11.760000
11.795000
11.830000
11.865000
11.900000
11.935000
11.970000
12.005000
12.040000
12.075000
12.110000
12.145000
12.180000
12.215000
12.250000
12.285000
12.320000
12.355000
12.390000
12.425000
12.460000
12.495000
12.530000
12.565000
12.600000
12.635000
12.670000
12.705000
12.740000
12.775000
12.810000
12.845000
12.880000
12.915000
12.950000
12.985000
13.020000
13.055000
13.090000
13.125000
13.160000
13.195000
13.230000
13.265000
13.300000
13.335000
13.370000
13.405000
13.440000
13.475000
13.510000
13.545000
13.580000
13.615000
13.650000
13.685000
13.720000
13.755000
13.790000
13.825000
13.860000
13.895000
13.930000
13.965000
14.000000
14.035000
14.070000
14.105000
14.140000
14.175000
14.210000
14.245000
14.280000
14.315000
14.350000
14.385000
14.420000
14.455000
14.490000
14.525000
14.560000
14.595000
14.630000
14.665000
14.700000
14.735000
14.770000
14.805000
14.840000
14.875000
14.910000
14.945000
14.980000
15.015000
15.050000
15.085000
15.120000
15.155000
15.190000
15.225000
15.260000
15.295000
15.330000
15.365000
15.400000
15.435000
15.470000
15.505000
15.540000
15.575000
15.610000
15.645000
15.680000
15.715000
15.750000
15.785000
15.820000
15.855000
15.890000
15.925000
15.960000
15.995000
16.030000
16.065000
16.100000
16.135000
16.170000
16.205000
16.240000
16.275000
16.310000
16.345000
16.380000
16.415000
16.450000
16.485000
16.520000
16.555000
16.590000
16.625000
16.660000
16.695000
16.730000
16.765000
16.800000
16.835000
16.870000
16.905000
16.940000
16.975000
17.010000
17.045000
17.080000
17.115000
17.150000
17.185000
17.220000
17.255000
17.290000
17.325000
17.360000
17.395000
17.430000
17.465000
17.500000
17.535000
17.570000
17.605000
17.640000
17.675000
17.710000
17.745000
17.780000
17.815000
17.850000
17.885000
17.920000
17.955000
17.990000
18.025000
18.060000
18.095000
18.130000
18.165000
18.200000
18.235000
18.270000
18.305000
18.340000
18.375000
18.410000
18.445000
18.480000
18.515000
18.550000
18.585000
18.620000
18.655000
18.690000
18.725000
18.760000
18.795000
18.830000
18.865000
18.900000
18.935000
18.970000
19.005000
19.040000
19.075000
19.110000
19.145000
19.180000
19.215000
19.250000
19.285000
19.320000
19.355000
19.390000
19.425000
19.460000
19.495000
19.530000
19.565000
19.600000
19.635000
19.670000
19.705000
19.740000
19.775000
19.810000
19.845000
19.880000
19.915000
19.950000
19.985000
20.020000
20.055000
20.090000
20.125000
20.160000
20.195000
20.230000
20.265000
20.300000
20.335000
20.370000
20.405000
20.440000
20.475000
20.510000
20.545000
20.580000
20.615000
20.650000
20.685000
20.720000
20.755000
20.790000
20.825000
20.860000
20.895000
20.930000
20.965000
21.000000
21.035000
21.070000
21.105000
21.140000
21.175000
21.210000
21.245000
21.280000
21.315000
21.350000
21.385000
21.420000
21.455000
21.490000
21.525000
21.560000
21.595000
21.630000
21.665000
21.700000
21.735000
21.770000
21.805000
21.840000
21.875000
21.910000
21.945000
21.980000
22.015000
22.050000
22.085000
22.120000
22.155000
22.190000
22.225000
22.260000
22.295000
22.330000
22.365000
22.400000
22.435000
22.470000
22.505000
22.540000
22.575000
22.610000
22.645000
22.680000
22.715000
22.750000
22.785000
22.820000
22.855000
22.890000
22.925000
22.960000
22.995000
23.030000
23.065000
23.100000
23.135000
23.170000
23.205000
23.240000
23.275000
23.310000
23.345000
23.380000
23.415000
23.450000
23.485000
23.520000
23.555000
23.590000
23.625000
23.660000
23.695000
23.730000
23.765000
23.800000
23.835000
23.870000
23.905000
23.940000
23.975000
24.010000
24.045000
24.080000
24.115000
24.150000
24.185000
24.220000
24.255000
24.290000
24.325000
24.360000
24.395000
24.430000
24.465000
24.500000
24.535000
24.570000
24.605000
24.640000
24.675000
24.710000
24.745000
24.780000
24.815000
24.850000
24.885000
24.920000
24.955000
24.990000
25.025000
25.060000
25.095000
25.130000
25.165000
25.200000
25.235000
25.270000
25.305000
25.340000
25.375000
25.410000
25.445000
25.480000
25.515000
25.550000
25.585000
25.620000
25.655000
25.690000
25.725000
25.760000
25.795000
25.830000
25.865000
25.900000
25.935000
25.970000
26.005000
26.040000
26.075000
26.110000
26.145000
26.180000
26.215000
26.250000
26.285000
26.320000
26.355000
26.390000
26.425000
26.460000
26.495000
26.530000
26.565000
26.600000
26.635000
26.670000
26.705000
26.740000
26.775000
26.810000
26.845000
26.880000
26.915000
26.950000
26.985000
27.020000
27.055000
27.090000
27.125000
27.160000
27.195000
27.230000
27.265000
27.300000
27.335000
27.370000
27.405000
27.440000
27.475000
27.510000
27.545000
27.580000
27.615000
27.650000
27.685000
27.720000
27.755000
27.790000
27.825000
27.860000
27.895000
27.930000
27.965000
28.000000
28.035000
28.070000
28.105000
28.140000
28.175000
28.210000
28.245000
28.280000
28.315000
28.350000
28.385000
28.420000
28.455000
28.490000
28.525000
28.560000
28.595000
28.630000
28.665000
28.700000
28.735000
28.770000
28.805000
28.840000
28.875000
28.910000
28.945000
28.980000
29.015000
29.050000
29.085000
29.120000
29.155000
29.190000
29.225000
29.260000
29.295000
29.330000
29.365000
29.400000
29.435000
29.470000
29.505000
29.540000
29.575000
29.610000
29.645000
29.680000
29.715000
29.750000
29.785000
29.820000
29.855000
29.890000
29.925000
29.960000
29.995000
30.030000
30.065000
30.100000
30.135000
30.170000
30.205000
30.240000
30.275000
30.310000
30.345000
30.380000
30.415000
30.450000
30.485000
30.520000
30.555000
30.590000
30.625000
30.660000
30.695000
30.730000
30.765000
30.800000
30.835000
30.870000
30.905000
30.940000
30.975000
31.010000
31.045000
31.080000
31.115000
31.150000
31.185000
31.220000
31.255000
31.290000
31.325000
31.360000
31.395000
31.430000
31.465000
31.500000
31.535000
31.570000
31.605000
31.640000
31.675000
31.710000
31.745000
31.780000
31.815000
31.850000
31.885000
31.920000
31.955000
31.990000
32.025000
32.060000
32.095000
32.130000
32.165000
32.200000
32.235000
32.270000
32.305000
32.340000
32.375000
32.410000
32.445000
32.480000
32.515000
32.550000
32.585000
32.620000
32.655000
32.690000
32.725000
32.760000
32.795000
32.830000
32.865000
32.900000
32.935000
32.970000
33.005000
33.040000
33.075000
33.110000
33.145000
33.180000
33.215000
33.250000
33.285000
33.320000
33.355000
33.390000
33.425000
33.460000
33.495000
33.530000
33.565000
33.600000
33.635000
33.670000
33.705000
33.740000
33.775000
33.810000
33.845000
33.880000
33.915000
33.950000
33.985000
34.020000
34.055000
34.090000
34.125000
34.160000
34.195000
34.230000
34.265000
34.300000
34.335000
34.370000
34.405000
34.440000
34.475000
34.510000
34.545000
34.580000
34.615000
34.650000
34.685000
34.720000
34.755000
34.790000
34.825000
34.860000
34.895000
34.930000
34.965000
35.000000
