91.109000
96.987000
102.865000
108.743000
114.621000
120.499000
126.377000
132.255000
138.133000
144.011000
149.889000
155.767000
161.645000
167.523000
173.401000
179.279000
185.157000
191.035000
196.913000
202.791000
208.669000
214.547000
220.425000
226.303000
232.181000
238.059000
243.937000
249.815000
255.693000
261.571000
267.449000
273.327000
279.205000
285.083000
290.961000
296.839000
302.717000
308.595000
314.473000
320.351000
326.229000
332.107000
337.985000
343.863000
349.741000
355.619000
361.497000
367.375000
373.253000
379.131000
385.009000
390.887000
396.765000
402.643000
408.521000
414.399000
420.277000
426.155000
432.033000
437.911000
443.789000
449.667000
455.545000
461.423000
467.301000
473.179000
479.057000
484.935000
490.813000
496.691000
502.569000
508.447000
514.325000
520.203000
526.081000
531.959000
537.837000
543.715000
549.593000
555.471000
561.349000
567.227000
573.105000
578.983000
584.861000
590.739000
596.617000
602.495000
608.373000
614.251000
620.129000
626.007000
631.885000
637.763000
643.641000
649.519000
655.397000
661.275000
667.153000
673.031000
678.909000
684.787000
690.665000
696.543000
702.421000
708.299000
714.177000
720.055000
725.933000
731.811000
737.689000
743.567000
749.445000
755.323000
761.201000
767.079000
772.957000
778.835000
784.713000
790.591000
796.469000
802.347000
808.225000
814.103000
819.981000
825.859000
831.737000
837.615000
843.493000
849.371000
855.249000
861.127000
867.005000
872.883000
878.761000
884.639000
890.517000
896.395000
902.273000
908.151000
914.029000
919.907000
925.785000
931.663000
937.541000
943.419000
949.297000
955.175000
961.053000
966.931000
972.809000
978.687000
984.565000
990.443000
996.321000
1002.199000
1008.077000
1013.955000
1019.833000
1025.711000
1031.589000
1037.467000
1043.345000
1049.223000
1055.101000
1060.979000
1066.857000
1072.735000
1078.613000
1084.491000
1090.369000
1096.247000
1102.125000
1108.003000
1113.881000
1119.759000
1125.637000
1131.515000
1137.393000
1143.271000
1149.149000
1155.027000
1160.905000
1166.783000
1172.661000
1178.539000
1184.417000
1190.295000
1196.173000
1202.051000
1207.929000
1213.807000
1219.685000
1225.563000
1231.441000
1237.319000
1243.197000
1249.075000
1254.953000
1260.831000
1266.709000
1272.587000
1278.465000
1284.343000
1290.221000
1296.099000
1301.977000
1307.855000
1313.733000
1319.611000
1325.489000
1331.367000
1337.245000
1343.123000
1349.001000
1354.879000
1360.757000
1366.635000
1372.513000
1378.391000
1384.269000
1390.147000
1396.025000
1401.903000
1407.781000
1413.659000
1419.537000
1425.415000
1431.293000
1437.171000
1443.049000
1448.927000
1454.805000
1460.683000
1466.561000
1472.439000
1478.317000
1484.195000
1490.073000
1495.951000
1501.829000
1507.707000
1513.585000
1519.463000
1525.341000
1531.219000
1537.097000
1542.975000
1548.853000
1554.731000
1560.609000
1566.487000
1572.365000
1578.243000
1584.121000
1589.999000
1595.877000
1601.755000
1607.633000
1613.511000
1619.389000
1625.267000
1631.145000
1637.023000
1642.901000
1648.779000
1654.657000
1660.535000
1666.413000
1672.291000
1678.169000
1684.047000
1689.925000
1695.803000
1701.681000
1707.559000
1713.437000
1719.315000
1725.193000
1731.071000
1736.949000
1742.827000
1748.705000
1754.583000
1760.461000
1766.339000
1772.217000
1778.095000
1783.973000
1789.851000
1795.729000
1801.607000
1807.485000
1813.363000
1819.241000
1825.119000
1830.997000
1836.875000
1842.753000
1848.631000
1854.509000
1860.387000
1866.265000
1872.143000
1878.021000
1883.899000
1889.777000
1895.655000
1901.533000
1907.411000
1913.289000
1919.167000
1925.045000
1930.923000
1936.801000
1942.679000
1948.557000
1954.435000
1960.313000
1966.191000
1972.069000
1977.947000
1983.825000
1989.703000
1995.581000
2001.459000
2007.337000
2013.215000
2019.093000
2024.971000
2030.849000
2036.727000
2042.605000
2048.483000
2054.361000
2060.239000
2066.117000
2071.995000
2077.873000
2083.751000
2089.629000
2095.507000
2101.385000
2107.263000
2113.141000
2119.019000
2124.897000
2130.775000
2136.653000
2142.531000
2148.409000
2154.287000
2160.165000
2166.043000
2171.921000
2177.799000
2183.677000
2189.555000
2195.433000
2201.311000
2207.189000
2213.067000
2218.945000
2224.823000
2230.701000
2236.579000
2242.457000
2248.335000
2254.213000
2260.091000
2265.969000
2271.847000
2277.725000
2283.603000
2289.481000
2295.359000
2301.237000
2307.115000
2312.993000
2318.871000
2324.749000
2330.627000
2336.505000
2342.383000
2348.261000
2354.139000
2360.017000
2365.895000
2371.773000
2377.651000
2383.529000
2389.407000
2395.285000
2401.163000
2407.041000
2412.919000
2418.797000
2424.675000
2430.553000
2436.431000
2442.309000
2448.187000
2454.065000
2459.943000
2465.821000
2471.699000
2477.577000
2483.455000
2489.333000
2495.211000
2501.089000
2506.967000
2512.845000
2518.723000
2524.601000
2530.479000
2536.357000
2542.235000
2548.113000
2553.991000
2559.869000
2565.747000
2571.625000
2577.503000
2583.381000
2589.259000
2595.137000
2601.015000
2606.893000
2612.771000
2618.649000
2624.527000
2630.405000
2636.283000
2642.161000
2648.039000
2653.917000
2659.795000
2665.673000
2671.551000
2677.429000
2683.307000
2689.185000
2695.063000
2700.941000
2706.819000
2712.697000
2718.575000
2724.453000
2730.331000
2736.209000
2742.087000
2747.965000
2753.843000
2759.721000
2765.599000
2771.477000
2777.355000
2783.233000
2789.111000
2794.989000
2800.867000
2806.745000
2812.623000
2818.501000
2824.379000
2830.257000
2836.135000
2842.013000
2847.891000
2853.769000
2859.647000
2865.525000
2871.403000
2877.281000
2883.159000
2889.037000
2894.915000
2900.793000
2906.671000
2912.549000
2918.427000
2924.305000
2930.183000
2936.061000
2941.939000
2947.817000
2953.695000
2959.573000
2965.451000
2971.329000
2977.207000
2983.085000
2988.963000
2994.841000
3000.719000
3006.597000
3012.475000
3018.353000
3024.231000
3030.109000
3035.987000
3041.865000
3047.743000
3053.621000
3059.499000
3065.377000
3071.255000
3077.133000
3083.011000
3088.889000
3094.767000
3100.645000
3106.523000
3112.401000
3118.279000
3124.157000
3130.035000
3135.913000
3141.791000
3147.669000
3153.547000
3159.425000
3165.303000
3171.181000
3177.059000
3182.937000
3188.815000
3194.693000
3200.571000
3206.449000
3212.327000
3218.205000
3224.083000
3229.961000
3235.839000
3241.717000
3247.595000
3253.473000
3259.351000
3265.229000
3271.107000
3276.985000
3282.863000
3288.741000
3294.619000
3300.497000
3306.375000
3312.253000
3318.131000
3324.009000
3329.887000
3335.765000
3341.643000
3347.521000
3353.399000
3359.277000
3365.155000
3371.033000
3376.911000
3382.789000
3388.667000
3394.545000
3400.423000
3406.301000
3412.179000
3418.057000
3423.935000
3429.813000
3435.691000
3441.569000
3447.447000
3453.325000
3459.203000
3465.081000
3470.959000
3476.837000
3482.715000
3488.593000
3494.471000
3500.349000
3506.227000
3512.105000
3517.983000
3523.861000
3529.739000
3535.617000
3541.495000
3547.373000
3553.251000
3559.129000
3565.007000
3570.885000
3576.763000
3582.641000
3588.519000
3594.397000
3600.275000
3606.153000
3612.031000
3617.909000
3623.787000
3629.665000
3635.543000
3641.421000
3647.299000
3653.177000
3659.055000
3664.933000
3670.811000
3676.689000
3682.567000
3688.445000
3694.323000
3700.201000
3706.079000
3711.957000
3717.835000
3723.713000
3729.591000
3735.469000
3741.347000
3747.225000
3753.103000
3758.981000
3764.859000
3770.737000
3776.615000
3782.493000
3788.371000
3794.249000
3800.127000
3806.005000
3811.883000
3817.761000
3823.639000
3829.517000
3835.395000
3841.273000
3847.151000
3853.029000
3858.907000
3864.785000
3870.663000
3876.541000
3882.419000
3888.297000
3894.175000
3900.053000
3905.931000
3911.809000
3917.687000
3923.565000
3929.443000
3935.321000
3941.199000
3947.077000
3952.955000
3958.833000
3964.711000
3970.589000
3976.467000
3982.345000
3988.223000
3994.101000
3999.979000
4005.857000
4011.735000
4017.613000
4023.491000
4029.369000
4035.247000
4041.125000
4047.003000
4052.881000
4058.759000
4064.637000
4070.515000
4076.393000
4082.271000
4088.149000
4094.027000
4099.905000
4105.783000
4111.661000
4117.539000
4123.417000
4129.295000
4135.173000
4141.051000
4146.929000
4152.807000
4158.685000
4164.563000
4170.441000
4176.319000
4182.197000
4188.075000
4193.953000
4199.831000
4205.709000
4211.587000
4217.465000
4223.343000
4229.221000
4235.099000
4240.977000
4246.855000
4252.733000
4258.611000
4264.489000
4270.367000
4276.245000
4282.123000
4288.001000
4293.879000
4299.757000
4305.635000
4311.513000
4317.391000
4323.269000
4329.147000
4335.025000
4340.903000
4346.781000
4352.659000
4358.537000
4364.415000
4370.293000
4376.171000
4382.049000
4387.927000
4393.805000
4399.683000
4405.561000
4411.439000
4417.317000
4423.195000
4429.073000
4434.951000
4440.829000
4446.707000
4452.585000
4458.463000
4464.341000
4470.219000
4476.097000
4481.975000
4487.853000
4493.731000
4499.609000
4505.487000
4511.365000
4517.243000
4523.121000
4528.999000
4534.877000
4540.755000
4546.633000
4552.511000
4558.389000
4564.267000
4570.145000
4576.023000
4581.901000
4587.779000
4593.657000
4599.535000
4605.413000
4611.291000
4617.169000
4623.047000
4628.925000
4634.803000
4640.681000
4646.559000
4652.437000
4658.315000
4664.193000
4670.071000
4675.949000
4681.827000
4687.705000
4693.583000
4699.461000
4705.339000
4711.217000
4717.095000
4722.973000
4728.851000
4734.729000
4740.607000
4746.485000
4752.363000
4758.241000
4764.119000
4769.997000
4775.875000
4781.753000
4787.631000
4793.509000
4799.387000
4805.265000
4811.143000
4817.021000
4822.899000
4828.777000
4834.655000
4840.533000
4846.411000
4852.289000
4858.167000
4864.045000
4869.923000
4875.801000
4881.679000
4887.557000
4893.435000
4899.313000
4905.191000
4911.069000
4916.947000
4922.825000
4928.703000
4934.581000
4940.459000
4946.337000
4952.215000
4958.093000
4963.971000
4969.849000
4975.727000
4981.605000
4987.483000
4999.239000
5005.117000
5010.995000
5016.873000
5022.751000
5028.629000
5034.507000
5040.385000
5046.263000
5052.141000
5058.019000
5063.897000
5069.775000
5075.653000
5081.531000
5087.409000
5093.287000
5099.165000
5105.043000
5110.921000
5116.799000
