914918107131679
839536568467323
775428775771214
712959864766156
671285610524639
637628237830614
592211832175275
559494958226738
526173351474091
513968301264692
491623762810014
467797972082397
459738927464817
443683268128627
413271150280533
411438573979563
401351737422870
386067664297537
374174501474453
361004981687754
359386924368805
353645670440037
338799253725326
326823548665622
329386654443671
319297092410214
310485596714391
305111033317588
296601738360751
295705426172930
291230662217484
287037633282742
272262982829343
267878217048017
250955815170604
258217572225624
255279556921595
240138546684267
247978958095005
235422944329139
233295014179932
216803619060225
224309596971328
215981941914019
217126510793757
212126279386244
202998749554054
205528775134927
204638458428968
201639741067501
189463339068239
193008792520675
176585200161313
182745896588505
183616075206923
179286612260281
177911480588922
173467102352012
164846271674272
163858971396767
159972604552832
154495572500681
158273021841482
151171402422523
150098873643167
141006224209701
142663997189529
137956167470034
142063173894294
134923294602910
138167084853964
134162228782871
132845400772528
134059738079799
129376997370681
125123595336369
119813194106947
126091047430558
118562464479583
117392465651750
114896669424706
115838094577728
111108858728997
109764384602256
110889084816191
108556912259721
104421284244580
100773282105236
97442376149278
103188505974035
102097068613889
99411191510316
98293836264006
95193499472059
92265297231565
86761298912950
93240054009820
92732797595911
87833168434265
88038737843530
85984097404909
87936092201179
85759253254167
85581832143208
83588688337153
81547291248557
82982956083180
80227870263168
82721344195126
77284791422146
77380897633095
76738580467599
77109770619834
74674907370481
76127141887505
73869165966897
71638218806947
70413969694929
69813063144870
70931546289076
72423049961320
67417447117838
69052398412500
64975885682182
65948464894406
64070911496383
62903641856802
61838907607352
64444878287161
63711664841791
62603653358898
54946459843727
61850187675164
58761134787418
59686638242516
55112881800877
56479516181143
53564428377702
51036901716787
53185925218685
51799142528712
51037917459840
51675840223996
51013501164665
49023771399769
47013204592633
47346270726385
41727106955900
43028340239424
46608977024958
41557272644461
42668228273867
42264485520275
38799349677734
42935544976588
37573736410153
37517788231939
42532729499213
35212585237462
38253298971796
35680210349868
35908737024266
37113254798877
36079373317866
31541416012130
31216441919884
30957170892727
34187904746528
30821996477624
30030999057619
35183675137347
29698272254598
31139021821323
29337914088354
29757757190410
29230729192960
25118670904768
29709941280445
28476335769167
27979011653991
26892840199828
25863278091042
24025447816395
24871362094952
25642757735744
26598349577681
26218833263264
22418778961610
23067079223603
24691813139291
23936759916642
24192772109453
22193647689017
24831902364763
20767301735997
20705547463878
21904358722742
19897340677857
21125417817937
17645869680155
19511797405012
18160234084725
21904094972936
21627941304812
19243149149789
19599195199792
21665664480676
19380864240903
19312186132071
19648361927863
18120624522008
20526128068067
18226226974621
19321836496417
16476154101116
17870246627420
16105259660330
17199014591944
15301148821390
17687670381681
17040326387137
19336236919695
15211771812176
16568568558589
14192336976315
15416502479193
14227001978724
16026514612994
16940467659836
15617855102673
13087205504787
15590133621470
15767071273547
14602605782547
11705334153873
16109539051385
13254280475769
13077767433503
14670589406762
14140458633567
13391271274152
12756112578071
9807427604395
13631598549208
11984102764903
12450712234611
11304093471757
11774198130987
11747249783010
10129919124575
12066930203173
12929143129474
15772795443512
11694592555119
11512340749013
9406735660364
11735084781441
11693009222651
10489624872463
12415857546930
11873991536668
10312879768172
11802119003321
11646164443904
11017955034907
9398008065715
11286254224371
11937778290463
11689858490342
11187373692608
13131426090869
10909320097460
10933505883883
10211999448276
10725463581032
11430491869683
9497469682028
9523799693529
8804342442420
10855257661341
7709067270847
8976129653592
9508013533771
10365930407440
9372366979327
11565288358974
9102450974375
8750135948853
9694873549528
8331906393630
9267101847164
7972546644948
10112637353531
8949194376939
7162721731522
7877724555535
8134789377532
8353135470208
7918851594271
6829625877152
7777820426682
7624261025801
9047112533901
8179548810982
8523316649898
8445341683003
7123351814240
8182643635558
6924524339147
7949214716369
7681830353872
7893528982557
6802771625664
8467412753503
7462121780431
8185477519397
7238411364723
8210445764109
7488280502006
6424015852124
7510176133886
7516201530774
7935827283461
7330239380212
7638624436313
6645901957778
7084186282158
6177249131878
6310258360876
5980386096241
5940699809550
6679911010395
7052689032517
7370739920284
8222477344752
6893306720094
6171278393451
7312012467899
5926073397385
5149993023671
5615279470148
6199000277529
5808482181858
6559213460276
4503461518921
5939768651986
6917725454054
5230701665998
5529868497188
6534066272455
5687849414013
5635635521021
4220674776563
6795274876870
5231125596810
5639082820511
4479553387117
4345920420777
5809544237200
6005625903380
4787557906347
6246371482103
5769001324237
5126540271303
5633537308692
4281738397988
6190491688495
6687755995702
5551165699665
6681489544767
4961157891032
5044284511192
4833226581039
3999240097753
5813678848997
5590422583300
6007913447250
5498605689766
5213211510796
3267832577720
3891052817310
4997097976880
4821032922208
3978659214461
5304570872110
4045360888601
4936427189091
4792560320617
5368403061619
4441102817934
5279020306778
5672790130875
4451052969149
4519942191266
4597600922020
4757729910442
6410649668171
3911185159155
4583344648545
4087341048997
5426393973381
4268806859198
5408207723519
3361322567566
4437871573617
2677979779083
3883928580756
4999658749579
4703566965372
4006999518675
2989301840259
4040216538909
3610938778863
3561193433159
3390658534387
4755192321731
3638184841865
4179961643091
2768640354134
3117307354229
3552968964909
3851171358838
3881266219282
3663333874418
3568033865407
3538557980982
3203097514508
2865060326629
3628037725333
3831196605374
3640213679573
2868805815516
3823608826445
2546692026023
3612396192940
3876301028940
3215445760903
3582373641927
3154519662952
2727470154067
4212602608921
2013035718936
4226779213273
1912927188366
2185251476463
2484349294978
2743005555884
4210184190055
3112321783159
2801349530588
2980176646035
2858616097039
2472739705816
2726618783680
3801134271587
3206128935283
3371017081185
2735431990833
2690702064604
2864616535199
3407365791090
1965380048925
2536106683231
1939324785205
3463901899524
3015640442184
2965499630661
2999514430876
2706089471841
2244872720480
2462971308484
1992491543126
2100225858523
2317283106677
1930313990136
3081817396736
2369443685451
1377610619988
2206570393670
1757611612176
2610896167334
2821434355996
2207088367641
2616697177698
3104257608055
2122936404927
2523975781148
1669400139209
2042952104605
1712169010583
2088294920657
1779997647427
2091215626559
2613371123242
2701801619073
1285186791373
2176642076975
2203271719454
2159373351030
2286101979054
1987258970249
2062905071320
1644494092548
1787107857445
2121837325381
2706084189322
1871787657654
2121056151425
1548337616085
1596154308136
2111578161751
1905144883217
1303130272932
1743304222024
1631460428783
2508830186885
1535457251717
2280929324096
1860326159363
1770477611146
1718340004215
1301494322794
1803539654801
1563567592864
1427132961505
1759049638522
1689601900974
1271644345927
1906925541377
1718580228073
2350703845450
1411107315174
1396953031190
1243197886957
1420066168983
744338279703
1144160413754
1578293210031
1326832906072
1224343997847
1038363845276
1203478869381
1870003600046
1447513804003
1249431050247
1581204805708
1566040643951
1774237342820
1474632022459
1043561548311
2084423531263
1033876963308
1192474166550
1056615363815
1384113545689
1000880119082
1037938784405
1364582091716
919582292953
1047084256446
1671615767523
1372890436447
1869576486202
710044610830
1468553666206
833259147874
1705534736602
818720348972
1616720848607
1301103753154
955139892146
1098395988526
1395730861314
834955518521
705688042887
1241458829418
948426041832
1202402276669
1190636101474
1287209071925
794023978523
1248746845834
1223412056516
757106887987
757533240675
1280168483578
870980934683
1004461460232
790490111369
867965624370
893420712296
559660379531
732947204200
1460703078554
932261345283
1010519210359
647573331494
1517213810515
969444524619
723364289598
428705069019
637251517090
769093469283
761517020348
1425592802858
937872868101
865377082384
1029332019642
838837836281
875405227952
1069259885017
546011937957
1049165152613
694948437646
633916095762
827603318359
613585753136
720311688419
742607900236
945995889335
486838455989
925441409319
877559205025
1006224071048
955070852259
1156547311000
699967228092
471840184390
1131025082789
906515955762
731722699073
555981916266
944676206335
768801694256
1118490136023
715623423698
957392642118
682818133032
613775527594
549542456359
973816557222
512029146138
1234369270491
597581306675
930415936206
662004155105
863968054002
863928927613
419643985750
968007070543
408706359499
564404566409
738355344254
1015895086655
1311912789286
488179144054
670544171955
579368866223
532065119423
640583115156
412688047189
451534642290
753078345241
943783190509
350258117200
290764559935
428641040701
644517227637
1059030923868
1217662243303
853725774938
526194888843
742978912097
650119265834
481117180529
812899260458
776351460666
237114421174
877508683355
609129149997
290762567394
1091417187363
562320139273
281927181234
323621227928
354394270262
809875848887
527809866451
535482194028
594564713910
348517228890
555865174775
472027411065
299939208258
596043449441
566448910406
286225382024
694471915819
221038428444
393096123903
780083851824
655210484379
248262031615
326356311566
294084290013
263216818729
281780973211
395158045300
461175920050
570342595047
529647775873
736394065546
209370412406
374338301870
301666582082
420972947732
41300785503
644940100294
219520175036
709790979564
465299079425
282426460490
532146798327
501265203498
355029691878
598857769698
647973160893
580302330898
261162828874
402778394526
232531201564
408101090258
200961697200
271125148569
325494460550
254448313972
447362509392
324096013042
838099784827
220352431592
249796613547
598824293269
251623705790
486966300451
417828239958
516084968437
439808006799
291627699459
475433954452
552130040035
375388581703
325493345822
132536490666
129084582721
700650984382
351980805712
31648313755
202103823711
90174622463
222356025253
183897432184
339379249977
96332888215
101760222164
231664253840
453113037221
106042293589
238578160535
525864273679
30462332135
450567894892
196619717324
226522969551
188257197672
311150704105
389489096249
226368936180
166468756469
146264732654
254591081864
254828643001
594417720063
169878938726
212272851788
236293575444
310962923608
267132053259
9504537874
124582563876
13051704576
243742541920
316301204823
185278232112
164411516982
62914174047
231532726375
218631335705
130122453132
252029896341
182096968223
181105698448
181888352787
248498442394
164920932141
236419613578
94068852584
216428970186
208169125704
176934709616
156301683099
134649947154
290547633080
127158705285
99224587766
166642321608
44880814067
141478694780
97923177212
111486754454
75001410409
81511761273
90584479388
221131856470
75149702888
173314027972
113149677170
126949529317
316948936724
266641438808
44834614214
65704736169
375598447785
63137983051
217052766633
187645113081
109310814352
20819783342
94060395304
111085716015
66803314044
143073203691
28038657345
100403543936
124599764010
26673036650
173173935377
25473189442
84191558546
77460912794
46398032423
11659611996
138782589263
145523553163
47994872858
99695896613
