275634476314985792
71417507706814016
33508968851672032
19554965192701808
12549368342328636
8704283332897229
6415750375735738
5003022709815949
4066447747903973
3342829987743264
2852341318681309
2483698546276024
2170370637123836
1934384750957824
1735269472226284
1570855724108240
1434004937081407
1314710579115452
1226312867277384
1151115309163646
1070235924167799
1008627138754692
956470384875166
892666377868635
856826042770948
828508396607373
787378033357021
750052455007724
720478515150191
694499301069028
669982385371824
655102258888210
630596978179647
611491209247961
591005860283409
580432075691940
567903831386613
546826595591264
529636145947084
523883141229334
515445778691453
507562421062017
493788385526272
484204293083529
470005687403456
465365682955500
459903794360386
454129810400090
444442570368140
432176606106728
425188519555613
418556165706952
420969773657538
410360810348276
400646577070307
386634937886132
395839252767444
379300702057247
372031150258345
378538625537481
367174057598564
366961909010915
368402803223108
358777130769537
363315224544223
346105085619691
345010372445214
338613108130793
333758166766656
328209822992144
318813965401897
324654440540247
314308845829325
312691921795320
304836698234739
308965635246954
300373918563028
298476564864262
298865965276146
292808747322287
284936720667692
277979609683957
283205759222395
280402440077164
272005315442658
270761618772231
269474397841956
256134321768452
259806513276902
258192545468767
254506760358648
246472809983585
248606427729372
242413883448585
245441965602587
237475013086823
240597146099787
239543450208903
226313967136933
221105430050098
224980570204396
221241395288568
220035038003446
222852971794868
208684668978578
215580495944466
212757187535592
198367479847859
199398269776243
198524702966151
200810248293914
195732910833570
193794355318506
195740437385313
188754316088658
193318012392478
186861964907447
186752373826254
176726712791182
182291978979807
175580153901847
175438757104653
174881339400110
172234686368040
167740560672959
166059853352860
166724109816182
168674141183343
161486749926816
166203242658299
154470733519285
158250900173708
158453800687873
151263828145213
150344967614758
154887839375947
146358284176375
146871753727931
144671960681211
142010564782647
142032189367846
140220832692507
134788400289005
139782995602887
133660626868407
129107736240217
131454824547605
135302315241168
128489178325314
129946970218742
125526625540674
127193838823140
128979069261593
122839356451455
126499991115022
119550411205693
120024065546575
118983760724187
121728735967956
116871678822449
113164272999808
112235613957974
114634791540414
112745788775754
106141226552372
108294909973905
107330221167531
106424180626515
107364436299495
103455231949249
102923614875765
104323756251532
104240500036029
99729013928056
97747552957960
96938724969909
96366626844462
95998604052890
95643735086067
96689972489799
93332841127819
89755143676481
91774358380587
89398559316040
87149714755348
86258699648876
84707455406166
88061616486431
88821955503293
80424333908890
82446431627410
79921406849824
84383916333272
79832606675938
81173933640379
78962084364133
78565180161026
81828679221049
75690226418189
76157769520697
81313708595083
75152838064009
76393474326707
71511920026459
70308230186159
71598727202251
70661560807700
72339662140364
71956962404045
72392123746423
68277459385664
70847049734259
73836600822189
67356959550597
66512772586045
67761920840022
62340710150372
63251341128901
62110950850391
58052805881930
60671165452593
66198197179030
58935260678101
58705370971585
61269063151559
59861633132902
60941406738595
56698645787059
53485612890546
57369479542853
54516438442821
52016786532719
55397529982945
53628517349279
55219418447838
52884830203939
55148348575220
51638978387854
51260709933326
48233064142818
49575943951023
50396413239462
50030652971543
48358922965200
45701961212993
48607347764483
47164729431924
45748648534228
44045005959715
44438481072796
48533016329455
45256084723602
45829562889430
40139307516915
41554408572206
46640862600470
42319320951964
42457774742381
38809811579368
41496489029289
41490760835114
40840132788648
38966833972570
40155024098100
39046320228335
39354806448737
34627502998281
37131848992316
37672916828143
36000350970578
36913161660575
35263486752564
33751945927409
34301267517232
32605097608569
32560379708071
34247537507552
35262524138664
34990540352210
35295388011914
34638660478867
35585064251898
32768152322826
34047869008427
32115871104985
31032241025559
32967750816362
29096333549917
30073620716755
30324447360351
32970386481198
28848135190504
30956916730143
28089679269764
28680468592462
26633455834044
27678342723011
27813999177895
23837587097838
25235089266052
28240312898331
26068247132078
26269385367064
27746509031446
25115175425102
25926349839816
25167945592056
22709044302470
26261755647165
23041612717033
25099946593679
22977681508603
23870908415614
22510059924089
22159590030358
26095084615667
20788974077817
23472560750556
22392497489062
23036269304630
20310795954918
20907350950902
19154691969882
22556487589080
21407577224309
21047272913883
20467189956718
18610346613617
20665906399378
20322667044877
19921202666773
20715015267012
21008267989508
19229336816622
18954285514556
19116653396405
17518627155820
20133689570488
16691155825026
18368187506493
17467050096375
19373484710017
17403831048557
16943440716610
15787397377830
17417175009427
15453682011348
17492936394627
18338482681626
14966074992428
15011499748813
13988974012813
14433386882023
18007330736822
15644425061552
16178590487420
14800919938552
15267089203685
15031715888981
15931217632448
13764689338120
14403805211576
13611028190496
15204098947907
15784136291210
16044751899646
13229129596040
15511846999385
13329315636390
13931791878544
13174358237805
15029160191963
12813438957140
12947391856727
13313388523896
13214899443380
12326567921416
13633223239367
12517306532681
12216468880021
13198754576768
12196718024352
12452425375686
11222637670359
12527615806501
13527633502722
11842622869369
12028384294392
10606680964502
10878268497077
12168840970467
12825685708694
10878387619221
11290832856417
11162041075580
10203797817014
10541660099537
10225242216584
11604091893281
11174589769097
9755517403107
10089017533493
9403951597635
8745779805034
7905286061943
10222463485214
9770175970217
8579920351515
9870678166564
9884918888279
10194829960857
9189082993470
9545905030980
9241728983452
9288904408279
8884176844107
8724296321737
9904459697731
9617281973075
8319736819520
8675154768815
9846664691931
9379429208504
8260019281731
8183882905784
8418827618228
8595313191697
9549873370127
8455128581373
8177284511203
7578783392016
7299753228033
8669578337514
7469856407451
7565316543146
7128343486978
8744455474493
8295459960424
8113477883607
9059808767399
7265629149202
8133671141472
8274647967667
6976980889965
6913361743359
8027472051862
7932058353420
6418761695732
6339581069946
7567605362305
7355295243139
6332163478707
6594891692398
6827819982970
6019390150534
7013715193148
6448680197370
6444761351078
5825325938402
6856960821205
6664516537356
6507455560972
6023844111570
6631196263107
5756772479675
5355563831606
5322978393525
5923895886495
5734426251324
5559197308934
5757121621802
6387309411152
5913901747259
5857537221151
5257490351457
5643303557315
5473022124837
5527918849511
4842850023878
4851050880913
5304128724629
5078662909601
5071027702127
5512719984459
5524129294273
4136393924536
5604773730133
4557036511668
4332514424689
4817037869901
4471391055021
4226614643441
4441146564377
4666373332083
4182107716081
4412145305845
3386310106663
3945128086664
3816885559584
5177385837313
4341372251584
3819178096791
3795678510694
3853041861463
4635776411605
3747764408393
4349126772457
3685759739322
4302402131204
3726171061770
2872579952905
4062459717796
4296421593088
4526262938936
4214435934576
3913966423360
3583941029559
3577984188567
3658838216191
4118987882606
3985281949865
3910876105469
3199866194602
2926615812308
3776612106966
2513360664731
3219132312900
3655623823269
3916467505453
4332446352553
2804046241781
3381979822812
2640353323588
3762669956180
3514187491780
2520646722847
3395665864198
3333427995423
2585142663077
2776293431158
2260335140852
2874418179295
2792009578846
3445060110406
2536913914913
2505750234607
3159012235788
3100024949117
2124625887681
3252905904130
2848000559794
3067237225710
2561088879801
1966716917795
2434061301979
1926720477336
2564742690929
2010801109937
2606526278697
2809197846248
2585898103229
2066047264361
2529449605860
3148440451302
2297985833602
2282893939828
2339478230852
2056779532259
2087478845747
1967394832002
1705381119223
2160340799171
2513276034527
2299058841021
2159633056897
1884163471050
2322783746683
2360668812438
2048260742478
1965429089539
2070427401288
1914586822765
1717896078526
2203294800873
2032325001290
2144089284575
1971401130036
2078719118467
1252677867536
1484304149143
1197718322488
1926481193305
1609543168888
1954249272529
1575601418837
1672272270907
2248021230175
1304564142491
1289091232979
1658784177572
1664859084125
1297431053425
1399662872376
1847064061910
2080945413185
1832480840667
1239391283459
1160717937477
1465230996620
1571693610458
1256397855967
1541946713280
1246135774420
1999877308432
1164613890079
1500583520952
1571328359135
1387160438863
1600007443179
1347486062435
1286572203883
1300840728272
894287568158
1326805375349
844458704838
1582321913976
1192583108326
1380745922692
1044164422565
949891328582
1739050468470
1548147419514
1427300613454
1357283315543
1011771098982
1104978087278
1213156595773
1041694709449
969634578666
945766834069
655194776284
1421835419148
1775613278194
1557540653077
590917413539
1067071790775
1232333275957
842299717981
810254397294
705687634398
1237050137198
1350695005618
861073371894
1291199058210
1607208842601
1212196102710
878450129162
776435958758
1057000739006
810535873373
787638223008
949426020698
669377450621
402349491049
1347274786883
526181297462
711076523955
559094826014
1027994991537
375325611829
685062159996
604770159672
471351371676
716786583471
458586115353
660294208746
762237083023
334811637952
442381037568
354651285021
727970178961
797105608424
487676296412
538333877026
497301174485
635984456730
765654513483
986271393424
944537302013
413977553176
532277523764
652091656972
712016885802
1082134399605
672730868052
332279292671
382839907758
597817158702
520345277771
560884108522
806769677073
155116818850
394781781713
392256592092
94775858649
454288708277
517882136984
468894539821
419749610222
409258320989
446154013541
608486594487
580630132415
538171231097
378071483863
289465479613
314917909727
473092158577
168305139167
202987661188
456285578267
485272233754
217961117068
222669591760
342744628286
286070124305
359955616762
397027530423
362042900703
390015244375
571424911315
609459813666
503108502964
282398000612
224643937538
325071809082
154149827799
407046757134
263103845296
165017865664
130244116586
359593934706
254183857704
417757487908
323584182381
353999754350
101458488085
525487815506
279857795666
440029580864
432556868118
173294167946
352124922696
157498077666
217279364151
338132677062
249707539674
187068711704
202679627353
230687151695
161714287018
324757798444
339429615072
143989966213
97766102577
340146804873
86773684542
366218350330
146547876128
239965278031
138018567586
350895311667
124402353616
245908986789
323151357986
96667111080
124435492376
195766205583
66263772950
180284796733
121159651641
83002916424
115243764565
283809828878
350534675637
140204866006
407735351054
258177019488
63328741047
74352776333
193902810518
44901709883
63800730227
223118405832
67142334464
58227529876
177421412533
77091179976
188121376762
138926493240
79506492931
58960144161
209860153659
288817381069
74848201941
324893642704
45793612048
153043248776
172398129074
194027255814
113085847789
139755149980
203442156853
164119261370
68156239912
115484379226
212649606638
31250941127
217293451771
21521494975
91366051935
40928811608
67384589393
34484288124
30198356005
25375183477
57526257793
20425049750
26742217611
77635032217
136044426447
7451544314
21883162074
69524117580
73474891858
17992204572
124299205225
94560394352
75923242766
47461999697
19219077887
43041240528
219307156227
186232988499
10857391646
54334561337
0
20820142068
56050118150
17801626831
42698207547
19153423833
0
63580871099
61436763165
10872450491
71936839083
43530818441
60433719028
96770101711
7225434854
131564833755
6492666773
61405083785
3218130355
52920657913
10700600282
18981248544
40966903349
21625101383
29533483404
65292436051
20471776391
94254970779
87575145928
0
34472479575
40179898941
14856525704
12075282826
7878216481
16871534614
19747356153
3197730335
6551462383
0
19094500823
0
0
59607384483
6273162038
52230954770
7158213733
20879361389
0
0
11508486239
29909855889
78932898665
0
4208852402
71229286572
3135370382
21157284472
6361578202
0
3015520671
0
0
8024065018
3186947552
0
0
4212125749
19093153570
0
0
0
81818908463
24085311540
79032456100
0
0
0
0
0
0
16945801596
4648995682
0
26630452919
0
4449130170
0
7916224587
19823706604
3480376287
20328530648
8700578050
0
3278604840
0
0
38265756980
0
0
0
0
9454752235
0
0
18522627182
55684623883
0
29019600322
0
55248950784
17132838450
0
3980969311
0
0
0
0
0
0
0
0
0
0
4502137045
0
0
0
0
0
0
0
0
0
0
4087472119
77694821731
0
0
0
0
0
0
0
0
79118299184
0
0
0
0
0
0
0
6506794258
