0
0
0
0
0
0
0
0
0
0
0
0
0
0
0
0
0
0
0
0
0
0
0
0
0
0
0
0
0
0
0
0
0
0
0
0
6394062169508
428775894217041
385010835678395
348979856299229
316734385947983
293966105405209
257734731006821
240022058830682
221524804857413
215562520193204
187591044108654
178021282799588
165767297980515
160659984588874
146665544173653
136664868849678
128268663540235
120318828185917
116564064754856
110599860235592
98976278380826
95797562988543
88518100571286
84965993151927
78836450044827
73043693828754
74114990305248
68230204211400
63185127138471
61453665195668
56793721025875
51641784708883
53322198613574
51432007146177
49164759859018
44362188489082
39454392158551
41694102828472
41016962194289
36874347063944
34631237663598
35756785488578
33812332583499
31737463203086
28371703412658
27276956049459
26075105551332
27901188240131
26414564331623
26599376868239
22908060635673
24448145720977
21382740241105
20734261384324
19303312569397
19474991599475
19177984101751
18310066694858
17859269317806
16277340106397
16499109712908
14774953857856
14566800436269
14615675896352
14034435099016
11229451491848
13163308825305
12075034945629
12290932490389
11133181916763
11857744677983
12131376842241
10307241351037
10088258526184
8838949206598
10569053603984
8632407959934
8877743553427
7501869913112
8954695278517
8590172693262
7738152225619
7096784941643
7553955016438
7047601563632
6051498988397
6989763833418
5766236427672
6384609018981
5762963420001
5542224577558
5380004883263
5018063728460
5319082101190
4563017162561
4280037567162
4791058505850
4446151178359
4521026517003
4186840806147
4258740355284
3833570178273
4538489922874
3937393916713
3745538250362
3638698856070
3907926150712
3861495043638
3055858444415
3407258083074
3406073581221
2800720268622
3081073272561
2998940154943
3103888680001
2375731395206
2603413706459
2663167940675
2693406637934
2137435266298
2354957902610
2458402927129
2314106271099
1765705014493
2369247501068
2160012719801
2171205266672
2044902533543
2180252678289
2188007218554
1978523181386
1802158939147
1609729456364
1728512006413
1489405125011
1827196449357
1168487743826
1730861164596
1492136288494
1443686843827
1478385987941
1462657266492
1218417546146
1327551405745
1229648547026
1327626527009
1316294174972
1117351175416
1050860202814
1219025532829
1146709220042
875573447383
1223607115455
1066346722123
848269027368
884005832035
1055772151569
834029364942
905707971703
868458099979
898232108679
633137919262
760985435646
791060741914
930900739293
679867492378
773866715880
865130353278
707303320890
695570202720
659110281225
638017714668
515219587826
534977077886
525408138177
521317923877
583950974881
601459306319
592729927200
568766724564
703140316724
715507488163
462504223914
382857314386
553864011419
470986020774
422293007200
401994675282
451155106285
538470125393
578953074891
648358222899
659160112767
338062420098
308284227967
319379028152
254611028735
419526698383
421006958593
378812623858
297682087979
450449601873
462019027665
196170062732
240949100489
453008901130
466099846185
319860164531
282776073988
239449597110
307217649618
295488736180
243024968076
251562531098
218515563447
234680449249
254683846654
191237390234
151995081585
251444322141
164668101751
176848092683
257105891203
282228862352
305948699070
192947007987
246942259995
325376020047
250406214329
130155597703
165468642733
340917412049
292843817392
128298146127
160686948274
148158479471
149224938860
168016214908
192079670559
145177848001
68617830584
107151116288
122364095676
172931098444
122720185147
121609458024
84990642249
215787467367
79853967001
156001106615
122034549382
104363627282
182774402836
84431155237
104453647253
89857982723
80235307605
58767456677
131385664688
141273548094
60253306832
139419358873
101365688700
124262683888
133433916386
67951818778
139727661640
111933842263
141105377922
118605223903
116778508206
118476934980
132845242448
79506860777
33210850522
68920937736
81637611064
82933639760
57459962058
22079354217
19026186783
68590624449
70537832781
116385845835
121872919052
24631676022
105813997143
112690460900
48087301306
66278443437
134705553042
32786581446
68265907039
99853191564
71204202757
55309890405
74552918314
84581648403
93596915813
64053837502
29305563408
64810738604
46596553322
58348113488
50971921917
50574988029
57548772913
55394959497
89830002325
23822320525
22234619474
72819672604
13661295276
26757970748
12601389556
43327120077
41309104925
61735098140
25098105941
46359780022
33471891266
47778670640
12636414550
47123141417
62352370315
10085305263
92932197343
49717662765
37617178630
87255576959
6938346482
74332440298
18413811164
0
36265050894
26126270396
16822868450
0
47665876302
57178760832
27046715038
17693181760
22063607593
30933765106
27186432237
0
45293196359
24496094878
90897731929
58834178868
23164810194
54693740907
13719265402
6046712343
24026102441
62828921058
0
14611292193
9453400043
90721790163
27992210402
31683433487
23630499737
10895556709
41578253929
66404175499
3629037866
0
18241757621
31682214544
3253386822
35856791962
7280349345
8098434888
51682472397
26008526931
5802966398
5699924251
18208290364
25385596634
11359332717
27467281864
43887846193
7088404211
6158858222
40197324247
0
19195474788
24700098855
0
23437934972
32691595574
33108568396
0
8059132456
23628353858
9206542553
0
0
16662790742
33881764902
11605642344
0
0
0
0
14455214963
14285796706
37185580572
0
8442142608
32003714116
2158870273
25768941630
12541812725
0
25582706698
31082283850
13476840914
0
9118548747
0
25350937444
0
17044411628
23407531069
0
22450786852
29737683490
27468158489
0
13351193996
0
0
16719028895
17992289439
9749091062
0
6006246090
17916220783
8140527640
0
14234246155
0
0
25280239693
13565661572
26801698520
0
0
3217439512
13705905802
3443899562
0
8454181145
36937573622
5440200403
15297414037
6993375466
17197168164
0
9893187029
15970495976
13629664274
0
0
0
9436989657
9769251429
0
0
0
11530618719
0
0
5856391030
0
0
0
0
0
0
0
0
0
11359354491
0
0
0
11613983260
0
38146679560
0
7372201328
10494300473
22117886227
0
5648076412
29028401086
0
0
17717522176
5937376398
0
0
0
0
11026722983
0
0
6492969546
10568072727
0
19073249369
0
11258063497
0
0
0
0
0
0
0
0
0
0
0
8357357539
0
0
4527631892
0
0
0
0
0
0
3650625949
0
0
0
0
0
6165420823
0
0
13840666599
0
11470643379
0
10650328034
8352861960
8029675261
0
0
0
0
0
0
0
0
0
0
6087560013
0
5009521725
10909821098
0
0
0
5652967008
0
32791436792
0
24723657589
0
0
0
0
0
0
0
6109926867
0
0
0
0
0
0
0
0
0
10310232194
0
0
0
0
7417027501
12828240482
0
0
9633713806
0
0
0
0
0
0
0
0
0
0
0
0
6571369235
0
0
0
0
0
0
4649335026
0
8339784611
0
0
0
0
0
0
0
0
0
0
0
0
0
6196777392
0
0
0
0
0
0
0
1603788125
0
0
0
0
0
0
10841122695
6988202083
6556748076
0
0
0
0
0
0
0
0
0
0
0
0
0
0
6283471666
0
0
0
0
0
0
0
0
0
0
0
0
0
0
0
0
0
0
0
0
0
0
0
0
0
0
0
0
0
0
0
0
0
0
0
0
0
0
0
0
0
0
0
0
0
0
0
0
0
0
0
0
0
0
0
0
0
0
0
0
0
0
0
0
0
0
0
0
8313299025
0
0
0
0
0
0
0
0
0
0
0
0
0
0
0
0
0
0
9240856116
0
0
0
0
0
0
0
0
0
0
0
0
0
0
0
0
0
0
0
0
0
0
0
0
0
0
0
0
0
0
0
0
0
0
0
0
0
0
0
0
0
0
0
0
0
0
0
0
0
0
0
0
0
0
0
0
0
0
0
0
0
0
0
0
0
0
0
0
0
0
0
0
0
0
0
0
0
0
0
0
0
0
0
0
0
0
0
0
0
0
0
0
0
0
0
0
0
0
0
0
0
0
0
0
0
0
0
0
0
0
0
0
0
0
0
0
0
0
0
0
0
0
0
0
0
0
0
0
0
0
0
0
0
0
0
0
0
0
0
0
0
0
0
0
0
0
0
0
0
0
0
0
0
0
0
0
0
0
0
0
0
0
0
0
0
0
0
0
0
0
0
0
0
0
0
0
0
0
0
0
6906192961
0
0
0
0
0
0
0
0
0
0
0
0
0
0
0
0
0
0
0
0
0
0
0
0
0
