1.569942102028040000e+14
1.406554674277120000e+14
1.261031627126550000e+14
1.189763550775880000e+14
1.060085197611790000e+14
9.910910118416300000e+13
9.188398737092300000e+13
8.686392026619800000e+13
8.462914723356200000e+13
7.693804402329000000e+13
7.407076842071300000e+13
6.851051451014100000e+13
6.589017930236300000e+13
6.326185318045800000e+13
5.878861283128700000e+13
5.714795358857200000e+13
5.288023476033100000e+13
5.175181611295300000e+13
5.174495263597100000e+13
4.876213215082500000e+13
4.595830508058000000e+13
4.326019229243800000e+13
4.397734114198400000e+13
4.201475233908700000e+13
4.002481473309200000e+13
3.705402247845200000e+13
3.894166153775900000e+13
3.500069286003500000e+13
3.406027265235900000e+13
3.181542078045500000e+13
3.463656135639900000e+13
2.929766207264300000e+13
3.099981654359000000e+13
3.106357213019100000e+13
2.745252238292200000e+13
2.657952328909000000e+13
2.952584027861900000e+13
2.575919481389300000e+13
2.571031555174100000e+13
2.420989624566200000e+13
2.361905985214100000e+13
2.455731014139300000e+13
2.369682989383800000e+13
2.207543225095000000e+13
2.127306261666400000e+13
2.186464962639700000e+13
2.040448642153500000e+13
1.857307142727600000e+13
2.141512268874400000e+13
2.022807842362700000e+13
1.741988500070200000e+13
1.708301095423100000e+13
1.744188143151700000e+13
1.682816416509400000e+13
1.782820974070700000e+13
1.616265817351300000e+13
1.665083341749300000e+13
1.485213297069800000e+13
1.381661700854100000e+13
1.440540693812100000e+13
1.372770738070600000e+13
1.469363265486300000e+13
1.334044856367000000e+13
1.400517527832200000e+13
1.245165246939700000e+13
1.296989821964300000e+13
1.389684588780600000e+13
1.150241899455900000e+13
1.303614628368100000e+13
1.344416540910400000e+13
1.319408814347200000e+13
1.157290985651400000e+13
9.841415548972000000e+12
9.901666519967000000e+12
1.144974311325000000e+13
1.038408977470300000e+13
1.015467184441400000e+13
9.485929848289000000e+12
1.071444884517700000e+13
1.126434563877500000e+13
9.544999350307000000e+12
9.288308022749000000e+12
9.137915111263000000e+12
9.128754067156000000e+12
1.024850552011800000e+13
8.380436554124000000e+12
8.014393435929000000e+12
7.534298104590000000e+12
9.048765237742000000e+12
8.591032182948000000e+12
1.105703232555100000e+13
8.086373496922000000e+12
6.807533562791000000e+12
7.588399357968000000e+12
8.313607998512000000e+12
6.928776199345000000e+12
7.983208038675000000e+12
7.517759940746000000e+12
7.197471565808000000e+12
6.533839836249000000e+12
6.506137796604000000e+12
6.843135714457000000e+12
6.626568767056000000e+12
6.157350396276000000e+12
7.214551751197000000e+12
6.029143640950000000e+12
5.745133478888000000e+12
6.275665050232000000e+12
5.289399222183000000e+12
6.402124046172000000e+12
6.350293395201000000e+12
6.052478040976000000e+12
6.147150909311000000e+12
5.026860421523000000e+12
5.700900809142000000e+12
5.653872706298000000e+12
5.806226994270000000e+12
5.179317407451000000e+12
4.382820179113000000e+12
3.940614122062000000e+12
5.170667815639000000e+12
4.543295596370000000e+12
4.667743543014000000e+12
4.463064998815000000e+12
5.034003706867000000e+12
4.494824533745000000e+12
4.959180739092000000e+12
4.828283127981000000e+12
4.714962378244000000e+12
4.444426767328000000e+12
4.211447548708000000e+12
3.244032054452000000e+12
5.237657088988000000e+12
3.533294657896000000e+12
3.319724701425000000e+12
4.435741850088000000e+12
4.123674127346000000e+12
3.518450971280000000e+12
3.494163514167000000e+12
2.916939723941000000e+12
2.991344438756000000e+12
3.561075431816000000e+12
3.268713508660000000e+12
4.001121153356000000e+12
3.216728918234000000e+12
2.268135219293000000e+12
3.653413306573000000e+12
3.425979546139000000e+12
2.918332769213000000e+12
2.560277167152000000e+12
3.303419219725000000e+12
3.261323129590000000e+12
2.704275846056000000e+12
2.482641070844000000e+12
2.721143401721000000e+12
2.064566128214000000e+12
2.732877104386000000e+12
2.364833221309000000e+12
2.026651964421000000e+12
2.456444792157000000e+12
2.344811349616000000e+12
2.159322868767000000e+12
2.919647425192000000e+12
2.840822616617000000e+12
2.524307205328000000e+12
2.833233894547000000e+12
2.694753082422000000e+12
2.021062738344000000e+12
2.027508705936000000e+12
3.297609241827000000e+12
1.586004314328000000e+12
2.089685557805000000e+12
2.260117421732000000e+12
2.403347991249000000e+12
1.936254986934000000e+12
1.936908224664000000e+12
2.792949867583000000e+12
1.842983079367000000e+12
2.156780302186000000e+12
1.970418073278000000e+12
2.044569807770000000e+12
1.491609440311000000e+12
1.369889680866000000e+12
1.668797637411000000e+12
1.262181998025000000e+12
2.565267931987000000e+12
2.062417749668000000e+12
2.002779037645000000e+12
2.144735360941000000e+12
2.036406372393000000e+12
9.884121218750000000e+11
2.667179480845000000e+12
1.477790049259000000e+12
1.873207496080000000e+12
1.522161305627000000e+12
1.524674305962000000e+12
1.264376043045000000e+12
1.351653563836000000e+12
1.259793063209000000e+12
1.609502040520000000e+12
1.011393552530000000e+12
1.336257369885000000e+12
1.782132928210000000e+12
1.951497039162000000e+12
1.224416683939000000e+12
1.776912435397000000e+12
1.048482732700000000e+12
9.083889180980000000e+11
1.099540974913000000e+12
1.266527282911000000e+12
1.072652470949000000e+12
2.497341545846000000e+12
1.402907810169000000e+12
1.341949687984000000e+12
7.521448029640000000e+11
1.906356995517000000e+12
8.072702461560000000e+11
1.474298137325000000e+12
1.183943505614000000e+12
1.316068755191000000e+12
2.214524997521000000e+12
1.611594509861000000e+12
1.082807173908000000e+12
7.342860437800000000e+11
1.655983940284000000e+12
1.475565821797000000e+12
1.526910252128000000e+12
1.315467719100000000e+12
1.502023832179000000e+12
6.336625785530000000e+11
1.025360441501000000e+12
9.779230231620000000e+11
1.151473507545000000e+12
1.080299984253000000e+12
9.151882091920000000e+11
1.314648782247000000e+12
6.995682823780000000e+11
8.125658236950000000e+11
6.050132335860000000e+11
5.709199242210000000e+11
1.563523711241000000e+12
7.665678516520000000e+11
9.888622481220000000e+11
9.819891435910000000e+11
7.810952641260000000e+11
1.810915683525000000e+12
9.604137953900000000e+11
1.153216270688000000e+12
1.066201135704000000e+12
1.261090048042000000e+12
7.425033123000000000e+11
1.636079630963000000e+12
8.220284479380000000e+11
6.466103763820000000e+11
6.905383393470000000e+11
1.183110901688000000e+12
7.183875843540000000e+11
9.038673353160000000e+11
5.723736788320000000e+11
1.351177008927000000e+12
1.094264011764000000e+12
7.669046167940000000e+11
1.253829209817000000e+12
9.100584277330000000e+11
9.965326455400000000e+11
7.346528210530000000e+11
8.988064354470000000e+11
1.107417297151000000e+12
2.589961210640000000e+11
1.044666155693000000e+12
1.149680101212000000e+12
7.183853619280000000e+11
8.808995233370000000e+11
6.779285222480000000e+11
1.001758199241000000e+12
7.203189982420000000e+11
2.528162060860000000e+11
6.239130859560000000e+11
6.983354317400000000e+10
9.538649404180000000e+11
3.914881356920000000e+11
3.878414189380000000e+11
4.464621946980000000e+11
5.666396363510000000e+11
6.156818561880000000e+11
1.056219139760000000e+12
8.389367202730000000e+11
4.273242829390000000e+11
1.130953764183000000e+12
4.731975079150000000e+11
7.808354330120000000e+11
7.457049719880000000e+11
4.584049459450000000e+11
9.974844108890000000e+11
4.509969915000000000e+11
5.297782365930000000e+11
1.216280387250000000e+12
5.704170198880000000e+11
8.578475417260000000e+11
5.143842692880000000e+11
3.894997898420000000e+11
5.063878281940000000e+11
3.912461259340000000e+11
7.672833134300000000e+10
5.826121845090000000e+11
4.540744833190000000e+11
7.263016902600000000e+11
5.787510069390000000e+11
3.415518641160000000e+11
6.026858993500000000e+11
3.887868664930000000e+11
1.842581776620000000e+11
6.374684698650000000e+11
2.978966442060000000e+11
1.229633544201000000e+12
4.825006122460000000e+11
6.724917280330000000e+11
1.069971926280000000e+11
6.607386589530000000e+11
4.012649287590000000e+11
1.707050624680000000e+11
2.076942742510000000e+11
4.348177301830000000e+11
2.214762966630000000e+11
2.049082950140000000e+11
1.393034386669000000e+12
7.189227775360000000e+11
3.533703301760000000e+11
3.351106637570000000e+11
5.930714753490000000e+11
1.043078530162000000e+12
4.163403844190000000e+11
3.569614774480000000e+11
4.410422111120000000e+11
1.778598596620000000e+11
4.945248426640000000e+11
4.969139960890000000e+11
4.284567614410000000e+11
4.896836059270000000e+11
3.675510496960000000e+11
3.995385007030000000e+11
3.587000414840000000e+11
4.972965490440000000e+11
2.190122729940000000e+11
3.458026818880000000e+11
1.907940895650000000e+11
6.938324047980000000e+11
1.946577744410000000e+11
3.248595689460000000e+11
9.307494661180000000e+11
3.478938140740000000e+11
3.367886250830000000e+11
4.997845681830000000e+11
2.816556463300000000e+11
2.676741607510000000e+11
4.831964222180000000e+11
1.690523157430000000e+11
7.955845909670000000e+11
3.405406011930000000e+11
2.010408953650000000e+11
2.133424538130000000e+11
3.523759053730000000e+11
2.018803043920000000e+11
4.178496546970000000e+11
2.965530795100000000e+11
1.852753921360000000e+11
5.651886357760000000e+11
6.547999424300000000e+10
5.932001966600000000e+10
2.947445801370000000e+11
3.455355866950000000e+11
1.938842832740000000e+11
6.540253362250000000e+11
3.361291379470000000e+11
5.412115427450000000e+11
7.744822312490000000e+11
1.822819902870000000e+11
6.312261476920000000e+11
1.870852766660000000e+11
8.767375076350000000e+11
5.541525740100000000e+10
2.037119183460000000e+11
5.141095389120000000e+11
1.919970549370000000e+11
8.798443842300000000e+10
3.946983968800000000e+11
4.188835093370000000e+11
3.734948230500000000e+10
2.061210398120000000e+11
2.793735566500000000e+10
7.711195718000000000e+10
3.273082533600000000e+10
1.697841106260000000e+11
5.617132549390000000e+11
7.230726523400000000e+10
2.226782223300000000e+11
1.842378186410000000e+11
1.570770655930000000e+11
4.467421595500000000e+10
3.145606431700000000e+10
3.355593511700000000e+11
1.695676589700000000e+11
3.150469693300000000e+10
1.120038668500000000e+10
1.726869764690000000e+11
3.440656077900000000e+10
1.665593856850000000e+11
2.937503831550000000e+11
3.128750662390000000e+11
2.364353339640000000e+11
1.755218163480000000e+11
2.896990919770000000e+11
3.466288520840000000e+11
1.892267070530000000e+11
2.052371897300000000e+10
3.566490221300000000e+10
1.846032429640000000e+11
4.616730318400000000e+10
4.335769195310000000e+11
5.556195677700000000e+10
2.704000988000000000e+10
1.871077087060000000e+11
2.123671506130000000e+11
3.782366302830000000e+11
9.047053536300000000e+10
3.402596517210000000e+11
4.514562154200000000e+10
1.826083681420000000e+11
1.665316094610000000e+11
2.821067387700000000e+10
1.634325493850000000e+11
1.251525618000000000e+10
3.632388163700000000e+10
1.824514139500000000e+11
1.906149382990000000e+11
1.652676513390000000e+11
1.998728941860000000e+11
1.617218702720000000e+11
1.837066153210000000e+11
1.888586626260000000e+11
2.036124095200000000e+10
8.204940044400000000e+10
1.638881741700000000e+10
2.709967971000000000e+10
1.749402322500000000e+10
3.246746296130000000e+11
1.161769778100000000e+10
1.624223810700000000e+10
3.183283958300000000e+10
3.233119220000000000e+10
1.820662943500000000e+10
1.131900848100000000e+10
3.291113713100000000e+10
3.643587144100000000e+10
1.317380496900000000e+10
1.642279307520000000e+11
3.075627155190000000e+11
1.552815204100000000e+10
2.329951665200000000e+10
1.648518700200000000e+11
3.231788963610000000e+11
1.473188756400000000e+11
1.634111423740000000e+11
1.841102358840000000e+11
1.540376760720000000e+11
1.533409850770000000e+11
1.702592835220000000e+11
6.738611902000000000e+09
1.008756031500000000e+10
1.467394785200000000e+10
2.633730585100000000e+10
1.653459743200000000e+10
1.152855704300000000e+10
1.594014198900000000e+10
1.602159538280000000e+11
1.657905444210000000e+11
6.715611425000000000e+10
1.828599461900000000e+10
2.506602769200000000e+10
2.780766230200000000e+10
1.244034779500000000e+10
2.198978063400000000e+10
2.091351256700000000e+10
9.335067590000000000e+09
9.042151305000000000e+09
1.899445972590000000e+11
3.523103928000000000e+09
1.095308899200000000e+10
4.481598690000000000e+10
8.732113387000000000e+09
3.042493880900000000e+10
1.090522055000000000e+10
7.741158265000000000e+10
1.820670839610000000e+11
6.479607408000000000e+09
2.613413964400000000e+10
5.302468073000000000e+09
7.248239388000000000e+09
1.801721596200000000e+10
1.535875373830000000e+11
3.512384303700000000e+10
7.122148742000000000e+09
7.301719928000000000e+09
3.559085859700000000e+10
1.536911733650000000e+11
7.739844410000000000e+09
2.065623165800000000e+11
1.552702432520000000e+11
1.692625613500000000e+11
1.516225142600000000e+10
5.032965182000000000e+09
8.450163507000000000e+09
1.905783018100000000e+10
1.258776605300000000e+10
6.871800794000000000e+09
2.409720406000000000e+10
2.259284287140000000e+11
3.571788839700000000e+10
9.872292866000000000e+09
7.724242922000000000e+09
1.555613265700000000e+10
9.573269263000000000e+09
1.503534831900000000e+10
4.989922546000000000e+09
5.907103825000000000e+09
1.577334522080000000e+11
3.761391477200000000e+10
9.220472127000000000e+09
1.525600882390000000e+11
1.661928964000000000e+09
1.655393071000000000e+09
1.121112397900000000e+10
6.698686845000000000e+09
1.540868192900000000e+10
9.468913678000000000e+09
1.569528414820000000e+11
5.365406820000000000e+09
3.251098055000000000e+09
1.700454605670000000e+11
1.132408108400000000e+10
7.339334073000000000e+09
1.088543478100000000e+10
1.594942635010000000e+11
1.616039757390000000e+11
9.161858688000000000e+09
6.638586930000000000e+09
1.291390452900000000e+10
7.234244027500000000e+10
5.220537252000000000e+09
5.526579403000000000e+09
1.673146408200000000e+10
2.818137606600000000e+10
2.268888277300000000e+10
3.233105054900000000e+10
5.005055092000000000e+09
1.171420945560000000e+11
7.379210811000000000e+09
1.022679876400000000e+10
3.913933235000000000e+09
5.110499957000000000e+09
4.045671100000000000e+09
9.105768455000000000e+09
2.539402518900000000e+10
2.812287960000000000e+09
4.944333245000000000e+09
1.629942019510000000e+11
7.392461193000000000e+09
1.422915784500000000e+10
1.656965204000000000e+09
3.442979169000000000e+09
1.103133058300000000e+10
1.189167999700000000e+10
1.960316695700000000e+10
3.345151755000000000e+09
3.470727105000000000e+09
1.826057179000000000e+09
1.292481736000000000e+10
6.923160843000000000e+09
