0
11496780956032702
7293651835419133
3482512835381211
2175698443531889
1508422813322817
1100021531774077
839973635389525
648177071764471
520397189680666
420709257840087
350439563156369
290003652855581
251247038274676
216960993880583
195609678888086
173415213540931
153768145169898
138955630343613
127657334599099
114528601853570
106779141446351
97392557480741
89607789844595
83700338868768
78165266150812
72536734710625
69554861206693
63350944363639
61772448709700
57257187883965
54542213090037
49756134410330
48346530966590
45887647797851
43092299471901
41268616833770
40406955092116
38321495590820
38019366540510
34703768011416
32767763023832
31037826680785
30495150775238
29412360641899
28133663590270
27777771266586
26436363197015
27169994751793
26287292937053
22966743675373
24107641564233
23458183431744
20430403482083
20612359930531
19412429386476
18183791378376
19920207476428
16743139932678
17272755992538
15549367006981
16756921550903
15757406641913
15227206181642
14834271533986
15271077057961
13684441865576
13860823589382
13245787043618
14113747135679
13146711298717
11684195361658
12503814283523
11048936243118
10176691607280
11751645290012
11944049248985
9980271320126
10726852695608
10307809864405
9928079792055
10612365482320
10024666706872
7845494504494
9385662557454
8727597718520
8891303518219
8039088957744
8467777534885
7166017825455
7901513607044
7815170721335
7101961748947
7564457974839
7070907485722
6640815183272
7515728224589
6472065176133
6891491117189
5667801942813
6437405658296
7634899686302
5733651728279
5735712891270
6372451773966
6259232067847
6093594285489
6168868969231
6449638548190
5175864140853
5252922653233
4327824366583
5650356239660
4464918392588
5098575153803
5073515967991
5120775714122
4526506182335
5761069277071
4365103856019
4811964959726
3998806619567
4039444573403
5119183524749
3626253775953
4585664254427
4934597468267
4666101960749
4280635052171
4748573414766
4585799664858
3749218483266
4064181149424
2952302579209
3249170121154
3635640854339
4294487965080
3998663019202
3561507292149
4002718966012
3330206199724
3951968138870
3631842973003
3572403952305
3343736484405
2950085764548
2860112837338
2705914795668
3344817874889
3396455645465
3439264302197
3212166094782
3468061320033
3629531534084
3413162664904
2754051396050
2754264787426
2910763005459
2549884234986
2280604430261
2940123045353
2786554794096
3293578498108
2635433705124
2770308583337
2027606016011
3085811641318
2298540621480
1886731941255
2265094625960
2455614302042
2643632104046
2641752231660
2777219510281
2657832327261
2282489422618
2643767453664
2819918201171
2490937583534
3009289007216
2659395387904
1672249130564
2184529650506
2014414830159
2201537702406
2289950758442
2211719087009
2319799786293
2539467462311
2078367784671
1581987154429
2265844199296
2088145625525
2339891688985
2199316924953
2411410905202
1370698080415
2349657658385
2747447563364
2065644801033
2046826212001
1998689194801
2208485419151
2213043731851
2347439381587
2222368519479
1958005061433
1529192849303
2401100938707
1837616749984
1286719053633
2027074675259
1842590304215
1802753321237
1312268093241
1871596697241
1713320550398
2138305560035
1782911667950
1870880787148
1596002063104
1490722462354
1749352069912
2249467827964
1779472439233
1839876930775
2001226362695
1412799412186
1338148632710
1530998890288
1632509583706
1449438858200
1134198001381
1372324491642
1576587819930
1411927246299
1956151887338
2019104930472
1552785468901
1563184911945
1540692413983
1462283070443
1514029962427
1947749276767
1406021729662
1653642210739
1307607051466
1289022276645
1680303175444
1061200760707
1493187948516
1554030874601
1003924582778
1089206661682
1229203393403
850006475416
1073097696324
1298772755523
1576181288245
1177295902909
1571811295724
1061392982255
922921013539
1621599090823
1216743275843
1073864427293
1235744733560
627533672620
1172912541580
1024089170949
1349249249554
1498513685216
1382136882168
929448120214
1056403429977
824936945020
1105323719411
1407875473109
1326801931187
724581437257
798958816177
939268555456
996719517748
1433302944094
1064538736386
1039259161083
1450955102505
980743134673
962900938423
1198296143151
751444459677
858989258338
763294883956
1272212474755
921170879606
662926390295
870871415708
799252879797
834679575734
574308779628
786322934058
652102852780
1043932548266
552106556563
1034399137708
490278575569
968904903649
697364079648
857586132686
912930687973
1120162505276
691722744557
977814617663
498140102551
1299941363161
746243379508
782936293207
581665326135
823153729112
974071443019
883224803979
851973693661
666239850518
792647858035
609211259711
852573118529
907549348034
975032667078
568659009930
461814864462
677770065230
628433454981
353732933692
322527773547
664676267414
350970829266
970698775904
556331002393
577265284769
354859640777
637693810797
690651810232
632896015798
885961562040
483345631246
374322193559
582156252875
381501039626
517520624255
656889429407
440241024969
436444934108
690668928224
779288196111
645111010419
641702890036
747023633965
493659561315
781440816399
568063598967
701344651638
546592867404
514584320956
917314642419
559366648482
265924577641
581707345820
389459956371
213215592172
469694552426
308432936038
458410610570
471105477540
1076065276065
388844264284
214203379406
391384726136
204187148222
416169142960
698880189716
217267130349
620542188755
250824120548
599529886497
440533520238
679082675949
586073408936
435491234385
602458343220
277803842155
625790973704
304040931300
622379891331
289734666181
211680493245
212650860467
615809970478
288778581261
522760513149
187725384624
358340806191
11044582020
574370576742
331630661142
198423579024
304724944493
375262671539
385658882262
396606708750
425448605297
477045145408
350298909747
350263602029
290231758452
533421558229
356736319378
73307086805
368977532603
241121789157
149250943002
623682324578
115356948901
265314767027
135429691904
418374182485
386897590034
322744798620
403410834776
99746233960
68060541050
204496369029
318058704289
225954126387
98132001621
272864625440
590773789503
334787854125
325316480205
282508280488
211374714799
349385786152
681341626746
170401921366
187898368883
198399290660
158456722257
229279160817
206130882374
207910794833
666805044392
130919973476
176805839262
369924089812
453394753901
277582990951
341746144347
146451850704
275390732706
352729003736
416350255703
295663223088
301347990032
72492750872
155650471691
227190810483
144014147571
195749430896
135657377656
251996279979
197581390763
129364796152
460463007693
194179141062
504934913970
62973705437
111704832063
251473043438
366168713722
211686771437
242065279799
79098301615
186441179924
60994686151
441602964262
112696453351
315293934461
6475811700
111614552306
302191081620
130315225963
288397559482
84082769822
71077779014
209166116536
249488585289
188393297814
131312945850
178633471997
205073010595
143710771737
267345270769
372895691381
127972467976
142046571962
118064509867
117498245586
417823465202
354515498569
284728697438
66088955360
290385711963
187127033595
564788755541
63047752461
196405113725
351404017780
178899873883
277248786317
52908901094
313592548514
204853804416
363673970243
0
308352687840
259256732015
379125383024
179627779501
289553456519
164782335796
552565935135
175066939214
49855209441
286738413338
125025312246
157860310090
261106760678
153476026409
197707792764
238514499085
135990329741
327708787546
118236057323
117501662454
406116249839
134167312183
215950870598
0
385187352637
253086214794
134686304728
307348395801
125783070418
270896654136
142489327823
197177650833
216350303428
76303552666
56129679199
207164813190
102507553662
273489513482
133513842504
193759586612
59996469499
234055896741
91633439551
202194877054
170615432816
197048360213
0
306312072293
158951216438
92154046412
135089846533
222117107023
234268155654
137192437748
126941495466
194095464611
263980745841
98731482376
286650214809
256569478724
201426904780
55784264340
258797302491
471105104220
324836401244
135225457225
157340656278
190903505441
77718658609
93639272018
113837788481
0
65850251607
67364547931
0
130034570310
53470916150
75115172677
257555220915
251349575817
132240931980
110408678945
122693300695
61065255213
96272376103
78333301488
209228963301
76184943295
306677590504
0
136492500508
4039391274
194881978228
228910467785
56064435140
125625373869
204336043376
109487874983
234981662590
190604734716
196337965361
357328064531
0
0
139778739862
174342561333
164193145015
318973499456
60344134942
115931287824
155640382786
0
141952292092
139866727069
132869528011
192420718351
68013697918
68588987664
123946895312
130223432623
145934486333
127269002310
1805224914
281655255492
55871520721
287810885083
64115945095
59077069095
1977737504
190512315375
56781471737
328916739192
73247032499
115976409761
148061950674
133768408410
349168703300
0
75405059802
268293275643
122567558635
75626341157
112911046036
177189187496
75387246226
61394227697
0
0
125789258074
67305541598
157071429647
42222901860
163898637257
225717418716
319674886998
116848526408
146160067985
79584144581
2287073426
141593676080
133847196305
69109617822
216639814501
158277204354
138177638354
100643690584
88978193205
61063299174
61329910495
60785697463
136400792994
127262108380
65739551143
1396571101
51424412212
140181279340
159701962915
60169335839
59437873288
0
56827774971
2148004832
53216648717
82032407723
77827356746
83012777252
49499471589
179063999641
2763529495
0
61522286002
202976563032
0
73435547658
0
0
221897666620
0
50132655046
134867737709
66539337235
152544489179
0
112461680126
55711008755
65480801060
58393462978
258752668849
0
66115747214
66659251904
75737939413
71574886540
62721813242
174275943462
0
57340699928
112448117853
119553211826
0
71690735201
76790360366
60194511802
204569845360
151436700680
0
63334116317
126521343731
0
71323864788
0
121039926773
178775767657
0
128571300701
57502128283
147971007037
0
0
53736671427
0
70168137279
129750306860
1399931748
0
63100626502
0
0
0
0
0
0
0
0
132675631380
117997590564
0
50048625451
0
61143664628
0
0
57636278428
0
0
0
0
69956405583
0
0
0
0
0
132774589308
0
70776540481
47343894274
54954490114
0
69217451633
0
0
0
0
0
0
0
0
0
59298119562
0
0
0
0
0
58205742751
0
0
0
0
0
76544833235
75219833755
0
0
0
52474457583
0
0
0
0
0
0
0
121128997401
0
0
0
64975403530
0
0
0
0
0
0
0
0
0
0
54516001299
0
0
0
0
0
71863435756
0
0
0
134260511850
0
62434322028
0
0
0
0
48554889117
0
0
0
0
0
0
0
61713447645
0
0
0
0
0
0
0
0
0
0
0
0
0
0
1397508498
0
0
0
0
0
0
0
0
0
0
0
0
0
0
0
0
0
0
0
0
0
0
0
0
0
0
0
0
0
0
0
0
0
0
0
0
0
0
0
0
62311961291
0
0
0
0
0
0
58936086044
0
0
0
0
0
0
0
0
0
0
0
0
0
0
0
0
0
0
0
0
0
0
0
0
0
0
0
0
0
0
0
0
0
0
0
0
0
0
0
0
0
0
0
0
0
0
0
0
0
0
0
0
0
0
0
0
0
0
55295587749
