1.121889999999999930e+02
1.194270000000000067e+02
1.266649999999999920e+02
1.339029999999999916e+02
1.411409999999999911e+02
1.483789999999999907e+02
1.556169999999999902e+02
1.628549999999999898e+02
1.700929999999999893e+02
1.773309999999999889e+02
1.845689999999999884e+02
1.918069999999999879e+02
1.990449999999999875e+02
2.062829999999999870e+02
2.135209999999999866e+02
2.207589999999999861e+02
2.279970000000000141e+02
2.352350000000000136e+02
2.424730000000000132e+02
2.497110000000000127e+02
2.569490000000000123e+02
2.641870000000000118e+02
2.714249999999999545e+02
2.786630000000000109e+02
2.859009999999999536e+02
2.931390000000000100e+02
3.003769999999999527e+02
3.076150000000000091e+02
3.148529999999999518e+02
3.220910000000000082e+02
3.293289999999999509e+02
3.365670000000000073e+02
3.438049999999999500e+02
3.510430000000000064e+02
3.582809999999999491e+02
3.655190000000000055e+02
3.727569999999999482e+02
3.799950000000000045e+02
3.872329999999999472e+02
3.944710000000000036e+02
4.017089999999999463e+02
4.089470000000000027e+02
4.161849999999999454e+02
4.234230000000000018e+02
4.306609999999999445e+02
4.378990000000000009e+02
4.451369999999999436e+02
4.523750000000000000e+02
4.596130000000000564e+02
4.668509999999999991e+02
4.740890000000000555e+02
4.813269999999999982e+02
4.885650000000000546e+02
4.958029999999999973e+02
5.030410000000000537e+02
5.102789999999999964e+02
5.175170000000000528e+02
5.247549999999999955e+02
5.319929999999999382e+02
5.392309999999999945e+02
5.464690000000000509e+02
5.537069999999999936e+02
5.609449999999999363e+02
5.681829999999999927e+02
5.754210000000000491e+02
5.826589999999999918e+02
5.898969999999999345e+02
5.971349999999999909e+02
6.043730000000000473e+02
6.116109999999999900e+02
6.188489999999999327e+02
6.260869999999999891e+02
6.333250000000000455e+02
6.405629999999999882e+02
6.478009999999999309e+02
6.550389999999999873e+02
6.622770000000000437e+02
6.695149999999999864e+02
6.767529999999999291e+02
6.839909999999999854e+02
6.912290000000000418e+02
6.984669999999999845e+02
7.057049999999999272e+02
7.129429999999999836e+02
7.201810000000000400e+02
7.274189999999999827e+02
7.346569999999999254e+02
7.418949999999999818e+02
7.491330000000000382e+02
7.563709999999999809e+02
7.636089999999999236e+02
7.708469999999999800e+02
7.780850000000000364e+02
7.853229999999999791e+02
7.925609999999999218e+02
7.997989999999999782e+02
8.070370000000000346e+02
8.142749999999999773e+02
8.215129999999999200e+02
8.287509999999999764e+02
8.359890000000000327e+02
8.432269999999999754e+02
8.504649999999999181e+02
8.577029999999999745e+02
8.649410000000000309e+02
8.721789999999999736e+02
8.794169999999999163e+02
8.866549999999999727e+02
8.938930000000000291e+02
9.011309999999999718e+02
9.083690000000000282e+02
9.156069999999999709e+02
9.228450000000000273e+02
9.300830000000000837e+02
9.373210000000000264e+02
9.445589999999999691e+02
9.517970000000000255e+02
9.590350000000000819e+02
9.662730000000000246e+02
9.735109999999999673e+02
9.807490000000000236e+02
9.879870000000000800e+02
9.952250000000000227e+02
1.002462999999999965e+03
1.009701000000000022e+03
1.016939000000000078e+03
1.024177000000000135e+03
1.031414999999999964e+03
1.038653000000000020e+03
1.045891000000000076e+03
1.053128999999999905e+03
1.060367000000000189e+03
1.067605000000000018e+03
1.074842999999999847e+03
1.082081000000000131e+03
1.089318999999999960e+03
1.096557000000000016e+03
1.103795000000000073e+03
1.111032999999999902e+03
1.118271000000000186e+03
1.125509000000000015e+03
1.132746999999999844e+03
1.139985000000000127e+03
1.147222999999999956e+03
1.154461000000000013e+03
1.161699000000000069e+03
1.168936999999999898e+03
1.176175000000000182e+03
1.183413000000000011e+03
1.190650999999999840e+03
1.197889000000000124e+03
1.205126999999999953e+03
1.212365000000000009e+03
1.219603000000000065e+03
1.226840999999999894e+03
1.234079000000000178e+03
1.241317000000000007e+03
1.248554999999999836e+03
1.255793000000000120e+03
1.263030999999999949e+03
1.270269000000000005e+03
1.277507000000000062e+03
1.284744999999999891e+03
1.291983000000000175e+03
1.299221000000000004e+03
1.306458999999999833e+03
1.313697000000000116e+03
1.320934999999999945e+03
1.328173000000000002e+03
1.335411000000000058e+03
1.342648999999999887e+03
1.349887000000000171e+03
1.357125000000000000e+03
1.364362999999999829e+03
1.371601000000000113e+03
1.378838999999999942e+03
1.386076999999999998e+03
1.393315000000000055e+03
1.400552999999999884e+03
1.407791000000000167e+03
1.415028999999999996e+03
1.422266999999999825e+03
1.429505000000000109e+03
1.436742999999999938e+03
1.443980999999999995e+03
1.451219000000000051e+03
1.458456999999999880e+03
1.465695000000000164e+03
1.472932999999999993e+03
1.480170999999999822e+03
1.487409000000000106e+03
1.494646999999999935e+03
1.501884999999999991e+03
1.509123000000000047e+03
1.516360999999999876e+03
1.523599000000000160e+03
1.530836999999999989e+03
1.538074999999999818e+03
1.545313000000000102e+03
1.552550999999999931e+03
1.559788999999999987e+03
1.567027000000000044e+03
1.574264999999999873e+03
1.581503000000000156e+03
1.588740999999999985e+03
1.595978999999999814e+03
1.603217000000000098e+03
1.610454999999999927e+03
1.617692999999999984e+03
1.624931000000000040e+03
1.632168999999999869e+03
1.639407000000000153e+03
1.646644999999999982e+03
1.653882999999999811e+03
1.661121000000000095e+03
1.668358999999999924e+03
1.675596999999999980e+03
1.682835000000000036e+03
1.690072999999999865e+03
1.697311000000000149e+03
1.704548999999999978e+03
1.711786999999999807e+03
1.719025000000000091e+03
1.726262999999999920e+03
1.733500999999999976e+03
1.740739000000000033e+03
1.747976999999999862e+03
1.755215000000000146e+03
1.762452999999999975e+03
1.769690999999999804e+03
1.776929000000000087e+03
1.784166999999999916e+03
1.791404999999999973e+03
1.798643000000000029e+03
1.805880999999999858e+03
1.813119000000000142e+03
1.820356999999999971e+03
1.827595000000000027e+03
1.834833000000000084e+03
1.842070999999999913e+03
1.849309000000000196e+03
1.856547000000000025e+03
1.863784999999999854e+03
1.871023000000000138e+03
1.878260999999999967e+03
1.885499000000000024e+03
1.892737000000000080e+03
1.899974999999999909e+03
1.907213000000000193e+03
1.914451000000000022e+03
1.921688999999999851e+03
1.928927000000000135e+03
1.936164999999999964e+03
1.943403000000000020e+03
1.950641000000000076e+03
1.957878999999999905e+03
1.965117000000000189e+03
1.972355000000000018e+03
1.979592999999999847e+03
1.986831000000000131e+03
1.994068999999999960e+03
2.001307000000000016e+03
2.008545000000000073e+03
2.015782999999999902e+03
2.023021000000000186e+03
2.030259000000000015e+03
2.037496999999999844e+03
2.044734999999999900e+03
2.051972999999999956e+03
2.059211000000000240e+03
2.066449000000000069e+03
2.073686999999999898e+03
2.080925000000000182e+03
2.088163000000000011e+03
2.095400999999999840e+03
2.102639000000000124e+03
2.109876999999999953e+03
2.117114999999999782e+03
2.124353000000000065e+03
2.131591000000000349e+03
2.138828999999999724e+03
2.146067000000000007e+03
2.153305000000000291e+03
2.160542999999999665e+03
2.167780999999999949e+03
2.175019000000000233e+03
2.182257000000000062e+03
2.189494999999999891e+03
2.196733000000000175e+03
2.203971000000000004e+03
2.211208999999999833e+03
2.218447000000000116e+03
2.225684999999999945e+03
2.232922999999999774e+03
2.240161000000000058e+03
2.247399000000000342e+03
2.254636999999999716e+03
2.261875000000000000e+03
2.269113000000000284e+03
2.276350999999999658e+03
2.283588999999999942e+03
2.290827000000000226e+03
2.298065000000000055e+03
2.305302999999999884e+03
2.312541000000000167e+03
2.319778999999999996e+03
2.327016999999999825e+03
2.334255000000000109e+03
2.341492999999999938e+03
2.348730999999999767e+03
2.355969000000000051e+03
2.363207000000000335e+03
2.370444999999999709e+03
2.377682999999999993e+03
2.384921000000000276e+03
2.392158999999999651e+03
2.399396999999999935e+03
2.406635000000000218e+03
2.413873000000000047e+03
2.421110999999999876e+03
2.428349000000000160e+03
2.435586999999999989e+03
2.442824999999999818e+03
2.450063000000000102e+03
2.457300999999999931e+03
2.464538999999999760e+03
2.471777000000000044e+03
2.479015000000000327e+03
2.486252999999999702e+03
2.493490999999999985e+03
2.500729000000000269e+03
2.507966999999999643e+03
2.515204999999999927e+03
2.522443000000000211e+03
2.529681000000000040e+03
2.536918999999999869e+03
2.544157000000000153e+03
2.551394999999999982e+03
2.558632999999999811e+03
2.565871000000000095e+03
2.573108999999999924e+03
2.580346999999999753e+03
2.587585000000000036e+03
2.594823000000000320e+03
2.602060999999999694e+03
2.609298999999999978e+03
2.616537000000000262e+03
2.623774999999999636e+03
2.631012999999999920e+03
2.638251000000000204e+03
2.645489000000000033e+03
2.652726999999999862e+03
2.659965000000000146e+03
2.667202999999999975e+03
2.674440999999999804e+03
2.681679000000000087e+03
2.688916999999999916e+03
2.696154999999999745e+03
2.703393000000000029e+03
2.710631000000000313e+03
2.717868999999999687e+03
2.725106999999999971e+03
2.732345000000000255e+03
2.739583000000000084e+03
2.746820999999999913e+03
2.754059000000000196e+03
2.761297000000000025e+03
2.768534999999999854e+03
2.775773000000000138e+03
2.783010999999999967e+03
2.790248999999999796e+03
2.797487000000000080e+03
2.804725000000000364e+03
2.811962999999999738e+03
2.819201000000000022e+03
2.826439000000000306e+03
2.833676999999999680e+03
2.840914999999999964e+03
2.848153000000000247e+03
2.855391000000000076e+03
2.862628999999999905e+03
2.869867000000000189e+03
2.877105000000000018e+03
2.884342999999999847e+03
2.891581000000000131e+03
2.898818999999999960e+03
2.906056999999999789e+03
2.913295000000000073e+03
2.920533000000000357e+03
2.927770999999999731e+03
2.935009000000000015e+03
2.942247000000000298e+03
2.949484999999999673e+03
2.956722999999999956e+03
2.963961000000000240e+03
2.971199000000000069e+03
2.978436999999999898e+03
2.985675000000000182e+03
2.992913000000000011e+03
3.000150999999999840e+03
3.007389000000000124e+03
3.014626999999999953e+03
3.021864999999999782e+03
3.029103000000000065e+03
3.036341000000000349e+03
3.043578999999999724e+03
3.050817000000000007e+03
3.058055000000000291e+03
3.065292999999999665e+03
3.072530999999999949e+03
3.079769000000000233e+03
3.087007000000000062e+03
3.094244999999999891e+03
3.101483000000000175e+03
3.108721000000000004e+03
3.115958999999999833e+03
3.123197000000000116e+03
3.130434999999999945e+03
3.137672999999999774e+03
3.144911000000000058e+03
3.152149000000000342e+03
3.159386999999999716e+03
3.166625000000000000e+03
3.173863000000000284e+03
3.181100999999999658e+03
3.188338999999999942e+03
3.195577000000000226e+03
3.202815000000000055e+03
3.210052999999999884e+03
3.217291000000000167e+03
3.224528999999999996e+03
3.231766999999999825e+03
3.239005000000000109e+03
3.246242999999999938e+03
3.253480999999999767e+03
3.260719000000000051e+03
3.267957000000000335e+03
3.275194999999999709e+03
3.282432999999999993e+03
3.289671000000000276e+03
3.296908999999999651e+03
3.304146999999999935e+03
3.311385000000000218e+03
3.318623000000000047e+03
3.325860999999999876e+03
3.333099000000000160e+03
3.340336999999999989e+03
3.347574999999999818e+03
3.354813000000000102e+03
3.362050999999999931e+03
3.369288999999999760e+03
3.376527000000000044e+03
3.383765000000000327e+03
3.391002999999999702e+03
3.398240999999999985e+03
3.405479000000000269e+03
3.412716999999999643e+03
3.419954999999999927e+03
3.427193000000000211e+03
3.434431000000000040e+03
3.441668999999999869e+03
3.448907000000000153e+03
3.456144999999999982e+03
3.463382999999999811e+03
3.470621000000000095e+03
3.477858999999999924e+03
3.485096999999999753e+03
3.492335000000000036e+03
3.499573000000000320e+03
3.506810999999999694e+03
3.514048999999999978e+03
3.521287000000000262e+03
3.528524999999999636e+03
3.535762999999999920e+03
3.543001000000000204e+03
3.550239000000000033e+03
3.557476999999999862e+03
3.564715000000000146e+03
3.571952999999999975e+03
3.579190999999999804e+03
3.586429000000000087e+03
3.593666999999999916e+03
3.600904999999999745e+03
3.608143000000000029e+03
3.615381000000000313e+03
3.622618999999999687e+03
3.629856999999999971e+03
3.637095000000000255e+03
3.644333000000000084e+03
3.651570999999999913e+03
3.658809000000000196e+03
3.666047000000000025e+03
3.673284999999999854e+03
3.680523000000000138e+03
3.687760999999999967e+03
3.694998999999999796e+03
3.702237000000000080e+03
3.709475000000000364e+03
3.716712999999999738e+03
3.723951000000000022e+03
3.731189000000000306e+03
3.738426999999999680e+03
3.745664999999999964e+03
3.752903000000000247e+03
3.760141000000000076e+03
3.767378999999999905e+03
3.774617000000000189e+03
3.781855000000000018e+03
3.789092999999999847e+03
3.796331000000000131e+03
3.803568999999999960e+03
3.810806999999999789e+03
3.818045000000000073e+03
3.825283000000000357e+03
3.832520999999999731e+03
3.839759000000000015e+03
3.846997000000000298e+03
3.854234999999999673e+03
3.861472999999999956e+03
3.868711000000000240e+03
3.875949000000000069e+03
3.883186999999999898e+03
3.890425000000000182e+03
3.897663000000000011e+03
3.904900999999999840e+03
3.912139000000000124e+03
3.919376999999999953e+03
3.926614999999999782e+03
3.933853000000000065e+03
3.941091000000000349e+03
3.948328999999999724e+03
3.955567000000000007e+03
3.962805000000000291e+03
3.970042999999999665e+03
3.977280999999999949e+03
3.984519000000000233e+03
3.991757000000000062e+03
3.998994999999999891e+03
4.006233000000000175e+03
4.013471000000000004e+03
4.020708999999999833e+03
4.027947000000000116e+03
4.035184999999999945e+03
4.042422999999999774e+03
4.049661000000000058e+03
4.056899000000000342e+03
4.064136999999999716e+03
4.071375000000000000e+03
4.078613000000000284e+03
4.085850999999999658e+03
4.093088999999999942e+03
4.100326999999999316e+03
4.107565000000000509e+03
4.114802999999999884e+03
4.122040999999999258e+03
4.129279000000000451e+03
4.136516999999999825e+03
4.143755000000000109e+03
4.150993000000000393e+03
4.158230999999999767e+03
4.165469000000000051e+03
4.172707000000000335e+03
4.179944999999999709e+03
4.187182999999999993e+03
4.194421000000000276e+03
4.201658999999999651e+03
4.208896999999999935e+03
4.216135000000000218e+03
4.223372999999999593e+03
4.230610999999999876e+03
4.237849000000000160e+03
4.245086999999999534e+03
4.252325000000000728e+03
4.259563000000000102e+03
4.266800999999999476e+03
4.274039000000000669e+03
4.281277000000000044e+03
4.288514999999999418e+03
4.295753000000000611e+03
4.302990999999999985e+03
4.310228999999999360e+03
4.317467000000000553e+03
4.324704999999999927e+03
4.331942999999999302e+03
4.339181000000000495e+03
4.346418999999999869e+03
4.353656999999999243e+03
4.360895000000000437e+03
4.368132999999999811e+03
4.375371000000000095e+03
4.382609000000000378e+03
4.389846999999999753e+03
4.397085000000000036e+03
4.404323000000000320e+03
4.411560999999999694e+03
4.418798999999999978e+03
4.426037000000000262e+03
4.433274999999999636e+03
4.440512999999999920e+03
4.447751000000000204e+03
4.454988999999999578e+03
4.462226999999999862e+03
4.469465000000000146e+03
4.476702999999999520e+03
4.483941000000000713e+03
4.491179000000000087e+03
4.498416999999999462e+03
4.505655000000000655e+03
4.512893000000000029e+03
4.520130999999999403e+03
4.527369000000000597e+03
4.534606999999999971e+03
4.541844999999999345e+03
4.549083000000000538e+03
4.556320999999999913e+03
4.563558999999999287e+03
4.570797000000000480e+03
4.578034999999999854e+03
4.585273000000000138e+03
4.592511000000000422e+03
4.599748999999999796e+03
4.606987000000000080e+03
4.614225000000000364e+03
4.621462999999999738e+03
4.628701000000000022e+03
4.635939000000000306e+03
4.643176999999999680e+03
4.650414999999999964e+03
4.657653000000000247e+03
4.664890999999999622e+03
4.672128999999999905e+03
4.679367000000000189e+03
4.686604999999999563e+03
4.693843000000000757e+03
4.701081000000000131e+03
4.708318999999999505e+03
4.715557000000000698e+03
4.722795000000000073e+03
4.730032999999999447e+03
4.737271000000000640e+03
4.744509000000000015e+03
4.751746999999999389e+03
4.758985000000000582e+03
4.766222999999999956e+03
4.773460999999999331e+03
4.780699000000000524e+03
4.787936999999999898e+03
4.795174999999999272e+03
4.802413000000000466e+03
4.809650999999999840e+03
4.816889000000000124e+03
4.824127000000000407e+03
4.831364999999999782e+03
4.838603000000000065e+03
4.845841000000000349e+03
4.853078999999999724e+03
4.860317000000000007e+03
4.867555000000000291e+03
4.874792999999999665e+03
4.882030999999999949e+03
4.889269000000000233e+03
4.896506999999999607e+03
4.903744999999999891e+03
4.910983000000000175e+03
4.918220999999999549e+03
4.925459000000000742e+03
4.932697000000000116e+03
4.939934999999999491e+03
4.947173000000000684e+03
4.954411000000000058e+03
4.961648999999999432e+03
4.968887000000000626e+03
4.976125000000000000e+03
4.983362999999999374e+03
4.990601000000000568e+03
4.997838999999999942e+03
5.005076999999999316e+03
5.012315000000000509e+03
5.019552999999999884e+03
5.026790999999999258e+03
5.034029000000000451e+03
5.041266999999999825e+03
5.048505000000000109e+03
5.055743000000000393e+03
5.062980999999999767e+03
5.070219000000000051e+03
5.077457000000000335e+03
5.084694999999999709e+03
5.091932999999999993e+03
5.099171000000000276e+03
5.106408999999999651e+03
5.113646999999999935e+03
5.120885000000000218e+03
5.128122999999999593e+03
5.135360999999999876e+03
5.142599000000000160e+03
5.149836999999999534e+03
5.157075000000000728e+03
5.164313000000000102e+03
5.171550999999999476e+03
5.178789000000000669e+03
5.186027000000000044e+03
5.193264999999999418e+03
5.200503000000000611e+03
5.207740999999999985e+03
5.214978999999999360e+03
5.222217000000000553e+03
5.229454999999999927e+03
5.236692999999999302e+03
5.243931000000000495e+03
5.251168999999999869e+03
5.258406999999999243e+03
5.265645000000000437e+03
5.272882999999999811e+03
5.280121000000000095e+03
5.287359000000000378e+03
5.294596999999999753e+03
5.301835000000000036e+03
5.309073000000000320e+03
5.316310999999999694e+03
5.323548999999999978e+03
5.330787000000000262e+03
5.338024999999999636e+03
5.345262999999999920e+03
5.352501000000000204e+03
5.359738999999999578e+03
5.366976999999999862e+03
5.374215000000000146e+03
5.381452999999999520e+03
5.388691000000000713e+03
5.395929000000000087e+03
5.403166999999999462e+03
5.410405000000000655e+03
5.417643000000000029e+03
5.424880999999999403e+03
5.432119000000000597e+03
5.439356999999999971e+03
5.446594999999999345e+03
5.453833000000000538e+03
5.461070999999999913e+03
5.468308999999999287e+03
5.475547000000000480e+03
5.482784999999999854e+03
5.490023000000000138e+03
5.497261000000000422e+03
5.504498999999999796e+03
5.511737000000000080e+03
5.518975000000000364e+03
5.526212999999999738e+03
5.533451000000000022e+03
5.540689000000000306e+03
5.547926999999999680e+03
5.555164999999999964e+03
5.562403000000000247e+03
5.569640999999999622e+03
5.576878999999999905e+03
5.584117000000000189e+03
5.591354999999999563e+03
5.598593000000000757e+03
5.605831000000000131e+03
5.613068999999999505e+03
5.620307000000000698e+03
5.627545000000000073e+03
5.634782999999999447e+03
5.642021000000000640e+03
