117.645000
125.235000
132.825000
140.415000
148.005000
155.595000
163.185000
170.775000
178.365000
185.955000
193.545000
201.135000
208.725000
216.315000
223.905000
231.495000
239.085000
246.675000
254.265000
261.855000
269.445000
277.035000
284.625000
292.215000
299.805000
307.395000
314.985000
322.575000
330.165000
337.755000
345.345000
352.935000
360.525000
368.115000
375.705000
383.295000
390.885000
398.475000
406.065000
413.655000
421.245000
428.835000
436.425000
444.015000
451.605000
459.195000
466.785000
474.375000
481.965000
489.555000
497.145000
504.735000
512.325000
519.915000
527.505000
535.095000
542.685000
550.275000
557.865000
565.455000
573.045000
580.635000
588.225000
595.815000
603.405000
610.995000
618.585000
626.175000
633.765000
641.355000
648.945000
656.535000
664.125000
671.715000
679.305000
686.895000
694.485000
702.075000
709.665000
717.255000
724.845000
732.435000
740.025000
747.615000
755.205000
762.795000
770.385000
777.975000
785.565000
793.155000
800.745000
808.335000
815.925000
823.515000
831.105000
838.695000
846.285000
853.875000
861.465000
869.055000
876.645000
884.235000
891.825000
899.415000
907.005000
914.595000
922.185000
929.775000
937.365000
944.955000
952.545000
960.135000
967.725000
975.315000
982.905000
990.495000
998.085000
1005.675000
1013.265000
1020.855000
1028.445000
1036.035000
1043.625000
1051.215000
1058.805000
1066.395000
1073.985000
1081.575000
1089.165000
1096.755000
1104.345000
1111.935000
1119.525000
1127.115000
1134.705000
1142.295000
1149.885000
1157.475000
1165.065000
1172.655000
1180.245000
1187.835000
1195.425000
1203.015000
1210.605000
1218.195000
1225.785000
1233.375000
1240.965000
1248.555000
1256.145000
1263.735000
1271.325000
1278.915000
1286.505000
1294.095000
1301.685000
1309.275000
1316.865000
1324.455000
1332.045000
1339.635000
1347.225000
1354.815000
1362.405000
1369.995000
1377.585000
1385.175000
1392.765000
1400.355000
1407.945000
1415.535000
1423.125000
1430.715000
1438.305000
1445.895000
1453.485000
1461.075000
1468.665000
1476.255000
1483.845000
1491.435000
1499.025000
1506.615000
1514.205000
1521.795000
1529.385000
1536.975000
1544.565000
1552.155000
1559.745000
1567.335000
1574.925000
1582.515000
1590.105000
1597.695000
1605.285000
1612.875000
1620.465000
1628.055000
1635.645000
1643.235000
1650.825000
1658.415000
1666.005000
1673.595000
1681.185000
1688.775000
1696.365000
1703.955000
1711.545000
1719.135000
1726.725000
1734.315000
1741.905000
1749.495000
1757.085000
1764.675000
1772.265000
1779.855000
1787.445000
1795.035000
1802.625000
1810.215000
1817.805000
1825.395000
1832.985000
1840.575000
1848.165000
1855.755000
1863.345000
1870.935000
1878.525000
1886.115000
1893.705000
1901.295000
1908.885000
1916.475000
1924.065000
1931.655000
1939.245000
1946.835000
1954.425000
1962.015000
1969.605000
1977.195000
1984.785000
1992.375000
1999.965000
2007.555000
2015.145000
2022.735000
2030.325000
2037.915000
2045.505000
2053.095000
2060.685000
2068.275000
2075.865000
2083.455000
2091.045000
2098.635000
2106.225000
2113.815000
2121.405000
2128.995000
2136.585000
2144.175000
2151.765000
2159.355000
2166.945000
2174.535000
2182.125000
2189.715000
2197.305000
2204.895000
2212.485000
2220.075000
2227.665000
2235.255000
2242.845000
2250.435000
2258.025000
2265.615000
2273.205000
2280.795000
2288.385000
2295.975000
2303.565000
2311.155000
2318.745000
2326.335000
2333.925000
2341.515000
2349.105000
2356.695000
2364.285000
2371.875000
2379.465000
2387.055000
2394.645000
2402.235000
2409.825000
2417.415000
2425.005000
2432.595000
2440.185000
2447.775000
2455.365000
2462.955000
2470.545000
2478.135000
2485.725000
2493.315000
2500.905000
2508.495000
2516.085000
2523.675000
2531.265000
2538.855000
2546.445000
2554.035000
2561.625000
2569.215000
2576.805000
2584.395000
2591.985000
2599.575000
2607.165000
2614.755000
2622.345000
2629.935000
2637.525000
2645.115000
2652.705000
2660.295000
2667.885000
2675.475000
2683.065000
2690.655000
2698.245000
2705.835000
2713.425000
2721.015000
2728.605000
2736.195000
2743.785000
2751.375000
2758.965000
2766.555000
2774.145000
2781.735000
2789.325000
2796.915000
2804.505000
2812.095000
2819.685000
2827.275000
2834.865000
2842.455000
2850.045000
2857.635000
2865.225000
2872.815000
2880.405000
2887.995000
2895.585000
2903.175000
2910.765000
2918.355000
2925.945000
2933.535000
2941.125000
2948.715000
2956.305000
2963.895000
2971.485000
2979.075000
2986.665000
2994.255000
3001.845000
3009.435000
3017.025000
3024.615000
3032.205000
3039.795000
3047.385000
3054.975000
3062.565000
3070.155000
3077.745000
3085.335000
3092.925000
3100.515000
3108.105000
3115.695000
3123.285000
3130.875000
3138.465000
3146.055000
3153.645000
3161.235000
3168.825000
3176.415000
3184.005000
3191.595000
3199.185000
3206.775000
3214.365000
3221.955000
3229.545000
3237.135000
3244.725000
3252.315000
3259.905000
3267.495000
3275.085000
3282.675000
3290.265000
3297.855000
3305.445000
3313.035000
3320.625000
3328.215000
3335.805000
3343.395000
3350.985000
3358.575000
3366.165000
3373.755000
3381.345000
3388.935000
3396.525000
3404.115000
3411.705000
3419.295000
3426.885000
3434.475000
3442.065000
3449.655000
3457.245000
3464.835000
3472.425000
3480.015000
3487.605000
3495.195000
3502.785000
3510.375000
3517.965000
3525.555000
3533.145000
3540.735000
3548.325000
3555.915000
3563.505000
3571.095000
3578.685000
3586.275000
3593.865000
3601.455000
3609.045000
3616.635000
3624.225000
3631.815000
3639.405000
3646.995000
3654.585000
3662.175000
3669.765000
3677.355000
3684.945000
3692.535000
3700.125000
3707.715000
3715.305000
3722.895000
3730.485000
3738.075000
3745.665000
3753.255000
3760.845000
3768.435000
3776.025000
3783.615000
3791.205000
3798.795000
3806.385000
3813.975000
3821.565000
3829.155000
3836.745000
3844.335000
3851.925000
3859.515000
3867.105000
3874.695000
3882.285000
3889.875000
3897.465000
3905.055000
3912.645000
3920.235000
3927.825000
3935.415000
3943.005000
3950.595000
3958.185000
3965.775000
3973.365000
3980.955000
3988.545000
3996.135000
4003.725000
4011.315000
4018.905000
4026.495000
4034.085000
4041.675000
4049.265000
4056.855000
4064.445000
4072.035000
4079.625000
4087.215000
4094.805000
4102.395000
4109.985000
4117.575000
4125.165000
4132.755000
4140.345000
4147.935000
4155.525000
4163.115000
4170.705000
4178.295000
4185.885000
4193.475000
4201.065000
4208.655000
4216.245000
4223.835000
4231.425000
4239.015000
4246.605000
4254.195000
4261.785000
4269.375000
4276.965000
4284.555000
4292.145000
4299.735000
4307.325000
4314.915000
4322.505000
4330.095000
4337.685000
4345.275000
4352.865000
4360.455000
4368.045000
4375.635000
4383.225000
4390.815000
4398.405000
4405.995000
4413.585000
4421.175000
4428.765000
4436.355000
4443.945000
4451.535000
4459.125000
4466.715000
4474.305000
4481.895000
4489.485000
4497.075000
4504.665000
4512.255000
4519.845000
4527.435000
4535.025000
4542.615000
4550.205000
4557.795000
4565.385000
4572.975000
4580.565000
4588.155000
4595.745000
4603.335000
4610.925000
4618.515000
4626.105000
4633.695000
4641.285000
4648.875000
4656.465000
4664.055000
4671.645000
4679.235000
4686.825000
4694.415000
4702.005000
4709.595000
4717.185000
4724.775000
4732.365000
4739.955000
4747.545000
4755.135000
4762.725000
4770.315000
4777.905000
4785.495000
4793.085000
4800.675000
4808.265000
4815.855000
4823.445000
4831.035000
4838.625000
4846.215000
4853.805000
4861.395000
4868.985000
4876.575000
4884.165000
4891.755000
4899.345000
4906.935000
4914.525000
4922.115000
4929.705000
4937.295000
4944.885000
4952.475000
4960.065000
4967.655000
4975.245000
4982.835000
4990.425000
4998.015000
5005.605000
5013.195000
5020.785000
5028.375000
5035.965000
5043.555000
5051.145000
5058.735000
5066.325000
5073.915000
5081.505000
5089.095000
5096.685000
5104.275000
5111.865000
5119.455000
5127.045000
5134.635000
5142.225000
5149.815000
5157.405000
5164.995000
5172.585000
5180.175000
5187.765000
5195.355000
5202.945000
5210.535000
5218.125000
5225.715000
5233.305000
5240.895000
5248.485000
5256.075000
5263.665000
5271.255000
5278.845000
5286.435000
5294.025000
5301.615000
5309.205000
5316.795000
5324.385000
5331.975000
5339.565000
5347.155000
5354.745000
5362.335000
5369.925000
5377.515000
5385.105000
5392.695000
5400.285000
5407.875000
5415.465000
5423.055000
5430.645000
5438.235000
5445.825000
5453.415000
5461.005000
5468.595000
5476.185000
5483.775000
5491.365000
5498.955000
5506.545000
5514.135000
5521.725000
5529.315000
5536.905000
5544.495000
5552.085000
5559.675000
5567.265000
5574.855000
5582.445000
5590.035000
5597.625000
5605.215000
5612.805000
5620.395000
5627.985000
5635.575000
5643.165000
5650.755000
5658.345000
5665.935000
5673.525000
5681.115000
5688.705000
5696.295000
5703.885000
5711.475000
5719.065000
5726.655000
5734.245000
5741.835000
5749.425000
5757.015000
5764.605000
5772.195000
5779.785000
5787.375000
5794.965000
5802.555000
5810.145000
5817.735000
5825.325000
5832.915000
5840.505000
5848.095000
5855.685000
5863.275000
5870.865000
5878.455000
5886.045000
5893.635000
5901.225000
5908.815000
5916.405000
5923.995000
5931.585000
5939.175000
5946.765000
5954.355000
5961.945000
5969.535000
5977.125000
5984.715000
5992.305000
5999.895000
6007.485000
6015.075000
6022.665000
6030.255000
6045.435000
6053.025000
6060.615000
6068.205000
6075.795000
6083.385000
