3914095282163231
3407891963296952
3016224932356462
2727874795941396
2397980548401118
2219867637086478
2001761773082752
1784270431906684
1664906058947435
1547273567239261
1425657450608985
1308704701916534
1207033751814666
1130721898983690
1061266640826199
995466361861782
936966259539362
881864483774257
824459113045855
788383224330435
758738109149686
707825731210417
705697827522546
668903653903316
612383174904921
594927276443656
571329186077780
539703820698063
513914073968873
473196590322666
490442119987248
469436806915010
437740843585526
412778695018002
387344322281879
386226065272025
356927708620909
357115585348476
336574086850341
338782961163718
324366735330957
306063212636888
293360793118383
302878722930175
278920480152416
275274820402523
271558205382055
265486702516231
273916922125945
230745712806527
236454461638281
223323772418080
236758608889125
209288619442207
201697052367859
197849537277837
198484609656569
195352826559808
184129391431764
184532716586026
175772071259865
171085828401381
161785532448341
154022230214739
152191768640866
153494514474002
151544323811296
143665489471895
130931981223647
127797310644750
124190945440831
129202449599993
121783767044851
119073125792542
127266211929551
116506856313037
104541155374579
102927693861764
104719168769116
103374656554138
98464988460485
104960284621481
92354124488446
100754170261751
85927138727182
84743194100254
93731724715582
80334219303246
82737690159265
73227920890810
80676798156066
71460519932953
73002774410066
70394990274627
74921906647722
77896515344495
58333154842564
67651348825189
64712933200056
56395876788606
54011580767628
55329658033291
59306212900975
58356147478720
54727091165349
58817083972082
53449130946544
49558249410851
55341491835879
43058837446299
52584732800725
42583743558589
46840130845098
47010805721115
44275656754835
46739291492465
43159082040556
39614313929308
35685087819895
37086185751418
36096470289463
32650839460527
36416659282249
33697973392556
26328705543495
26498695114287
29133319595273
29474423939856
25940110702334
24444975650059
27542891777864
28443503551808
27341499778139
30056476026522
21238207597158
22979609076033
21355724408900
23568345422503
17213515473461
24640473439403
22052879850594
19636224786858
21715839734100
19197574458258
20085733882277
21937877276987
17254982193057
12240623520667
19964607271876
16416922741229
13956852327467
16721166370284
16995441075047
18459972434431
11378432304600
14341016153053
15235257279143
12878495190757
13622705933489
13699656272410
11745603751138
10362240305075
9109110109956
13156683964253
8699645918883
8818577022942
10972360343598
10598059419510
7969589891856
10502130620655
8499312421650
12142132854031
6450463462837
7292570209140
7997116022012
8178767627673
7536606885846
6908879190283
7401326591235
6955022821483
4143961281835
6992151041578
6862151164519
4671165279503
5467863237175
7429881173533
5966840123161
6178458656237
5385144081066
3397961564563
4778699197665
5262735162986
4899475531412
5858268610013
3957325313035
3543615976020
4854727519024
4431358968265
4708241958081
4372689884398
4022410443876
4066785843015
2919586343775
2896582829190
4057349998975
2884882995964
2494221615988
5131358827864
2708770573743
3410305099980
2087318233964
3363250499768
2914860472577
4173822711589
1888557279940
4533679700871
2322060288962
3091121364434
3688909200070
3526678261005
3823051396922
3442166392499
2820136142345
2706726684729
1796334600711
1365108997394
2292431289940
3597742403783
2877926475556
3380466486273
2135801076827
2169855707106
2277089068405
1866525429318
1521798521956
1905619686192
2780214406696
641916282239
1363330137323
1284978723660
2605417483082
2365247376983
1307748921915
545319056009
2198895921833
2023188588212
2384186139097
2871185713458
939387498543
884445209515
1276007051867
1398992415803
1375860277273
942167649531
888841527930
2058174191927
2162212809821
1034621200975
806832889715
1682980253441
2645407645430
1182269448538
388375883244
2114245588278
992744094608
1919842675246
914303145475
1565287510111
1218899212349
1498540720036
764660691557
1415588367258
1036648166069
1540140099831
649281154486
377836202652
941062692010
517237127319
731087622531
735900054547
1231882538436
328589145006
1560712161217
692819078295
322079475474
1265860504608
412587600969
327605927570
1068708118615
351981428856
77515245233
490213346564
612176752037
677656968346
463121609678
378653156345
1232697616537
926005435701
692163491765
627732567914
952836950922
312534439568
595609766418
34478306582
7650068850
680572068112
589980058097
318310430017
410775116275
721191508675
66247552591
590005136503
45790128404
12078761449
219283476407
80214782861
333116634757
305362425138
893457510168
890889683788
333785350320
593932914951
334117498180
614969991044
612623907673
295002568251
620983079601
302709594463
306431409793
7385424076
849226501553
300550623339
307830331245
354364233369
5415539695
611195287049
413447336112
900352274484
624345325116
885007704755
5487114065
590005136503
885007704755
85886128915
377482257101
615501145588
120263481638
295002568251
319245834485
354280109962
295002568251
310144554490
316970718334
597528294007
305066840797
6959078216
30842715010
9156475900
589989876759
885007704755
333515726486
295002568251
295002568251
590005136503
295002568251
295002568251
305534900523
301066549496
295002568251
7767122832
