2.139000000000000234e+00
2.277000000000000135e+00
2.415000000000000036e+00
2.552999999999999936e+00
2.690999999999999837e+00
2.828999999999999737e+00
2.967000000000000082e+00
3.104999999999999982e+00
3.242999999999999883e+00
3.381000000000000227e+00
3.519000000000000128e+00
3.657000000000000028e+00
3.794999999999999929e+00
3.932999999999999829e+00
4.070999999999999730e+00
4.208999999999999631e+00
4.346999999999999531e+00
4.485000000000000320e+00
4.623000000000000220e+00
4.761000000000000121e+00
4.899000000000000021e+00
5.036999999999999922e+00
5.174999999999999822e+00
5.312999999999999723e+00
5.450999999999999623e+00
5.589000000000000412e+00
5.727000000000000313e+00
5.865000000000000213e+00
6.003000000000000114e+00
6.141000000000000014e+00
6.278999999999999915e+00
6.416999999999999815e+00
6.554999999999999716e+00
6.692999999999999616e+00
6.830999999999999517e+00
6.969000000000000306e+00
7.107000000000000206e+00
7.245000000000000107e+00
7.383000000000000007e+00
7.520999999999999908e+00
7.658999999999999808e+00
7.796999999999999709e+00
7.934999999999999609e+00
8.073000000000000398e+00
8.210999999999998522e+00
8.349000000000000199e+00
8.486999999999998323e+00
8.625000000000000000e+00
8.763000000000001677e+00
8.900999999999999801e+00
9.039000000000001478e+00
9.176999999999999602e+00
9.315000000000001279e+00
9.452999999999999403e+00
9.591000000000001080e+00
9.728999999999999204e+00
9.867000000000000881e+00
1.000499999999999901e+01
1.014300000000000068e+01
1.028099999999999881e+01
1.041900000000000048e+01
1.055699999999999861e+01
1.069500000000000028e+01
1.083299999999999841e+01
1.097100000000000009e+01
1.110899999999999999e+01
1.124699999999999989e+01
1.138500000000000156e+01
1.152299999999999969e+01
1.166100000000000136e+01
1.179899999999999949e+01
1.193700000000000117e+01
1.207499999999999929e+01
1.221300000000000097e+01
1.235099999999999909e+01
1.248900000000000077e+01
1.262699999999999889e+01
1.276500000000000057e+01
1.290299999999999869e+01
1.304100000000000037e+01
1.317899999999999849e+01
1.331700000000000017e+01
1.345499999999999829e+01
1.359299999999999997e+01
1.373100000000000165e+01
1.386899999999999977e+01
1.400700000000000145e+01
1.414499999999999957e+01
1.428300000000000125e+01
1.442099999999999937e+01
1.455900000000000105e+01
1.469699999999999918e+01
1.483500000000000085e+01
1.497299999999999898e+01
1.511100000000000065e+01
1.524899999999999878e+01
1.538700000000000045e+01
1.552499999999999858e+01
1.566300000000000026e+01
1.580099999999999838e+01
1.593900000000000006e+01
1.607699999999999818e+01
1.621499999999999986e+01
1.635300000000000153e+01
1.649099999999999966e+01
1.662899999999999778e+01
1.676699999999999946e+01
1.690500000000000114e+01
1.704299999999999926e+01
1.718099999999999739e+01
1.731900000000000261e+01
1.745700000000000074e+01
1.759499999999999886e+01
1.773300000000000054e+01
1.787100000000000222e+01
1.800900000000000034e+01
1.814699999999999847e+01
1.828500000000000014e+01
1.842300000000000182e+01
1.856099999999999994e+01
1.869899999999999807e+01
1.883699999999999974e+01
1.897500000000000142e+01
1.911299999999999955e+01
1.925099999999999767e+01
1.938899999999999935e+01
1.952700000000000102e+01
1.966499999999999915e+01
1.980300000000000082e+01
1.994100000000000250e+01
2.007900000000000063e+01
2.021699999999999875e+01
2.035500000000000043e+01
2.049300000000000210e+01
2.063100000000000023e+01
2.076899999999999835e+01
2.090700000000000003e+01
2.104500000000000171e+01
2.118299999999999983e+01
2.132099999999999795e+01
2.145899999999999963e+01
2.159700000000000131e+01
2.173499999999999943e+01
2.187299999999999756e+01
2.201099999999999923e+01
2.214900000000000091e+01
2.228699999999999903e+01
2.242500000000000071e+01
2.256300000000000239e+01
2.270100000000000051e+01
2.283899999999999864e+01
2.297700000000000031e+01
2.311500000000000199e+01
2.325300000000000011e+01
2.339099999999999824e+01
2.352899999999999991e+01
2.366700000000000159e+01
2.380499999999999972e+01
2.394299999999999784e+01
2.408099999999999952e+01
2.421900000000000119e+01
2.435699999999999932e+01
2.449499999999999744e+01
2.463300000000000267e+01
2.477100000000000080e+01
2.490899999999999892e+01
2.504700000000000060e+01
2.518500000000000227e+01
2.532300000000000040e+01
2.546099999999999852e+01
2.559900000000000020e+01
2.573700000000000188e+01
2.587500000000000000e+01
2.601299999999999812e+01
2.615099999999999980e+01
2.628900000000000148e+01
2.642699999999999960e+01
2.656499999999999773e+01
2.670299999999999940e+01
2.684100000000000108e+01
2.697899999999999920e+01
2.711699999999999733e+01
2.725500000000000256e+01
2.739300000000000068e+01
2.753099999999999881e+01
2.766900000000000048e+01
2.780700000000000216e+01
2.794500000000000028e+01
2.808299999999999841e+01
2.822100000000000009e+01
2.835900000000000176e+01
2.849699999999999989e+01
2.863499999999999801e+01
2.877299999999999969e+01
2.891100000000000136e+01
2.904899999999999949e+01
2.918699999999999761e+01
2.932499999999999929e+01
2.946300000000000097e+01
2.960099999999999909e+01
2.973900000000000077e+01
2.987700000000000244e+01
3.001500000000000057e+01
3.015299999999999869e+01
3.029100000000000037e+01
3.042900000000000205e+01
3.056700000000000017e+01
3.070499999999999829e+01
3.084299999999999997e+01
3.098100000000000165e+01
3.111899999999999977e+01
3.125699999999999790e+01
3.139499999999999957e+01
3.153300000000000125e+01
3.167099999999999937e+01
3.180899999999999750e+01
3.194699999999999918e+01
3.208500000000000085e+01
3.222299999999999898e+01
3.236100000000000421e+01
3.249899999999999523e+01
3.263700000000000045e+01
3.277500000000000568e+01
3.291299999999999670e+01
3.305100000000000193e+01
3.318900000000000006e+01
3.332699999999999818e+01
3.346500000000000341e+01
3.360299999999999443e+01
3.374099999999999966e+01
3.387900000000000489e+01
3.401699999999999591e+01
3.415500000000000114e+01
3.429299999999999926e+01
3.443099999999999739e+01
3.456900000000000261e+01
3.470700000000000074e+01
3.484499999999999886e+01
3.498300000000000409e+01
3.512099999999999511e+01
3.525900000000000034e+01
3.539700000000000557e+01
3.553499999999999659e+01
3.567300000000000182e+01
3.581099999999999994e+01
3.594899999999999807e+01
3.608700000000000330e+01
3.622499999999999432e+01
3.636299999999999955e+01
3.650100000000000477e+01
3.663899999999999579e+01
3.677700000000000102e+01
3.691499999999999915e+01
3.705299999999999727e+01
3.719100000000000250e+01
3.732900000000000063e+01
3.746699999999999875e+01
3.760500000000000398e+01
3.774299999999999500e+01
3.788100000000000023e+01
3.801900000000000546e+01
3.815699999999999648e+01
3.829500000000000171e+01
3.843299999999999983e+01
3.857099999999999795e+01
3.870900000000000318e+01
3.884699999999999420e+01
3.898499999999999943e+01
3.912300000000000466e+01
3.926099999999999568e+01
3.939900000000000091e+01
3.953700000000000614e+01
3.967499999999999716e+01
3.981300000000000239e+01
3.995100000000000051e+01
4.008899999999999864e+01
4.022700000000000387e+01
4.036499999999999488e+01
4.050300000000000011e+01
4.064100000000000534e+01
4.077899999999999636e+01
4.091700000000000159e+01
4.105499999999999972e+01
4.119299999999999784e+01
4.133100000000000307e+01
4.146899999999999409e+01
4.160699999999999932e+01
4.174500000000000455e+01
4.188299999999999557e+01
4.202100000000000080e+01
4.215900000000000603e+01
4.229699999999999704e+01
4.243500000000000227e+01
4.257300000000000040e+01
4.271099999999999852e+01
4.284900000000000375e+01
4.298699999999999477e+01
4.312500000000000000e+01
4.326300000000000523e+01
4.340099999999999625e+01
4.353900000000000148e+01
4.367699999999999960e+01
4.381499999999999773e+01
4.395300000000000296e+01
4.409099999999999397e+01
4.422899999999999920e+01
4.436700000000000443e+01
4.450499999999999545e+01
4.464300000000000068e+01
4.478100000000000591e+01
4.491899999999999693e+01
4.505700000000000216e+01
4.519500000000000028e+01
4.533299999999999841e+01
4.547100000000000364e+01
4.560899999999999466e+01
4.574699999999999989e+01
4.588500000000000512e+01
4.602299999999999613e+01
4.616100000000000136e+01
4.629899999999999949e+01
4.643699999999999761e+01
4.657500000000000284e+01
4.671299999999999386e+01
4.685099999999999909e+01
4.698900000000000432e+01
4.712699999999999534e+01
4.726500000000000057e+01
4.740300000000000580e+01
4.754099999999999682e+01
4.767900000000000205e+01
4.781700000000000017e+01
4.795499999999999829e+01
4.809300000000000352e+01
4.823099999999999454e+01
4.836899999999999977e+01
4.850700000000000500e+01
4.864499999999999602e+01
4.878300000000000125e+01
4.892099999999999937e+01
4.905899999999999750e+01
4.919700000000000273e+01
4.933500000000000085e+01
4.947299999999999898e+01
4.961100000000000421e+01
4.974899999999999523e+01
4.988700000000000045e+01
5.002500000000000568e+01
5.016299999999999670e+01
5.030100000000000193e+01
5.043900000000000006e+01
5.057699999999999818e+01
5.071500000000000341e+01
5.085299999999999443e+01
5.099099999999999966e+01
5.112900000000000489e+01
5.126699999999999591e+01
5.140500000000000114e+01
5.154299999999999926e+01
5.168099999999999739e+01
5.181900000000000261e+01
5.195700000000000074e+01
5.209499999999999886e+01
5.223300000000000409e+01
5.237099999999999511e+01
5.250900000000000034e+01
5.264700000000000557e+01
5.278499999999999659e+01
5.292300000000000182e+01
5.306099999999999994e+01
5.319899999999999807e+01
5.333700000000000330e+01
5.347499999999999432e+01
5.361299999999999955e+01
5.375100000000000477e+01
5.388899999999999579e+01
5.402700000000000102e+01
5.416499999999999915e+01
5.430299999999999727e+01
5.444100000000000250e+01
5.457900000000000063e+01
5.471699999999999875e+01
5.485500000000000398e+01
5.499299999999999500e+01
5.513100000000000023e+01
5.526900000000000546e+01
5.540699999999999648e+01
5.554500000000000171e+01
5.568299999999999983e+01
5.582099999999999795e+01
5.595900000000000318e+01
5.609699999999999420e+01
5.623499999999999943e+01
5.637300000000000466e+01
5.651099999999999568e+01
5.664900000000000091e+01
5.678700000000000614e+01
5.692499999999999716e+01
5.706300000000000239e+01
5.720100000000000051e+01
5.733899999999999864e+01
5.747700000000000387e+01
5.761499999999999488e+01
5.775300000000000011e+01
5.789100000000000534e+01
5.802899999999999636e+01
5.816700000000000159e+01
5.830499999999999972e+01
5.844299999999999784e+01
5.858100000000000307e+01
5.871899999999999409e+01
5.885699999999999932e+01
5.899500000000000455e+01
5.913299999999999557e+01
5.927100000000000080e+01
5.940900000000000603e+01
5.954699999999999704e+01
5.968500000000000227e+01
5.982300000000000040e+01
5.996099999999999852e+01
6.009900000000000375e+01
6.023699999999999477e+01
6.037500000000000000e+01
6.051300000000000523e+01
