1.299500
1.322500
1.345500
1.368500
1.391500
1.414500
1.437500
1.460500
1.483500
1.506500
1.529500
1.552500
1.575500
1.598500
1.621500
1.644500
1.667500
1.690500
1.713500
1.736500
1.759500
1.782500
1.805500
1.828500
1.851500
1.874500
1.897500
1.920500
1.943500
1.966500
1.989500
2.012500
2.035500
2.058500
2.081500
2.104500
2.127500
2.150500
2.173500
2.196500
2.219500
2.242500
2.265500
2.288500
2.311500
2.334500
2.357500
2.380500
2.403500
2.426500
2.449500
2.472500
2.495500
2.518500
2.541500
2.564500
2.587500
2.610500
2.633500
2.656500
2.679500
2.702500
2.725500
2.748500
2.771500
2.794500
2.817500
2.840500
2.863500
2.886500
2.909500
2.932500
2.955500
2.978500
3.001500
3.024500
3.047500
3.070500
3.093500
3.116500
3.139500
3.162500
3.185500
3.208500
3.231500
3.254500
3.277500
3.300500
3.323500
3.346500
3.369500
3.392500
3.415500
3.438500
3.461500
3.484500
3.507500
3.530500
3.553500
3.576500
3.599500
3.622500
3.645500
3.668500
3.691500
3.714500
3.737500
3.760500
3.783500
3.806500
3.829500
3.852500
3.875500
3.898500
3.921500
3.944500
3.967500
3.990500
4.013500
4.036500
4.059500
4.082500
4.105500
4.128500
4.151500
4.174500
4.197500
4.220500
4.243500
4.266500
4.289500
4.312500
4.335500
4.358500
4.381500
4.404500
4.427500
4.450500
4.473500
4.496500
4.519500
4.542500
4.565500
4.588500
4.611500
4.634500
4.657500
4.680500
4.703500
4.726500
4.749500
4.772500
4.795500
4.818500
4.841500
4.864500
4.887500
4.910500
4.933500
4.956500
4.979500
5.002500
5.025500
5.048500
5.071500
5.094500
5.117500
5.163500
5.186500
5.209500
5.232500
5.255500
5.278500
5.301500
5.324500
5.347500
5.370500
5.393500
5.439500
5.462500
5.485500
5.508500
5.531500
5.554500
5.577500
5.600500
5.669500
5.692500
