44.221500
47.074500
49.927500
52.780500
55.633500
58.486500
61.339500
64.192500
67.045500
69.898500
72.751500
75.604500
78.457500
81.310500
84.163500
87.016500
89.869500
92.722500
95.575500
98.428500
101.281500
104.134500
106.987500
109.840500
112.693500
115.546500
118.399500
121.252500
124.105500
126.958500
129.811500
132.664500
135.517500
138.370500
141.223500
144.076500
146.929500
149.782500
152.635500
155.488500
158.341500
161.194500
164.047500
166.900500
169.753500
172.606500
175.459500
178.312500
181.165500
184.018500
186.871500
189.724500
192.577500
195.430500
198.283500
201.136500
203.989500
206.842500
209.695500
212.548500
215.401500
218.254500
221.107500
223.960500
226.813500
229.666500
232.519500
235.372500
238.225500
241.078500
243.931500
246.784500
249.637500
252.490500
255.343500
258.196500
261.049500
263.902500
266.755500
269.608500
272.461500
275.314500
278.167500
281.020500
283.873500
286.726500
289.579500
292.432500
295.285500
298.138500
300.991500
303.844500
306.697500
309.550500
312.403500
315.256500
318.109500
320.962500
323.815500
326.668500
329.521500
332.374500
335.227500
338.080500
340.933500
343.786500
346.639500
349.492500
352.345500
355.198500
358.051500
360.904500
363.757500
366.610500
369.463500
372.316500
375.169500
378.022500
380.875500
383.728500
386.581500
389.434500
392.287500
395.140500
397.993500
400.846500
403.699500
406.552500
409.405500
412.258500
415.111500
417.964500
420.817500
423.670500
426.523500
429.376500
432.229500
435.082500
437.935500
440.788500
443.641500
446.494500
449.347500
452.200500
455.053500
457.906500
460.759500
463.612500
466.465500
469.318500
472.171500
475.024500
477.877500
480.730500
483.583500
486.436500
489.289500
492.142500
494.995500
497.848500
500.701500
503.554500
506.407500
509.260500
512.113500
514.966500
517.819500
520.672500
523.525500
526.378500
529.231500
532.084500
534.937500
537.790500
540.643500
543.496500
546.349500
549.202500
552.055500
554.908500
557.761500
560.614500
563.467500
566.320500
569.173500
572.026500
574.879500
577.732500
580.585500
583.438500
586.291500
589.144500
591.997500
594.850500
597.703500
600.556500
603.409500
606.262500
609.115500
611.968500
614.821500
617.674500
620.527500
623.380500
626.233500
629.086500
631.939500
634.792500
637.645500
640.498500
643.351500
646.204500
649.057500
651.910500
654.763500
657.616500
660.469500
663.322500
666.175500
669.028500
671.881500
674.734500
677.587500
680.440500
683.293500
686.146500
688.999500
691.852500
694.705500
697.558500
700.411500
703.264500
706.117500
708.970500
711.823500
714.676500
717.529500
720.382500
723.235500
726.088500
728.941500
731.794500
734.647500
737.500500
740.353500
743.206500
746.059500
748.912500
751.765500
754.618500
757.471500
760.324500
763.177500
766.030500
768.883500
771.736500
774.589500
777.442500
780.295500
783.148500
786.001500
788.854500
791.707500
794.560500
797.413500
800.266500
803.119500
805.972500
808.825500
811.678500
814.531500
817.384500
820.237500
823.090500
825.943500
828.796500
831.649500
834.502500
837.355500
840.208500
843.061500
845.914500
848.767500
851.620500
854.473500
857.326500
860.179500
863.032500
865.885500
868.738500
871.591500
874.444500
877.297500
880.150500
883.003500
885.856500
888.709500
891.562500
894.415500
897.268500
900.121500
902.974500
905.827500
908.680500
911.533500
914.386500
917.239500
920.092500
922.945500
925.798500
928.651500
931.504500
934.357500
937.210500
940.063500
942.916500
945.769500
948.622500
951.475500
954.328500
957.181500
960.034500
962.887500
965.740500
968.593500
971.446500
974.299500
977.152500
980.005500
982.858500
985.711500
988.564500
991.417500
994.270500
997.123500
999.976500
1002.829500
1005.682500
1008.535500
1011.388500
1014.241500
1017.094500
1019.947500
1022.800500
1025.653500
1028.506500
1031.359500
1034.212500
1037.065500
1039.918500
1042.771500
1045.624500
1048.477500
1051.330500
1054.183500
1057.036500
1059.889500
1062.742500
1065.595500
1068.448500
1071.301500
1074.154500
1077.007500
1079.860500
1082.713500
1085.566500
1088.419500
1091.272500
1094.125500
1096.978500
1099.831500
1102.684500
1105.537500
1108.390500
1111.243500
1114.096500
1116.949500
1119.802500
1122.655500
1125.508500
1128.361500
1131.214500
1134.067500
1136.920500
1139.773500
1142.626500
1145.479500
1148.332500
1151.185500
1154.038500
1156.891500
1159.744500
1162.597500
1165.450500
1168.303500
1171.156500
1174.009500
1176.862500
1179.715500
1182.568500
1185.421500
1188.274500
1191.127500
1193.980500
1196.833500
1199.686500
1202.539500
1205.392500
1208.245500
1211.098500
1213.951500
1216.804500
1219.657500
1222.510500
1225.363500
1228.216500
1231.069500
1233.922500
1236.775500
1239.628500
1242.481500
1245.334500
1248.187500
1251.040500
1253.893500
1256.746500
1259.599500
1262.452500
1265.305500
1268.158500
1271.011500
1273.864500
1276.717500
1279.570500
1282.423500
1285.276500
1288.129500
1290.982500
1293.835500
1296.688500
1299.541500
1302.394500
1305.247500
1308.100500
1310.953500
1313.806500
1316.659500
1319.512500
1322.365500
1325.218500
1328.071500
1330.924500
1333.777500
1336.630500
1339.483500
1342.336500
1345.189500
1348.042500
1350.895500
1353.748500
1356.601500
1359.454500
1362.307500
1365.160500
1368.013500
1370.866500
1373.719500
1376.572500
1379.425500
1382.278500
1385.131500
1387.984500
1390.837500
1393.690500
1396.543500
1399.396500
1402.249500
1405.102500
1407.955500
1410.808500
1413.661500
1416.514500
1419.367500
1422.220500
1425.073500
1427.926500
1430.779500
1433.632500
1436.485500
1439.338500
1442.191500
1447.897500
1450.750500
1453.603500
1456.456500
1459.309500
1462.162500
1465.015500
1470.721500
1473.574500
1476.427500
1479.280500
1482.133500
1484.986500
1487.839500
1490.692500
1496.398500
1499.251500
1502.104500
1504.957500
1507.810500
1513.516500
1516.369500
1519.222500
1524.928500
1527.781500
1530.634500
1533.487500
1539.193500
1547.752500
1550.605500
1553.458500
1556.311500
1559.164500
1564.870500
1567.723500
1570.576500
1573.429500
1576.282500
1579.135500
1581.988500
1584.841500
1587.694500
1590.547500
1593.400500
1596.253500
1599.106500
1601.959500
1604.812500
1610.518500
1613.371500
1616.224500
1619.077500
