2.947500
3.078500
3.209500
3.340500
3.471500
3.602500
3.733500
3.864500
3.995500
4.126500
4.257500
4.388500
4.519500
4.650500
4.781500
4.912500
5.043500
5.174500
5.305500
5.436500
5.567500
5.698500
5.829500
5.960500
6.091500
6.222500
6.353500
6.484500
6.615500
6.746500
6.877500
7.008500
7.139500
7.270500
7.401500
7.532500
7.663500
7.794500
7.925500
8.056500
8.187500
8.318500
8.449500
8.580500
8.711500
8.842500
8.973500
9.104500
9.235500
9.366500
9.497500
9.628500
9.759500
9.890500
10.021500
10.152500
10.283500
10.414500
10.545500
10.676500
10.807500
10.938500
11.069500
11.200500
11.331500
11.462500
11.593500
11.724500
11.855500
11.986500
12.117500
12.248500
12.379500
12.510500
12.641500
12.772500
12.903500
13.034500
13.165500
13.296500
13.427500
13.558500
13.689500
13.820500
13.951500
14.082500
14.213500
14.344500
14.475500
14.606500
14.737500
14.868500
14.999500
15.130500
15.261500
15.392500
15.523500
15.654500
15.785500
15.916500
16.047500
16.178500
16.309500
16.440500
16.571500
16.702500
16.833500
16.964500
17.095500
17.226500
17.357500
17.488500
17.619500
17.750500
17.881500
18.012500
18.143500
18.274500
18.405500
18.536500
18.667500
18.798500
18.929500
19.060500
19.191500
19.322500
19.453500
19.584500
19.715500
19.846500
19.977500
20.108500
20.239500
20.370500
20.501500
20.632500
20.763500
20.894500
21.025500
21.156500
21.287500
21.418500
21.549500
21.680500
21.811500
21.942500
22.073500
22.204500
22.335500
22.466500
22.597500
22.728500
22.859500
22.990500
23.121500
23.252500
23.383500
23.514500
23.645500
23.776500
23.907500
24.038500
24.169500
24.300500
24.431500
24.562500
24.693500
24.824500
24.955500
25.086500
25.217500
25.348500
25.479500
25.610500
25.741500
25.872500
26.003500
26.134500
26.265500
26.396500
26.527500
26.658500
26.789500
26.920500
27.051500
27.182500
27.313500
27.444500
27.575500
27.706500
27.837500
27.968500
28.099500
28.230500
28.361500
28.492500
28.623500
28.754500
28.885500
29.016500
29.147500
29.278500
29.409500
29.540500
29.671500
29.802500
29.933500
30.064500
30.195500
30.326500
30.457500
30.588500
30.719500
30.850500
30.981500
31.112500
31.243500
31.374500
31.505500
31.636500
31.767500
31.898500
32.160500
32.291500
32.422500
32.553500
32.684500
32.815500
32.946500
33.077500
33.208500
33.339500
33.470500
33.601500
33.732500
33.863500
33.994500
34.125500
34.256500
34.387500
34.518500
34.649500
34.780500
34.911500
35.042500
35.173500
35.304500
35.435500
35.566500
35.697500
35.828500
35.959500
36.090500
36.221500
36.352500
36.483500
36.614500
36.745500
36.876500
37.007500
37.138500
37.269500
37.400500
37.531500
37.662500
37.793500
37.924500
38.055500
38.186500
38.317500
38.448500
38.710500
38.841500
38.972500
39.103500
39.234500
