92.070000
98.010000
103.950000
109.890000
115.830000
121.770000
127.710000
133.650000
139.590000
145.530000
151.470000
157.410000
163.350000
169.290000
175.230000
181.170000
187.110000
193.050000
198.990000
204.930000
210.870000
216.810000
222.750000
228.690000
234.630000
240.570000
246.510000
252.450000
258.390000
264.330000
270.270000
276.210000
282.150000
288.090000
294.030000
299.970000
305.910000
311.850000
317.790000
323.730000
329.670000
335.610000
341.550000
347.490000
353.430000
359.370000
365.310000
371.250000
377.190000
383.130000
389.070000
395.010000
400.950000
406.890000
412.830000
418.770000
424.710000
430.650000
436.590000
442.530000
448.470000
454.410000
460.350000
466.290000
472.230000
478.170000
484.110000
490.050000
495.990000
501.930000
507.870000
513.810000
519.750000
525.690000
531.630000
537.570000
543.510000
549.450000
555.390000
561.330000
567.270000
573.210000
579.150000
585.090000
591.030000
596.970000
602.910000
608.850000
614.790000
620.730000
626.670000
632.610000
638.550000
644.490000
650.430000
656.370000
662.310000
668.250000
674.190000
680.130000
686.070000
692.010000
697.950000
703.890000
709.830000
715.770000
721.710000
727.650000
733.590000
739.530000
745.470000
751.410000
757.350000
763.290000
769.230000
775.170000
781.110000
787.050000
792.990000
798.930000
804.870000
810.810000
816.750000
822.690000
828.630000
834.570000
840.510000
846.450000
852.390000
858.330000
864.270000
870.210000
876.150000
882.090000
888.030000
893.970000
899.910000
905.850000
911.790000
917.730000
923.670000
929.610000
935.550000
941.490000
947.430000
953.370000
959.310000
965.250000
971.190000
977.130000
983.070000
989.010000
994.950000
1000.890000
1006.830000
1012.770000
1018.710000
1024.650000
1030.590000
1036.530000
1042.470000
1048.410000
1054.350000
1060.290000
1066.230000
1072.170000
1078.110000
1084.050000
1089.990000
1095.930000
1101.870000
1107.810000
1113.750000
1119.690000
1125.630000
1131.570000
1137.510000
1143.450000
1149.390000
1155.330000
1161.270000
1167.210000
1173.150000
1179.090000
1185.030000
1190.970000
1196.910000
1202.850000
1208.790000
1214.730000
1220.670000
1226.610000
1232.550000
1238.490000
1244.430000
1250.370000
1256.310000
1262.250000
1268.190000
1274.130000
1280.070000
1286.010000
1291.950000
1297.890000
1303.830000
1309.770000
1315.710000
1321.650000
1327.590000
1333.530000
1339.470000
1345.410000
1351.350000
1357.290000
1363.230000
1369.170000
1375.110000
1381.050000
1386.990000
1392.930000
1398.870000
1404.810000
1410.750000
1416.690000
1422.630000
1428.570000
1434.510000
1440.450000
1446.390000
1452.330000
1458.270000
1464.210000
1470.150000
1476.090000
1482.030000
1487.970000
1493.910000
1499.850000
1505.790000
1511.730000
1517.670000
1523.610000
1529.550000
1535.490000
1541.430000
1547.370000
1553.310000
1559.250000
1565.190000
1571.130000
1577.070000
1583.010000
1588.950000
1594.890000
1600.830000
1606.770000
1612.710000
1618.650000
1624.590000
1630.530000
1636.470000
1642.410000
1648.350000
1654.290000
1660.230000
1666.170000
1672.110000
1678.050000
1683.990000
1689.930000
1695.870000
1701.810000
1707.750000
1713.690000
1719.630000
1725.570000
1731.510000
1737.450000
1743.390000
1749.330000
1755.270000
1761.210000
1767.150000
1773.090000
1779.030000
1784.970000
1790.910000
1796.850000
1802.790000
1808.730000
1814.670000
1820.610000
1826.550000
1832.490000
1838.430000
1844.370000
1850.310000
1856.250000
1862.190000
1868.130000
1874.070000
1880.010000
1885.950000
1891.890000
1897.830000
1903.770000
1909.710000
1915.650000
1921.590000
1927.530000
1933.470000
1939.410000
1945.350000
1951.290000
1957.230000
1963.170000
1969.110000
1975.050000
1980.990000
1986.930000
1992.870000
1998.810000
2004.750000
2010.690000
2016.630000
2022.570000
2028.510000
2034.450000
2040.390000
2046.330000
2052.270000
2058.210000
2064.150000
2070.090000
2076.030000
2081.970000
2087.910000
2093.850000
2099.790000
2105.730000
2111.670000
2117.610000
2123.550000
2129.490000
2135.430000
2141.370000
2147.310000
2153.250000
2159.190000
2165.130000
2171.070000
2177.010000
2182.950000
2188.890000
2194.830000
2200.770000
2206.710000
2212.650000
2218.590000
2224.530000
2230.470000
2236.410000
2242.350000
2248.290000
2254.230000
2260.170000
2266.110000
2272.050000
2277.990000
2283.930000
2289.870000
2295.810000
2301.750000
2307.690000
2313.630000
2319.570000
2325.510000
2331.450000
2337.390000
2343.330000
2349.270000
2355.210000
2361.150000
2367.090000
2373.030000
2378.970000
2384.910000
2390.850000
2396.790000
2402.730000
2408.670000
2414.610000
2420.550000
2426.490000
2432.430000
2438.370000
2444.310000
2450.250000
2456.190000
2462.130000
2468.070000
2474.010000
2479.950000
2485.890000
2491.830000
2497.770000
2503.710000
2509.650000
2515.590000
2521.530000
2527.470000
2533.410000
2539.350000
2545.290000
2551.230000
2557.170000
2563.110000
2569.050000
2574.990000
2580.930000
2586.870000
2592.810000
2598.750000
2604.690000
2610.630000
2616.570000
2622.510000
2628.450000
2634.390000
2640.330000
2646.270000
2652.210000
2658.150000
2664.090000
2670.030000
2675.970000
2681.910000
2687.850000
2693.790000
2699.730000
2705.670000
2711.610000
2717.550000
2723.490000
2729.430000
2735.370000
2741.310000
2747.250000
2753.190000
2759.130000
2765.070000
2771.010000
2776.950000
2782.890000
2788.830000
2794.770000
2800.710000
2806.650000
2812.590000
2818.530000
2824.470000
2830.410000
2836.350000
2842.290000
2848.230000
2854.170000
2860.110000
2866.050000
2871.990000
2877.930000
2883.870000
2889.810000
2895.750000
2901.690000
2907.630000
2913.570000
2919.510000
2925.450000
2931.390000
2937.330000
2943.270000
2949.210000
2955.150000
2961.090000
2967.030000
2972.970000
2978.910000
2984.850000
2990.790000
2996.730000
3002.670000
3008.610000
3014.550000
3020.490000
3026.430000
3032.370000
3038.310000
3044.250000
3050.190000
3056.130000
3062.070000
3068.010000
3073.950000
3079.890000
3085.830000
3091.770000
3097.710000
3103.650000
3109.590000
3115.530000
3121.470000
3127.410000
3133.350000
3139.290000
3145.230000
3151.170000
3157.110000
3163.050000
3168.990000
3174.930000
3180.870000
3186.810000
3192.750000
3198.690000
3204.630000
3210.570000
3216.510000
3222.450000
3228.390000
3234.330000
3240.270000
3246.210000
3252.150000
3258.090000
3264.030000
3269.970000
3275.910000
3281.850000
3287.790000
3293.730000
3299.670000
3305.610000
3311.550000
3317.490000
3323.430000
3329.370000
3335.310000
3341.250000
3347.190000
3353.130000
3359.070000
3365.010000
3370.950000
3376.890000
3382.830000
3388.770000
3394.710000
3400.650000
3406.590000
3412.530000
3418.470000
3424.410000
3430.350000
3436.290000
3442.230000
3448.170000
3454.110000
3460.050000
3465.990000
3471.930000
3477.870000
3483.810000
3489.750000
3495.690000
3501.630000
3507.570000
3513.510000
3519.450000
3525.390000
3531.330000
3537.270000
3543.210000
3549.150000
3555.090000
3561.030000
3566.970000
3572.910000
3578.850000
3584.790000
3590.730000
3596.670000
3602.610000
3608.550000
3614.490000
3620.430000
3626.370000
3632.310000
3638.250000
3644.190000
3650.130000
3656.070000
3662.010000
3667.950000
3673.890000
3679.830000
3685.770000
3691.710000
3697.650000
3703.590000
3709.530000
3715.470000
3721.410000
3727.350000
3733.290000
3739.230000
3745.170000
3751.110000
3757.050000
3762.990000
3768.930000
3774.870000
3780.810000
3786.750000
3792.690000
3798.630000
3804.570000
3810.510000
3816.450000
3822.390000
3828.330000
3834.270000
3840.210000
3846.150000
3852.090000
3858.030000
3863.970000
3869.910000
3875.850000
3881.790000
3887.730000
3893.670000
3899.610000
3905.550000
3911.490000
3917.430000
3923.370000
3929.310000
3935.250000
3941.190000
3947.130000
3953.070000
3959.010000
3964.950000
3970.890000
3976.830000
3982.770000
3988.710000
3994.650000
4000.590000
4006.530000
4012.470000
4018.410000
4024.350000
4030.290000
4036.230000
4042.170000
4048.110000
4054.050000
4059.990000
4065.930000
4071.870000
4077.810000
4083.750000
4089.690000
4095.630000
4101.570000
4107.510000
4113.450000
4119.390000
4125.330000
4131.270000
4137.210000
4143.150000
4149.090000
4155.030000
4160.970000
4166.910000
4172.850000
4178.790000
4184.730000
4190.670000
4196.610000
4202.550000
4208.490000
4214.430000
4220.370000
4226.310000
4232.250000
4238.190000
4244.130000
4250.070000
4256.010000
4261.950000
4267.890000
4273.830000
4279.770000
4285.710000
4291.650000
4297.590000
4303.530000
4309.470000
4315.410000
4321.350000
4327.290000
4333.230000
4339.170000
4345.110000
4351.050000
4356.990000
4362.930000
4368.870000
4374.810000
4380.750000
4386.690000
4392.630000
4398.570000
4404.510000
4410.450000
4416.390000
4422.330000
4428.270000
4434.210000
4440.150000
4446.090000
4452.030000
4457.970000
4463.910000
4469.850000
4475.790000
4481.730000
4487.670000
4493.610000
4499.550000
4505.490000
4511.430000
4517.370000
4523.310000
4529.250000
4535.190000
4541.130000
4547.070000
4553.010000
4558.950000
4564.890000
4570.830000
4576.770000
4582.710000
4588.650000
4594.590000
4600.530000
4606.470000
4612.410000
4618.350000
4624.290000
4630.230000
4636.170000
4642.110000
4648.050000
4653.990000
4659.930000
4665.870000
4671.810000
4677.750000
4683.690000
4689.630000
4695.570000
4701.510000
4707.450000
4713.390000
4719.330000
4725.270000
4731.210000
4737.150000
4743.090000
4749.030000
4754.970000
4760.910000
4766.850000
4772.790000
4778.730000
4784.670000
4790.610000
4796.550000
4802.490000
4808.430000
4814.370000
4820.310000
4826.250000
4832.190000
4838.130000
4844.070000
4850.010000
4855.950000
4861.890000
4867.830000
4873.770000
4879.710000
4885.650000
4891.590000
4897.530000
4903.470000
4909.410000
4915.350000
4921.290000
4927.230000
4933.170000
4939.110000
4945.050000
4950.990000
4956.930000
4962.870000
4968.810000
4974.750000
4980.690000
4986.630000
4992.570000
4998.510000
5010.390000
5016.330000
5022.270000
5028.210000
5034.150000
5040.090000
5046.030000
5051.970000
5057.910000
5063.850000
5069.790000
5075.730000
5081.670000
5087.610000
5093.550000
5105.430000
5111.370000
5117.310000
5123.250000
5129.190000
5135.130000
5141.070000
5147.010000
5152.950000
5158.890000
5164.830000
5170.770000
5176.710000
5188.590000
5194.530000
5200.470000
5206.410000
5212.350000
5218.290000
5224.230000
5230.170000
5236.110000
5242.050000
5247.990000
5253.930000
5259.870000
5265.810000
5271.750000
5277.690000
5283.630000
5289.570000
5295.510000
5307.390000
5313.330000
5319.270000
5325.210000
5331.150000
5337.090000
5343.030000
5348.970000
5354.910000
5360.850000
5366.790000
5372.730000
5378.670000
5384.610000
5390.550000
5396.490000
5402.430000
5408.370000
5414.310000
5420.250000
5426.190000
5432.130000
5438.070000
5444.010000
5449.950000
5455.890000
5461.830000
5467.770000
5473.710000
5479.650000
5485.590000
5491.530000
5497.470000
