116155008378349056
16921818696947570
6690083687300948
4195312727634071
3152352247589111
2567773119923797
2208068363692973
1950565898592091
1753561920027454
1601706314075104
1465876253291061
1358186232748045
1276250419945404
1202521674513151
1123972063327464
1064562350793498
1008396486942652
954653605782428
913261984783864
878714967229652
837053831026202
797690191240391
776211223529163
740911973041690
715004655679075
693121161893164
663980132798457
647398869792405
623686669313672
605285157596454
588286957397100
573063072969454
555402852495408
534251340714205
521878870121156
509383030533782
495991160583216
483090536510709
471837712620553
457178014749842
458400438540299
434177790835962
433062644804402
414889409174418
409537969911453
394365285628974
389681489320954
378388819054703
370684698993348
364389745053922
354305154399171
350891785549014
338806571052198
336224950753537
328365577834752
323274871775976
311402538512486
315849179619201
303546570578803
300064256688677
294511176285112
284053771974417
281830811024616
273739923601937
271368202431907
267616101400846
261432486110905
253155201581294
250241784248130
248990328760679
243728515836694
235651386623903
235270983568594
230495438169839
223938268807433
226016091626303
220411544849865
217925987896650
217943321395235
212094175431960
212476215035671
207433334133536
201073379614419
198831759737350
195848929428188
195265037303381
192241057886258
190550593247972
187189337602681
186577518963047
183695205740069
180742068075368
178359562903782
177956724636233
173389603797189
170904095285985
168176404736555
165231460501354
165348865436746
163057837392305
163076571414528
159191276103472
162536591511778
159310988372486
154902766899516
152026538802795
153365198241512
152598206484306
152612893708925
149788657517385
147779542756410
143379175734060
147318442167128
141633816969550
141083545741687
140548457165673
138767516074254
138701825996976
134444032399235
134321820555005
131846929842171
127517253580348
130918121896537
127912644529327
126031752077374
123556697804224
123668895101221
124215993122272
121387818961431
119887501397359
117288956439199
114443329022293
116079450095503
114321617687858
112452919075731
108940698715349
108052997926105
106877530479920
104841996198205
106224877371532
102411314958449
101997030787488
98551872546414
101817339334552
96560291566423
97380270290021
93080333098469
92915179615109
93409365931948
89597885345015
90530492000570
86342806319268
86095553878347
87880411216565
84099862574829
85895879745191
83112264231925
81375371897720
79054959136871
79898413187826
76973924099698
77613390294204
74994525155944
75170175266594
72169116887663
75934812767982
72913791780225
70846762774949
70442437829666
68844112925736
67312321242026
66435008423954
64784781098919
64496652069555
64493441269836
65346744465903
63506237884153
64331799405385
61433768058745
60062876065550
62322414450835
57404144303976
58066249409889
56194145947040
59420603680735
55406061604809
53696060199588
52962103491868
53728780324827
52795516534605
50829609864220
52166840404011
48701713998356
47760456711259
48306223242425
47661385493000
48857309576186
48247321762561
47496560623417
45793012807762
45721193778380
47376655154581
45234397933927
43320049647773
43286373481712
42102359706733
43362092099165
42854446714633
40191402865513
41568013875778
40856649532980
40955576794808
39953854366953
39339497594378
38424444861711
38969899214878
36583621268323
37722775367231
37140652075104
36434258885912
34676984833364
36710261085917
35767672550681
35372157317733
34856933319514
34296993256721
33541947325740
33332997917447
33814925633800
33690986459343
32612428063936
31196890687339
31227793978738
32332868611535
30366946133634
30671244593971
29817131301484
28971019840684
29300469163098
30295205390214
28985500975480
28255930253674
29398154791037
27592780913431
27516179889949
27235778187143
26800402646130
25934626556541
26133414705595
27275054095823
25588886423813
26140345330349
25194720858215
25083109144612
25818810542094
23573536664797
23627631177293
24450779170257
23106224312095
23504221271073
23779314154966
23595415272052
22360201855289
22582082690674
22452033437746
21280329488159
22061438342431
21038835653939
21316617768033
19572896038398
20915635507744
20254261449355
20065020003532
20548318912244
19283010323329
19063629023317
20497314910931
19439219938893
19304852145895
18300615590514
18532798397715
18125067965809
16234464736420
17463695830745
18322868779122
18288188964174
17050630795739
16555441882959
17087576586783
16765844026657
17099052101477
15258363419801
15238588896004
16466335841879
15560265616866
14894493937569
14788674682197
16063716706577
14623075208125
13799668316484
14389526636644
14540735272074
13692955390533
14332982876320
14235893223993
13362189858779
14045198185146
12879541802578
13396746050120
12939943918707
12602066262731
12667889397927
12403926794547
12636727665931
12385824126486
12118087748909
11128487474474
11541452185340
11782910934782
12219726109572
11040612261534
11308338993679
11358083021530
10605365440754
11025657115386
10991754923888
10715397171420
10017258572669
10254387503568
10253149862916
10543894930795
10017442158822
10718534325803
11287181842233
9635135201074
9097625312330
8642546155555
9035875867972
9717517496456
8520048801264
9071710738767
8326303607988
8802693272925
8810474920589
8789052572445
8886872046406
7895440453154
8553160030215
8927768830142
8420735877245
8782298143006
8290371494167
7482273362978
7398692453726
7669242343780
7531384019390
7599203594417
7255275355597
6812268049022
7062512070496
6872733803523
6983664124739
6483182804064
6834623845524
6783929400613
6713273121581
7118241133538
6349354604181
6379798954280
6245480205668
6154782205170
6883559758220
5981825682718
6325506052118
6443155768343
6487540026532
6402645073543
5741886044127
5526912194658
6055590273939
5862119425196
5217535697699
5471765304541
5700738638741
5118869608515
5680760502639
5715148983726
5160990358322
4671518568406
4792361308276
5129535219585
5258052385744
5208183469161
5138931329920
5249300475867
5157089670446
5110228852046
4599865866637
4581055889590
4738630969407
4401596839436
4454528882834
4610399134107
4505006709569
4784022179581
4465204151923
4575037431693
4407361507216
4043121170688
4474753179730
3881749932643
4040238370480
4608238632068
4426902122035
4112024380255
4106930679120
3276371576426
3671016537312
3844443904628
3852893058690
3880674845315
3576526241709
3810970301710
3520618070957
3436547289744
3582598887139
3559369295330
3578084122183
3356701740256
3048668347004
3745686588433
3193628893038
2842023657424
3353123071230
3053880784178
3241272749898
3271222759824
3520952815210
2868068709238
3324721290511
2906898100962
3079532175433
2812358987233
3075971174593
3100188586679
2539833596967
2793544392241
2845850153465
2797016093192
2485599088027
2942021610050
2709730273932
2689793741143
2396278202110
2794116673029
2290442933332
2746650934119
2614221011960
2493024627244
2600017009621
1901557655435
2408731598511
2117713848990
2446520560297
2557617528970
2394253508556
2287558168161
2036265436454
2280738364173
2293217112320
1996522426433
2040203843321
2010392748819
2114634370475
2016895996853
1910677641532
1950419286828
1790376287595
2091628842007
1942120154254
1795204441760
1670511211907
1667917662304
1894222301406
2071216407367
1370590949091
1855829155823
1672981647469
1600932253071
1494634623320
1624851963859
1467999877191
1851684489468
1708908337273
1652444183242
1759187224674
1529496674218
1508591531436
1440032115895
1400541612578
1508940198103
1580639970871
1447956241047
1604155943629
1366070330363
1185865693572
1210810507779
1418717111204
1175081529240
1283904177844
1063579028553
1363344869889
1210496369077
1258875064089
1027446425261
1207728750224
1053482589103
960022955916
938231526946
1049557233270
1243561420120
965693753802
920732617538
953952524794
916530366982
1129644362796
1022697451441
834391334000
973663983050
954579735425
966642494278
809148452248
997206456392
925065346693
809175294728
963989606102
853261468889
974936158820
874798656609
889978476495
708702786694
823511153299
939889988280
620742281893
632660737786
837324510842
707177667842
785339512025
584027915467
769277429732
772684243833
649148771937
719252022547
792256984278
614819562331
832365705440
453955208497
616862320876
609600395113
835044956667
612822138609
683453615274
682490380188
631996821755
676509294876
595077495671
537413300838
461915704378
546716329138
599385603269
680604818031
403868390974
566758457435
523890249430
487239416691
445327683659
549721979365
418832000455
540796840097
447705397922
382616835557
486258168065
410723114103
335013264017
361415738488
399446912400
478424194227
514803833476
492837094894
362402583839
426442911670
492803168824
321731681889
358076808318
559837467437
410878791368
450585756881
454378780570
476782229709
455037337375
332796215469
341645475653
423474325900
445799464654
298437923167
297787738986
263988825549
423737999934
360335831805
319754286909
420531192748
254749684234
338918384310
367554702168
347492826146
306703426333
358635495172
404400678073
267058394150
276441680416
362449068121
263962203221
308359689042
283441118623
261061182455
258626937762
234662198601
241798210372
255631858070
280200951220
268833774422
350199956333
208767837160
348112372714
340674910811
285510277378
294716114049
220682058828
316237266486
240547289391
280327548458
236431597120
184031179401
284178407978
185312006210
250081201661
285994849659
309439601354
156292969027
178518724763
174658637864
216019237143
205725985244
238677497287
146856624665
213419944051
240017313843
176650430827
197222890041
120367154546
174423875426
183118177181
217823932182
201435760624
222706117787
222213251948
254369624038
153053576091
134207261627
177046054160
84913562120
164721565668
200474146868
171271073578
286078658315
189238710043
180173547744
173804737855
133414317786
189611744184
254124804320
156840453521
258156114306
246587806284
194299251086
115912443160
144609740410
161708059960
177614348493
186159375854
206347516662
121703577596
162271420458
215305147828
102299269105
193534774624
145971133468
163363082322
220504189693
156272125341
124069262357
56096798238
115098705204
109293916482
196166815027
141639228787
176619179456
175760352740
243200602693
184231058901
199385689197
86003071260
145837152814
237857135683
94533919052
159182571514
66639042822
123952082729
134089394079
121971704030
122679818426
64525594098
206435603690
136727209723
142831843234
68537255332
190500934359
120591364151
93194737321
132460936144
66763467182
72958030301
85135647852
64584916811
71813325879
87368411802
116408014660
174828675675
109856271901
128269173132
161065820677
58235946032
155737813600
101094603825
78069165158
109461780711
60505327210
69785315827
58129343012
141104282684
116815819371
88025890081
80076484712
108967198610
88889883671
36325924403
164697074263
69506109949
47168780379
6188164276
77095428694
70233193490
19303708224
46622734974
87043769021
51865271367
96135967733
45251272442
61265671063
76590099186
50252156506
53145346325
72394344166
38915161443
128560589972
67278420749
47137630524
42579894871
36439499847
78434635999
26444002783
44060170584
73198424557
14227423634
32690223285
35250217994
42529074274
19210470087
60320093659
46085069733
42436087884
58594985471
19955573962
59549067877
43774294330
7220987052
13605219097
42569084968
73319831996
53983904554
26121820813
20376333892
19713935742
26813507668
21322291518
12489789829
20452376245
6758765225
20122065892
21776245109
5291157863
12638412992
42258549336
19628823738
14151004813
20844483352
0
33773833226
32313393043
13542851871
18779278072
14926343723
25323562308
21977471752
27935740999
7028585464
13623738464
21669614663
20550811402
6021369832
14345037294
6703247701
15697653414
0
13350256766
0
7012992334
0
39947464586
14669632014
6856566214
19860806525
20319705763
7774855996
22597065458
14430516111
14531921441
28164623858
12762617604
0
22524433974
7129595671
6938286383
13778265187
21594624590
14563417128
0
22148831029
13798123378
14494931835
7233573862
20772943599
34665859236
21462819967
6688812854
6932383949
20278523551
28536764080
20776536158
6852534529
6955607735
21136631988
28178603862
29034329402
7003244665
19391030191
0
22396467507
0
21321678678
7058906870
29142051940
6718379533
0
21135621263
43421812603
0
14343686496
55414978849
7737983260
29338529809
7085100857
13805413561
27925418397
6819677615
21353433326
21663370897
42884871837
21390138226
42062871831
21138921626
7063606181
20694641166
20614499450
34317430622
6849072369
14386897125
13462740292
0
22484330466
7196443476
14851749252
35028605275
14621271419
0
14348474822
28270395586
15104806865
0
7262000322
8020730132
6941871638
14952902936
6848775214
7601235037
0
7685735732
14872537559
0
6892542071
7665895107
0
13873895616
21599050842
7164409750
0
14009569247
0
6678582002
14890093937
0
0
0
7768220914
6836984435
7039643096
0
0
0
15404784892
0
0
7311910632
0
0
7451844381
7749121487
0
0
15184098313
7317330664
0
0
7801165606
7469869604
0
7320615099
0
7304011146
0
0
7513595564
15351682020
7340621820
0
7271742092
0
8289846557
0
0
0
7243946242
0
0
0
7853289773
0
7710744515
0
7327849423
0
0
0
15501786387
7525803827
0
7819494365
0
0
7339617541
