0.000000
0.091000
0.182000
0.273000
0.364000
0.455000
0.546000
0.637000
0.728000
0.819000
0.910000
1.001000
1.092000
1.183000
1.274000
1.365000
1.456000
1.547000
1.638000
1.729000
1.820000
1.911000
2.002000
2.093000
2.184000
2.275000
2.366000
2.457000
2.548000
2.639000
2.730000
2.821000
2.912000
3.003000
3.094000
3.185000
3.276000
3.367000
3.458000
3.549000
3.640000
3.731000
3.822000
3.913000
4.004000
4.095000
4.186000
4.277000
4.368000
4.459000
4.550000
4.641000
4.732000
4.823000
4.914000
5.005000
5.096000
5.187000
5.278000
5.369000
5.460000
5.551000
5.642000
5.733000
5.824000
5.915000
6.006000
6.097000
6.188000
6.279000
6.370000
6.461000
6.552000
6.643000
6.734000
6.825000
6.916000
7.007000
7.098000
7.189000
7.280000
7.371000
7.462000
7.553000
7.644000
7.735000
7.826000
7.917000
8.008000
8.099000
8.190000
8.281000
8.372000
8.463000
8.554000
8.645000
8.736000
8.827000
8.918000
9.009000
9.100000
9.191000
9.282000
9.373000
9.464000
9.555000
9.646000
9.737000
9.828000
9.919000
10.010000
10.101000
10.192000
10.283000
10.374000
10.465000
10.556000
10.647000
10.738000
10.829000
10.920000
11.011000
11.102000
11.193000
11.284000
11.375000
11.466000
11.557000
11.648000
11.739000
11.830000
11.921000
12.012000
12.103000
12.194000
12.285000
12.376000
12.467000
12.558000
12.649000
12.740000
12.831000
12.922000
13.013000
13.104000
13.195000
13.286000
13.377000
13.468000
13.559000
13.650000
13.741000
13.832000
13.923000
14.014000
14.105000
14.196000
14.287000
14.378000
14.469000
14.560000
14.651000
14.742000
14.833000
14.924000
15.015000
15.106000
15.197000
15.288000
15.379000
15.470000
15.561000
15.652000
15.743000
15.834000
15.925000
16.016000
16.107000
16.198000
16.289000
16.380000
16.471000
16.562000
16.653000
16.744000
16.835000
16.926000
17.017000
17.108000
17.199000
17.290000
17.381000
17.472000
17.563000
17.654000
17.745000
17.836000
17.927000
18.018000
18.109000
18.200000
18.291000
18.382000
18.473000
18.564000
18.655000
18.746000
18.837000
18.928000
19.019000
19.110000
19.201000
19.292000
19.383000
19.474000
19.565000
19.656000
19.747000
19.838000
19.929000
20.020000
20.111000
20.202000
20.293000
20.384000
20.475000
20.566000
20.657000
20.748000
20.839000
20.930000
21.021000
21.112000
21.203000
21.294000
21.385000
21.476000
21.567000
21.658000
21.749000
21.840000
21.931000
22.022000
22.113000
22.204000
22.295000
22.386000
22.477000
22.568000
22.659000
22.750000
22.841000
22.932000
23.023000
23.114000
23.205000
23.296000
23.387000
23.478000
23.569000
23.660000
23.751000
23.842000
23.933000
24.024000
24.115000
24.206000
24.297000
24.388000
24.479000
24.570000
24.661000
24.752000
24.843000
24.934000
25.025000
25.116000
25.207000
25.298000
25.389000
25.480000
25.571000
25.662000
25.753000
25.844000
25.935000
26.026000
26.117000
26.208000
26.299000
26.390000
26.481000
26.572000
26.663000
26.754000
26.845000
26.936000
27.027000
27.118000
27.209000
27.300000
27.391000
27.482000
27.573000
27.664000
27.755000
27.846000
27.937000
28.028000
28.119000
28.210000
28.301000
28.392000
28.483000
28.574000
28.665000
28.756000
28.847000
28.938000
29.029000
29.120000
29.211000
29.302000
29.393000
29.484000
29.575000
29.666000
29.757000
29.848000
29.939000
30.030000
30.121000
30.212000
30.303000
30.394000
30.485000
30.576000
30.667000
30.758000
30.849000
30.940000
31.031000
31.122000
31.213000
31.304000
31.395000
31.486000
31.577000
31.668000
31.759000
31.850000
31.941000
32.032000
32.123000
32.214000
32.305000
32.396000
32.487000
32.578000
32.669000
32.760000
32.851000
32.942000
33.033000
33.124000
33.215000
33.306000
33.397000
33.488000
33.579000
33.670000
33.761000
33.852000
33.943000
34.034000
34.125000
34.216000
34.307000
34.398000
34.489000
34.580000
34.671000
34.762000
34.853000
34.944000
35.035000
35.126000
35.217000
35.308000
35.399000
35.490000
35.581000
35.672000
35.763000
35.854000
35.945000
36.036000
36.127000
36.218000
36.309000
36.400000
36.491000
36.582000
36.673000
36.764000
36.855000
36.946000
37.037000
37.128000
37.219000
37.310000
37.401000
37.492000
37.583000
37.674000
37.765000
37.856000
37.947000
38.038000
38.129000
38.220000
38.311000
38.402000
38.493000
38.584000
38.675000
38.766000
38.857000
38.948000
39.039000
39.130000
39.221000
39.312000
39.403000
39.494000
39.585000
39.676000
39.767000
39.858000
39.949000
40.040000
40.131000
40.222000
40.313000
40.404000
40.495000
40.586000
40.677000
40.768000
40.859000
40.950000
41.041000
41.132000
41.223000
41.314000
41.405000
41.496000
41.587000
41.678000
41.769000
41.860000
41.951000
42.042000
42.133000
42.224000
42.315000
42.406000
42.497000
42.588000
42.679000
42.770000
42.861000
42.952000
43.043000
43.134000
43.225000
43.316000
43.407000
43.498000
43.589000
43.680000
43.771000
43.862000
43.953000
44.044000
44.135000
44.226000
44.317000
44.408000
44.499000
44.590000
44.681000
44.772000
44.863000
44.954000
45.045000
45.136000
45.227000
45.318000
45.409000
45.500000
45.591000
45.682000
45.773000
45.864000
45.955000
46.046000
46.137000
46.228000
46.319000
46.410000
46.501000
46.592000
46.683000
46.774000
46.865000
46.956000
47.047000
47.138000
47.229000
47.320000
47.411000
47.502000
47.593000
47.684000
47.775000
47.866000
47.957000
48.048000
48.139000
48.230000
48.321000
48.412000
48.503000
48.594000
48.685000
48.776000
48.867000
48.958000
49.049000
49.140000
49.231000
49.322000
49.413000
49.504000
49.595000
49.686000
49.777000
49.868000
49.959000
50.050000
50.141000
50.232000
50.323000
50.414000
50.505000
50.596000
50.687000
50.778000
50.869000
50.960000
51.051000
51.142000
51.233000
51.324000
51.415000
51.506000
51.597000
51.688000
51.779000
51.870000
51.961000
52.052000
52.143000
52.234000
52.325000
52.416000
52.507000
52.598000
52.689000
52.780000
52.871000
52.962000
53.053000
53.144000
53.235000
53.326000
53.417000
53.508000
53.599000
53.690000
53.781000
53.872000
53.963000
54.054000
54.145000
54.236000
54.327000
54.418000
54.509000
54.600000
54.691000
54.782000
54.873000
54.964000
55.055000
55.146000
55.237000
55.328000
55.419000
55.510000
55.601000
55.692000
55.783000
55.874000
55.965000
56.056000
56.147000
56.238000
56.329000
56.420000
56.511000
56.602000
56.693000
56.784000
56.875000
56.966000
57.057000
57.148000
57.239000
57.330000
57.421000
57.512000
57.603000
57.694000
57.785000
57.876000
57.967000
58.058000
58.149000
58.240000
58.331000
58.422000
58.513000
58.604000
58.695000
58.786000
58.877000
58.968000
59.059000
59.150000
59.241000
59.332000
59.423000
59.514000
59.605000
59.696000
59.787000
59.878000
59.969000
60.060000
60.151000
60.242000
60.333000
60.424000
60.515000
60.606000
60.697000
60.788000
60.879000
60.970000
61.061000
61.152000
61.243000
61.334000
61.425000
61.516000
61.607000
61.698000
61.789000
61.880000
61.971000
62.062000
62.153000
62.244000
62.335000
62.426000
62.517000
62.608000
62.699000
62.790000
62.881000
62.972000
63.063000
63.154000
63.245000
63.336000
63.427000
63.518000
63.609000
63.700000
63.791000
63.882000
63.973000
64.064000
64.155000
64.246000
64.337000
64.428000
64.519000
64.610000
64.701000
64.792000
64.883000
64.974000
65.065000
65.156000
65.247000
65.338000
65.429000
65.520000
65.611000
65.702000
65.793000
65.884000
65.975000
66.066000
66.157000
66.248000
66.339000
66.430000
66.521000
66.612000
66.703000
66.794000
66.885000
66.976000
67.067000
67.158000
67.249000
67.340000
67.431000
67.522000
67.613000
67.704000
67.795000
67.886000
67.977000
68.068000
68.159000
68.250000
68.341000
68.432000
68.523000
68.614000
68.705000
68.796000
68.887000
68.978000
69.069000
69.160000
69.251000
69.342000
69.433000
69.524000
69.615000
69.706000
69.797000
69.888000
69.979000
70.070000
70.161000
70.252000
70.343000
70.434000
70.525000
70.616000
70.707000
70.798000
70.889000
70.980000
71.071000
71.162000
71.253000
71.344000
71.435000
71.526000
71.617000
71.708000
71.799000
71.890000
71.981000
72.072000
72.163000
72.254000
72.345000
72.436000
72.527000
72.618000
72.709000
72.800000
72.891000
72.982000
73.073000
73.164000
73.255000
73.346000
73.437000
73.528000
73.619000
73.710000
73.801000
73.892000
73.983000
74.074000
74.165000
74.256000
74.347000
74.438000
74.529000
74.620000
74.711000
74.802000
74.893000
74.984000
75.075000
75.166000
75.257000
75.348000
75.439000
75.530000
75.621000
75.712000
75.803000
75.894000
75.985000
76.076000
76.167000
76.258000
76.349000
76.440000
76.531000
76.622000
76.713000
76.804000
76.895000
76.986000
77.077000
77.168000
77.259000
77.350000
77.441000
77.532000
77.623000
77.714000
77.805000
77.896000
77.987000
78.078000
78.169000
78.260000
78.351000
78.442000
78.533000
78.624000
78.715000
78.806000
78.897000
78.988000
79.079000
79.170000
79.261000
79.352000
79.443000
79.534000
79.625000
79.716000
79.807000
79.898000
79.989000
80.080000
80.171000
80.262000
80.353000
80.444000
80.535000
80.626000
80.717000
80.808000
80.899000
80.990000
81.081000
81.172000
81.263000
81.354000
81.445000
81.536000
81.627000
81.718000
81.809000
81.900000
81.991000
82.082000
82.173000
82.264000
82.355000
82.446000
82.537000
82.628000
82.719000
82.810000
82.901000
82.992000
83.083000
83.174000
83.265000
83.356000
83.447000
83.538000
83.629000
83.720000
83.811000
83.902000
83.993000
84.084000
84.175000
84.266000
84.357000
84.448000
84.539000
84.630000
84.721000
84.812000
84.903000
84.994000
85.085000
85.176000
85.267000
85.358000
85.449000
85.540000
85.631000
85.722000
85.813000
85.904000
85.995000
86.086000
86.177000
86.268000
86.359000
86.450000
86.541000
86.632000
86.723000
86.814000
86.905000
86.996000
87.087000
87.178000
87.269000
87.360000
87.451000
87.542000
87.633000
87.724000
87.815000
87.906000
87.997000
88.088000
88.179000
88.270000
88.361000
88.452000
88.543000
88.634000
88.725000
88.816000
88.907000
88.998000
89.089000
89.180000
89.271000
89.362000
89.453000
89.544000
89.635000
89.726000
89.817000
89.908000
89.999000
90.090000
90.181000
90.272000
90.363000
90.454000
90.545000
90.636000
90.727000
90.818000
90.909000
91.000000
