52.808500
56.215500
59.622500
63.029500
66.436500
69.843500
73.250500
76.657500
80.064500
83.471500
86.878500
90.285500
93.692500
97.099500
100.506500
103.913500
107.320500
110.727500
114.134500
117.541500
120.948500
124.355500
127.762500
131.169500
134.576500
137.983500
141.390500
144.797500
148.204500
151.611500
155.018500
158.425500
161.832500
165.239500
168.646500
172.053500
175.460500
178.867500
182.274500
185.681500
189.088500
192.495500
195.902500
199.309500
202.716500
206.123500
209.530500
212.937500
216.344500
219.751500
223.158500
226.565500
229.972500
233.379500
236.786500
240.193500
243.600500
247.007500
250.414500
253.821500
257.228500
260.635500
264.042500
267.449500
270.856500
274.263500
277.670500
281.077500
284.484500
287.891500
291.298500
294.705500
298.112500
301.519500
304.926500
308.333500
311.740500
315.147500
318.554500
321.961500
325.368500
328.775500
332.182500
335.589500
338.996500
342.403500
345.810500
349.217500
352.624500
356.031500
359.438500
362.845500
366.252500
369.659500
373.066500
376.473500
379.880500
383.287500
386.694500
390.101500
393.508500
396.915500
400.322500
403.729500
407.136500
410.543500
413.950500
417.357500
420.764500
424.171500
427.578500
430.985500
434.392500
437.799500
441.206500
444.613500
448.020500
451.427500
454.834500
458.241500
461.648500
465.055500
468.462500
471.869500
475.276500
478.683500
482.090500
485.497500
488.904500
492.311500
495.718500
499.125500
502.532500
505.939500
509.346500
512.753500
516.160500
519.567500
522.974500
526.381500
529.788500
533.195500
536.602500
540.009500
543.416500
546.823500
550.230500
553.637500
557.044500
560.451500
563.858500
567.265500
570.672500
574.079500
577.486500
580.893500
584.300500
587.707500
591.114500
594.521500
597.928500
601.335500
604.742500
608.149500
611.556500
614.963500
618.370500
621.777500
625.184500
628.591500
631.998500
635.405500
638.812500
642.219500
645.626500
649.033500
652.440500
655.847500
659.254500
662.661500
666.068500
669.475500
672.882500
676.289500
679.696500
683.103500
686.510500
689.917500
693.324500
696.731500
700.138500
703.545500
706.952500
710.359500
713.766500
717.173500
720.580500
723.987500
727.394500
730.801500
734.208500
737.615500
741.022500
744.429500
747.836500
751.243500
754.650500
758.057500
761.464500
764.871500
768.278500
771.685500
775.092500
778.499500
781.906500
785.313500
788.720500
792.127500
795.534500
798.941500
802.348500
805.755500
809.162500
812.569500
815.976500
819.383500
822.790500
826.197500
829.604500
833.011500
836.418500
839.825500
843.232500
846.639500
850.046500
853.453500
856.860500
860.267500
863.674500
867.081500
870.488500
873.895500
877.302500
880.709500
884.116500
887.523500
890.930500
894.337500
897.744500
901.151500
904.558500
907.965500
911.372500
914.779500
918.186500
921.593500
925.000500
928.407500
931.814500
935.221500
938.628500
942.035500
945.442500
948.849500
952.256500
955.663500
959.070500
962.477500
965.884500
969.291500
972.698500
976.105500
979.512500
982.919500
986.326500
989.733500
993.140500
996.547500
999.954500
1003.361500
1006.768500
1010.175500
1013.582500
1016.989500
1020.396500
1023.803500
1027.210500
1030.617500
1034.024500
1037.431500
1040.838500
1044.245500
1047.652500
1051.059500
1054.466500
1057.873500
1061.280500
1064.687500
1068.094500
1071.501500
1074.908500
1078.315500
1081.722500
1085.129500
1088.536500
1091.943500
1095.350500
1098.757500
1102.164500
1105.571500
1108.978500
1112.385500
1115.792500
1119.199500
1122.606500
1126.013500
1129.420500
1132.827500
1136.234500
1139.641500
1143.048500
1146.455500
1149.862500
1153.269500
1156.676500
1160.083500
1163.490500
1166.897500
1170.304500
1173.711500
1177.118500
1180.525500
1183.932500
1187.339500
1190.746500
1194.153500
1197.560500
1200.967500
1204.374500
1207.781500
1211.188500
1214.595500
1218.002500
1221.409500
1224.816500
1228.223500
1231.630500
1235.037500
1238.444500
1241.851500
1245.258500
1248.665500
1252.072500
1255.479500
1258.886500
1262.293500
1265.700500
1269.107500
1272.514500
1275.921500
1279.328500
1282.735500
1286.142500
1289.549500
1292.956500
1296.363500
1299.770500
1303.177500
1306.584500
1309.991500
1313.398500
1316.805500
1320.212500
1323.619500
1327.026500
1330.433500
1333.840500
1337.247500
1340.654500
1344.061500
1347.468500
1350.875500
1354.282500
1357.689500
1361.096500
1364.503500
1367.910500
1371.317500
1374.724500
1378.131500
1381.538500
1384.945500
1388.352500
1391.759500
1395.166500
1398.573500
1401.980500
1405.387500
1408.794500
1412.201500
1415.608500
1419.015500
1422.422500
1425.829500
1429.236500
1432.643500
1436.050500
1439.457500
1442.864500
1446.271500
1449.678500
1453.085500
1456.492500
1459.899500
1463.306500
1466.713500
1470.120500
1473.527500
1476.934500
1480.341500
1483.748500
1487.155500
1490.562500
1493.969500
1497.376500
1500.783500
1504.190500
1507.597500
1511.004500
1514.411500
1517.818500
1521.225500
1524.632500
1528.039500
1531.446500
1534.853500
1538.260500
1541.667500
1545.074500
1548.481500
1551.888500
1555.295500
1558.702500
1562.109500
1565.516500
1568.923500
1572.330500
1575.737500
1579.144500
1582.551500
1585.958500
1589.365500
1592.772500
1596.179500
1599.586500
1602.993500
1606.400500
1609.807500
1613.214500
1616.621500
1620.028500
1623.435500
1626.842500
1630.249500
1633.656500
1637.063500
1640.470500
1643.877500
1647.284500
1650.691500
1654.098500
1657.505500
1660.912500
1664.319500
1667.726500
1671.133500
1674.540500
1677.947500
1681.354500
1684.761500
1688.168500
1691.575500
1694.982500
1698.389500
1701.796500
1705.203500
1708.610500
1712.017500
1715.424500
1718.831500
1722.238500
1725.645500
1729.052500
1732.459500
1735.866500
1739.273500
1742.680500
1746.087500
1749.494500
1752.901500
1756.308500
1759.715500
1763.122500
1766.529500
1769.936500
1773.343500
1776.750500
1780.157500
1783.564500
1786.971500
1790.378500
1793.785500
1797.192500
1800.599500
1804.006500
1807.413500
1810.820500
1814.227500
1817.634500
1821.041500
1824.448500
1827.855500
1831.262500
1834.669500
1838.076500
1841.483500
1844.890500
1848.297500
1851.704500
1855.111500
1858.518500
1861.925500
1865.332500
1868.739500
1872.146500
1875.553500
1878.960500
1882.367500
1885.774500
1889.181500
1892.588500
1895.995500
1899.402500
1902.809500
1906.216500
1909.623500
1913.030500
1916.437500
1919.844500
1923.251500
1926.658500
1930.065500
1933.472500
1936.879500
1940.286500
1943.693500
1947.100500
1950.507500
1953.914500
1957.321500
1960.728500
1964.135500
1967.542500
1970.949500
1974.356500
1977.763500
1981.170500
1984.577500
1987.984500
1991.391500
1994.798500
1998.205500
2001.612500
2005.019500
2008.426500
2011.833500
2015.240500
2018.647500
2022.054500
2025.461500
2028.868500
2032.275500
2035.682500
2039.089500
2042.496500
2045.903500
2049.310500
2056.124500
2059.531500
2062.938500
2066.345500
2069.752500
2073.159500
2076.566500
2079.973500
2083.380500
2086.787500
2090.194500
2093.601500
2097.008500
2100.415500
2103.822500
2107.229500
2110.636500
2114.043500
2117.450500
2120.857500
2124.264500
2127.671500
2131.078500
2134.485500
2137.892500
2141.299500
2144.706500
2148.113500
2151.520500
2154.927500
2158.334500
2161.741500
2165.148500
2168.555500
2171.962500
2175.369500
2182.183500
2185.590500
2188.997500
2192.404500
2195.811500
2199.218500
2202.625500
2206.032500
2209.439500
2212.846500
2216.253500
2219.660500
2223.067500
2226.474500
2229.881500
2233.288500
2236.695500
2240.102500
2243.509500
2246.916500
2250.323500
2253.730500
2257.137500
2260.544500
2263.951500
2270.765500
2277.579500
2280.986500
2284.393500
2287.800500
2291.207500
2294.614500
2298.021500
2301.428500
2304.835500
2308.242500
2311.649500
2315.056500
2318.463500
2321.870500
2325.277500
2328.684500
2332.091500
2335.498500
2338.905500
2342.312500
2345.719500
2349.126500
2352.533500
2355.940500
2359.347500
2362.754500
2366.161500
2369.568500
2372.975500
2376.382500
2379.789500
2383.196500
2386.603500
2390.010500
2396.824500
2400.231500
2403.638500
2407.045500
2410.452500
2413.859500
2417.266500
2420.673500
2424.080500
2434.301500
2437.708500
2444.522500
2451.336500
2454.743500
