880695502108589
823933646228869
738626759309009
672144264206768
637169419428949
597273484668970
528699142067747
518618390381373
488075306817799
464983193193733
439196394638650
401266852074133
380159601320258
360162628591259
338464981418491
326961589007296
313838391331275
297108785566584
293174802064043
276734485778204
263140771422965
257213283730761
229658223489361
234591428877077
219700283451986
219795428984650
198964723598829
196941917825149
199302977092725
193690992806695
192457970772325
178179005222211
172778777156133
172293408176527
162226791624378
160208409573868
149148986362262
145671192081320
145701630310874
139678776145582
131970919593954
135806235502110
130753037456465
126008377425055
119268317511132
121624025131940
119414627807557
115628894740332
117571411916355
111726025824671
100560634360689
95625458456049
91938450662563
93148138015344
90794047759145
90725975223660
87075668163587
89733907981729
89954738688742
82418104525718
79400496996052
83492311330350
82131820546339
74982503897640
71465610232180
72559244718141
72694942148229
67073145689793
68260952125817
64086655758437
59214651498759
66050888154982
61057399458879
66521132578068
59134078590010
62115515433732
55969766873243
57591695631176
49611856349082
50122099356391
52031191219430
45704673756786
49209853596335
47669607753677
48005739609566
48954862577075
46403301797320
45664321010256
41013769266918
44014332014112
39033199715737
42815184606335
37596877683313
39991386003967
38834950705464
35039117069305
39162745113237
37012588249571
38907626288728
34654185490332
33995893844254
35782134561924
31294572298983
32631494939111
30584401898317
32647669568244
29203116755282
35557512621678
32599654341536
34981754053738
27846759099716
27921671175148
28363838593410
26894581243989
22604094107739
31545657839589
27711096182607
24196980599175
27360719030353
31416730922505
21940807720504
20315604338349
24836879139317
24931278588447
22948487920954
21156583299040
23368227195985
21184429291382
24010844576154
21769409047974
24670503617887
22788809456601
19452877829346
21460292093664
18213338334773
19373238004524
18769973665921
18869096791148
21154387915743
19683990900067
19406022771780
21918211136023
21746650911148
17548034562379
18202406782156
18502382695119
19391391403342
18523609363142
19184639159790
16258855012452
15692451676098
16043035652380
16093899731573
15669417829911
17560639658187
16999445828238
16369055439830
19540393012168
15385531475555
16996951775445
16089025578721
15676223527719
13066648418438
13335403060002
14097958763801
15041493369088
13994134389200
15896765956239
16334365301897
12305896166006
13186218347693
12194241327898
13167563065309
12658841996997
11307711688430
12153258121766
13518985650261
13297265319682
13917156068671
11453334764711
11846075920853
11970301568541
11433159303625
14070969589994
13251797744400
11139533071864
10228585264972
11305582400169
10109642202055
9829141777542
10714959625762
9039802282558
7688492944709
11238378527169
9738721208075
9091901316940
10487541770131
9517132518746
9351190163429
10217075033374
12199756382120
9640691551472
8642208595814
8688202504355
9128706245997
5368118939940
7195237176671
6200322638432
9654028307026
7797192103507
7435548358900
5059361314220
8519816194727
7808233674626
7671252263389
6538634510302
9428583431690
8471038588805
5787030656980
6545919072824
8559933592421
6852909769439
9001685265211
8424151290798
6850755151317
6827108314628
7954975551077
9693587025921
5271378797307
4033207570494
7262171281853
7181149513038
8391316377106
5515739437669
6054057878854
7688377535318
5414986058864
3671918415595
6253989698316
5972214481773
5600940586812
5197143700235
3611746734866
5473346318853
3817094392437
5413685579159
6053984353294
4981089114699
3001350813777
4128993805952
3377701144183
4537803010515
4812030496420
2974613549739
6000541406822
3922223127372
4140974964630
4500933405421
3728542959649
3656468710481
6218101011623
4420527302436
4235989062053
5179514212466
3128462707856
3452132708572
3617168764419
3791850011201
3104630151443
3636780553881
4400723299609
2764208574534
3360983216916
2613652921874
2610277205661
2947173596433
4144746517197
3957362932594
4545597834632
3131656155832
3547546533163
4995760122857
4447907803153
3052832787413
4036453677148
2958142024619
3274927745567
3219385788005
3608577328244
3349643875162
3292319366479
3290302851447
2112963566840
2430256839382
2671338978958
4246927196141
3856962661684
2898905903504
2788334920836
2103734880578
4600218456722
3301869803715
3860340466806
2976457030533
2919575347986
2019001795032
2519494927236
3512984375364
2854409334611
2360358551205
1314593691949
2650932922052
1647949759607
2931751881656
2951750559865
1947825193423
1741371840753
1845775849295
2151419033117
1907929588799
3029854823296
1963908707802
1672719076306
3081684829670
1933412180530
3638549871668
2602948370741
1674552729098
2570918319649
1587583494420
1806747366965
2905064540554
1348834370052
1122208901231
2571569789160
2962937943108
1985382006392
1374197283431
2116963951582
1285307998289
1645631340775
1452488294049
1299977800456
2300345089270
1780344658185
1678151933670
1209002957825
2062919402220
1022883684723
2229375503325
1827915111847
1801583226052
1913790252183
470238624697
1101200799197
1604417246542
1292183947314
1615556126808
1528258670370
1341885235607
2245919500604
1511759742622
564511641518
922396161559
1844542565535
1351443961187
1870315134950
1082359582160
1309292831544
2038100995971
1535433305427
1693603762330
594221842774
977591198261
528262536546
1022555444844
712534380445
964484249804
784140238600
1630734246193
920098536602
1285823307005
2145127135333
1482644305749
843378032901
267366279136
1575976653528
933175155477
1994606434419
1157048384618
452337059685
709305643154
1223774155314
858880519704
1299011227225
1287040780249
1219678967135
581855629745
946045642310
1446760981547
1366652213751
1329202626375
872037941105
776206175843
914778951537
1557812834201
611350691419
922529093184
1281811862821
275934482444
1458225971302
875634657477
852394765064
1882177495531
712800861057
1375105435531
257029873311
972650238441
434341035149
961486803326
721474338641
751664748198
510376629965
1638493468714
1134346578862
679114328740
1273813430795
212533553300
564660863072
664725450702
661777653360
808389862533
933494290125
572503726283
995624048222
645594722992
583000419361
667268019506
641868248681
855584924976
351176734805
1263939554264
531850039486
810849768919
880164619762
485554124128
644619434131
418819928785
122165931142
813167981750
503289180173
1201675542037
920457639471
299545094271
738373495853
794397674995
1126487481459
605285378518
535374436379
606380474195
737234016409
334354196311
691763647545
795229082134
854593826765
299721016759
562185776189
750726208950
231216847218
819043361924
1477558771241
605376163069
467896221635
58214921192
590762853672
587655629077
378175554323
163273336054
505375154449
848736359072
557744836454
37273727873
609829041789
430052094004
548030032193
890121841602
184096129012
107167018294
849899453374
480367022966
381208581423
323362548104
380078923503
272896449765
347421903332
204520356369
627850753959
1130508422856
498958816980
97876047874
339501019064
1077492474065
532973160119
451490499779
212246062370
86746084930
74430257709
160841964013
349586609910
94258541466
280433450315
206125450889
286769378897
847456171695
450039124603
723566938703
481848744857
222277134064
373504347994
127340714432
476678298525
128578037772
444956029625
42095705647
38904347812
85157636902
56509178973
242985357232
23071890508
95849871608
473269204780
787067210913
514120581068
83659918199
24046489725
335409704269
358019476972
18830667227
72308585697
328096983923
108079336518
399347998811
67112763921
256051962453
74124270669
66416872264
52835186796
25676460233
250866714277
821491573216
7316086724
57595483552
38983680208
32164060468
49559776105
39380263520
30485670050
505771495836
53829974264
374029779362
974366584288
453652066896
21495440336
628548093730
302013528936
179747255786
51582661258
226765446645
285183602327
746240725917
314365482466
172620366323
478140507527
53613999623
86197977020
31567718611
79629954326
182059057716
63050191566
704156210670
378022078375
76409753223
22788553763
240138959921
198790182591
424808987014
236689369393
60039489407
24049603296
640413376596
35048187753
56012439613
69292962799
48303982152
278907234246
217486656610
23105999909
224938147523
377111767464
52614748642
438824423378
37797681381
216556684843
36308458422
28674391050
27265383977
111310914347
23138991424
5364427292
50898746634
469990959776
188248571864
241217207487
396854864030
343285517234
340188222617
132103602009
34933092308
359575126474
421208169230
49139859892
14227883043
41153211704
343457769064
62343782292
346118787208
40481255632
295002568251
335292106112
13173045503
3776129067
3287070555
5827286286
14779332766
192443505740
8059841630
13714280703
294524809592
28898954567
294292957480
229696921626
13349242870
16999758078
205902474941
213946371342
24743292183
278510032938
169319934042
325899202481
209183160249
15217084389
570444122709
496977031203
56741414503
162888105193
5786889579
329805907665
15154975803
35542251697
29373211587
295002568251
23728491818
17372279668
25518981257
132258703481
4536247129
3271721451
27617925260
202806523878
7493816335
183891928740
166826754821
231967158319
242380525797
211859165341
9462365198
17967529925
20803894505
42848535952
433208635884
331344138021
18325081806
19968929058
16573629696
10633713196
44657394415
107679066318
28549831232
18218476996
249954071702
14961580698
48826523583
48209872109
5948407321
31686951705
22452844643
29541483799
16112962184
15598424103
294007955606
7240066664
10691987365
26196393004
25876862106
110012777971
49899279020
12098504464
9042653951
14731163756
8898902568
4401273710
287509442454
3177894032
7194664535
18908046813
12400700038
13578103059
4179334844
316686758275
11705202798
27754939380
126264340592
