2.062500000000000000e+00
2.117499999999999716e+00
2.172500000000000320e+00
2.227500000000000036e+00
2.282499999999999751e+00
2.337500000000000355e+00
2.392500000000000071e+00
2.447499999999999787e+00
2.502499999999999947e+00
2.557500000000000107e+00
2.612499999999999822e+00
2.667499999999999982e+00
2.722500000000000142e+00
2.777499999999999858e+00
2.832500000000000018e+00
2.887500000000000178e+00
2.942499999999999893e+00
2.997500000000000053e+00
3.052500000000000213e+00
3.107499999999999929e+00
3.162499999999999645e+00
3.217500000000000249e+00
3.272499999999999964e+00
3.327499999999999680e+00
3.382500000000000284e+00
3.437500000000000000e+00
3.492499999999999716e+00
3.547500000000000320e+00
3.602500000000000036e+00
3.657499999999999751e+00
3.712500000000000355e+00
3.767500000000000071e+00
3.822499999999999787e+00
3.877499999999999947e+00
3.932500000000000107e+00
3.987499999999999822e+00
4.042500000000000426e+00
4.097500000000000142e+00
4.152499999999999858e+00
4.207499999999999574e+00
4.262500000000000178e+00
4.317499999999999893e+00
4.372500000000000497e+00
4.427500000000000213e+00
4.482499999999999929e+00
4.537499999999999645e+00
4.592500000000000249e+00
4.647499999999999964e+00
4.702500000000000568e+00
4.757500000000000284e+00
4.812500000000000000e+00
4.867499999999999716e+00
4.922499999999999432e+00
4.977500000000000036e+00
5.032499999999999751e+00
5.087500000000000355e+00
5.142500000000000071e+00
5.197499999999999787e+00
5.252499999999999503e+00
5.307500000000000107e+00
5.362499999999999822e+00
5.417500000000000426e+00
5.472500000000000142e+00
5.527499999999999858e+00
5.582499999999999574e+00
5.637500000000000178e+00
5.692499999999999893e+00
5.747500000000000497e+00
5.802500000000000213e+00
5.857499999999999929e+00
5.912499999999999645e+00
5.967500000000000249e+00
6.022499999999999964e+00
6.077500000000000568e+00
6.132500000000000284e+00
6.187500000000000000e+00
6.242499999999999716e+00
6.297499999999999432e+00
6.352500000000000036e+00
6.407499999999999751e+00
6.462500000000000355e+00
6.517500000000000071e+00
6.572499999999999787e+00
6.627499999999999503e+00
6.682500000000000107e+00
6.737499999999999822e+00
6.792500000000000426e+00
6.847500000000000142e+00
6.902499999999999858e+00
6.957499999999999574e+00
7.012500000000000178e+00
7.067499999999999893e+00
7.122500000000000497e+00
7.177500000000000213e+00
7.232499999999999929e+00
7.287499999999999645e+00
7.342500000000000249e+00
7.397499999999999964e+00
7.452500000000000568e+00
7.507500000000000284e+00
7.562500000000000000e+00
7.617499999999999716e+00
7.672499999999999432e+00
7.727500000000000036e+00
7.782499999999999751e+00
7.837500000000000355e+00
7.892500000000000071e+00
7.947499999999999787e+00
8.002499999999999503e+00
8.057500000000000995e+00
8.112500000000000711e+00
8.167500000000000426e+00
8.222500000000000142e+00
8.277499999999999858e+00
8.332499999999999574e+00
8.387499999999999289e+00
8.442499999999999005e+00
8.497500000000000497e+00
8.552500000000000213e+00
8.607499999999999929e+00
8.662499999999999645e+00
8.717499999999999361e+00
8.772500000000000853e+00
8.827500000000000568e+00
8.882500000000000284e+00
8.937500000000000000e+00
8.992499999999999716e+00
9.047499999999999432e+00
9.102499999999999147e+00
9.157500000000000639e+00
9.212500000000000355e+00
9.267500000000000071e+00
9.322499999999999787e+00
9.377499999999999503e+00
9.432500000000000995e+00
9.487500000000000711e+00
9.542500000000000426e+00
9.597500000000000142e+00
9.652499999999999858e+00
9.707499999999999574e+00
9.762499999999999289e+00
9.817499999999999005e+00
9.872500000000000497e+00
9.927500000000000213e+00
9.982499999999999929e+00
1.003749999999999964e+01
1.009249999999999936e+01
1.014750000000000085e+01
1.020250000000000057e+01
1.025750000000000028e+01
1.031250000000000000e+01
1.036749999999999972e+01
1.042249999999999943e+01
1.047749999999999915e+01
1.053250000000000064e+01
1.058750000000000036e+01
1.064250000000000007e+01
1.069749999999999979e+01
1.075249999999999950e+01
1.080750000000000099e+01
1.086250000000000071e+01
1.091750000000000043e+01
1.097250000000000014e+01
1.102749999999999986e+01
1.108249999999999957e+01
1.113749999999999929e+01
1.119249999999999901e+01
1.124750000000000050e+01
1.130250000000000021e+01
1.135749999999999993e+01
1.141249999999999964e+01
1.146749999999999936e+01
1.152250000000000085e+01
1.157750000000000057e+01
1.163250000000000028e+01
1.168750000000000000e+01
1.174249999999999972e+01
1.179749999999999943e+01
1.185249999999999915e+01
1.190750000000000064e+01
1.196250000000000036e+01
1.201750000000000007e+01
1.207249999999999979e+01
1.212749999999999950e+01
1.218250000000000099e+01
1.223750000000000071e+01
1.229250000000000043e+01
1.234750000000000014e+01
1.240249999999999986e+01
1.245749999999999957e+01
1.251249999999999929e+01
1.256749999999999901e+01
1.262250000000000050e+01
1.267750000000000021e+01
1.273249999999999993e+01
1.278749999999999964e+01
1.284249999999999936e+01
1.289750000000000085e+01
1.295250000000000057e+01
1.300750000000000028e+01
1.306250000000000000e+01
1.311749999999999972e+01
1.317249999999999943e+01
1.322749999999999915e+01
1.328250000000000064e+01
1.333750000000000036e+01
1.339250000000000007e+01
1.344749999999999979e+01
1.350249999999999950e+01
1.355750000000000099e+01
1.361250000000000071e+01
1.366750000000000043e+01
1.372250000000000014e+01
1.377749999999999986e+01
1.383249999999999957e+01
1.388749999999999929e+01
1.394249999999999901e+01
1.399750000000000050e+01
1.405250000000000021e+01
1.410749999999999993e+01
1.416249999999999964e+01
1.421749999999999936e+01
1.427250000000000085e+01
1.432750000000000057e+01
1.438250000000000028e+01
1.443750000000000000e+01
1.449249999999999972e+01
1.454749999999999943e+01
1.460249999999999915e+01
1.465750000000000064e+01
1.471250000000000036e+01
1.476750000000000007e+01
1.482249999999999979e+01
1.487749999999999950e+01
1.493250000000000099e+01
1.498750000000000071e+01
1.504250000000000043e+01
1.509750000000000014e+01
1.515249999999999986e+01
1.520749999999999957e+01
1.526249999999999929e+01
1.531749999999999901e+01
1.537250000000000050e+01
1.542750000000000021e+01
1.548249999999999993e+01
1.553749999999999964e+01
1.559249999999999936e+01
1.564750000000000085e+01
1.570250000000000057e+01
1.575750000000000028e+01
1.581250000000000000e+01
1.586749999999999972e+01
1.592249999999999943e+01
1.597749999999999915e+01
1.603249999999999886e+01
1.608749999999999858e+01
1.614249999999999829e+01
1.619750000000000156e+01
1.625250000000000128e+01
1.630750000000000099e+01
1.636250000000000071e+01
1.641750000000000043e+01
1.647250000000000014e+01
1.652749999999999986e+01
1.658249999999999957e+01
1.663749999999999929e+01
1.669249999999999901e+01
1.674749999999999872e+01
1.680249999999999844e+01
1.685750000000000171e+01
1.691250000000000142e+01
1.696750000000000114e+01
1.702250000000000085e+01
1.707750000000000057e+01
1.713250000000000028e+01
1.718750000000000000e+01
1.724249999999999972e+01
1.729749999999999943e+01
1.735249999999999915e+01
1.740749999999999886e+01
1.746249999999999858e+01
1.751749999999999829e+01
1.757250000000000156e+01
1.762750000000000128e+01
1.768250000000000099e+01
1.773750000000000071e+01
1.779250000000000043e+01
1.784750000000000014e+01
1.790249999999999986e+01
1.795749999999999957e+01
1.801249999999999929e+01
1.806749999999999901e+01
1.812249999999999872e+01
1.817749999999999844e+01
1.823250000000000171e+01
1.828750000000000142e+01
1.834250000000000114e+01
1.839750000000000085e+01
1.845250000000000057e+01
1.850750000000000028e+01
1.856250000000000000e+01
1.861749999999999972e+01
1.867249999999999943e+01
1.872749999999999915e+01
1.878249999999999886e+01
1.883749999999999858e+01
1.889249999999999829e+01
1.894750000000000156e+01
1.900250000000000128e+01
1.905750000000000099e+01
1.911250000000000071e+01
1.916750000000000043e+01
1.922250000000000014e+01
1.927749999999999986e+01
1.933249999999999957e+01
1.938749999999999929e+01
1.944249999999999901e+01
1.949749999999999872e+01
1.955249999999999844e+01
1.960750000000000171e+01
1.966250000000000142e+01
1.971750000000000114e+01
1.977250000000000085e+01
1.982750000000000057e+01
1.988250000000000028e+01
1.993750000000000000e+01
1.999249999999999972e+01
2.004749999999999943e+01
2.010249999999999915e+01
2.015749999999999886e+01
2.021249999999999858e+01
2.026749999999999829e+01
2.032250000000000156e+01
2.037750000000000128e+01
2.043250000000000099e+01
2.048750000000000071e+01
2.054250000000000043e+01
2.059750000000000014e+01
2.065249999999999986e+01
2.070749999999999957e+01
2.076249999999999929e+01
2.081749999999999901e+01
2.087249999999999872e+01
2.092749999999999844e+01
2.098250000000000171e+01
2.103750000000000142e+01
2.109250000000000114e+01
2.114750000000000085e+01
2.120250000000000057e+01
2.125750000000000028e+01
2.131250000000000000e+01
2.136749999999999972e+01
2.142249999999999943e+01
2.147749999999999915e+01
2.153249999999999886e+01
2.158749999999999858e+01
2.164249999999999829e+01
2.169750000000000156e+01
2.175250000000000128e+01
2.180750000000000099e+01
2.186250000000000071e+01
2.191750000000000043e+01
2.197250000000000014e+01
2.202749999999999986e+01
2.208249999999999957e+01
2.213749999999999929e+01
2.219249999999999901e+01
2.224749999999999872e+01
2.230249999999999844e+01
2.235750000000000171e+01
2.241250000000000142e+01
2.246750000000000114e+01
2.252250000000000085e+01
2.257750000000000057e+01
2.263250000000000028e+01
2.268750000000000000e+01
2.274249999999999972e+01
2.279749999999999943e+01
2.285249999999999915e+01
2.290749999999999886e+01
2.296249999999999858e+01
2.301749999999999829e+01
2.307250000000000156e+01
2.312750000000000128e+01
2.318250000000000099e+01
2.323750000000000071e+01
2.329250000000000043e+01
2.334750000000000014e+01
2.340249999999999986e+01
2.345749999999999957e+01
2.351249999999999929e+01
2.356749999999999901e+01
2.362249999999999872e+01
2.367749999999999844e+01
2.373250000000000171e+01
2.378750000000000142e+01
2.384250000000000114e+01
2.389750000000000085e+01
2.395250000000000057e+01
2.400750000000000028e+01
2.406250000000000000e+01
2.411749999999999972e+01
2.417249999999999943e+01
2.422749999999999915e+01
2.428249999999999886e+01
2.433749999999999858e+01
2.439249999999999829e+01
2.444750000000000156e+01
2.450250000000000128e+01
2.455750000000000099e+01
