2.713999999999999968e+00
2.806000000000000050e+00
2.897999999999999687e+00
2.990000000000000213e+00
3.081999999999999851e+00
3.174000000000000377e+00
3.266000000000000014e+00
3.357999999999999652e+00
3.450000000000000178e+00
3.541999999999999815e+00
3.634000000000000341e+00
3.725999999999999979e+00
3.817999999999999616e+00
3.910000000000000142e+00
4.001999999999999780e+00
4.093999999999999417e+00
4.185999999999999943e+00
4.278000000000000469e+00
4.370000000000000107e+00
4.461999999999999744e+00
4.554000000000000270e+00
4.645999999999999908e+00
4.737999999999999545e+00
4.830000000000000071e+00
4.922000000000000597e+00
5.013999999999999346e+00
5.105999999999999872e+00
5.198000000000000398e+00
5.290000000000000036e+00
5.381999999999999673e+00
5.474000000000000199e+00
5.565999999999999837e+00
5.657999999999999474e+00
5.750000000000000000e+00
5.842000000000000526e+00
5.934000000000000163e+00
6.025999999999999801e+00
6.118000000000000327e+00
6.209999999999999964e+00
6.301999999999999602e+00
6.394000000000000128e+00
6.486000000000000654e+00
6.577999999999999403e+00
6.669999999999999929e+00
6.762000000000000455e+00
6.854000000000000092e+00
6.945999999999999730e+00
7.038000000000000256e+00
7.129999999999999893e+00
7.221999999999999531e+00
7.314000000000000057e+00
7.406000000000000583e+00
7.497999999999999332e+00
7.589999999999999858e+00
7.682000000000000384e+00
7.774000000000000021e+00
7.865999999999999659e+00
7.958000000000000185e+00
8.050000000000000711e+00
8.141999999999999460e+00
8.233999999999999986e+00
8.326000000000000512e+00
8.417999999999999261e+00
8.509999999999999787e+00
8.602000000000000313e+00
8.693999999999999062e+00
8.786000000000001364e+00
8.878000000000000114e+00
8.969999999999998863e+00
9.062000000000001165e+00
9.153999999999999915e+00
9.245999999999998664e+00
9.338000000000000966e+00
9.429999999999999716e+00
9.522000000000000242e+00
9.614000000000000767e+00
9.705999999999999517e+00
9.798000000000000043e+00
9.890000000000000568e+00
9.981999999999999318e+00
1.007399999999999984e+01
1.016600000000000037e+01
1.025799999999999912e+01
1.035000000000000142e+01
1.044200000000000017e+01
1.053399999999999892e+01
1.062600000000000122e+01
1.071799999999999997e+01
1.080999999999999872e+01
1.090200000000000102e+01
1.099399999999999977e+01
1.108599999999999852e+01
1.117800000000000082e+01
1.126999999999999957e+01
1.136200000000000010e+01
1.145400000000000063e+01
1.154599999999999937e+01
1.163799999999999990e+01
1.173000000000000043e+01
1.182199999999999918e+01
1.191400000000000148e+01
1.200600000000000023e+01
1.209799999999999898e+01
1.219000000000000128e+01
1.228200000000000003e+01
1.237399999999999878e+01
1.246600000000000108e+01
1.255799999999999983e+01
1.264999999999999858e+01
1.274200000000000088e+01
1.283399999999999963e+01
1.292600000000000016e+01
1.301800000000000068e+01
1.310999999999999943e+01
1.320199999999999996e+01
1.329400000000000048e+01
1.338599999999999923e+01
1.347799999999999976e+01
1.357000000000000028e+01
1.366199999999999903e+01
1.375400000000000134e+01
1.384600000000000009e+01
1.393799999999999883e+01
1.403000000000000114e+01
1.412199999999999989e+01
1.421399999999999864e+01
1.430600000000000094e+01
1.439799999999999969e+01
1.449000000000000021e+01
1.458200000000000074e+01
1.467399999999999949e+01
1.476600000000000001e+01
1.485800000000000054e+01
1.494999999999999929e+01
1.504199999999999982e+01
1.513400000000000034e+01
1.522599999999999909e+01
1.531800000000000139e+01
1.541000000000000014e+01
1.550199999999999889e+01
1.559400000000000119e+01
1.568599999999999994e+01
1.577799999999999869e+01
1.587000000000000099e+01
1.596199999999999974e+01
1.605400000000000205e+01
1.614600000000000080e+01
1.623799999999999955e+01
1.632999999999999829e+01
1.642200000000000060e+01
1.651399999999999935e+01
1.660600000000000165e+01
1.669800000000000040e+01
1.678999999999999915e+01
1.688199999999999790e+01
1.697400000000000020e+01
1.706599999999999895e+01
1.715800000000000125e+01
1.725000000000000000e+01
1.734199999999999875e+01
1.743400000000000105e+01
1.752599999999999980e+01
1.761800000000000210e+01
1.771000000000000085e+01
1.780199999999999960e+01
1.789399999999999835e+01
1.798600000000000065e+01
1.807799999999999940e+01
1.817000000000000171e+01
1.826200000000000045e+01
1.835399999999999920e+01
1.844599999999999795e+01
1.853800000000000026e+01
1.862999999999999901e+01
1.872200000000000131e+01
1.881400000000000006e+01
1.890599999999999881e+01
1.899800000000000111e+01
1.908999999999999986e+01
1.918200000000000216e+01
1.927400000000000091e+01
1.936599999999999966e+01
1.945799999999999841e+01
1.955000000000000071e+01
1.964199999999999946e+01
1.973400000000000176e+01
1.982600000000000051e+01
1.991799999999999926e+01
2.000999999999999801e+01
2.010200000000000031e+01
2.019399999999999906e+01
2.028600000000000136e+01
2.037800000000000011e+01
2.046999999999999886e+01
2.056199999999999761e+01
2.065399999999999991e+01
2.074600000000000222e+01
2.083800000000000097e+01
2.092999999999999972e+01
2.102199999999999847e+01
2.111400000000000077e+01
2.120599999999999952e+01
2.129800000000000182e+01
2.139000000000000057e+01
2.148199999999999932e+01
2.157399999999999807e+01
2.166600000000000037e+01
2.175799999999999912e+01
2.185000000000000142e+01
2.194200000000000017e+01
2.203399999999999892e+01
2.212599999999999767e+01
2.221799999999999997e+01
2.231000000000000227e+01
2.240200000000000102e+01
2.249399999999999977e+01
2.258599999999999852e+01
2.267800000000000082e+01
2.276999999999999957e+01
2.286200000000000188e+01
2.295400000000000063e+01
2.304599999999999937e+01
2.313799999999999812e+01
2.323000000000000043e+01
2.332199999999999918e+01
2.341400000000000148e+01
2.350600000000000023e+01
2.359799999999999898e+01
2.368999999999999773e+01
2.378200000000000003e+01
2.387400000000000233e+01
2.396600000000000108e+01
2.405799999999999983e+01
2.414999999999999858e+01
2.424200000000000088e+01
2.433399999999999963e+01
2.442600000000000193e+01
2.451800000000000068e+01
2.460999999999999943e+01
2.470199999999999818e+01
2.479400000000000048e+01
2.488599999999999923e+01
2.497800000000000153e+01
2.507000000000000028e+01
2.516199999999999903e+01
2.525399999999999778e+01
2.534600000000000009e+01
2.543800000000000239e+01
2.553000000000000114e+01
2.562199999999999989e+01
2.571399999999999864e+01
2.580600000000000094e+01
2.589799999999999969e+01
2.599000000000000199e+01
2.608200000000000074e+01
2.617399999999999949e+01
2.626599999999999824e+01
2.635800000000000054e+01
2.644999999999999929e+01
2.654200000000000159e+01
2.663400000000000034e+01
2.672599999999999909e+01
2.681799999999999784e+01
2.691000000000000014e+01
2.700199999999999889e+01
2.709400000000000119e+01
2.718599999999999994e+01
2.727799999999999869e+01
2.737000000000000099e+01
2.746199999999999974e+01
2.755400000000000205e+01
2.764600000000000080e+01
2.773799999999999955e+01
2.782999999999999829e+01
2.792200000000000060e+01
2.801399999999999935e+01
2.810600000000000165e+01
2.819800000000000040e+01
2.828999999999999915e+01
2.838199999999999790e+01
2.847400000000000020e+01
2.856599999999999895e+01
2.865800000000000125e+01
2.875000000000000000e+01
2.884199999999999875e+01
2.893400000000000105e+01
2.902599999999999980e+01
2.911800000000000210e+01
2.921000000000000085e+01
2.930199999999999960e+01
2.939399999999999835e+01
2.948600000000000065e+01
2.957799999999999940e+01
2.967000000000000171e+01
2.976200000000000045e+01
2.985399999999999920e+01
2.994599999999999795e+01
3.003800000000000026e+01
3.012999999999999901e+01
3.022200000000000131e+01
3.031400000000000006e+01
3.040599999999999881e+01
3.049800000000000111e+01
3.058999999999999986e+01
3.068200000000000216e+01
3.077400000000000091e+01
3.086599999999999966e+01
3.095799999999999841e+01
3.105000000000000071e+01
3.114199999999999946e+01
3.123400000000000176e+01
3.132600000000000051e+01
3.141799999999999926e+01
3.150999999999999801e+01
3.160200000000000031e+01
3.169399999999999906e+01
3.178600000000000136e+01
3.187800000000000011e+01
3.196999999999999886e+01
3.206199999999999761e+01
3.215399999999999636e+01
3.224600000000000222e+01
3.233800000000000097e+01
3.242999999999999972e+01
3.252199999999999847e+01
3.261399999999999721e+01
3.270600000000000307e+01
3.279800000000000182e+01
3.289000000000000057e+01
3.298199999999999932e+01
3.307399999999999807e+01
3.316599999999999682e+01
3.325800000000000267e+01
3.335000000000000142e+01
3.344200000000000017e+01
3.353399999999999892e+01
3.362599999999999767e+01
3.371800000000000352e+01
3.381000000000000227e+01
3.390200000000000102e+01
3.399399999999999977e+01
3.408599999999999852e+01
3.417799999999999727e+01
3.426999999999999602e+01
3.436200000000000188e+01
3.445400000000000063e+01
3.454599999999999937e+01
3.463799999999999812e+01
3.473000000000000398e+01
3.482200000000000273e+01
3.491400000000000148e+01
3.500600000000000023e+01
3.509799999999999898e+01
3.518999999999999773e+01
3.528199999999999648e+01
3.537400000000000233e+01
3.546600000000000108e+01
3.555799999999999983e+01
3.564999999999999858e+01
3.574199999999999733e+01
3.583400000000000318e+01
3.592600000000000193e+01
3.601800000000000068e+01
3.610999999999999943e+01
3.620199999999999818e+01
3.629399999999999693e+01
3.638600000000000279e+01
3.647800000000000153e+01
3.657000000000000028e+01
3.666199999999999903e+01
3.675399999999999778e+01
3.684600000000000364e+01
3.693800000000000239e+01
3.703000000000000114e+01
3.712199999999999989e+01
3.721399999999999864e+01
3.730599999999999739e+01
3.739799999999999613e+01
3.749000000000000199e+01
3.758200000000000074e+01
3.767399999999999949e+01
3.776599999999999824e+01
3.785800000000000409e+01
3.795000000000000284e+01
3.804200000000000159e+01
3.813400000000000034e+01
3.822599999999999909e+01
3.831799999999999784e+01
3.840999999999999659e+01
3.850200000000000244e+01
3.859400000000000119e+01
3.868599999999999994e+01
3.877799999999999869e+01
3.886999999999999744e+01
3.896200000000000330e+01
3.905400000000000205e+01
3.914600000000000080e+01
3.923799999999999955e+01
3.932999999999999829e+01
3.942199999999999704e+01
3.951400000000000290e+01
3.960600000000000165e+01
3.969800000000000040e+01
3.978999999999999915e+01
3.988199999999999790e+01
3.997400000000000375e+01
4.006600000000000250e+01
4.015800000000000125e+01
4.025000000000000000e+01
4.034199999999999875e+01
4.043399999999999750e+01
4.052599999999999625e+01
4.061800000000000210e+01
4.071000000000000085e+01
4.080199999999999960e+01
4.089399999999999835e+01
4.098599999999999710e+01
4.107800000000000296e+01
4.117000000000000171e+01
4.126200000000000045e+01
4.135399999999999920e+01
4.144599999999999795e+01
4.153799999999999670e+01
4.163000000000000256e+01
4.172200000000000131e+01
4.181400000000000006e+01
4.190599999999999881e+01
4.199799999999999756e+01
4.209000000000000341e+01
4.218200000000000216e+01
4.227400000000000091e+01
4.236599999999999966e+01
4.245799999999999841e+01
4.254999999999999716e+01
4.264199999999999591e+01
4.273400000000000176e+01
4.282600000000000051e+01
4.291799999999999926e+01
4.300999999999999801e+01
4.310200000000000387e+01
4.319400000000000261e+01
4.328600000000000136e+01
4.337800000000000011e+01
4.346999999999999886e+01
4.356199999999999761e+01
4.365399999999999636e+01
4.374600000000000222e+01
4.383800000000000097e+01
4.392999999999999972e+01
4.402199999999999847e+01
4.411399999999999721e+01
4.420600000000000307e+01
4.429800000000000182e+01
4.439000000000000057e+01
4.448199999999999932e+01
4.457399999999999807e+01
4.466599999999999682e+01
4.475800000000000267e+01
4.485000000000000142e+01
4.494200000000000017e+01
4.503399999999999892e+01
4.512599999999999767e+01
4.521800000000000352e+01
4.531000000000000227e+01
4.540200000000000102e+01
4.549399999999999977e+01
4.558599999999999852e+01
4.567799999999999727e+01
4.576999999999999602e+01
4.586200000000000188e+01
4.595400000000000063e+01
4.604599999999999937e+01
4.613799999999999812e+01
4.623000000000000398e+01
4.632200000000000273e+01
4.641400000000000148e+01
