12.870000
13.650000
14.430000
15.210000
15.990000
16.770000
17.550000
18.330000
19.110000
19.890000
20.670000
21.450000
22.230000
23.010000
23.790000
24.570000
25.350000
26.130000
26.910000
27.690000
28.470000
29.250000
30.030000
30.810000
31.590000
32.370000
33.150000
33.930000
34.710000
35.490000
36.270000
37.050000
37.830000
38.610000
39.390000
40.170000
40.950000
41.730000
42.510000
43.290000
44.070000
44.850000
45.630000
46.410000
47.190000
47.970000
48.750000
49.530000
50.310000
51.090000
51.870000
52.650000
53.430000
54.210000
54.990000
55.770000
56.550000
57.330000
58.110000
58.890000
59.670000
60.450000
61.230000
62.010000
62.790000
63.570000
64.350000
65.130000
65.910000
66.690000
67.470000
68.250000
69.030000
69.810000
70.590000
71.370000
72.150000
72.930000
73.710000
74.490000
75.270000
76.050000
76.830000
77.610000
78.390000
79.170000
79.950000
80.730000
81.510000
82.290000
83.070000
83.850000
84.630000
85.410000
86.190000
86.970000
87.750000
88.530000
89.310000
90.090000
90.870000
91.650000
92.430000
93.210000
93.990000
94.770000
95.550000
96.330000
97.110000
97.890000
98.670000
99.450000
100.230000
101.010000
101.790000
102.570000
103.350000
104.130000
104.910000
105.690000
106.470000
107.250000
108.030000
108.810000
109.590000
110.370000
111.150000
111.930000
112.710000
113.490000
114.270000
115.050000
115.830000
116.610000
117.390000
118.170000
118.950000
119.730000
120.510000
121.290000
122.070000
122.850000
123.630000
124.410000
125.190000
125.970000
126.750000
127.530000
128.310000
129.090000
129.870000
130.650000
131.430000
132.210000
132.990000
133.770000
134.550000
135.330000
136.110000
136.890000
137.670000
138.450000
139.230000
140.010000
140.790000
141.570000
142.350000
143.130000
143.910000
144.690000
145.470000
146.250000
147.030000
147.810000
148.590000
149.370000
150.150000
150.930000
151.710000
152.490000
153.270000
154.050000
154.830000
155.610000
156.390000
157.170000
157.950000
158.730000
159.510000
160.290000
161.070000
161.850000
162.630000
163.410000
164.190000
164.970000
165.750000
166.530000
167.310000
168.090000
168.870000
169.650000
170.430000
171.210000
171.990000
172.770000
173.550000
174.330000
175.110000
175.890000
176.670000
177.450000
178.230000
179.010000
179.790000
180.570000
181.350000
182.130000
182.910000
183.690000
184.470000
185.250000
186.030000
186.810000
187.590000
188.370000
189.150000
189.930000
190.710000
191.490000
192.270000
193.050000
193.830000
194.610000
195.390000
196.170000
196.950000
197.730000
198.510000
199.290000
200.070000
200.850000
201.630000
202.410000
203.190000
203.970000
204.750000
205.530000
206.310000
207.090000
207.870000
208.650000
209.430000
210.210000
210.990000
211.770000
212.550000
213.330000
214.110000
214.890000
215.670000
216.450000
217.230000
218.010000
218.790000
219.570000
220.350000
221.130000
221.910000
222.690000
223.470000
224.250000
225.030000
225.810000
226.590000
227.370000
228.150000
228.930000
229.710000
230.490000
231.270000
232.050000
232.830000
233.610000
234.390000
235.170000
235.950000
236.730000
237.510000
238.290000
239.070000
239.850000
240.630000
241.410000
242.190000
242.970000
243.750000
244.530000
245.310000
246.090000
246.870000
247.650000
248.430000
249.210000
249.990000
250.770000
251.550000
252.330000
253.110000
253.890000
254.670000
255.450000
256.230000
257.010000
257.790000
258.570000
259.350000
260.130000
260.910000
261.690000
262.470000
263.250000
264.030000
264.810000
265.590000
266.370000
267.150000
267.930000
268.710000
269.490000
270.270000
271.050000
271.830000
272.610000
273.390000
274.170000
274.950000
275.730000
276.510000
277.290000
278.070000
278.850000
279.630000
280.410000
281.190000
281.970000
282.750000
283.530000
284.310000
285.090000
285.870000
286.650000
287.430000
288.210000
288.990000
289.770000
290.550000
291.330000
292.110000
292.890000
293.670000
294.450000
295.230000
296.010000
296.790000
297.570000
298.350000
299.130000
299.910000
300.690000
301.470000
302.250000
303.030000
303.810000
304.590000
305.370000
306.150000
306.930000
307.710000
308.490000
309.270000
310.050000
310.830000
311.610000
312.390000
313.170000
313.950000
314.730000
315.510000
316.290000
317.070000
317.850000
318.630000
319.410000
320.190000
320.970000
321.750000
322.530000
323.310000
324.090000
324.870000
325.650000
326.430000
327.210000
327.990000
328.770000
329.550000
330.330000
331.110000
331.890000
332.670000
333.450000
334.230000
335.010000
335.790000
336.570000
337.350000
338.130000
338.910000
339.690000
340.470000
341.250000
342.030000
342.810000
343.590000
344.370000
345.150000
345.930000
346.710000
347.490000
348.270000
349.050000
349.830000
350.610000
351.390000
352.170000
352.950000
353.730000
354.510000
355.290000
356.070000
356.850000
357.630000
358.410000
359.190000
359.970000
360.750000
361.530000
362.310000
363.090000
363.870000
364.650000
365.430000
366.210000
366.990000
367.770000
368.550000
369.330000
370.110000
370.890000
371.670000
372.450000
373.230000
374.010000
374.790000
375.570000
376.350000
377.130000
377.910000
378.690000
379.470000
380.250000
381.030000
381.810000
382.590000
383.370000
384.150000
384.930000
385.710000
386.490000
387.270000
388.050000
388.830000
389.610000
390.390000
391.170000
391.950000
392.730000
393.510000
394.290000
395.070000
395.850000
396.630000
397.410000
398.190000
398.970000
399.750000
400.530000
401.310000
402.090000
402.870000
403.650000
404.430000
405.210000
405.990000
406.770000
407.550000
408.330000
409.110000
409.890000
410.670000
411.450000
412.230000
413.010000
413.790000
414.570000
415.350000
416.130000
416.910000
417.690000
418.470000
419.250000
420.030000
420.810000
421.590000
422.370000
423.150000
423.930000
424.710000
425.490000
426.270000
427.050000
427.830000
428.610000
429.390000
430.170000
430.950000
431.730000
432.510000
433.290000
434.070000
434.850000
435.630000
436.410000
437.190000
437.970000
438.750000
439.530000
440.310000
441.090000
441.870000
442.650000
443.430000
444.210000
444.990000
445.770000
446.550000
447.330000
448.110000
448.890000
449.670000
450.450000
451.230000
452.010000
452.790000
453.570000
454.350000
455.130000
455.910000
456.690000
457.470000
458.250000
459.030000
459.810000
460.590000
461.370000
462.150000
462.930000
463.710000
464.490000
465.270000
466.050000
466.830000
467.610000
468.390000
469.170000
469.950000
470.730000
471.510000
472.290000
473.070000
473.850000
474.630000
475.410000
476.190000
476.970000
477.750000
478.530000
479.310000
480.090000
480.870000
481.650000
482.430000
483.210000
483.990000
484.770000
485.550000
486.330000
487.110000
487.890000
488.670000
489.450000
490.230000
491.010000
491.790000
492.570000
493.350000
494.130000
494.910000
495.690000
496.470000
497.250000
498.030000
498.810000
499.590000
500.370000
501.150000
501.930000
502.710000
503.490000
504.270000
505.050000
505.830000
506.610000
507.390000
508.170000
508.950000
509.730000
510.510000
511.290000
512.070000
512.850000
513.630000
514.410000
515.190000
515.970000
516.750000
517.530000
518.310000
519.090000
519.870000
520.650000
521.430000
522.210000
522.990000
523.770000
524.550000
525.330000
526.110000
526.890000
527.670000
528.450000
529.230000
530.010000
530.790000
531.570000
532.350000
533.130000
533.910000
534.690000
535.470000
536.250000
537.030000
537.810000
538.590000
539.370000
540.150000
540.930000
541.710000
542.490000
543.270000
544.050000
544.830000
545.610000
546.390000
547.170000
547.950000
548.730000
549.510000
550.290000
551.070000
551.850000
552.630000
553.410000
554.190000
554.970000
555.750000
556.530000
557.310000
558.090000
558.870000
559.650000
560.430000
561.210000
561.990000
562.770000
563.550000
564.330000
565.110000
565.890000
566.670000
567.450000
568.230000
569.010000
569.790000
570.570000
571.350000
572.130000
572.910000
573.690000
574.470000
575.250000
576.030000
576.810000
577.590000
578.370000
579.150000
579.930000
580.710000
581.490000
582.270000
583.050000
583.830000
584.610000
585.390000
586.170000
586.950000
587.730000
588.510000
589.290000
590.070000
590.850000
591.630000
592.410000
593.190000
593.970000
594.750000
595.530000
596.310000
597.090000
597.870000
598.650000
599.430000
600.210000
600.990000
601.770000
602.550000
603.330000
604.890000
605.670000
