3.880500
4.079500
4.278500
4.477500
4.676500
4.875500
5.074500
5.273500
5.472500
5.671500
5.870500
6.069500
6.268500
6.467500
6.666500
6.865500
7.064500
7.263500
7.462500
7.661500
7.860500
8.059500
8.258500
8.457500
8.656500
8.855500
9.054500
9.253500
9.452500
9.651500
9.850500
10.049500
10.248500
10.447500
10.646500
10.845500
11.044500
11.243500
11.442500
11.641500
11.840500
12.039500
12.238500
12.437500
12.636500
12.835500
13.034500
13.233500
13.432500
13.631500
13.830500
14.029500
14.228500
14.427500
14.626500
14.825500
15.024500
15.223500
15.422500
15.621500
15.820500
16.019500
16.218500
16.417500
16.616500
16.815500
17.014500
17.213500
17.412500
17.611500
17.810500
18.009500
18.208500
18.407500
18.606500
18.805500
19.004500
19.203500
19.402500
19.601500
19.800500
19.999500
20.198500
20.397500
20.596500
20.795500
20.994500
21.193500
21.392500
21.591500
21.790500
21.989500
22.188500
22.387500
22.586500
22.785500
22.984500
23.183500
23.382500
23.581500
23.780500
23.979500
24.178500
24.377500
24.576500
24.775500
24.974500
25.173500
25.372500
25.571500
25.770500
25.969500
26.168500
26.367500
26.566500
26.765500
26.964500
27.163500
27.362500
27.561500
27.760500
27.959500
28.158500
28.357500
28.556500
28.755500
28.954500
29.153500
29.352500
29.551500
29.750500
29.949500
30.148500
30.347500
30.546500
30.745500
30.944500
31.143500
31.342500
31.541500
31.740500
31.939500
32.138500
32.337500
32.536500
32.735500
32.934500
33.133500
33.332500
33.531500
33.730500
33.929500
34.128500
34.327500
34.526500
34.725500
34.924500
35.123500
35.322500
35.521500
35.720500
35.919500
36.118500
36.317500
36.516500
36.715500
36.914500
37.113500
37.312500
37.511500
37.710500
37.909500
38.108500
38.307500
38.506500
38.705500
38.904500
39.103500
39.302500
39.501500
39.700500
39.899500
40.098500
40.297500
40.496500
40.695500
40.894500
41.093500
41.292500
41.491500
41.690500
41.889500
42.088500
42.287500
42.486500
42.685500
42.884500
43.083500
43.282500
43.481500
43.680500
43.879500
44.078500
44.277500
44.476500
44.675500
44.874500
45.073500
45.272500
45.471500
45.670500
45.869500
46.068500
46.267500
46.466500
46.665500
46.864500
47.063500
47.262500
47.461500
47.660500
47.859500
48.058500
48.257500
48.456500
48.655500
48.854500
49.053500
49.252500
49.451500
49.650500
49.849500
50.048500
50.247500
50.446500
50.645500
50.844500
51.043500
51.242500
51.441500
51.640500
51.839500
52.038500
52.237500
52.436500
52.635500
52.834500
53.033500
53.232500
53.431500
53.630500
53.829500
54.028500
54.227500
54.426500
54.625500
54.824500
55.023500
55.222500
55.421500
55.620500
55.819500
56.018500
56.217500
56.416500
56.615500
56.814500
57.013500
57.212500
57.411500
57.610500
57.809500
58.008500
58.207500
58.406500
58.605500
58.804500
59.003500
59.202500
59.401500
59.600500
59.799500
59.998500
60.197500
60.396500
60.595500
60.794500
60.993500
61.192500
61.391500
61.590500
61.789500
61.988500
62.187500
62.386500
62.585500
62.784500
62.983500
63.182500
63.381500
63.580500
63.779500
63.978500
64.177500
64.376500
64.575500
64.774500
64.973500
65.172500
65.371500
65.570500
65.769500
65.968500
66.167500
66.366500
66.565500
66.764500
66.963500
67.162500
67.361500
67.560500
67.759500
67.958500
68.157500
68.356500
68.555500
68.754500
68.953500
69.152500
69.351500
69.550500
69.749500
69.948500
70.147500
70.346500
70.545500
70.744500
70.943500
71.142500
71.341500
71.540500
71.739500
71.938500
72.137500
72.336500
72.535500
72.734500
72.933500
73.132500
73.331500
73.530500
73.729500
73.928500
74.127500
74.326500
74.525500
74.724500
74.923500
75.122500
75.321500
75.520500
75.719500
75.918500
76.117500
76.316500
76.515500
76.714500
76.913500
77.112500
77.311500
77.510500
77.709500
77.908500
78.107500
78.306500
78.505500
78.704500
78.903500
79.102500
79.301500
79.500500
79.699500
79.898500
80.097500
80.296500
80.694500
80.893500
81.092500
81.291500
81.490500
81.689500
81.888500
82.087500
82.286500
82.485500
82.684500
82.883500
83.281500
83.480500
83.679500
83.878500
84.077500
84.276500
84.475500
84.674500
