1.596500000000000030e+00
1.627499999999999947e+00
1.658500000000000085e+00
1.689500000000000002e+00
1.720499999999999918e+00
1.751500000000000057e+00
1.782499999999999973e+00
1.813499999999999890e+00
1.844500000000000028e+00
1.875500000000000167e+00
1.906499999999999861e+00
1.937500000000000000e+00
1.968500000000000139e+00
1.999500000000000055e+00
2.030499999999999972e+00
2.061499999999999666e+00
2.092500000000000249e+00
2.123499999999999943e+00
2.154499999999999638e+00
2.185500000000000220e+00
2.216499999999999915e+00
2.247500000000000053e+00
2.278500000000000192e+00
2.309499999999999886e+00
2.340500000000000025e+00
2.371500000000000163e+00
2.402499999999999858e+00
2.433499999999999996e+00
2.464500000000000135e+00
2.495499999999999829e+00
2.526499999999999968e+00
2.557500000000000107e+00
2.588499999999999801e+00
2.619499999999999940e+00
2.650500000000000078e+00
2.681499999999999773e+00
2.712500000000000355e+00
2.743500000000000050e+00
2.774499999999999744e+00
2.805500000000000327e+00
2.836500000000000021e+00
2.867499999999999716e+00
2.898500000000000298e+00
2.929499999999999993e+00
2.960499999999999687e+00
2.991500000000000270e+00
3.022499999999999964e+00
3.053499999999999659e+00
3.084500000000000242e+00
3.115499999999999936e+00
3.146499999999999631e+00
3.177500000000000213e+00
3.208499999999999908e+00
3.239500000000000046e+00
3.270500000000000185e+00
3.301499999999999879e+00
3.332500000000000018e+00
3.363500000000000156e+00
3.394499999999999851e+00
3.425499999999999989e+00
3.456500000000000128e+00
3.487499999999999822e+00
3.518499999999999961e+00
3.549500000000000099e+00
3.580499999999999794e+00
3.611499999999999932e+00
3.642500000000000071e+00
3.673499999999999766e+00
3.704500000000000348e+00
3.735500000000000043e+00
3.766499999999999737e+00
3.797500000000000320e+00
3.828500000000000014e+00
3.859499999999999709e+00
3.890500000000000291e+00
3.921499999999999986e+00
3.952499999999999680e+00
3.983500000000000263e+00
4.014499999999999957e+00
4.045500000000000540e+00
4.076499999999999346e+00
4.107499999999999929e+00
4.138500000000000512e+00
4.169499999999999318e+00
4.200499999999999901e+00
4.231500000000000483e+00
4.262499999999999289e+00
4.293499999999999872e+00
4.324500000000000455e+00
4.355500000000000149e+00
4.386499999999999844e+00
4.417500000000000426e+00
4.448500000000000121e+00
4.479499999999999815e+00
4.510500000000000398e+00
4.541500000000000092e+00
4.572499999999999787e+00
4.603500000000000369e+00
4.634500000000000064e+00
4.665499999999999758e+00
4.696500000000000341e+00
4.727500000000000036e+00
4.758499999999999730e+00
4.789500000000000313e+00
4.820500000000000007e+00
4.851499999999999702e+00
4.882500000000000284e+00
4.913499999999999979e+00
4.944499999999999673e+00
4.975500000000000256e+00
5.006499999999999950e+00
5.037499999999999645e+00
5.068500000000000227e+00
5.099499999999999922e+00
5.130499999999999616e+00
5.161500000000000199e+00
5.192499999999999893e+00
5.223499999999999588e+00
5.254500000000000171e+00
5.285499999999999865e+00
5.316499999999999559e+00
5.347500000000000142e+00
5.378500000000000725e+00
5.409499999999999531e+00
5.440500000000000114e+00
5.471500000000000696e+00
5.502499999999999503e+00
5.533500000000000085e+00
5.564500000000000668e+00
5.595499999999999474e+00
5.626500000000000057e+00
5.657500000000000639e+00
5.688499999999999446e+00
5.719500000000000028e+00
5.750500000000000611e+00
5.781499999999999417e+00
5.812500000000000000e+00
5.843500000000000583e+00
5.874499999999999389e+00
5.905499999999999972e+00
5.936500000000000554e+00
5.967499999999999361e+00
5.998499999999999943e+00
6.029500000000000526e+00
6.060499999999999332e+00
6.091499999999999915e+00
6.122500000000000497e+00
6.153499999999999304e+00
6.184499999999999886e+00
6.215500000000000469e+00
6.246499999999999275e+00
6.277499999999999858e+00
6.308500000000000441e+00
6.339500000000000135e+00
6.370499999999999829e+00
6.401500000000000412e+00
6.432500000000000107e+00
6.463499999999999801e+00
6.494500000000000384e+00
6.525500000000000078e+00
6.556499999999999773e+00
6.587500000000000355e+00
6.618500000000000050e+00
6.649499999999999744e+00
6.680500000000000327e+00
6.711500000000000021e+00
6.742499999999999716e+00
6.773500000000000298e+00
6.804499999999999993e+00
6.835499999999999687e+00
6.866500000000000270e+00
6.897499999999999964e+00
6.928499999999999659e+00
6.959500000000000242e+00
6.990499999999999936e+00
7.021499999999999631e+00
7.052500000000000213e+00
7.083499999999999908e+00
7.114499999999999602e+00
7.145500000000000185e+00
7.176499999999999879e+00
7.207499999999999574e+00
7.238500000000000156e+00
7.269499999999999851e+00
7.300499999999999545e+00
7.331500000000000128e+00
7.362500000000000711e+00
7.393499999999999517e+00
7.424500000000000099e+00
7.455500000000000682e+00
7.486499999999999488e+00
7.517500000000000071e+00
7.548500000000000654e+00
7.579499999999999460e+00
7.610500000000000043e+00
7.641500000000000625e+00
7.672499999999999432e+00
7.703500000000000014e+00
7.734500000000000597e+00
7.765499999999999403e+00
7.796499999999999986e+00
7.827500000000000568e+00
7.858499999999999375e+00
7.889499999999999957e+00
7.920500000000000540e+00
7.951499999999999346e+00
7.982499999999999929e+00
8.013500000000000512e+00
8.044499999999999318e+00
8.075499999999999901e+00
8.106500000000000483e+00
8.137499999999999289e+00
8.168499999999999872e+00
8.199500000000000455e+00
8.230499999999999261e+00
8.261499999999999844e+00
8.292500000000000426e+00
8.323499999999999233e+00
8.354499999999999815e+00
8.385500000000000398e+00
8.416499999999999204e+00
8.447499999999999787e+00
8.478500000000000369e+00
8.509499999999999176e+00
8.540499999999999758e+00
8.571500000000000341e+00
8.602499999999999147e+00
8.633499999999999730e+00
8.664500000000000313e+00
8.695499999999999119e+00
8.726500000000001478e+00
8.757500000000000284e+00
8.788499999999999091e+00
8.819500000000001450e+00
8.850500000000000256e+00
8.881499999999999062e+00
8.912500000000001421e+00
8.943500000000000227e+00
8.974499999999999034e+00
9.005500000000001393e+00
9.036500000000000199e+00
9.067499999999999005e+00
9.098500000000001364e+00
9.129500000000000171e+00
9.160499999999998977e+00
9.191500000000001336e+00
9.222500000000000142e+00
9.253499999999998948e+00
9.284500000000001307e+00
9.315500000000000114e+00
9.346499999999998920e+00
9.377500000000001279e+00
9.408500000000000085e+00
9.439499999999998892e+00
9.470500000000001251e+00
9.501500000000000057e+00
9.532499999999998863e+00
9.563500000000001222e+00
9.594500000000000028e+00
9.625499999999998835e+00
9.656500000000001194e+00
9.687500000000000000e+00
9.718499999999998806e+00
9.749500000000001165e+00
9.780499999999999972e+00
9.811499999999998778e+00
9.842500000000001137e+00
9.873499999999999943e+00
9.904499999999998749e+00
9.935500000000001108e+00
9.966499999999999915e+00
9.997499999999998721e+00
1.002850000000000108e+01
1.005949999999999989e+01
1.009049999999999869e+01
1.012150000000000105e+01
1.015249999999999986e+01
1.018349999999999866e+01
1.021450000000000102e+01
1.024549999999999983e+01
1.027649999999999864e+01
1.030750000000000099e+01
1.033849999999999980e+01
1.036949999999999861e+01
1.040050000000000097e+01
1.043149999999999977e+01
1.046249999999999858e+01
1.049350000000000094e+01
1.052449999999999974e+01
1.055549999999999855e+01
1.058650000000000091e+01
1.061749999999999972e+01
1.064849999999999852e+01
1.067950000000000088e+01
1.071049999999999969e+01
1.074150000000000027e+01
1.077250000000000085e+01
1.080349999999999966e+01
1.083450000000000024e+01
1.086550000000000082e+01
1.089649999999999963e+01
1.092750000000000021e+01
1.095850000000000080e+01
1.098949999999999960e+01
1.102050000000000018e+01
1.105150000000000077e+01
1.108249999999999957e+01
1.111350000000000016e+01
1.114450000000000074e+01
1.117549999999999955e+01
1.120650000000000013e+01
1.123750000000000071e+01
1.126849999999999952e+01
1.129950000000000010e+01
1.133050000000000068e+01
1.136149999999999949e+01
1.139250000000000007e+01
1.142350000000000065e+01
1.145449999999999946e+01
1.148550000000000004e+01
1.151650000000000063e+01
1.154749999999999943e+01
1.157850000000000001e+01
1.160950000000000060e+01
1.164049999999999940e+01
1.167149999999999999e+01
1.170250000000000057e+01
1.173349999999999937e+01
1.176449999999999996e+01
1.179550000000000054e+01
1.182649999999999935e+01
1.185749999999999993e+01
1.188850000000000051e+01
1.191949999999999932e+01
1.195049999999999990e+01
1.198150000000000048e+01
1.201249999999999929e+01
1.204349999999999987e+01
1.207450000000000045e+01
1.210549999999999926e+01
1.213649999999999984e+01
1.216750000000000043e+01
1.219849999999999923e+01
1.222949999999999982e+01
1.226050000000000040e+01
1.229149999999999920e+01
1.232249999999999979e+01
1.235350000000000037e+01
1.238449999999999918e+01
1.241549999999999976e+01
1.244650000000000034e+01
1.247749999999999915e+01
1.250849999999999973e+01
1.253950000000000031e+01
1.257049999999999912e+01
1.260150000000000148e+01
1.263250000000000028e+01
1.266349999999999909e+01
1.269450000000000145e+01
1.272550000000000026e+01
1.275649999999999906e+01
1.278750000000000142e+01
1.281850000000000023e+01
1.284949999999999903e+01
1.288050000000000139e+01
1.291150000000000020e+01
1.294249999999999901e+01
1.297350000000000136e+01
1.300450000000000017e+01
1.303549999999999898e+01
1.306650000000000134e+01
1.309750000000000014e+01
1.312849999999999895e+01
1.315950000000000131e+01
1.319050000000000011e+01
1.322149999999999892e+01
1.325250000000000128e+01
1.328350000000000009e+01
1.331449999999999889e+01
1.334550000000000125e+01
1.337650000000000006e+01
1.340749999999999886e+01
1.343850000000000122e+01
1.346950000000000003e+01
1.350049999999999883e+01
1.353150000000000119e+01
1.356250000000000000e+01
1.359349999999999881e+01
1.362450000000000117e+01
1.365549999999999997e+01
1.368649999999999878e+01
1.371750000000000114e+01
1.374849999999999994e+01
1.377949999999999875e+01
1.381050000000000111e+01
1.384149999999999991e+01
1.387249999999999872e+01
1.390350000000000108e+01
1.393449999999999989e+01
1.396549999999999869e+01
1.399650000000000105e+01
1.402749999999999986e+01
1.405849999999999866e+01
1.408950000000000102e+01
1.412049999999999983e+01
1.415149999999999864e+01
1.418250000000000099e+01
1.421349999999999980e+01
1.424449999999999861e+01
1.427550000000000097e+01
1.430649999999999977e+01
1.433749999999999858e+01
1.436850000000000094e+01
1.439949999999999974e+01
1.443049999999999855e+01
1.446150000000000091e+01
1.449249999999999972e+01
1.452349999999999852e+01
1.455450000000000088e+01
1.458549999999999969e+01
1.461650000000000027e+01
1.464750000000000085e+01
1.467849999999999966e+01
1.470950000000000024e+01
1.474050000000000082e+01
1.477149999999999963e+01
1.480250000000000021e+01
1.483350000000000080e+01
1.486449999999999960e+01
1.489550000000000018e+01
1.492650000000000077e+01
1.495749999999999957e+01
1.498850000000000016e+01
1.501950000000000074e+01
1.505049999999999955e+01
1.508150000000000013e+01
1.511250000000000071e+01
1.514349999999999952e+01
1.517450000000000010e+01
1.520550000000000068e+01
1.523649999999999949e+01
1.526750000000000007e+01
1.529850000000000065e+01
1.532949999999999946e+01
1.536050000000000004e+01
1.539150000000000063e+01
1.542249999999999943e+01
1.545350000000000001e+01
1.548450000000000060e+01
1.551549999999999940e+01
1.554649999999999999e+01
1.557750000000000057e+01
1.560849999999999937e+01
1.563949999999999996e+01
1.567050000000000054e+01
1.570149999999999935e+01
1.573249999999999993e+01
1.576350000000000051e+01
1.579449999999999932e+01
1.582549999999999990e+01
1.585650000000000048e+01
1.588749999999999929e+01
1.591849999999999987e+01
1.594950000000000045e+01
1.598049999999999926e+01
1.601150000000000162e+01
