1.287000
1.309000
1.331000
1.353000
1.375000
1.397000
1.419000
1.441000
1.463000
1.485000
1.507000
1.529000
1.551000
1.573000
1.595000
1.617000
1.639000
1.661000
1.683000
1.705000
1.727000
1.749000
1.771000
1.793000
1.815000
1.837000
1.859000
1.881000
1.903000
1.925000
1.947000
1.969000
1.991000
2.013000
2.035000
2.057000
2.079000
2.101000
2.123000
2.145000
2.167000
2.189000
2.211000
2.233000
2.255000
2.277000
2.299000
2.321000
2.343000
2.365000
2.387000
2.409000
2.431000
2.453000
2.475000
2.497000
2.519000
2.541000
2.563000
2.585000
2.607000
2.629000
2.651000
2.673000
2.695000
2.717000
2.739000
2.761000
2.783000
2.805000
2.827000
2.849000
2.871000
2.893000
2.915000
2.937000
2.959000
2.981000
3.003000
3.025000
3.047000
3.069000
3.091000
3.113000
3.135000
3.157000
3.179000
3.201000
3.223000
3.245000
3.267000
3.289000
3.311000
3.333000
3.355000
3.377000
3.399000
3.421000
3.443000
3.465000
3.487000
3.509000
3.531000
3.553000
3.575000
3.597000
3.619000
3.641000
3.663000
3.685000
3.707000
3.729000
3.751000
3.773000
3.795000
3.817000
3.839000
3.861000
3.883000
3.905000
3.927000
3.949000
3.971000
3.993000
4.015000
4.037000
4.059000
4.081000
4.103000
4.125000
4.147000
4.169000
4.191000
4.213000
4.235000
4.257000
4.279000
4.301000
4.323000
4.345000
4.367000
4.389000
4.411000
4.433000
4.455000
4.477000
4.499000
4.521000
4.543000
4.565000
4.587000
4.609000
4.631000
4.653000
4.675000
4.697000
4.719000
4.741000
4.763000
4.785000
4.807000
4.829000
4.851000
4.873000
4.895000
4.917000
4.939000
4.961000
4.983000
5.005000
5.027000
5.049000
5.071000
5.093000
5.115000
5.137000
5.159000
5.181000
5.203000
5.225000
5.247000
5.269000
5.291000
5.313000
5.335000
5.357000
5.379000
5.401000
5.423000
5.445000
5.467000
5.489000
5.511000
5.533000
5.555000
5.577000
5.599000
5.621000
5.643000
5.665000
5.687000
5.709000
5.731000
5.753000
5.775000
5.797000
5.819000
5.841000
5.863000
5.885000
5.907000
5.929000
5.951000
5.973000
5.995000
6.017000
6.039000
6.061000
6.083000
6.105000
6.127000
6.149000
6.171000
6.193000
6.215000
6.237000
6.259000
6.281000
6.303000
6.325000
6.347000
6.369000
6.391000
6.413000
6.435000
6.457000
6.479000
6.501000
6.523000
6.545000
6.567000
6.589000
6.611000
6.633000
6.655000
6.677000
6.699000
6.721000
6.743000
6.765000
6.787000
6.809000
6.831000
6.853000
6.875000
6.897000
6.919000
6.941000
6.963000
6.985000
7.007000
7.029000
7.051000
7.073000
7.095000
7.117000
7.139000
7.161000
7.183000
7.205000
7.227000
7.249000
7.271000
7.293000
7.315000
7.337000
7.359000
7.381000
7.403000
7.425000
7.447000
7.469000
7.491000
7.513000
7.535000
7.557000
7.579000
7.601000
7.623000
7.645000
7.667000
7.689000
7.711000
7.733000
7.755000
7.777000
7.799000
7.821000
7.843000
7.865000
7.887000
7.909000
7.931000
7.953000
7.975000
7.997000
8.019000
8.041000
8.063000
8.085000
8.107000
8.129000
8.151000
8.173000
8.195000
8.217000
8.239000
8.261000
8.283000
8.305000
8.327000
8.349000
8.371000
8.393000
8.415000
8.437000
8.459000
8.481000
8.503000
8.525000
8.547000
8.569000
8.591000
8.613000
8.635000
8.657000
8.679000
8.701000
8.723000
8.745000
8.767000
8.789000
8.811000
8.833000
8.855000
8.877000
8.899000
8.921000
8.943000
8.965000
8.987000
9.009000
9.031000
9.053000
9.075000
