117089198756458
111122919227153
108441507605408
97412272568368
90860783945764
86581755372059
88761834372402
82549898047377
74487886125050
69474317367835
71634253333544
65529635346434
62973173501307
58116456867315
55835032994363
54365184970076
47499977409658
47845146726671
43524264639025
44243653806087
39690334614515
40327193083646
39913214754143
36798263864054
34328854712636
33824911735281
34118817375538
32314434014325
29765837214088
29573712252388
28005697219233
27019299916738
27057944834735
25214119329640
22814761563099
23645802546706
22748012588985
23109161092946
22186796033773
19128463129574
17655221309753
18928700673490
19061995997797
17209587907378
16593112022439
15967167172676
16297994370840
14838048401719
15475318662463
14284078276058
14656865580231
13772819677208
13755127402157
12135733503196
12329410007539
11648774299111
11524624764889
12063785129342
10580234949992
9792692641328
9569625714735
9920849024581
8804728354619
9119928964254
8495556914400
8421450774036
8102656487950
8286024575420
7610576026388
6483529092898
6969071923357
7536385659690
7289373304479
6751318260481
7272491822791
6707296159245
6169889432325
6819962636029
5426451089629
5638411341541
5557478673757
5303755755709
4737046897551
5571117582687
4679211135367
4944209720100
3963619411204
4183672817395
3873533055100
4094050166749
3879317573636
4029612801420
3762619822737
4149103640467
3529551925700
3982174190698
3013457714149
3320808195633
3343606440257
2944748888158
2854662065879
3200261965917
3470043476529
2381452667153
2764222046134
2871384490873
2319589794137
3082721283130
2467360985657
2206531854339
2564839327065
2108639110949
2800146076738
2342050305724
2207364346946
2130066461285
2367142196070
1852348516259
1721901415806
1736470357731
2037825312773
1858045770225
1933733173613
1206409229679
1788362318105
1559949162825
1432525441672
1655114298312
1615670160440
1638023755912
1275416110588
1509944926530
1396295838042
1113555890096
1336702013240
1246086137589
1064576151726
1053584992123
1188009960825
1128668838500
1110463260855
995120434948
1120791439533
886325510346
798735221295
928279128818
807285358977
793369069098
811505669092
891331897255
923599105167
997472724102
932526906968
686077080876
1052534287639
1040213893383
681295857237
613187846885
768621529648
649670774282
733415196575
557989334292
561410528079
554293018222
674674790367
576128541221
560700815551
619502787667
498719818786
408388367884
445742275693
589883413064
578817110959
476193127863
529364638159
579120303902
607622532754
394133170727
397063796217
373918832634
498725734244
341889877250
345895721277
323995186136
424709621510
409459829492
462594444506
458761207157
298896311407
373953066907
261171965142
418470755013
362936152118
319222716151
435837106844
308491652437
175738612200
269799995054
247865319685
189428724300
297153913611
249965001164
384359901257
188625158919
219719210424
163216316992
179069586828
295331610938
342664992373
239637378149
167035819377
114762177745
155884198855
173599786468
137134557384
134413226583
150518669337
188694471935
133701831534
208172100311
94541785224
105518343701
122546094696
172428601253
82203830553
137861865608
113374399112
75083730734
106254719109
116609120957
194602694236
88930222502
124726051454
134000096500
126606573566
95183158056
121308730759
155233174335
113450683089
125597853900
185801556412
87250594888
106717352720
84689143327
107370054314
110023914814
79522647017
63243598522
145917757848
87335703365
27973997182
71589452820
79106627293
85648423045
54865128569
94020864530
91773290502
94980917800
116065567234
54104089555
61218749751
52715195385
86344430716
85976161074
31797504444
82924484662
51355009161
51275919835
41245664659
44995683401
47398753999
22241086145
106603468690
46494006403
12234448406
74280142000
50518920736
62949195331
66987595914
63456054843
49192140059
63640517995
45173013782
17271184326
34802643192
19406949306
67728782283
50780200911
38120329681
53893090697
85588403999
29612992100
51682518099
7906754321
63243354310
35131434797
24953479023
21351456328
17983355903
30065987524
4886589642
19955404908
37453435654
42243670081
62208075521
45079261308
11182549810
41213315451
28548773076
57560640774
45287120978
18994993264
31692219093
22565172638
33034567757
1318787263
28677813580
3923982122
23020559574
4960292132
13693792024
10929526853
45674331713
15181318681
4343882321
22418439567
11753461595
21046222146
6647246201
5829031137
38545289031
4260588129
8424884039
25055344994
3680565186
22096436945
33940864814
4189493773
34047410586
22408390764
6023743422
5936466999
10694054142
15783815019
19702705542
9630661630
32992153185
7744228709
3321486140
14048875650
15002918460
25077108310
10855449782
20129186186
17489784898
