8.173444621264400000e+13
7.270679471285000000e+13
6.590087419997800000e+13
6.216295585162700000e+13
5.722033611430300000e+13
5.381676982602300000e+13
5.000714955044300000e+13
4.497201372280800000e+13
3.826335000029000000e+13
3.764862584415600000e+13
3.533238032051200000e+13
3.380810023637100000e+13
3.061645836481700000e+13
2.633804101866700000e+13
2.676453537439500000e+13
2.437863836172500000e+13
2.294027397481900000e+13
2.212455108685000000e+13
2.123477602460800000e+13
2.047665659816700000e+13
1.717984984755400000e+13
1.717379106396800000e+13
1.807852604441000000e+13
1.640754594261400000e+13
1.566669111623500000e+13
1.377735010872100000e+13
1.304286715142300000e+13
1.235749343886400000e+13
1.154383145981600000e+13
1.292968046806900000e+13
1.184388321957000000e+13
1.217252441413100000e+13
1.097314178563100000e+13
1.026830333506500000e+13
8.551341928249000000e+12
9.519810443569000000e+12
8.838753807244000000e+12
8.718037465716000000e+12
9.530207902906000000e+12
8.889502420334000000e+12
7.847557244957000000e+12
7.730309876588000000e+12
8.014715003657000000e+12
8.057785773346000000e+12
7.819293648171000000e+12
7.586170743311000000e+12
7.381720149999000000e+12
6.827535123113000000e+12
7.098970908568000000e+12
6.924939367893000000e+12
6.371355678367000000e+12
5.738491083620000000e+12
6.258627598574000000e+12
5.839109100621000000e+12
5.998718477557000000e+12
5.077497660364000000e+12
4.862002842905000000e+12
5.378017545441000000e+12
5.342018338119000000e+12
5.431233251150000000e+12
5.000398144938000000e+12
4.149737745400000000e+12
4.879933871201000000e+12
4.722523561457000000e+12
5.045122730896000000e+12
3.972709446748000000e+12
3.929588204191000000e+12
3.636988925990000000e+12
5.545800567706000000e+12
4.052036761702000000e+12
4.728512172946000000e+12
4.120040380207000000e+12
3.461128002057000000e+12
3.478901390338000000e+12
3.951806905705000000e+12
3.933981052481000000e+12
2.538505438016000000e+12
2.971577262328000000e+12
3.925695989277000000e+12
3.069437149967000000e+12
3.594714085128000000e+12
4.558694534807000000e+12
3.733058903743000000e+12
3.184341710767000000e+12
3.488666049812000000e+12
2.480838234487000000e+12
2.795490110753000000e+12
3.418569512405000000e+12
3.602863258808000000e+12
3.034146553579000000e+12
3.320381493722000000e+12
3.007222466130000000e+12
2.592101709180000000e+12
2.619463906462000000e+12
3.452176584799000000e+12
2.580504160173000000e+12
2.045227030181000000e+12
2.141856953088000000e+12
2.430959432927000000e+12
2.368239544587000000e+12
2.480239378729000000e+12
2.557629891453000000e+12
2.852075754633000000e+12
3.311646135369000000e+12
2.839814116069000000e+12
1.850958616231000000e+12
1.632822039349000000e+12
2.407609918232000000e+12
3.377643283325000000e+12
1.644686787475000000e+12
2.706180823576000000e+12
2.155616201540000000e+12
2.298902360761000000e+12
2.470842151218000000e+12
2.600134506587000000e+12
1.546946900841000000e+12
1.399414101818000000e+12
2.346395148170000000e+12
1.889101855833000000e+12
1.809589713454000000e+12
2.710495056675000000e+12
1.851954026171000000e+12
2.017499795787000000e+12
2.151157512368000000e+12
2.452406527532000000e+12
1.954832279199000000e+12
1.179996283397000000e+12
1.762565833537000000e+12
1.931209979663000000e+12
1.479645137388000000e+12
1.582869625601000000e+12
1.353542631870000000e+12
1.666359372816000000e+12
2.109890069431000000e+12
1.524329499299000000e+12
1.482077587542000000e+12
2.181761366412000000e+12
1.472930223711000000e+12
1.709447080122000000e+12
1.276383491807000000e+12
1.702072053051000000e+12
1.327004568211000000e+12
1.518165333847000000e+12
1.234610019929000000e+12
1.872858715403000000e+12
1.797428541010000000e+12
1.602365199688000000e+12
1.780079758608000000e+12
1.359891580143000000e+12
2.311634531240000000e+12
1.746921705386000000e+12
1.724342191805000000e+12
1.517890529109000000e+12
2.177071757834000000e+12
1.514516324853000000e+12
1.986803586919000000e+12
9.176451901860000000e+11
1.213548012443000000e+12
1.060241037916000000e+12
7.510662603380000000e+11
1.012867088582000000e+12
1.487903514537000000e+12
1.526992410288000000e+12
1.543924444644000000e+12
1.036172915139000000e+12
7.532144310660000000e+11
9.030953804500000000e+11
1.134331722603000000e+12
1.410029354416000000e+12
8.819975727090000000e+11
7.293239519650000000e+11
1.853511998335000000e+12
1.446111416134000000e+12
1.162215780839000000e+12
1.579226816650000000e+12
1.204700903818000000e+12
1.034426715062000000e+12
1.478413444227000000e+12
1.077442048800000000e+12
1.612074725844000000e+12
1.513916540525000000e+12
1.584183574501000000e+12
1.143111823441000000e+12
1.539572722457000000e+12
1.385335387708000000e+12
9.460374331200000000e+11
1.197275370510000000e+12
1.356915853439000000e+12
1.358459590575000000e+12
1.412862529434000000e+12
1.653519553347000000e+12
1.480374035737000000e+12
1.725150227705000000e+12
1.197425475285000000e+12
1.138848766262000000e+12
1.284420399354000000e+12
1.342792383362000000e+12
1.457432743312000000e+12
1.404480714086000000e+12
1.032997282979000000e+12
9.475992020790000000e+11
9.216192021120000000e+11
1.165062757565000000e+12
1.336069338866000000e+12
1.269992460969000000e+12
8.263970685570000000e+11
1.419877241247000000e+12
1.292001626656000000e+12
8.818687770220000000e+11
1.060724275209000000e+12
6.352818057110000000e+11
6.701768264150000000e+11
7.998366556100000000e+11
6.735297477610000000e+11
5.222636440380000000e+11
1.331285878849000000e+12
9.998166637210000000e+11
8.799558570880000000e+11
3.047390066890000000e+11
1.206468365539000000e+12
1.092206124496000000e+12
4.292910598870000000e+11
1.215986369823000000e+12
5.568127671250000000e+11
1.046584729687000000e+12
8.411434963260000000e+11
1.299731878668000000e+12
6.658722669410000000e+11
1.002879115057000000e+12
1.459158955847000000e+12
1.245621824211000000e+12
6.966332565720000000e+11
7.474597017140000000e+11
6.280854864980000000e+11
6.343398636050000000e+11
8.628577586080000000e+11
9.072831604170000000e+11
4.836596693410000000e+11
1.122464977867000000e+12
1.083120850797000000e+12
9.285906126960000000e+11
1.185004644697000000e+12
6.379710443350000000e+11
1.552615691135000000e+12
1.228420514018000000e+12
1.161682748367000000e+12
1.070365346576000000e+12
8.942632845960000000e+11
1.386212087456000000e+12
8.828351522790000000e+11
8.459617021300000000e+11
8.554988828230000000e+11
9.782097172510000000e+11
6.536433127220000000e+11
6.243171721050000000e+11
9.728038757420000000e+11
8.590534661450000000e+11
7.605347744120000000e+11
8.109945256970000000e+11
1.219307478856000000e+12
1.069811619164000000e+12
1.066246598436000000e+12
9.836180953500000000e+11
8.967986719700000000e+11
3.676606587300000000e+11
1.200644680002000000e+12
1.217976293476000000e+12
8.241542548200000000e+11
7.296509850100000000e+11
1.063156951798000000e+12
1.074877932069000000e+12
6.966730167080000000e+11
7.528907676360000000e+11
6.959443453530000000e+11
6.993650719880000000e+11
5.160432302200000000e+11
1.036323455789000000e+12
1.163702123292000000e+12
9.133629039190000000e+11
8.817187728670000000e+11
2.999660711620000000e+11
6.078445915520000000e+11
3.409010669420000000e+11
8.784352615190000000e+11
3.210589688290000000e+11
8.095627424950000000e+11
1.030846681890000000e+12
9.566267930960000000e+11
6.962468755210000000e+11
1.007268640815000000e+12
4.459924340870000000e+11
8.383918805320000000e+11
3.053561159560000000e+11
6.894053900880000000e+11
1.133680592903000000e+12
4.851317214590000000e+11
7.587297758300000000e+11
9.064427317460000000e+11
6.707722861130000000e+11
1.050534326632000000e+12
4.831422154610000000e+11
1.051504867336000000e+12
4.588185584520000000e+11
6.228936996890000000e+11
7.007561791830000000e+11
4.498805653050000000e+11
5.773048247540000000e+11
8.749766635490000000e+11
3.254422805380000000e+11
9.630087379890000000e+11
6.729495871920000000e+11
9.510350732870000000e+11
6.162478635450000000e+11
9.230606152010000000e+11
8.374380675610000000e+11
5.472875492950000000e+11
3.222494423360000000e+11
7.634351499790000000e+11
3.720219869340000000e+11
7.296820839460000000e+11
7.940635514170000000e+11
6.633221389680000000e+11
3.696087193070000000e+11
4.567466678380000000e+11
2.459917016270000000e+11
6.437648148870000000e+11
9.134417075360000000e+11
7.143771377810000000e+11
4.099948326860000000e+11
1.185837217266000000e+12
5.742306711840000000e+11
3.988916708430000000e+11
5.224970784460000000e+11
4.894988886650000000e+11
7.219889629210000000e+11
5.999656034380000000e+11
6.509068743670000000e+11
1.525501978760000000e+11
1.081044985549000000e+12
4.199277532310000000e+11
5.492852165900000000e+11
4.349309848300000000e+11
1.222956786021000000e+12
9.114911509310000000e+11
5.420184938810000000e+11
2.887004586540000000e+11
3.808847902970000000e+11
7.998521886160000000e+11
3.542817822420000000e+11
5.783271832760000000e+11
4.941645164650000000e+11
1.715508128390000000e+11
4.883016141080000000e+11
9.641779670000000000e+09
8.696272743310000000e+11
4.347768338200000000e+11
5.151780629240000000e+11
1.712915977920000000e+11
7.611402165530000000e+11
6.420854024470000000e+11
5.425702161830000000e+11
2.534660861660000000e+11
7.628450955900000000e+11
4.857113364160000000e+11
2.475500833690000000e+11
6.113657565380000000e+11
4.222789668850000000e+11
5.116157477800000000e+11
2.723056895500000000e+11
4.189217694610000000e+11
3.814504536410000000e+11
3.001496000070000000e+11
2.775859577040000000e+11
4.489944608010000000e+11
9.799448975660000000e+11
5.738542088110000000e+11
1.295004475000000000e+09
1.529772444290000000e+11
1.762952875420000000e+11
6.022008460760000000e+11
4.600316159190000000e+11
3.845965489950000000e+11
1.885895337420000000e+11
5.543514832770000000e+11
7.356753182050000000e+11
4.537982498820000000e+11
2.880505525190000000e+11
4.889797479310000000e+11
2.827775698270000000e+11
6.415325531590000000e+11
7.175388085750000000e+11
2.887383096040000000e+11
3.572206161110000000e+11
5.134875564140000000e+11
2.793606984240000000e+11
2.849585704460000000e+11
4.080887265320000000e+11
4.711066501190000000e+11
7.980327531520000000e+11
2.398601864670000000e+11
6.670705205350000000e+11
2.306102575470000000e+11
6.272285204160000000e+11
2.893811113620000000e+11
5.715169286740000000e+11
2.825949683640000000e+11
7.003696402100000000e+10
3.116976350150000000e+11
1.777793009320000000e+11
4.328843701230000000e+11
2.311356246460000000e+11
1.785234394800000000e+11
3.148255993700000000e+11
3.816421559710000000e+11
6.752949909610000000e+11
5.813876621710000000e+11
4.039267925050000000e+11
4.459843926930000000e+11
3.491102766390000000e+11
3.876911901580000000e+11
5.549158775740000000e+11
1.807508359750000000e+11
2.404390899930000000e+11
2.914343033680000000e+11
1.657031496800000000e+11
1.353691928120000000e+11
1.592533082360000000e+11
4.775430594830000000e+11
2.202055915480000000e+11
