133643340650064
117236729757604
111091976045676
98059075057768
88275964130331
79186048046368
72472487211038
66078837347368
59460277878960
56649415678960
49692040802546
45579709271602
41837082349244
38894196579973
35804959660557
33186506656477
30325137775500
28472416452154
27009969624578
24084638988241
22762725714506
20997411661977
20294590090633
18875729022678
15595270501601
15124229540241
14215441872021
14529855456966
13131933624486
12240992632282
11721069341108
11378759550897
10351340231095
9785259417714
9242541150281
8821903364552
7963318852799
8153120497691
6925242949027
7051036638818
6072632783995
6315025767434
6138885867171
6108721828220
5511754972749
5762599353353
5134292192243
5285258692599
4964248807161
4716585122236
4049793290333
4422850742619
3388638288435
3960888509147
3360546202274
3239758976970
3341957572709
3293306554112
3156582918671
2928738149157
2800096570034
2633440887359
2290475796974
2291858887649
2767953343282
2189533139362
2086499957863
2351063499739
2142572092812
1999062615397
1514104974007
1514713078615
1541448384864
1834673906327
1645529026312
1568019902524
1794967820283
1754993248987
1532746081741
1273549759364
1190717997625
1457208432418
1121353332606
1140547705181
912159284540
924548134322
1005602253575
1143699434493
721268090064
1036696876713
1016125862591
782542104856
867464155928
854794639092
597212373181
709378222463
794680247207
879519190880
824389875956
794758303656
654030691465
488225324040
661829998157
453610332245
739270218771
402801835638
565826623054
638915842162
484886713416
622892335590
795956762665
623131318787
298716091270
424809273035
263923962909
366671664718
353143252179
559287228280
408672651862
312774088923
424461902212
256499763809
358319187851
369173081108
571223062422
358445320564
534785875662
296516323524
294627957784
318375244011
254066673011
163633437434
170506259121
463190324844
259649761097
394809507676
167206524295
310432768107
449599113278
98053438080
262297474549
110104266061
356802739515
188768107872
128189084055
175671847651
145554382917
155573349983
234422646752
130042490928
202421758920
116183404424
259694754434
256934256780
165449466209
153017282640
324819964332
198941249326
141984874531
81074820447
250844146630
74410697085
162282678090
229770280325
126298677505
130535498173
186280157277
220397140485
97135172561
338872383212
115354919766
207229939354
182417084785
105283341974
347872703507
57220906046
30127115957
68401309352
93753239771
115996183827
55438552725
210271616451
215382814179
64657836930
90259676044
29853227075
166753050644
230056118198
35498116449
136788928343
27411696637
73902941019
41532057947
119691355996
218451547401
181739817781
211429512317
22375094479
63359826175
109134416497
78394813701
34193536344
65172770810
50773164123
142289491323
61285433999
390024902230
143014397112
16327849791
24269611915
208349996211
1440668175
105995534959
296223721748
26863305278
23950049442
15056184536
16131538436
64157428992
62177336475
24331846014
77348002392
34064512298
259024308761
2312816455
35314714159
20447902364
25686657330
144271071362
15136731857
193129334078
9976606970
19935232646
13482061036
15848588947
42117770696
64083768063
60093559684
115157850195
20697678994
51628169223
27148406651
19930271970
22246313210
42660343759
238369552001
7858846599
3935881319
150110787325
144090895500
5725990207
146971679599
1440690001
131889361057
3474085946
8927980202
17966431566
60995347042
23356157754
6419259843
4977764637
128024064819
2773775868
6019959759
15880515027
44890854320
62287113018
28017489244
8533557236
6411497136
1295787977
128025934204
9312591784
2235929872
2626397864
4352788768
137129889983
24106178628
1345802383
4731686505
1305049909
1324293702
1292219652
13697977086
126448375680
1341728060
47200985163
8684753706
52760902497
2670479382
2620433810
7050852521
315174429858
1291340082
6453430696
1300622771
18721906497
6371499527
7938352405
74599245817
130068514627
6030419152
17561712063
32251297083
25091071092
17167609357
5661782552
126733043083
1617048834
126733043083
20951663835
2063345945
126733043083
10519582245
120076759093
129330698173
1291556340
42959875299
138272238956
100933500622
1920819948
