8.382500
8.861500
9.340500
9.819500
10.298500
10.777500
11.256500
11.735500
12.214500
12.693500
13.172500
13.651500
14.130500
14.609500
15.088500
15.567500
16.046500
16.525500
17.004500
17.483500
17.962500
18.441500
18.920500
19.399500
19.878500
20.357500
20.836500
21.315500
21.794500
22.273500
22.752500
23.231500
23.710500
24.189500
24.668500
25.147500
25.626500
26.105500
26.584500
27.063500
27.542500
28.021500
28.500500
28.979500
29.458500
29.937500
30.416500
30.895500
31.374500
31.853500
32.332500
32.811500
33.290500
33.769500
34.248500
34.727500
35.206500
35.685500
36.164500
36.643500
37.122500
37.601500
38.080500
38.559500
39.038500
39.517500
39.996500
40.475500
40.954500
41.433500
41.912500
42.391500
42.870500
43.349500
43.828500
44.307500
44.786500
45.265500
45.744500
46.223500
46.702500
47.181500
47.660500
48.139500
48.618500
49.097500
49.576500
50.055500
50.534500
51.013500
51.492500
51.971500
52.450500
52.929500
53.408500
53.887500
54.366500
54.845500
55.324500
55.803500
56.282500
56.761500
57.240500
57.719500
58.198500
58.677500
59.156500
59.635500
60.114500
60.593500
61.072500
61.551500
62.030500
62.509500
62.988500
63.467500
63.946500
64.425500
64.904500
65.383500
65.862500
66.341500
66.820500
67.299500
67.778500
68.257500
68.736500
69.215500
69.694500
70.173500
70.652500
71.131500
71.610500
72.089500
72.568500
73.047500
73.526500
74.005500
74.484500
74.963500
75.442500
75.921500
76.400500
76.879500
77.358500
77.837500
78.316500
78.795500
79.274500
79.753500
80.232500
80.711500
81.190500
81.669500
82.148500
82.627500
83.106500
83.585500
84.064500
84.543500
85.022500
85.501500
85.980500
86.459500
86.938500
87.417500
87.896500
88.375500
88.854500
89.333500
89.812500
90.291500
90.770500
91.249500
91.728500
92.207500
92.686500
93.165500
93.644500
94.123500
94.602500
95.081500
95.560500
96.039500
96.518500
96.997500
97.476500
97.955500
98.434500
98.913500
99.392500
99.871500
100.350500
100.829500
101.308500
101.787500
102.266500
102.745500
103.224500
103.703500
104.182500
104.661500
105.140500
105.619500
106.098500
106.577500
107.056500
107.535500
108.014500
108.493500
108.972500
109.451500
109.930500
110.409500
110.888500
111.367500
111.846500
112.325500
112.804500
113.283500
113.762500
114.241500
114.720500
115.199500
115.678500
116.157500
116.636500
117.115500
117.594500
118.073500
118.552500
119.031500
119.510500
119.989500
120.468500
120.947500
121.426500
121.905500
122.384500
122.863500
123.342500
123.821500
124.300500
124.779500
125.258500
125.737500
126.216500
126.695500
127.174500
127.653500
128.132500
128.611500
129.090500
129.569500
130.048500
130.527500
131.006500
131.485500
131.964500
132.443500
132.922500
133.401500
133.880500
134.359500
134.838500
135.317500
135.796500
136.275500
136.754500
137.233500
137.712500
138.191500
138.670500
139.149500
139.628500
140.107500
140.586500
141.065500
141.544500
142.023500
142.502500
142.981500
143.460500
143.939500
144.418500
144.897500
145.376500
145.855500
146.334500
146.813500
147.292500
147.771500
148.250500
148.729500
149.208500
149.687500
150.166500
150.645500
151.124500
151.603500
152.082500
152.561500
153.040500
153.519500
153.998500
154.477500
154.956500
155.435500
155.914500
156.393500
156.872500
157.351500
157.830500
158.309500
158.788500
159.267500
159.746500
160.225500
160.704500
161.183500
161.662500
162.141500
162.620500
163.099500
163.578500
164.057500
164.536500
165.015500
165.494500
165.973500
166.452500
166.931500
167.410500
167.889500
168.368500
168.847500
169.326500
169.805500
170.284500
170.763500
171.242500
171.721500
172.200500
172.679500
173.158500
173.637500
174.116500
174.595500
175.074500
175.553500
176.032500
176.511500
176.990500
177.469500
177.948500
178.427500
178.906500
179.385500
179.864500
180.343500
180.822500
181.301500
181.780500
182.259500
182.738500
183.217500
183.696500
184.175500
184.654500
185.133500
185.612500
186.091500
186.570500
187.049500
187.528500
188.007500
188.486500
188.965500
189.444500
189.923500
190.402500
190.881500
191.360500
191.839500
192.318500
192.797500
193.276500
193.755500
194.234500
194.713500
195.192500
195.671500
196.150500
196.629500
197.108500
197.587500
198.066500
198.545500
199.024500
199.503500
199.982500
200.461500
200.940500
201.419500
201.898500
202.377500
202.856500
203.335500
203.814500
204.293500
204.772500
205.251500
205.730500
206.209500
206.688500
207.167500
207.646500
208.125500
208.604500
209.083500
209.562500
210.041500
210.520500
210.999500
211.478500
211.957500
212.436500
212.915500
213.394500
213.873500
214.352500
214.831500
215.310500
215.789500
216.268500
216.747500
217.226500
217.705500
218.184500
218.663500
219.142500
219.621500
220.100500
220.579500
221.058500
221.537500
222.016500
222.495500
222.974500
223.453500
223.932500
224.411500
224.890500
225.369500
225.848500
226.327500
226.806500
227.764500
228.243500
228.722500
229.201500
229.680500
230.159500
230.638500
231.596500
232.075500
232.554500
233.033500
233.512500
233.991500
234.470500
234.949500
235.428500
235.907500
236.386500
236.865500
237.344500
237.823500
238.302500
238.781500
239.260500
239.739500
240.218500
241.176500
241.655500
242.134500
242.613500
243.571500
244.050500
244.529500
245.008500
245.487500
245.966500
246.445500
246.924500
247.403500
247.882500
248.840500
249.319500
