1.526225872781650000e+14
1.437830451968690000e+14
1.359105843562880000e+14
1.330375606549680000e+14
1.265130321389140000e+14
1.239561407515400000e+14
1.144519524735180000e+14
1.114799923978570000e+14
1.084659672055160000e+14
1.040059294389440000e+14
1.003448740627740000e+14
9.650805486368800000e+13
9.065062696457800000e+13
8.916319869429200000e+13
8.371912396181500000e+13
8.516802171773000000e+13
7.919174336793800000e+13
8.180977813144000000e+13
7.480690723558100000e+13
7.205440101779700000e+13
7.011861460419200000e+13
6.431327874773500000e+13
6.542149789263200000e+13
6.382799138204100000e+13
6.120400240688400000e+13
6.012252929777900000e+13
5.830549461311400000e+13
5.322974805225600000e+13
5.279682473796800000e+13
5.026867805160200000e+13
4.979830272449500000e+13
4.921153595671700000e+13
4.553182199287300000e+13
4.454755533799700000e+13
4.124137231736300000e+13
4.084308747538000000e+13
3.996636142760900000e+13
3.900539266051800000e+13
3.594580814648000000e+13
3.470167966239500000e+13
3.361983397454900000e+13
3.311503652585200000e+13
3.218348390236600000e+13
3.160014914277600000e+13
2.865098367353500000e+13
2.848272361868900000e+13
2.783689087208000000e+13
2.644267030115900000e+13
2.535064923410900000e+13
2.588892311895300000e+13
2.320631758448100000e+13
2.200641048746600000e+13
2.217725908248700000e+13
2.084159707684900000e+13
1.991801167172000000e+13
1.951690133396700000e+13
2.070125349098500000e+13
2.024287508751400000e+13
1.755834734361500000e+13
1.736091980429800000e+13
1.756697059719200000e+13
1.693757766831800000e+13
1.746432703878900000e+13
1.603177932636300000e+13
1.580254080723200000e+13
1.581416416361800000e+13
1.451319466361700000e+13
1.455221168117000000e+13
1.493187161979500000e+13
1.383369509036700000e+13
1.382142391670500000e+13
1.345491058035400000e+13
1.311257730987700000e+13
1.298337108390300000e+13
1.194549587439800000e+13
1.111323325915000000e+13
1.165848778000900000e+13
1.090573636896600000e+13
1.140012094573700000e+13
1.059563896697000000e+13
1.183603356694200000e+13
9.835151852308000000e+12
1.134601592050500000e+13
9.807851299646000000e+12
1.108359028706000000e+13
9.971835480055000000e+12
1.001993952796000000e+13
9.658391176869000000e+12
1.067664797177300000e+13
9.974405696337000000e+12
8.380198367777000000e+12
9.245485411076000000e+12
8.419576243358000000e+12
8.218984693094000000e+12
8.638148206479000000e+12
7.396985432370000000e+12
8.422734901136000000e+12
9.004814439106000000e+12
8.589065550463000000e+12
6.720920331138000000e+12
7.115184136638000000e+12
7.714662234395000000e+12
6.879211881477000000e+12
7.417708448384000000e+12
6.993864140587000000e+12
6.830397962424000000e+12
7.052603132769000000e+12
6.080001245173000000e+12
6.512675868361000000e+12
6.756195506045000000e+12
6.305922205724000000e+12
5.250816374283000000e+12
6.011480391557000000e+12
7.279597996744000000e+12
5.297199758027000000e+12
6.048714469866000000e+12
6.576482530094000000e+12
6.312132165947000000e+12
5.862355424829000000e+12
5.403167381076000000e+12
5.574572829626000000e+12
5.734556370072000000e+12
5.421355763487000000e+12
5.661934349508000000e+12
5.001852590193000000e+12
5.226572723352000000e+12
5.588483031192000000e+12
5.017593319311000000e+12
5.389601971945000000e+12
5.397988783214000000e+12
4.548820073009000000e+12
5.431201157815000000e+12
4.875892975825000000e+12
4.635704204978000000e+12
5.663220271841000000e+12
4.601334362110000000e+12
4.900270058533000000e+12
5.285534583849000000e+12
4.424914698201000000e+12
3.991932964078000000e+12
4.527742703967000000e+12
4.051231285275000000e+12
3.993968682986000000e+12
3.758208840791000000e+12
3.988800648162000000e+12
4.119150040085000000e+12
3.525700030736000000e+12
3.531671737445000000e+12
3.966885216072000000e+12
3.083384305047000000e+12
3.625129684573000000e+12
3.687121400577000000e+12
4.155836102881000000e+12
3.234514692368000000e+12
2.734617920528000000e+12
2.876239165740000000e+12
3.998235884849000000e+12
3.635839705518000000e+12
3.215378487291000000e+12
3.915104987867000000e+12
3.372898917898000000e+12
3.952083422377000000e+12
3.279960548526000000e+12
3.521545786073000000e+12
3.350727946276000000e+12
2.826784371740000000e+12
2.136241658651000000e+12
3.179982448087000000e+12
2.702025145043000000e+12
2.670257261934000000e+12
2.844290262091000000e+12
2.805949755302000000e+12
2.702751594490000000e+12
2.268167914074000000e+12
3.291994238070000000e+12
3.368572722852000000e+12
2.408042261415000000e+12
2.426458689310000000e+12
2.709314901058000000e+12
2.707500326398000000e+12
2.634849614263000000e+12
3.160299037029000000e+12
2.383415734038000000e+12
2.382001477399000000e+12
2.745749917359000000e+12
2.979465548889000000e+12
2.319107353141000000e+12
2.342897623827000000e+12
2.253675099191000000e+12
2.070658191235000000e+12
2.161433118468000000e+12
2.434430946674000000e+12
2.224306895535000000e+12
2.442926750866000000e+12
2.713900198664000000e+12
2.292562752222000000e+12
2.503532345160000000e+12
2.421857039351000000e+12
2.125689161180000000e+12
2.340647191050000000e+12
2.135881984134000000e+12
2.007444917151000000e+12
2.442880352798000000e+12
2.127010169579000000e+12
2.205737083231000000e+12
2.013193202110000000e+12
2.279794489315000000e+12
1.444044602725000000e+12
1.765457170884000000e+12
2.283060125759000000e+12
1.622951308160000000e+12
1.776580370034000000e+12
1.723186176466000000e+12
1.768310628011000000e+12
2.302391104103000000e+12
2.018825216160000000e+12
2.066539156685000000e+12
2.203719621260000000e+12
1.545154062625000000e+12
1.654303074203000000e+12
1.949981535733000000e+12
1.876749550610000000e+12
2.060593877878000000e+12
1.730570615939000000e+12
1.610057057855000000e+12
1.700429746945000000e+12
1.277431579353000000e+12
1.885473273256000000e+12
1.778636875659000000e+12
2.293973184487000000e+12
1.855923886682000000e+12
1.611786249503000000e+12
1.631309716197000000e+12
1.829886875917000000e+12
2.107944644032000000e+12
1.558530002253000000e+12
1.721578475359000000e+12
1.798259870365000000e+12
2.037580126908000000e+12
1.615303647569000000e+12
1.603090226860000000e+12
2.074837574686000000e+12
1.835123614936000000e+12
1.126523537353000000e+12
1.334650800519000000e+12
1.502023052535000000e+12
1.692189877430000000e+12
1.345577314029000000e+12
1.592869335240000000e+12
1.709389788092000000e+12
1.283226988692000000e+12
1.640832365376000000e+12
1.100281537207000000e+12
1.765319818494000000e+12
1.689057282925000000e+12
1.447950746491000000e+12
1.385845530466000000e+12
1.014788539194000000e+12
1.710801075468000000e+12
1.568870009223000000e+12
1.473053294392000000e+12
1.501636473807000000e+12
1.682256022658000000e+12
1.673908348996000000e+12
1.211264825507000000e+12
1.818475847225000000e+12
1.133480059860000000e+12
1.602576203571000000e+12
1.697109052782000000e+12
1.477968461577000000e+12
1.488136692786000000e+12
1.643370495705000000e+12
1.349636098070000000e+12
1.135395229943000000e+12
1.477980488649000000e+12
1.366585336589000000e+12
1.023176132776000000e+12
1.279689307841000000e+12
1.477397968095000000e+12
1.611144389345000000e+12
8.790834924590000000e+11
1.435082922500000000e+12
9.098200445670000000e+11
8.586172608520000000e+11
6.252968887560000000e+11
1.287315436960000000e+12
7.802491205680000000e+11
9.083271120200000000e+11
1.249465808198000000e+12
9.699278246320000000e+11
7.796768786020000000e+11
1.289081911036000000e+12
7.281425114510000000e+11
1.270244382606000000e+12
8.425170412090000000e+11
1.152411305797000000e+12
5.913095892010000000e+11
5.045232338300000000e+11
4.608521812270000000e+11
8.247835274800000000e+11
6.880786423180000000e+11
9.624932093670000000e+11
7.308564004540000000e+11
1.163715178229000000e+12
1.138189589598000000e+12
8.201327352340000000e+11
6.963395058980000000e+11
1.136312059643000000e+12
5.381014334960000000e+11
6.519539331530000000e+11
6.391193036160000000e+11
7.481254132700000000e+11
9.005412299510000000e+11
7.473452995470000000e+11
6.297724900200000000e+11
7.372212931500000000e+11
8.281403106420000000e+11
5.473263608870000000e+11
7.052233405430000000e+11
6.544161693840000000e+11
8.692687624640000000e+11
4.958575801020000000e+11
6.102644277710000000e+11
4.250973995380000000e+11
6.151040081740000000e+11
2.538854094820000000e+11
4.844235117570000000e+11
5.856694496980000000e+11
4.442332026880000000e+11
4.137148102670000000e+11
5.013121184610000000e+11
3.096777966690000000e+11
4.826607840490000000e+11
5.697650445410000000e+11
5.112652669570000000e+11
3.301255668170000000e+11
4.251458536020000000e+11
2.880924865780000000e+11
3.987688213050000000e+11
4.482278640370000000e+11
3.846900369880000000e+11
4.511435087720000000e+11
4.270783150990000000e+11
3.565767511890000000e+11
2.652356656710000000e+11
5.622231727070000000e+11
3.931097576160000000e+11
4.392541175550000000e+11
3.783523307380000000e+11
3.586839757440000000e+11
3.943627878860000000e+11
3.290108357620000000e+11
1.953699918400000000e+11
5.927040898030000000e+11
1.274709010800000000e+11
2.254595529800000000e+11
2.634597698770000000e+11
2.930423867180000000e+11
2.862690692840000000e+11
2.315721091250000000e+11
4.788018099970000000e+11
2.820427255700000000e+11
1.857529886710000000e+11
2.989767636480000000e+11
5.775035398620000000e+11
4.880466835420000000e+11
3.468539033340000000e+11
2.341730622740000000e+11
4.958286772380000000e+11
2.038353035670000000e+11
2.238444277740000000e+11
2.008462764670000000e+11
9.986340726000000000e+10
2.494454950540000000e+11
1.602709733430000000e+11
2.055451342170000000e+11
2.368949870650000000e+11
1.824652886430000000e+11
1.255448939320000000e+11
4.170004671210000000e+11
2.283660844560000000e+11
2.040309784610000000e+11
1.875848427250000000e+11
1.210598687540000000e+11
9.978480722400000000e+10
1.277644141360000000e+11
3.657011453600000000e+10
1.944875922400000000e+11
2.287028789200000000e+10
1.034779277290000000e+11
1.934138931150000000e+11
1.001015151260000000e+11
6.526950396000000000e+10
2.912545158690000000e+11
2.156666455970000000e+11
1.183145701720000000e+11
7.088524763200000000e+10
6.437493287600000000e+10
6.498268345000000000e+10
1.420238668990000000e+11
1.269210005500000000e+11
3.780198031700000000e+10
2.688598022480000000e+11
1.055213710370000000e+11
1.068995355160000000e+11
1.326293301220000000e+11
1.581911592130000000e+11
1.748140185730000000e+11
1.362977432230000000e+11
1.055462122940000000e+11
2.554610410730000000e+11
5.347862677600000000e+10
1.467053426980000000e+11
2.593533119580000000e+11
1.190776876520000000e+11
7.385906881900000000e+10
8.987442040200000000e+10
1.309208491640000000e+11
2.170968475660000000e+11
1.199271850500000000e+11
1.446173758050000000e+11
1.807118517090000000e+11
1.768422041060000000e+11
3.995365218800000000e+10
9.496335880100000000e+10
1.477990100920000000e+11
9.572257400000000000e+09
2.068708232570000000e+11
3.323590445800000000e+10
