5.266655809252200000e+13
7.729669349012200000e+13
6.094359103593200000e+13
5.219649318000900000e+13
2.302773658536110000e+14
2.729583750491420000e+14
2.389100641153570000e+14
2.115448657561720000e+14
1.828211026125630000e+14
1.616874563783210000e+14
1.446529264451480000e+14
1.225016809974080000e+14
1.110128710087580000e+14
9.646923760040900000e+13
8.717030234172700000e+13
8.242224868502500000e+13
6.641828814175600000e+13
6.355115826492900000e+13
5.519336921394200000e+13
5.484081419892700000e+13
4.909269106352600000e+13
4.386387080989900000e+13
4.236097918729000000e+13
3.931695292872500000e+13
3.633155426888300000e+13
3.015818170475400000e+13
3.301297569486500000e+13
2.798443403492100000e+13
2.854136974075900000e+13
2.625128748407400000e+13
2.372870898917300000e+13
2.237562416751800000e+13
2.220049976828500000e+13
2.114888919888800000e+13
1.753066952025500000e+13
1.949443489189400000e+13
1.593153021459300000e+13
1.349625480593400000e+13
1.525749410920600000e+13
1.545720493046200000e+13
1.489284637384600000e+13
1.347718990821300000e+13
1.396965905938600000e+13
1.201866198886500000e+13
1.115936610825500000e+13
1.275893472432400000e+13
1.114119565941700000e+13
1.032065928237000000e+13
1.069678433999500000e+13
1.175059719246200000e+13
9.906633171147000000e+12
1.036738736045200000e+13
1.008188519083300000e+13
8.871456123104000000e+12
9.388611575219000000e+12
7.597468212115000000e+12
8.291241290496000000e+12
7.590919966379000000e+12
8.114600257510000000e+12
7.931588403635000000e+12
7.239226479108000000e+12
7.787919259859000000e+12
6.948255567521000000e+12
6.808645437871000000e+12
6.534552168991000000e+12
7.362850478902000000e+12
6.320164542108000000e+12
6.688598398560000000e+12
5.367997329226000000e+12
5.607849369930000000e+12
6.616984046004000000e+12
6.447542163537000000e+12
5.693657595249000000e+12
6.320372379357000000e+12
5.604605426552000000e+12
5.223926486156000000e+12
5.181838447793000000e+12
4.856359045240000000e+12
5.509586311832000000e+12
5.338726533883000000e+12
4.363604273390000000e+12
5.153929577345000000e+12
4.068567301353000000e+12
4.509436840570000000e+12
4.753864344210000000e+12
4.464852677266000000e+12
3.854799038018000000e+12
3.760644668715000000e+12
4.178427693730000000e+12
3.266053093823000000e+12
3.683019595993000000e+12
3.708234323450000000e+12
3.928360982821000000e+12
3.717261936111000000e+12
3.291226398797000000e+12
3.168071984758000000e+12
4.146905839842000000e+12
4.106264382393000000e+12
3.838058538500000000e+12
3.517086774427000000e+12
3.450400793309000000e+12
4.221585964538000000e+12
3.606012155840000000e+12
3.871697940515000000e+12
3.117239025863000000e+12
3.478349724041000000e+12
3.459938104487000000e+12
2.756334730335000000e+12
2.664055458291000000e+12
3.642702905377000000e+12
2.931478920539000000e+12
2.698577884766000000e+12
3.069089904190000000e+12
3.196859763054000000e+12
2.369679647785000000e+12
2.825773324561000000e+12
2.225978082011000000e+12
2.452282031676000000e+12
2.271740850894000000e+12
2.096290726264000000e+12
3.130296058797000000e+12
2.716322485386000000e+12
2.326945352699000000e+12
2.468870511459000000e+12
2.692115783310000000e+12
2.348929101018000000e+12
2.137534070717000000e+12
2.355495487454000000e+12
2.933122691642000000e+12
2.524456606718000000e+12
2.424007729512000000e+12
1.878902124648000000e+12
1.996212438318000000e+12
2.214791116769000000e+12
1.961919114929000000e+12
1.489004717522000000e+12
2.069844090174000000e+12
1.932768165476000000e+12
1.994893314546000000e+12
1.608164176773000000e+12
2.114156637163000000e+12
1.927148361056000000e+12
1.917903524231000000e+12
1.768773394913000000e+12
2.073796267907000000e+12
1.533772287966000000e+12
1.320402684168000000e+12
1.626147493012000000e+12
1.435380526779000000e+12
1.437087061192000000e+12
1.737687244219000000e+12
1.939415396506000000e+12
1.555077419074000000e+12
1.416548991210000000e+12
1.317335977095000000e+12
1.511563708663000000e+12
1.430347672743000000e+12
1.685326503896000000e+12
2.152849632266000000e+12
1.139115341585000000e+12
1.417903839407000000e+12
1.342572066007000000e+12
1.611485133547000000e+12
1.061130095749000000e+12
1.032817188055000000e+12
1.577142555189000000e+12
1.222032940208000000e+12
1.383542297114000000e+12
1.303474292881000000e+12
1.499289518567000000e+12
1.050397839594000000e+12
1.066515634858000000e+12
1.626189224563000000e+12
9.708216117430000000e+11
9.887301803930000000e+11
1.186733837450000000e+12
1.317136353439000000e+12
1.373641920348000000e+12
1.190790525095000000e+12
1.183836378767000000e+12
9.993696425880000000e+11
1.105140203856000000e+12
1.031360950251000000e+12
1.018635531070000000e+12
1.360994217120000000e+12
9.813923279150000000e+11
9.217416765630000000e+11
7.717316807600000000e+11
1.046087217378000000e+12
1.108436764194000000e+12
1.035009824254000000e+12
6.504365839280000000e+11
1.122885648264000000e+12
7.524591514660000000e+11
7.681792736370000000e+11
8.046049682420000000e+11
7.901704680120000000e+11
7.855727049390000000e+11
6.972662876670000000e+11
5.426917563260000000e+11
1.017991030958000000e+12
8.622545450720000000e+11
6.614984089700000000e+11
9.199691477870000000e+11
4.890812994470000000e+11
7.535805766130000000e+11
8.009285179440000000e+11
6.892218035930000000e+11
6.744732456040000000e+11
7.998892492490000000e+11
5.851295643490000000e+11
8.185900344160000000e+11
6.233637632880000000e+11
6.593153617880000000e+11
7.662990854550000000e+11
5.421896160100000000e+11
7.109307233360000000e+11
6.374929412750000000e+11
7.157964803630000000e+11
6.759632872960000000e+11
5.906843654730000000e+11
6.186863102040000000e+11
5.487710926380000000e+11
6.640424945520000000e+11
3.829786111190000000e+11
3.787934458450000000e+11
9.434169719020000000e+11
5.534238209990000000e+11
5.127105338300000000e+11
4.839170539600000000e+11
4.934511745490000000e+11
4.138548711000000000e+11
3.920241037970000000e+11
3.931157202560000000e+11
3.597801549870000000e+11
3.654667334950000000e+11
3.636279653950000000e+11
5.732360402030000000e+11
3.634560892750000000e+11
3.590567000160000000e+11
4.485851790670000000e+11
4.874375019520000000e+11
3.637862661400000000e+11
3.738084696310000000e+11
3.203370957460000000e+11
4.969113690500000000e+11
4.160804137150000000e+11
3.883220342380000000e+11
4.762107590660000000e+11
2.284772564950000000e+11
2.791518529030000000e+11
2.305259847190000000e+11
2.384048634040000000e+11
4.104182853780000000e+11
3.757732465460000000e+11
2.926088434980000000e+11
2.740027285750000000e+11
3.233504492810000000e+11
2.711530702760000000e+11
2.507018214040000000e+11
3.967047178240000000e+11
3.021710819810000000e+11
3.046740427200000000e+11
2.939143989820000000e+11
2.721749893380000000e+11
4.036767758970000000e+11
3.113017038960000000e+11
2.435530474200000000e+11
1.972032902730000000e+11
2.826296283930000000e+11
2.740005972800000000e+11
2.341532951310000000e+11
2.219844716300000000e+11
2.098065846090000000e+11
1.540287339140000000e+11
1.847373020500000000e+11
2.000254202530000000e+11
1.772421421120000000e+11
2.355475682140000000e+11
1.645910262360000000e+11
2.006827354150000000e+11
2.954752275640000000e+11
1.864184330090000000e+11
2.777093369300000000e+11
1.714137928630000000e+11
1.389993749020000000e+11
1.953004723440000000e+11
1.537604016610000000e+11
2.136683932310000000e+11
2.997751179700000000e+11
2.229046774920000000e+11
1.913870882380000000e+11
3.625178894410000000e+11
1.356478459840000000e+11
1.012528656740000000e+11
1.732994268300000000e+11
1.608670349990000000e+11
9.930311879800000000e+10
3.021200899430000000e+11
1.880974339420000000e+11
1.497500494450000000e+11
1.232393179170000000e+11
1.337624772440000000e+11
2.391728676890000000e+11
1.183756519510000000e+11
1.107796038380000000e+11
1.040804572870000000e+11
1.288038175910000000e+11
1.017208587990000000e+11
1.360241387340000000e+11
1.317085365600000000e+11
1.403929678330000000e+11
1.294296960380000000e+11
1.469411591000000000e+11
1.103963643890000000e+11
1.305630005560000000e+11
1.137438919080000000e+11
1.329552240160000000e+11
8.798277357000000000e+10
1.079577107840000000e+11
1.322164663560000000e+11
9.935946889800000000e+10
1.004451990520000000e+11
1.256661011960000000e+11
1.713770905450000000e+11
1.154819903130000000e+11
1.107167808760000000e+11
7.421768117500000000e+10
7.007113223000000000e+10
1.028716333090000000e+11
7.872371937400000000e+10
8.388807702700000000e+10
1.297948211010000000e+11
6.440533427200000000e+10
8.232884225900000000e+10
8.327467389300000000e+10
1.039644953000000000e+11
1.140141414570000000e+11
1.256658098200000000e+11
6.162347566100000000e+10
9.431482389000000000e+10
6.385100100700000000e+10
5.142662339600000000e+10
5.222450183800000000e+10
4.696921445000000000e+10
5.522419487800000000e+10
4.899070230800000000e+10
1.785313867200000000e+11
4.675961141000000000e+10
6.258897372600000000e+10
4.110884244900000000e+10
6.011866730900000000e+10
4.093066808300000000e+10
4.951920910300000000e+10
4.266157748100000000e+10
4.410770483800000000e+10
9.703188718600000000e+10
8.279187182600000000e+10
7.374389417000000000e+10
7.534803617200000000e+10
4.893891821400000000e+10
3.467016746900000000e+10
4.728864833000000000e+10
5.024469663300000000e+10
3.958969347500000000e+10
4.371095749200000000e+10
2.709822610000000000e+10
3.745640139300000000e+10
6.111046960100000000e+10
2.359433218100000000e+10
6.550073139000000000e+10
5.600768736700000000e+10
4.255091494800000000e+10
6.620658763400000000e+10
1.772498483600000000e+10
2.388843940300000000e+10
5.903700048100000000e+10
2.235034338800000000e+10
4.713491203500000000e+10
9.305923200800000000e+10
5.803590261900000000e+10
4.917858493600000000e+10
5.666518338800000000e+10
1.547133679000000000e+10
1.817876904200000000e+10
4.102140053400000000e+10
1.866233395600000000e+10
5.531013627500000000e+10
1.367644312100000000e+10
4.786298857000000000e+09
2.393713902600000000e+10
3.030319587300000000e+10
8.756103602000000000e+09
3.889472904000000000e+10
3.333033989800000000e+10
2.440346562600000000e+10
1.562929352000000000e+10
3.421701643900000000e+10
4.316750038900000000e+10
2.820141907900000000e+10
4.110857810700000000e+10
3.105751514400000000e+10
2.608707480000000000e+10
2.062713923800000000e+10
3.866477866200000000e+10
3.875841680000000000e+10
1.158732495700000000e+10
4.121762211200000000e+10
3.289517330000000000e+10
2.417793702400000000e+10
1.909234453100000000e+10
1.914481627800000000e+10
1.548392133900000000e+10
2.209856047900000000e+10
3.437663640700000000e+10
1.566475928500000000e+10
1.115221584400000000e+10
2.561170496100000000e+10
8.842856504000000000e+09
2.503248278700000000e+10
2.555870640600000000e+10
2.533935739000000000e+10
3.551311664400000000e+10
2.242391192000000000e+10
4.121324431000000000e+09
5.722929863000000000e+09
2.065439762500000000e+10
5.114575225000000000e+09
2.019451356100000000e+10
2.290709043200000000e+10
2.922841138400000000e+10
1.889878685400000000e+10
1.299471271500000000e+10
5.544226959600000000e+10
4.858092673000000000e+09
8.675989802000000000e+09
1.450565068100000000e+10
5.034869639000000000e+09
2.640456625000000000e+09
1.608933122900000000e+10
2.590114976500000000e+10
1.603390298900000000e+10
1.746939712000000000e+10
2.323297671000000000e+09
2.155184955600000000e+10
6.300039527000000000e+09
9.177754784000000000e+09
1.281941929400000000e+10
2.235363513300000000e+10
1.165626122600000000e+10
1.409967956100000000e+10
7.655064137000000000e+09
7.688633385000000000e+09
1.459811939900000000e+10
