3194161605791693
2909301655797913
2621179255083007
2449561558347412
2193042728738263
2033943194438107
1948394667963126
1838732101430826
1704182731603413
1620188063791233
1531228767604749
1455004809519519
1427552173309666
1320845822813704
1286018280562174
1209693585135397
1168676027786649
1101025270735066
1060731627868617
1058627409186696
1014790341515113
970776991767552
938296692862857
893185854465910
856366831588844
811123462549957
800680853838306
743409721890555
787716236449557
749433929101459
688375779807234
672843854098701
674236806344906
622301674248215
638761995020756
593482328530793
588285725705981
563591395973512
537363552738786
526082011905228
528888403230180
486906208266816
495922610947177
476963065241142
469179791922428
455339963782007
441243682639622
427268578451663
409609028084568
420279693406204
386723838403619
409978960214251
379981347296479
363313262452881
361339725684368
370710569634467
346311280262363
335329525434485
331452380139388
322730686950791
306921469853596
299168769083001
311433477081677
291047612604032
309191885881571
290803880311786
280227949301629
270188541581375
269234752742788
249433141610553
254648149364402
243745491445437
251288607110335
238403952791910
232863005229047
228052329934636
234294524317543
219546623999515
218055932562957
221146428587901
201003498602485
205639748700098
212570073785401
200165600501955
190002017557121
179995956288538
200984184962945
197717468863333
177763785975328
174328380440036
181837888537592
174005217296302
155034049435221
166447755400683
162265375105936
170390170482234
167270280272252
153818846274767
156631272970840
149948180002882
152783681378430
142186580604670
146667884737942
133411668855359
136978370692121
133735617607347
124269731976164
130376375064545
131457483899901
123061458728013
126029433183914
112748447402521
128594750143512
113227134748477
114980370012308
117442851142523
107952900411464
102780934037388
104802871648670
105166500862970
109020707136552
95577218267109
101188399482216
97497617603638
99817009145046
94687608234028
97950260414759
98347812286408
89945790149682
88264292771909
79524196835802
84438211407524
85040095263316
81528092448472
89119236154220
83253741629640
77654939092245
70443265619968
73901309633494
74429203441160
81227793057582
68150612959252
72062163033060
72125833929653
72350772916698
65326907532648
63748385076118
61066219273876
64804871085423
66271346139603
67659078131051
67879307845234
61998620944275
57392294599929
61386749189787
56241036389323
60808389029741
59059437031650
54520131045861
58445665780481
50612847867952
49460280564929
49259449792433
51809718010236
49499856979738
51314078283391
46169459187919
46154448958933
43938554281934
47288647252697
44948217123773
44729290868608
41648291788493
43855054676299
51952433161713
43131193857704
42639200339738
40930764182302
40606018391313
38455751813449
40907955296905
36451952295303
38331002423457
39115339136541
40316733319733
44246432289471
36914598944235
42963611278751
34149126160831
32693564758686
27981629605202
38776149415244
34642128046745
35342935276581
27086407574466
33453025325871
30634734846861
31194653989156
29562993760596
31338669801195
27848677688847
27312140544526
30712057557940
29466128818921
30763241773188
29690561688760
29458249566509
27426746240493
32001072245867
29614740999239
24806171000806
24534292291261
33654989026747
27512025338523
26065378045988
26969749980074
27144597309072
28626351078744
21892177842916
22559013637379
23107466270884
25045592148348
21288187662482
27864797957017
23691892333464
19810841729735
19945134721384
18693984246594
21218591578997
18793652346956
18853349588766
21070453397559
24415923527303
19160189846320
20356210590522
16796536209472
21281523411084
21708884391770
22235008602033
14747583829902
21633229916265
19122192120313
20077157540283
18292419214129
17365055307057
15070913758996
17957428019516
14493560107047
14949653508812
16491033003207
14404139515151
18523758609862
15327909789307
17734995353551
13807796676013
12753036924067
15130806735475
9931660965367
15121859962023
17134957715224
11708624053555
13742350297132
11252944924697
12976157682610
11803265580564
12731395430043
8957168147430
15367835675234
13677765003919
8620501377255
10301762732039
14210474014323
10063419470944
11814688339867
8533494754580
12729388187546
12548416697393
12520987598314
10950239239139
7724230211118
7665363834644
6877013271004
12625340687668
9178153407029
9148068527081
6402057859584
6546864371237
7951229905519
10882572056862
6321999913313
8899493490528
8380498715053
6592773568654
9167186772424
9351313790972
7427761957445
8046498491822
9597199606731
10111980874016
7110775662262
7101136394252
5139887186606
6409013631244
6703353091861
8289872113381
4485781530901
7607523109652
7872791647322
7130168533362
7136746295365
5875708427971
8293880215514
5954115701911
6346234298732
6817204856391
5634418579935
6785059069791
4833855408475
5330896634623
5441810302371
3918560211975
4998156282749
6697152325668
4529719770806
5015043660280
4360455740284
7266921327869
7254697229270
3600309994470
8613622520486
5082980704014
5621686463637
3891794974975
5337948470603
3245028250769
3377794504098
4718484878726
3245028250769
4202294161041
2105914723732
2792517275445
2670987705374
1255213996058
2175537507014
4789193925217
2698544934582
2466957898882
4496794353221
6609094534382
3876576744447
3266268437708
4289534722948
3596286677548
3372024739656
2229294873382
2456380125815
2360020546014
2655023114266
1768807618246
4130035955525
2583729452850
3713400744075
3540030819021
2822148510202
4150975624025
1743301865816
1770015409510
3540030819021
2926619660100
3548846314842
2065017977762
1770015409510
1457334326206
2065017977762
2065017977762
2655023114266
2360020546014
1475012841259
2595950676357
3245028250769
1819394863920
2886799000598
1822961582413
4520246989823
2655023114266
2058204398656
2556109863348
3245028250769
2065017977762
1791322987717
1499238333876
2130449767029
1514387496522
1817041011346
295002568251
1250738591617
1770015409510
1475012841259
1770015409510
610555053470
2065017977762
2655023114266
2197422035240
2718246781007
1989133751679
2065017977762
2122058028534
1495956922872
2394476545734
2415294431865
1459439390492
3245028250769
1769794312858
1770015409510
2185774415538
1770015409510
1356599078554
1502667231292
358918779234
1180010273007
1770015409510
1475012841259
1077054229805
1062368401716
346311819190
1463330437557
1765626883447
1475012841259
2297136860649
885007704755
1180010273007
1872409793172
885007704755
1180010273007
885007704755
885007704755
885007704755
1180010273007
295002568251
590005136503
885007704755
295002568251
1475012841259
1180010273007
885007704755
590005136503
1475012841259
1180010273007
590005136503
590005136503
524684458507
885007704755
1076312266214
547276031729
295002568251
885007704755
885007704755
2065017977762
438817656472
885007704755
885007704755
1180010273007
295002568251
590005136503
885007704755
933410704373
1470111462137
1055815438757
295002568251
590005136503
885007704755
1180010273007
590005136503
885007704755
590005136503
295002568251
295002568251
295002568251
295002568251
885007704755
590005136503
1256576683216
1255892013639
590005136503
62209145406
295002568251
590005136503
590005136503
295002568251
885007704755
295002568251
1503838550436
590005136503
376671146576
885007704755
319079180426
590005136503
854338785343
295002568251
590005136503
