2398454767106451
2083389817476019
1917354394845659
1783993747552318
1596719041981237
1454161907545525
1329351194669803
1221871368347480
1128106561074792
1054855999355400
959851182004138
932698226865876
904228650742470
811394760945748
775595312849898
710057383038744
668597835720923
651900303236992
608027963366901
568864231686924
555278337092802
539143153276721
489378581771833
492353038280657
435632289311352
442003902873077
418690417505531
389508100888830
409874783981748
373427341664478
375778838445763
349328064754982
324180928888313
320362060748384
309584745640322
291787910755943
287223733830273
276937921513812
263140868625915
261831712228277
253759760106985
236702443060679
237413609169919
226289867955838
224994988651557
213275182059816
208300802654062
203702807363039
193294440052123
187823993026145
184949307142303
175897892135796
182240839240709
163203017844066
166737869862841
162802668218192
150868732149855
155973991839727
146506871521166
146114693467987
151656672742103
136099138346672
131642852080244
137816770411918
135130297837440
125900621107045
114558694297546
122453134616010
111181150542075
122037158773468
112990994474039
111877923752212
108959784384451
106440392176379
100732895488658
108019761930982
99105992929185
89158643483094
91651822124456
90440256454100
95973636134086
92632771897367
82484846321008
84975355992822
89732002018654
85972388160601
80883688689677
80331345467934
72239763636772
75255015095862
65847775460318
74587175875008
72909079568814
67554127880212
64230136240378
61913304657849
63060419516925
66810835901022
63981157891777
64034254127223
64915333325456
57102262964844
55403654794316
57955515483248
57126289385342
55251268600215
48750972727402
50923141850121
48634403065273
53726982414451
48744706607197
47763746237940
48404873933535
50887808610925
50634154759652
45575329885102
40875201460027
50045560994511
46652788248408
44088823461983
40513517948053
42844525051047
39402795617414
36588619056587
35755161892135
37565536246652
36903976896000
33358564333080
33277183051024
32884989235857
35505057687409
36207758231556
32647488663340
35724717878347
34462829905594
30575815780970
29547370683686
31060081099957
29691066337172
32192308224624
27870305168134
34212768393610
28205783798504
30102917371052
25060690576032
27620395525024
25582008374729
23854064234647
24550745703737
27316104918537
23732204434765
25564326654002
23196894639874
24189793614435
22078699707840
25613309918617
22272903822884
23647661338601
20710644527112
19781300382061
20141170024288
18927332452145
22569064513326
22475257697886
20855437238302
18887554172379
18336578816864
18663805091772
19217441095111
19904426425888
19597254871141
18551252431206
15161122272119
19854561044588
15567583080835
15497024777332
15362295087380
15787116577943
16925857746804
12979207960766
14571583147428
14797267245636
13796476582595
15683548467337
14366202437914
14001263353448
13749181029014
12437788850116
12275620977523
12047808124011
10531427960946
10936845737856
10590982096462
12990813726058
10098174592081
10045721485368
11220202633791
8977507105554
11477142189916
11781223771574
9495320194989
11356707110914
9602132183699
7299499229916
9556744539730
9841713362600
9228548714103
8447288808572
7549148077624
9881973077478
8089125358518
8352285665547
7413152205954
8606316786095
7260657201876
9129530107331
8056688891704
6007892793299
7209635136836
8492156068739
8419745713134
7230598230471
5755467695604
6012827429153
6391799295113
4689076310344
6059737645589
5125247227722
6513847658739
6769092082392
5781705576235
6178426374002
5497611143633
4288894027960
4622176740637
5664328620308
4233796298353
5210113747985
5018221289940
3268352543198
4762212157926
3197819338318
5474931516242
3972120138029
3982122050720
3804697067721
3563283201749
4322015840629
3257527848840
3415312957577
2881912946719
4748305438943
3830903520777
2933875590294
2988751522429
3600868307255
3180794347134
3145212430385
2974492223676
2268550881875
2013166348966
3004098526716
3639784864978
3481635784463
2594365162990
2633540937425
2499592991173
3364094823033
2314284170710
2166477917313
2357292647255
2283454712466
1622566982501
1658964483652
1494070603613
1338178151748
2251640063497
1539698992928
1882280426933
2371501992181
1251366679489
1576694682081
2313735324250
1479840578420
1603161547894
1343286672229
1153943810525
2161486640378
1530992756948
1832264643952
2100555803437
1664273732538
2204893868041
1308289547918
817445195802
1013794141169
1571744336075
1173002655820
1526017145957
1724805654739
1247405815699
1575481536375
1699734677803
300456390415
1005572544196
1331386879510
402673801984
1435826795638
677486608947
1234164539274
897926132361
689192169418
660312338860
964053343037
353359150331
1112515966740
1059751700789
764401927791
370493479831
323124377696
765577737944
680986142660
689255075514
831717026491
514901129609
334741942081
463352532526
387191439639
1071234389272
684146372685
186404125465
357612839188
176379370416
183649308033
509785268477
310697786378
479591999524
489775897068
766784141444
1025810335501
39970683163
524319614777
666417896288
888729971548
556029801970
370980867006
288766260669
310880950764
150042162973
300084325946
274285129600
224157285853
804667393888
300084325946
33157262135
150042162973
407497504921
300084325946
492157617973
497047695736
166361501037
316148904787
211590897882
161873804583
310657380650
460554164956
300084325946
475390165049
39952089464
461797560122
27265020410
