1.149639999999999986e+02
1.205720000000000027e+02
1.261800000000000068e+02
1.317880000000000109e+02
1.373960000000000150e+02
1.430039999999999907e+02
1.486119999999999948e+02
1.542199999999999989e+02
1.598280000000000030e+02
1.654360000000000070e+02
1.710440000000000111e+02
1.766519999999999868e+02
1.822599999999999909e+02
1.878679999999999950e+02
1.934759999999999991e+02
1.990840000000000032e+02
2.046920000000000073e+02
2.103000000000000114e+02
2.159080000000000155e+02
2.215159999999999911e+02
2.271239999999999952e+02
2.327319999999999993e+02
2.383400000000000034e+02
2.439480000000000075e+02
2.495560000000000116e+02
2.551640000000000157e+02
2.607720000000000482e+02
2.663799999999999955e+02
2.719879999999999995e+02
2.775960000000000036e+02
2.832039999999999509e+02
2.888120000000000118e+02
2.944199999999999591e+02
3.000280000000000200e+02
3.056359999999999673e+02
3.112440000000000282e+02
3.168519999999999754e+02
3.224600000000000364e+02
3.280679999999999836e+02
3.336760000000000446e+02
3.392839999999999918e+02
3.448920000000000528e+02
3.505000000000000000e+02
3.561079999999999472e+02
3.617160000000000082e+02
3.673239999999999554e+02
3.729320000000000164e+02
3.785399999999999636e+02
3.841480000000000246e+02
3.897559999999999718e+02
3.953640000000000327e+02
4.009719999999999800e+02
4.065800000000000409e+02
4.121879999999999882e+02
4.177960000000000491e+02
4.234039999999999964e+02
4.290120000000000005e+02
4.346200000000000045e+02
4.402279999999999518e+02
4.458360000000000127e+02
4.514439999999999600e+02
4.570520000000000209e+02
4.626599999999999682e+02
4.682680000000000291e+02
4.738759999999999764e+02
4.794840000000000373e+02
4.850919999999999845e+02
4.907000000000000455e+02
4.963079999999999927e+02
5.019160000000000537e+02
5.075240000000000009e+02
5.131320000000000618e+02
5.187400000000000091e+02
5.243479999999999563e+02
5.299560000000000173e+02
5.355640000000000782e+02
5.411720000000000255e+02
5.467799999999999727e+02
5.523879999999999200e+02
5.579959999999999809e+02
5.636040000000000418e+02
5.692119999999999891e+02
5.748199999999999363e+02
5.804279999999999973e+02
5.860360000000000582e+02
5.916440000000000055e+02
5.972519999999999527e+02
6.028600000000000136e+02
6.084680000000000746e+02
6.140760000000000218e+02
6.196839999999999691e+02
6.252920000000000300e+02
6.308999999999999773e+02
6.365080000000000382e+02
6.421159999999999854e+02
6.477239999999999327e+02
6.533319999999999936e+02
6.589400000000000546e+02
6.645480000000000018e+02
6.701559999999999491e+02
6.757640000000000100e+02
6.813720000000000709e+02
6.869800000000000182e+02
6.925879999999999654e+02
6.981960000000000264e+02
7.038039999999999736e+02
7.094120000000000346e+02
7.150199999999999818e+02
7.206279999999999291e+02
7.262359999999999900e+02
7.318440000000000509e+02
7.374519999999999982e+02
7.430599999999999454e+02
7.486680000000000064e+02
7.542760000000000673e+02
7.598840000000000146e+02
7.654919999999999618e+02
7.711000000000000227e+02
7.767079999999999700e+02
7.823160000000000309e+02
7.879239999999999782e+02
7.935319999999999254e+02
7.991399999999999864e+02
8.047480000000000473e+02
8.103559999999999945e+02
8.159639999999999418e+02
8.215720000000000027e+02
8.271800000000000637e+02
8.327880000000000109e+02
8.383959999999999582e+02
8.440040000000000191e+02
8.496120000000000800e+02
8.552200000000000273e+02
8.608279999999999745e+02
8.664359999999999218e+02
8.720439999999999827e+02
8.776520000000000437e+02
8.832599999999999909e+02
8.888679999999999382e+02
8.944759999999999991e+02
9.000840000000000600e+02
9.056920000000000073e+02
9.112999999999999545e+02
9.169080000000000155e+02
9.225160000000000764e+02
9.281240000000000236e+02
9.337319999999999709e+02
9.393399999999999181e+02
9.449479999999999791e+02
9.505560000000000400e+02
9.561639999999999873e+02
9.617719999999999345e+02
9.673799999999999955e+02
9.729880000000000564e+02
9.785960000000000036e+02
9.842039999999999509e+02
9.898120000000000118e+02
9.954200000000000728e+02
1.001028000000000020e+03
1.006635999999999967e+03
1.012244000000000028e+03
1.017851999999999975e+03
1.023459999999999923e+03
1.029067999999999984e+03
1.034675999999999931e+03
1.040284000000000106e+03
1.045891999999999825e+03
1.051500000000000000e+03
1.057108000000000175e+03
1.062715999999999894e+03
1.068324000000000069e+03
1.073932000000000016e+03
1.079539999999999964e+03
1.085148000000000138e+03
1.090755999999999858e+03
1.096364000000000033e+03
1.101971999999999980e+03
1.107579999999999927e+03
1.113188000000000102e+03
1.118795999999999822e+03
1.124403999999999996e+03
1.130012000000000171e+03
1.135619999999999891e+03
1.141228000000000065e+03
1.146836000000000013e+03
1.152443999999999960e+03
1.158052000000000135e+03
1.163659999999999854e+03
1.169268000000000029e+03
1.174875999999999976e+03
1.180483999999999924e+03
1.186092000000000098e+03
1.191699999999999818e+03
1.197307999999999993e+03
1.202916000000000167e+03
1.208523999999999887e+03
1.214132000000000062e+03
1.219740000000000009e+03
1.225347999999999956e+03
1.230956000000000131e+03
1.236563999999999851e+03
1.242172000000000025e+03
1.247780000000000200e+03
1.253387999999999920e+03
1.258996000000000095e+03
1.264603999999999814e+03
1.270211999999999989e+03
1.275820000000000164e+03
1.281427999999999884e+03
1.287036000000000058e+03
1.292644000000000005e+03
1.298251999999999953e+03
1.303860000000000127e+03
1.309467999999999847e+03
1.315076000000000022e+03
1.320684000000000196e+03
1.326291999999999916e+03
1.331900000000000091e+03
1.337507999999999811e+03
1.343115999999999985e+03
1.348724000000000160e+03
1.354331999999999880e+03
1.359940000000000055e+03
1.365548000000000002e+03
1.371155999999999949e+03
1.376764000000000124e+03
1.382371999999999844e+03
1.387980000000000018e+03
1.393588000000000193e+03
1.399195999999999913e+03
1.404804000000000087e+03
1.410411999999999807e+03
1.416019999999999982e+03
1.421628000000000156e+03
1.427235999999999876e+03
1.432844000000000051e+03
1.438451999999999998e+03
1.444059999999999945e+03
1.449668000000000120e+03
1.455275999999999840e+03
1.460884000000000015e+03
1.466492000000000189e+03
1.472099999999999909e+03
1.477708000000000084e+03
1.483315999999999804e+03
1.488923999999999978e+03
1.494532000000000153e+03
1.500139999999999873e+03
1.505748000000000047e+03
1.511355999999999995e+03
1.516963999999999942e+03
1.522572000000000116e+03
1.528179999999999836e+03
1.533788000000000011e+03
1.539396000000000186e+03
1.545003999999999905e+03
1.550612000000000080e+03
1.556219999999999800e+03
1.561827999999999975e+03
1.567436000000000149e+03
1.573043999999999869e+03
1.578652000000000044e+03
1.584259999999999991e+03
1.589867999999999938e+03
1.595476000000000113e+03
1.601083999999999833e+03
1.606692000000000007e+03
1.612300000000000182e+03
1.617907999999999902e+03
1.623516000000000076e+03
1.629124000000000024e+03
1.634731999999999971e+03
1.640340000000000146e+03
1.645947999999999865e+03
1.651556000000000040e+03
1.657163999999999987e+03
1.662771999999999935e+03
1.668380000000000109e+03
1.673987999999999829e+03
1.679596000000000004e+03
1.685204000000000178e+03
1.690811999999999898e+03
1.696420000000000073e+03
1.702028000000000020e+03
1.707635999999999967e+03
1.713244000000000142e+03
1.718851999999999862e+03
1.724460000000000036e+03
1.730067999999999984e+03
1.735675999999999931e+03
1.741284000000000106e+03
1.746891999999999825e+03
1.752500000000000000e+03
1.758108000000000175e+03
1.763715999999999894e+03
1.769324000000000069e+03
1.774932000000000016e+03
1.780539999999999964e+03
1.786148000000000138e+03
1.791755999999999858e+03
1.797364000000000033e+03
1.802971999999999980e+03
1.808579999999999927e+03
1.814188000000000102e+03
1.819795999999999822e+03
1.825403999999999996e+03
1.831012000000000171e+03
1.836619999999999891e+03
1.842228000000000065e+03
1.847836000000000013e+03
1.853443999999999960e+03
1.859052000000000135e+03
1.864659999999999854e+03
1.870268000000000029e+03
1.875875999999999976e+03
1.881483999999999924e+03
1.887092000000000098e+03
1.892699999999999818e+03
1.898307999999999993e+03
1.903916000000000167e+03
1.909523999999999887e+03
1.915132000000000062e+03
1.920740000000000009e+03
1.926347999999999956e+03
1.931956000000000131e+03
1.937563999999999851e+03
1.943172000000000025e+03
1.948780000000000200e+03
1.954387999999999920e+03
1.959996000000000095e+03
1.965603999999999814e+03
1.971211999999999989e+03
1.976820000000000164e+03
1.982427999999999884e+03
1.988036000000000058e+03
1.993644000000000005e+03
1.999251999999999953e+03
2.004860000000000127e+03
2.010467999999999847e+03
2.016076000000000022e+03
2.021684000000000196e+03
2.027291999999999916e+03
2.032900000000000091e+03
2.038507999999999811e+03
2.044115999999999985e+03
2.049724000000000160e+03
2.055331999999999880e+03
2.060940000000000055e+03
2.066547999999999774e+03
2.072155999999999949e+03
2.077764000000000124e+03
2.083372000000000298e+03
2.088980000000000018e+03
2.094587999999999738e+03
2.100195999999999913e+03
2.105804000000000087e+03
2.111412000000000262e+03
2.117019999999999982e+03
2.122627999999999702e+03
2.128235999999999876e+03
2.133844000000000051e+03
2.139452000000000226e+03
2.145059999999999945e+03
2.150668000000000120e+03
2.156275999999999840e+03
2.161884000000000015e+03
2.167492000000000189e+03
2.173099999999999909e+03
2.178708000000000084e+03
2.184315999999999804e+03
2.189923999999999978e+03
2.195532000000000153e+03
2.201139999999999873e+03
2.206748000000000047e+03
2.212355999999999767e+03
2.217963999999999942e+03
2.223572000000000116e+03
2.229180000000000291e+03
2.234788000000000011e+03
2.240395999999999731e+03
2.246003999999999905e+03
2.251612000000000080e+03
2.257220000000000255e+03
2.262827999999999975e+03
2.268435999999999694e+03
2.274043999999999869e+03
2.279652000000000044e+03
2.285260000000000218e+03
2.290867999999999938e+03
2.296476000000000113e+03
2.302083999999999833e+03
2.307692000000000007e+03
2.313300000000000182e+03
2.318907999999999902e+03
2.324516000000000076e+03
2.330123999999999796e+03
2.335731999999999971e+03
2.341340000000000146e+03
2.346947999999999865e+03
2.352556000000000040e+03
2.358163999999999760e+03
2.363771999999999935e+03
2.369380000000000109e+03
2.374988000000000284e+03
2.380596000000000004e+03
2.386203999999999724e+03
2.391811999999999898e+03
2.397420000000000073e+03
2.403028000000000247e+03
2.408635999999999967e+03
2.414243999999999687e+03
2.419851999999999862e+03
2.425460000000000036e+03
2.431068000000000211e+03
2.436675999999999931e+03
2.442284000000000106e+03
2.447891999999999825e+03
2.453500000000000000e+03
2.459108000000000175e+03
2.464715999999999894e+03
2.470324000000000069e+03
2.475931999999999789e+03
2.481539999999999964e+03
2.487148000000000138e+03
2.492756000000000313e+03
2.498364000000000033e+03
2.503971999999999753e+03
2.509579999999999927e+03
2.515188000000000102e+03
2.520796000000000276e+03
2.526403999999999996e+03
2.532011999999999716e+03
2.537619999999999891e+03
2.543228000000000065e+03
2.548836000000000240e+03
2.554443999999999960e+03
2.560052000000000135e+03
2.565659999999999854e+03
2.571268000000000029e+03
2.576876000000000204e+03
2.582483999999999924e+03
2.588092000000000098e+03
2.593699999999999818e+03
2.599307999999999993e+03
2.604916000000000167e+03
2.610523999999999887e+03
2.616132000000000062e+03
2.621739999999999782e+03
2.627347999999999956e+03
2.632956000000000131e+03
2.638564000000000306e+03
2.644172000000000025e+03
2.649779999999999745e+03
2.655387999999999920e+03
2.660996000000000095e+03
2.666604000000000269e+03
2.672211999999999989e+03
2.677819999999999709e+03
2.683427999999999884e+03
2.689036000000000058e+03
2.694644000000000233e+03
2.700251999999999953e+03
2.705860000000000127e+03
2.711467999999999847e+03
2.717076000000000022e+03
2.722684000000000196e+03
2.728291999999999916e+03
2.733900000000000091e+03
2.739507999999999811e+03
2.745115999999999985e+03
2.750724000000000160e+03
2.756331999999999880e+03
2.761940000000000055e+03
2.767547999999999774e+03
2.773155999999999949e+03
2.778764000000000124e+03
2.784372000000000298e+03
2.789980000000000018e+03
2.795587999999999738e+03
2.801195999999999913e+03
2.806804000000000087e+03
2.812412000000000262e+03
2.818019999999999982e+03
2.823627999999999702e+03
2.829235999999999876e+03
2.834844000000000051e+03
2.840452000000000226e+03
2.846059999999999945e+03
2.851668000000000120e+03
2.857275999999999840e+03
2.862884000000000015e+03
2.868492000000000189e+03
2.874099999999999909e+03
2.879708000000000084e+03
2.885315999999999804e+03
2.890923999999999978e+03
2.896532000000000153e+03
2.902139999999999873e+03
2.907748000000000047e+03
2.913355999999999767e+03
2.918963999999999942e+03
2.924572000000000116e+03
2.930180000000000291e+03
2.935788000000000011e+03
2.941395999999999731e+03
2.947003999999999905e+03
2.952612000000000080e+03
2.958220000000000255e+03
2.963827999999999975e+03
2.969435999999999694e+03
2.975043999999999869e+03
2.980652000000000044e+03
2.986260000000000218e+03
2.991867999999999938e+03
2.997476000000000113e+03
3.003083999999999833e+03
3.008692000000000007e+03
3.014300000000000182e+03
3.019907999999999902e+03
3.025516000000000076e+03
3.031123999999999796e+03
3.036731999999999971e+03
3.042340000000000146e+03
3.047947999999999865e+03
3.053556000000000040e+03
3.059163999999999760e+03
3.064771999999999935e+03
3.070380000000000109e+03
3.075988000000000284e+03
3.081596000000000004e+03
3.087203999999999724e+03
3.092811999999999898e+03
3.098420000000000073e+03
3.104028000000000247e+03
3.109635999999999967e+03
3.115243999999999687e+03
3.120851999999999862e+03
3.126460000000000036e+03
3.132068000000000211e+03
3.137675999999999931e+03
3.143284000000000106e+03
3.148891999999999825e+03
3.154500000000000000e+03
3.160108000000000175e+03
3.165715999999999894e+03
3.171324000000000069e+03
3.176931999999999789e+03
3.182539999999999964e+03
3.188148000000000138e+03
3.193756000000000313e+03
3.199364000000000033e+03
3.204971999999999753e+03
3.210579999999999927e+03
3.216188000000000102e+03
3.221796000000000276e+03
3.227403999999999996e+03
3.233011999999999716e+03
3.238619999999999891e+03
3.244228000000000065e+03
3.249836000000000240e+03
3.255443999999999960e+03
3.261052000000000135e+03
3.266659999999999854e+03
3.272268000000000029e+03
3.277876000000000204e+03
3.283483999999999924e+03
3.289092000000000098e+03
3.294699999999999818e+03
3.300307999999999993e+03
3.305916000000000167e+03
3.311523999999999887e+03
3.317132000000000062e+03
3.322739999999999782e+03
3.328347999999999956e+03
3.333956000000000131e+03
3.339564000000000306e+03
3.345172000000000025e+03
3.350779999999999745e+03
3.356387999999999920e+03
3.361996000000000095e+03
3.367604000000000269e+03
3.373211999999999989e+03
3.378819999999999709e+03
3.384427999999999884e+03
3.390036000000000058e+03
3.395644000000000233e+03
3.401251999999999953e+03
3.406860000000000127e+03
3.412467999999999847e+03
3.418076000000000022e+03
3.423684000000000196e+03
3.429291999999999916e+03
3.434900000000000091e+03
3.440507999999999811e+03
3.446115999999999985e+03
3.451724000000000160e+03
3.457331999999999880e+03
3.462940000000000055e+03
3.468547999999999774e+03
3.474155999999999949e+03
3.479764000000000124e+03
3.485372000000000298e+03
3.490980000000000018e+03
3.496587999999999738e+03
3.502195999999999913e+03
3.507804000000000087e+03
3.513412000000000262e+03
3.519019999999999982e+03
3.524627999999999702e+03
3.530235999999999876e+03
3.535844000000000051e+03
3.541452000000000226e+03
3.547059999999999945e+03
3.552668000000000120e+03
3.558275999999999840e+03
3.563884000000000015e+03
3.569492000000000189e+03
3.575099999999999909e+03
3.580708000000000084e+03
3.586315999999999804e+03
3.591923999999999978e+03
3.597532000000000153e+03
3.603139999999999873e+03
3.608748000000000047e+03
3.614355999999999767e+03
3.619963999999999942e+03
3.625572000000000116e+03
3.631180000000000291e+03
3.636788000000000011e+03
3.642395999999999731e+03
3.648003999999999905e+03
3.653612000000000080e+03
3.659220000000000255e+03
3.664827999999999975e+03
3.670435999999999694e+03
3.676043999999999869e+03
3.681652000000000044e+03
3.687260000000000218e+03
3.692867999999999938e+03
3.698476000000000113e+03
3.704083999999999833e+03
3.709692000000000007e+03
3.715300000000000182e+03
3.720907999999999902e+03
3.726516000000000076e+03
3.732123999999999796e+03
3.737731999999999971e+03
3.743340000000000146e+03
3.748947999999999865e+03
3.754556000000000040e+03
3.760163999999999760e+03
3.765771999999999935e+03
3.771380000000000109e+03
3.776988000000000284e+03
3.782596000000000004e+03
3.788203999999999724e+03
3.793811999999999898e+03
3.799420000000000073e+03
3.805028000000000247e+03
3.810635999999999967e+03
3.816243999999999687e+03
3.821851999999999862e+03
3.827460000000000036e+03
3.833068000000000211e+03
3.838675999999999931e+03
3.844284000000000106e+03
3.849891999999999825e+03
3.855500000000000000e+03
3.861108000000000175e+03
3.866715999999999894e+03
3.872324000000000069e+03
3.877931999999999789e+03
3.883539999999999964e+03
3.889148000000000138e+03
3.894756000000000313e+03
3.900364000000000033e+03
3.905971999999999753e+03
3.911579999999999927e+03
3.917188000000000102e+03
3.922796000000000276e+03
3.928403999999999996e+03
3.934011999999999716e+03
3.939619999999999891e+03
3.945228000000000065e+03
3.950836000000000240e+03
3.956443999999999960e+03
3.962052000000000135e+03
3.967659999999999854e+03
3.973268000000000029e+03
3.978876000000000204e+03
3.984483999999999924e+03
3.990092000000000098e+03
3.995699999999999818e+03
4.001307999999999993e+03
4.006916000000000167e+03
4.012523999999999887e+03
4.018132000000000062e+03
4.023739999999999782e+03
4.029347999999999956e+03
4.034956000000000131e+03
4.040564000000000306e+03
4.046172000000000025e+03
4.051779999999999745e+03
4.057387999999999920e+03
4.062996000000000095e+03
4.068604000000000269e+03
4.074211999999999989e+03
4.079819999999999709e+03
4.085427999999999884e+03
4.091036000000000058e+03
4.096644000000000233e+03
4.102252000000000407e+03
4.107859999999999673e+03
4.113467999999999847e+03
4.119076000000000022e+03
4.124684000000000196e+03
4.130291999999999462e+03
4.135899999999999636e+03
4.141507999999999811e+03
4.147115999999999985e+03
4.152724000000000160e+03
4.158332000000000335e+03
4.163940000000000509e+03
4.169547999999999774e+03
4.175155999999999949e+03
4.180764000000000124e+03
4.186372000000000298e+03
4.191979999999999563e+03
4.197587999999999738e+03
4.203195999999999913e+03
4.208804000000000087e+03
4.214412000000000262e+03
4.220020000000000437e+03
4.225627999999999702e+03
4.231235999999999876e+03
4.236844000000000051e+03
4.242452000000000226e+03
4.248059999999999491e+03
4.253667999999999665e+03
4.259275999999999840e+03
4.264884000000000015e+03
4.270492000000000189e+03
4.276100000000000364e+03
4.281708000000000538e+03
4.287315999999999804e+03
4.292923999999999978e+03
4.298532000000000153e+03
4.304140000000000327e+03
4.309747999999999593e+03
4.315355999999999767e+03
4.320963999999999942e+03
4.326572000000000116e+03
4.332180000000000291e+03
4.337788000000000466e+03
4.343395999999999731e+03
4.349003999999999905e+03
4.354612000000000080e+03
4.360220000000000255e+03
4.365827999999999520e+03
4.371435999999999694e+03
4.377043999999999869e+03
4.382652000000000044e+03
4.388260000000000218e+03
4.393868000000000393e+03
4.399475999999999658e+03
4.405083999999999833e+03
4.410692000000000007e+03
4.416300000000000182e+03
4.421908000000000357e+03
4.427515999999999622e+03
4.433123999999999796e+03
4.438731999999999971e+03
4.444340000000000146e+03
4.449948000000000320e+03
4.455556000000000495e+03
4.461163999999999760e+03
4.466771999999999935e+03
4.472380000000000109e+03
4.477988000000000284e+03
4.483595999999999549e+03
4.489203999999999724e+03
4.494811999999999898e+03
4.500420000000000073e+03
4.506028000000000247e+03
4.511636000000000422e+03
4.517243999999999687e+03
4.522851999999999862e+03
4.528460000000000036e+03
4.534068000000000211e+03
4.539675999999999476e+03
4.545283999999999651e+03
4.550891999999999825e+03
4.556500000000000000e+03
4.562108000000000175e+03
4.567716000000000349e+03
4.573324000000000524e+03
4.578931999999999789e+03
4.584539999999999964e+03
4.590148000000000138e+03
4.595756000000000313e+03
4.601363999999999578e+03
4.606971999999999753e+03
4.612579999999999927e+03
4.618188000000000102e+03
4.623796000000000276e+03
4.629404000000000451e+03
4.635011999999999716e+03
4.640619999999999891e+03
4.646228000000000065e+03
4.651836000000000240e+03
4.657443999999999505e+03
4.663051999999999680e+03
4.668659999999999854e+03
4.674268000000000029e+03
4.679876000000000204e+03
4.685484000000000378e+03
4.691091999999999643e+03
4.696699999999999818e+03
4.702307999999999993e+03
4.707916000000000167e+03
4.713524000000000342e+03
4.719131999999999607e+03
4.724739999999999782e+03
4.730347999999999956e+03
4.735956000000000131e+03
4.741564000000000306e+03
4.747172000000000480e+03
4.752779999999999745e+03
4.758387999999999920e+03
4.763996000000000095e+03
4.769604000000000269e+03
4.775211999999999534e+03
4.780819999999999709e+03
4.786427999999999884e+03
4.792036000000000058e+03
4.797644000000000233e+03
4.803252000000000407e+03
4.808859999999999673e+03
4.814467999999999847e+03
4.820076000000000022e+03
4.825684000000000196e+03
4.831291999999999462e+03
4.836899999999999636e+03
4.842507999999999811e+03
4.848115999999999985e+03
4.853724000000000160e+03
4.859332000000000335e+03
4.864940000000000509e+03
4.870547999999999774e+03
4.876155999999999949e+03
4.881764000000000124e+03
4.887372000000000298e+03
4.892979999999999563e+03
4.898587999999999738e+03
