0
0
0
5092672526895878
2662817211239151
1489643774457350
937530519486727
635701439357961
478101349243676
363011362491270
294416515583181
245115602100768
214987796801769
187519015024956
166017379565986
148741788575012
134593675135886
125558479016152
103013818030818
93514549954414
88129365999137
85844168755288
82378163532724
70760638358869
67391173363430
63956976714062
55970635448030
54006057284806
48199554410157
50673398609946
43353360270757
41412307166253
39100355070288
37566865878097
32480263437091
32420357309064
33111363841771
30980572240240
27859954822544
29793757752250
25059358873890
24209008941243
24322143232776
21504639961505
21075147996103
22103320829041
20041070761974
18535969998566
18465766721783
17431675761041
16445311981489
17208262494273
17928591129407
16769846687539
16655963758962
14611245813349
16288083774791
15004850193291
14093369409313
13274773939289
14753740750340
14016022022849
13312558494954
13834538883207
13122078490697
13409807563302
12446546343602
11679824846502
11034166749231
10417332715520
10290964428919
10584017957261
11830057042905
9763946700987
11010071097894
11086160840419
9481930122558
11414663412860
8906678227946
12519848860174
8090891316495
9700313452038
10021448142550
9246347543549
8575897979873
10710782109331
9131124031447
8976605666969
8121891425680
8399984273168
8598832878747
7431760329559
7580527042546
9652184449373
7625401617227
6961380319598
6679217714071
6804066908612
6258590700086
8365149173913
6340469320847
6973962990150
8090202817175
6535978193709
8670593132193
7016305315980
6800322126278
6195388650156
6152667921986
6468429229841
7604010956636
6000958801577
5151168819358
6212643994790
6873240327166
6520568436465
6785816601109
5707241675871
5460376659645
6922332850586
4303370833322
4861155675021
4767117569078
6298747527742
4723648457065
6575063070558
5669967734891
5633652268500
4974989398833
6012582632565
4837181632422
4692836575605
4919075099487
4395751856636
4572702070617
5610583311418
4934265670500
4134786190605
4496442978521
4993120805685
3985612251573
5024440923909
4151250890849
4641534393193
5207350472135
4620281396061
4717492789363
3832920726563
3836956091032
3611928025727
3644431688430
3911002692694
3443495112789
4043912220092
3128661488836
3888156105115
4323246904013
2668993748081
2710776609835
3465222573062
3759720676357
4243334529674
3646418494624
2949192984009
4178787674135
3683336070297
4125964574482
3779485668498
3384683262849
3007620265074
3910706780414
4326470662760
4302440552484
3134963305187
2845252938957
3274215639554
2647690499840
4319762001727
2316650615468
3125723405428
3795190859444
3671815378464
2458732358148
1929903688427
3336538863558
2984305762412
1888773294802
2581514266318
2930272783355
2406075040477
3146758918894
2884957123038
2353772669331
2399730008107
3470632766509
2471103379142
3574208771525
2773479132669
3265773324217
3002354638827
3001528582627
1770790863653
1621103421692
2419609051381
3589228382276
1590149443386
1792912859096
2345774290502
2126323190376
2616397179498
2425494578429
2720255731918
1950254885966
1400927282646
1537330266423
2056561554536
2750008373964
1516047601039
993042264113
1269901895892
1970505801036
1882276676477
1491868181925
1872730692456
1921213853764
2429246963692
2539253411741
2035395435987
1315197149231
1549704161215
2265275268967
1955670120714
1820877158955
1993514765685
2168477366655
1304952933810
2010468625738
2061582896650
1182307095844
2169821830572
2291362608895
1497523429390
531203293448
1349339075031
1155947512697
1870324681953
1230140115679
1308457155990
1621262630083
1583758278483
1306893736023
1444580204110
1202388356036
1840117594421
1192297710624
1196452047633
1198469524531
1676810012042
1235039064689
1150403231274
1660098543623
1961989771633
1116574498370
1810005116151
809643274043
1133230482602
1018624066532
832459500549
1498226264536
1082655336495
1012970422454
1151898636835
647479619333
1245830487737
1565844791536
1042412191644
1324312515569
1096471121111
1184230735472
1506050792027
1319900056505
641442958298
699041481853
667005549478
1004238772903
985617111948
1076576448350
818682936056
1635648072793
1442892605292
307376155829
750090018198
966546870339
412557270310
619623710495
368531914769
1182793766282
436504279441
435571647441
565104863608
623816412398
645041474913
564195657699
591411746591
971724278499
1110233932552
971437377447
555356207288
500372894306
722414273914
688832613706
795187083714
722396462768
660118623273
587506641430
1077208469074
1174573463601
434323755249
356611226223
689967926817
543420686293
608695698913
611280165053
538077035595
375799317535
376684181707
753652659800
661442102096
882580842850
800475950097
340242441391
861101758106
194280083193
259433352107
385159799472
576631386532
321861206585
185638046829
254374340599
531534620650
202674554656
769712626590
589936534211
836962080539
364468267214
492338073461
487168311704
535985664881
336360751546
336360885000
179592731551
188678633379
481500489530
220762897750
352399436136
631540246768
717076775302
502758098865
393649907541
922263235523
178177894844
184489144490
372401056976
1075545421774
772097691308
350599388971
438596266685
441105426878
182802623985
493035647014
514385413970
237373897141
625503864423
433666005389
500797396515
389626290952
263683101534
144403235965
439920637589
335764201695
892646551809
120126986316
309170060390
156221773377
161760672118
269498688352
485609561996
268676794577
140608723138
370364824399
132501402023
225929600788
288202479444
119125875852
305532882526
333440399354
456018257151
202052644292
241661017871
235557154416
256966736774
434272681429
185534433459
268458964357
422577067775
284897331612
242759097618
264118075357
97956798595
88490534290
442771858232
121008072359
234161380490
113425374702
223292879977
91588954531
231743161572
201053925908
120024819978
257368194202
405978417102
238679036300
158512798522
219061099463
340645549474
376592706082
357092353033
382701114448
42437504339
252226683502
70339484189
50389412508
190334320799
14246854625
69219040374
78537613534
208590001220
192893907436
515106174527
13555826058
65656253966
60969901934
54682927304
215016082740
98657779147
57897249777
52964338744
50853484662
219040650945
323775186438
34320910458
29718545735
200192823516
31094239552
242997239067
101758613869
172364260124
40632269335
21123902617
326598672927
189911918028
36809020951
51472330035
37407146088
327309205469
21169048527
35163054576
43501139791
5638671744
35586745492
35491238789
29101402606
49116699340
31968108763
19383982197
10881610549
6662262207
185263637058
29509120950
64589441784
56464734701
17251240788
18368028736
23482206645
20922773531
189018742005
172479364901
186918267049
31605057608
23900160101
13900253289
112421947483
164092219706
21069726568
44008974670
4597396091
23908266507
8655611162
4863411894
17016552148
33034679599
5927707029
164778825164
26823603793
175823975428
30253885007
165450527205
6911642409
314047369373
35738470730
3689084282
1614150228
24850761140
17814791795
5946608952
57740091291
21792854485
159690465857
0
10678991704
154774406351
10279096427
2853346556
3885565319
1710398820
21757090241
1995462158
155785584820
4942063278
8097849848
18682754313
314016580297
169742953048
33677612728
10096383005
1783276344
17045008064
3968137107
150042162973
13991844901
9620638996
0
5013772195
1929235011
2342571445
13563315132
5891097842
20147484823
0
158319455716
10673270535
159569745183
66287594895
6150280585
150042162973
1705642511
3675056136
7079733987
11927682564
7134637630
6829669265
323341959124
0
44033286925
6313854932
14994704798
0
7158060179
2850793814
16917976717
18592096425
14611460927
157462466207
163208333945
156992309465
4947807512
27435117796
5991004761
25512289796
6888577859
104465819563
5661763498
9226440485
10505643043
17719898361
17314657904
2783758997
9980686801
150042162973
6084664977
2159557977
1878910710
12345159222
22927253750
1613179448
5803518470
0
0
0
12532469059
0
0
11690162135
1619848205
153385137682
19110674099
7552184106
0
4607294588
6674856102
6314677795
22304513998
0
2031975066
13007219177
150042162973
0
7068282414
2486207746
0
10987151945
5993482161
3924738887
17335802992
1794107958
17404916378
0
16638061536
16270873875
0
14868023704
0
24444932183
6116197329
7205801121
2284846849
131010726397
0
13091972781
12562737352
10216642226
0
10754416863
0
23316501045
12420650232
21245081771
5305453792
20597484493
1826233827
0
0
16134552717
1628876961
5425263443
0
0
0
0
37192594736
17603574378
1633137889
7693707778
2101915935
0
0
0
15215615326
0
4812746817
29019792619
11871252828
0
0
27006198689
4072376408
2705144595
0
7981880697
14230194052
2373145001
16516993578
6473921201
9262132204
2369011113
0
0
0
5228588916
15868323044
1650901933
0
150042162973
0
6679025306
11833832056
0
2634908155
11190085563
2077103101
4853408329
12272925126
3812082497
3132375798
0
12395357008
9158700101
5634158221
0
5455115400
18553475346
8365478614
0
0
7715183525
2292093785
0
6088774928
12178761981
2604538269
0
0
9681288675
0
0
7820878763
0
0
9280029864
0
6772674488
0
0
0
4323209130
5355133397
2998215934
0
0
37812792769
0
153910620227
0
0
10954211106
3357308951
3774993773
0
0
0
2779448193
0
5973899329
4527616397
4879613893
2955162592
0
6521483637
96477527267
5818597737
0
0
6244839234
0
0
3995845466
0
0
0
5470516984
0
0
4741663142
0
0
0
0
0
0
0
0
0
1889899639
3976809453
0
0
3024152351
2746261645
0
0
0
0
0
13765113609
0
0
0
3180941408
4673186559
150042162973
3970957166
3967181807
4454633067
0
0
0
0
1758921207
0
0
0
3891154377
0
0
3022202542
0
0
0
3821007841
0
4953392285
5084608270
0
0
0
11981972397
1909950761
0
0
5162872727
0
0
0
0
0
2962910655
0
0
0
0
0
0
0
1743300074
0
0
0
0
0
0
0
3653429490
0
0
0
0
0
0
0
0
0
0
3957433113
0
0
0
0
0
0
0
0
0
0
0
0
0
0
0
0
0
0
0
0
0
0
0
0
0
0
0
0
0
0
0
0
0
3948660374
0
0
12534795731
0
0
0
0
0
5467140296
0
0
0
0
0
0
0
0
0
0
0
0
0
0
0
0
0
0
0
0
0
0
3959058217
0
0
0
0
0
0
0
0
0
0
5694350103
0
0
0
0
0
0
0
0
0
5304612176
0
0
20605344845
0
0
0
0
0
0
0
0
0
0
0
0
0
0
0
0
0
0
0
0
0
0
0
0
0
0
0
0
0
0
0
0
0
0
0
0
0
0
0
0
0
0
0
0
0
3620048659
0
