29.264000
31.152000
33.040000
34.928000
36.816000
38.704000
40.592000
42.480000
44.368000
46.256000
48.144000
50.032000
51.920000
53.808000
55.696000
57.584000
59.472000
61.360000
63.248000
65.136000
67.024000
68.912000
70.800000
72.688000
74.576000
76.464000
78.352000
80.240000
82.128000
84.016000
85.904000
87.792000
89.680000
91.568000
93.456000
95.344000
97.232000
99.120000
101.008000
102.896000
104.784000
106.672000
108.560000
110.448000
112.336000
114.224000
116.112000
118.000000
119.888000
121.776000
123.664000
125.552000
127.440000
129.328000
131.216000
133.104000
134.992000
136.880000
138.768000
140.656000
142.544000
144.432000
146.320000
148.208000
150.096000
151.984000
153.872000
155.760000
157.648000
159.536000
161.424000
163.312000
165.200000
167.088000
168.976000
170.864000
172.752000
174.640000
176.528000
178.416000
180.304000
182.192000
184.080000
185.968000
187.856000
189.744000
191.632000
193.520000
195.408000
197.296000
199.184000
201.072000
202.960000
204.848000
206.736000
208.624000
210.512000
212.400000
214.288000
216.176000
218.064000
219.952000
221.840000
223.728000
225.616000
227.504000
229.392000
231.280000
233.168000
235.056000
236.944000
238.832000
240.720000
242.608000
244.496000
246.384000
248.272000
250.160000
252.048000
253.936000
255.824000
257.712000
259.600000
261.488000
263.376000
265.264000
267.152000
269.040000
270.928000
272.816000
274.704000
276.592000
278.480000
280.368000
282.256000
284.144000
286.032000
287.920000
289.808000
291.696000
293.584000
295.472000
297.360000
299.248000
301.136000
303.024000
304.912000
306.800000
308.688000
310.576000
312.464000
314.352000
316.240000
318.128000
320.016000
321.904000
323.792000
325.680000
327.568000
329.456000
331.344000
333.232000
335.120000
337.008000
338.896000
340.784000
342.672000
344.560000
346.448000
348.336000
350.224000
352.112000
354.000000
355.888000
357.776000
359.664000
361.552000
363.440000
365.328000
367.216000
369.104000
370.992000
372.880000
374.768000
376.656000
378.544000
380.432000
382.320000
384.208000
386.096000
387.984000
389.872000
391.760000
393.648000
395.536000
397.424000
399.312000
401.200000
403.088000
404.976000
406.864000
408.752000
410.640000
412.528000
414.416000
416.304000
418.192000
420.080000
421.968000
423.856000
425.744000
427.632000
429.520000
431.408000
433.296000
435.184000
437.072000
438.960000
440.848000
442.736000
444.624000
446.512000
448.400000
450.288000
452.176000
454.064000
455.952000
457.840000
459.728000
461.616000
463.504000
465.392000
467.280000
469.168000
471.056000
472.944000
474.832000
476.720000
478.608000
480.496000
482.384000
484.272000
486.160000
488.048000
489.936000
491.824000
493.712000
495.600000
497.488000
499.376000
501.264000
503.152000
505.040000
506.928000
508.816000
510.704000
512.592000
514.480000
516.368000
518.256000
520.144000
522.032000
523.920000
525.808000
527.696000
529.584000
531.472000
533.360000
535.248000
537.136000
539.024000
540.912000
542.800000
544.688000
546.576000
548.464000
550.352000
552.240000
554.128000
556.016000
557.904000
559.792000
561.680000
563.568000
565.456000
567.344000
569.232000
571.120000
573.008000
574.896000
576.784000
578.672000
580.560000
582.448000
584.336000
586.224000
588.112000
590.000000
591.888000
593.776000
595.664000
597.552000
599.440000
601.328000
603.216000
605.104000
606.992000
608.880000
610.768000
612.656000
614.544000
616.432000
618.320000
620.208000
622.096000
623.984000
625.872000
627.760000
629.648000
631.536000
633.424000
635.312000
637.200000
639.088000
640.976000
642.864000
644.752000
646.640000
648.528000
650.416000
652.304000
654.192000
656.080000
657.968000
659.856000
661.744000
663.632000
665.520000
667.408000
669.296000
671.184000
676.848000
678.736000
680.624000
682.512000
684.400000
686.288000
688.176000
690.064000
691.952000
693.840000
695.728000
697.616000
