5308410582250736
4869486585777452
4535496244935477
4170609580051115
3896652311526349
3637704593348079
3394821012336662
3221381661033106
3021426050514564
2852341882741835
2684620849206865
2550267989088210
2442900278368815
2315963728560545
2225017657548775
2096723051968394
2019711152025383
1902081686744226
1847066102799736
1762093217925866
1699672552499244
1640855376131406
1559600040368364
1533300693666655
1449998307996425
1402504774786215
1376554884384237
1290193953701382
1277153469959392
1241918367743972
1175478571689737
1141276021026835
1109420091482495
1072789151528924
1029813238100813
980920479499927
956852176316043
965652104468661
881776346664204
889552206592143
873222326740766
832880626999067
850939705080121
794421412928552
789729807151622
757932217857660
752441272208529
719328372562792
699026279243547
696574696896913
675906740397029
639544084477333
653692769603878
625470899377066
599495450210298
604348137837511
573477742043896
581473099015512
541992102007339
540665601291887
537780639491801
508862411712421
515685906460210
504989067766525
484876289978266
478901352896623
467480719354708
448492296453792
453737491290586
439962749916099
441859404871368
417660543641907
410342895667925
410977871273786
397968327382475
381825053134005
407982989575630
379538182804029
365222901287426
364603494924973
369735684732864
370695228634948
349263567689822
353918643766625
344569170383410
335744074903715
325085040249297
338454596934059
313837123749691
312710558698555
316243306255993
291696877068074
296993609828001
289419861176827
298156354985990
304053649456487
286551666408967
280731350327569
275319349659157
274592279732048
265744896114104
255034047233296
264542193352903
269544448584817
252240889107052
237514182381482
241229593755859
240118934588803
249284673471834
225370728200619
208012311611568
222670171360981
222885146740890
222513202251087
215903163205973
216611998112747
204380582600265
210185423011463
207847453651341
203472629666075
201109528307317
187476146753568
188317710103612
190836417053667
185223617203048
177398471865030
173706288218950
176400127401697
182099860176638
180335486840455
181144817082715
181795215342161
166320671237173
164847430804719
165088839823142
157535068136150
167700605792594
154233109361917
146051562283975
158682735706236
150163305052054
148466540070061
147698457102855
144466484274653
150838547993019
142365854796015
143807025317265
152947561230167
140824894430805
137972261758569
138123670802556
132489179462143
143294765486136
124886071763954
132219597681569
125783764518697
133566439988566
124888411291601
125283539157906
120356787323871
117492984725205
116642185622463
125382401837153
115845200032355
113718466294227
118743111710871
108313827070961
112923805955611
108797595378961
108338526292273
104876001254205
101670950919791
106905449778767
104749002197146
111551705954105
99417635812698
97158011382691
105855688434415
104353659956380
97250779176248
98425229361106
96614905972738
88620888525895
92550679590948
91736241258760
90016623026881
89589428818010
88510689394117
93539772909534
87794777065941
91983527985080
82745186140245
95388332435248
84146966589923
83526856135249
82372868631397
85919214540607
81048799956026
78095042214159
77039777223594
74496831670741
71952345559065
73344707677552
74177328125921
73832797146623
69350395857625
68442926056638
62955659688112
70554117471567
68404585781301
67965569647866
64828722041772
64624471007338
60676308997857
60886791638135
63135864306961
68298912036191
59135675825299
57193503636411
63764099141284
57687397777971
57308944896827
62853713289899
59507946068832
53787377190288
55745344593912
60699216329480
54386220913627
60679947658927
53495285633945
54709817595158
52967810006109
51141005698211
48389275666348
50118199142841
51026575136515
46738881440356
51135452878389
49072692195366
46304214353597
41996705915824
43664463626749
39694381674146
46058719849355
42937409199464
48161707808048
36562410456830
35009917095624
41532238875252
39292071249155
41041970124241
44355740553990
39542549142469
39292849816460
37329513307962
35633534221680
36176026997934
33296888164167
38628610027154
41706860950027
43938288543190
39813793692014
36191157848427
34923373252054
36570405906554
34156520006117
33877721776250
35286961710687
35887305706084
30571013278664
32254877702515
35277600469105
32903494064006
35180312748348
27180641981960
31582272331473
31447597059425
31168432314238
27237969895458
29078789650567
30665000948883
26246215645807
29100255978279
25684967264895
27864640669912
32574792708329
29080433336545
29739782160967
24960236719064
25585573397455
27285910335661
24941701040227
26011342953779
28916388232254
31475815456948
28550883393987
26084836169694
24552862394730
26370743933736
22074089816139
23459895690015
23062771840622
24849079665817
25830120879865
20640870503754
24789363659062
23728305138922
18314444093605
16856501192504
23131169386178
22286548874187
20971311652092
20438621674415
18854606334711
16908436471819
18055794883238
18148404661996
22096862315292
18019767725446
16646196571040
21991357777357
20569278198550
17565745054607
16964585491917
16530038759121
15362953667631
19165872413714
18896560554142
20113084581754
16906262161276
14418196116623
19193595459863
15002893178911
23503415113995
16152483626068
19334710815487
20047847584787
14672219528939
16036590587952
13945226525312
14793153833902
17785227682216
15024790683979
16565017056168
16862492490671
15008003537585
11783547904148
15135189667731
12864330878211
16198866950234
15865847964202
12863039503843
15112468192508
9360325363013
13596368302746
18471863916534
14447382799817
9901164001849
12712024981954
14345021382332
13389008264861
10380360187694
12690272554909
13486324568397
11265933340838
11968922685085
9853723772786
12273515404979
9756398034942
11067844993874
8907170155358
11359159491262
10957909187226
13621034725170
9273261615959
10144401537886
7545381831956
9483339179442
9154558192163
7333327264572
9509159736674
9045241995822
7454422125099
7490929129161
6939400230588
14754384440470
8128387947903
13091434508317
8075206224771
8426706881549
9650560725249
11053456409392
9052785499371
8497837128446
10573590175891
7771866286531
8027171417715
6109770322098
7885232444179
7231305957980
8098144972291
6981356905493
7169842012551
7560671880858
9761062780280
10357785590308
8987901165040
8438600004128
7747229644922
9074195818594
8982020423751
6283867829547
5214994495098
7528847702842
7175410084043
7406680726423
6426226580010
5957459108967
8457040200165
5446176258334
7932037807750
7346782811266
6325920283249
6484668969993
4984833827512
6567338839708
4473667475344
5352929320034
5466348013799
6009947992132
7003372398713
7879993072274
5853082927302
7605965563317
5144389411712
4788984304444
4667013102475
5033844948729
6603593990856
3717847612610
5171075016291
5829832908268
4420894973833
5713719115821
4905224023515
4101878815766
5166703707411
6316443824619
4241498020941
6425091129541
4184148960387
4961002670410
4061539071962
7507933823436
3434841290430
7129309987072
4350603296622
4669098371455
3412405758709
5910878436031
4490217455501
3940394063290
4427071009709
6093833949331
4062750949541
2932469890512
5548477378040
6546441475915
4460764303676
3905339824591
5474191440665
2309802700357
6029035016948
5114983530008
3043214330132
3080302849302
1431057140159
2249565965795
2144051792402
4714530040667
3151736713458
4324789927662
1527926928947
1917576734726
2502597032392
4495678012879
4195075965629
3184122962476
2171799631976
3741704140684
2921590022138
2271007110407
3506090228372
2548947828973
3980359961383
2681192450226
2211632922435
2634722526269
3259113432610
3336463447331
3438884594803
3862475151170
3040426990074
2599517487677
1960497845031
2481601484777
2810185827634
2714460733904
1859637891675
2448143609419
2147245966642
2185250057512
1801864571040
1833042394138
1940622617155
2302644400442
1070937172958
2209156203879
1343394974729
1920669130762
1019835410454
1439929677429
1729676133442
891710564448
2760026346960
3088900744849
1025533386920
1953866933781
2733947285137
2012294362404
1443177783720
2326464163872
2654583467427
2020792160807
1522421186463
1727982568511
3006361819929
1501020627333
1696542333322
1774421694759
1294569354445
1304444087802
1519345577263
1166533622411
1114930344713
1146306419511
1009501333954
2204448288951
1226502073895
882742580694
2732502178482
3089609640174
1180604337028
1483414251680
1205474412617
1538961460842
1397689165888
2612622214158
2096820976155
1809714592306
2073224742449
1449013410755
1568967171594
255712888721
1011090498294
400293822108
64961741851
1478997812937
2062251410455
1313256420021
1220467180572
1277912270192
1801370679225
302190846403
1108707383198
1097643729273
991775462446
907874013116
1169174940191
212929222958
709016161966
1814537710939
372881243106
1396927625984
19206533689
888528151532
1452774574402
830358022799
445866018758
514265819138
314832658399
329690168239
426984927898
123314453983
898253520074
1136853894560
598209817231
1161068586387
2470800493460
1040861207655
596286950542
590005136503
149545169653
519738145480
388437692714
276650142376
598936902528
921250353784
1434371690985
295002568251
762007639566
132915579839
827449985813
88991201966
1283808834992
156837080372
295002568251
748844782133
477489229546
416956477823
549760078958
1180010273007
1174535554652
1075810504600
603753422223
664118136557
540200266410
47030332225
590005136503
709541456586
871900880683
521422649884
590005136503
162768136991
874110683487
147690085072
12035810526
1180010273007
295002568251
364858092194
1028735763644
286558698803
968274862862
944717906249
242186830835
692320705846
845589178750
590005136503
526364137123
3181739220
295002568251
590005136503
3932573691
29381473598
1081074912843
460798773507
143658965687
295002568251
93202042061
3344503235
590005136503
533377451303
141571979460
897762685489
