3519926032890960
3156570059993938
2859769161650331
2559366450372517
2364721301807681
2166991185593506
2039850113561318
1901191992520667
1752395566026336
1672069896307968
1636607025533913
1485739162667706
1422382623542695
1366453342985844
1314442808883948
1285820138905642
1224479157963057
1152867385179357
1110281736670767
1081343216661046
1044486655876343
1003521902463732
946299419221091
936466341141920
915810991234346
842006886422716
845773997352616
801308820063122
778589464118042
781193690475580
754783930994053
719783667024896
693762105176224
687581237924708
647785005492423
642432732543057
633734136812922
623256206141098
604757146082868
563717611291722
594100978952080
557946305302214
551147111313993
505917791568071
557594519802741
501681240948643
482809830177486
474655656323784
474168383380314
447764410270422
431919060264078
419901232598870
419984167889209
408853575455756
408377066153221
393040992907426
392638994402844
376659938500830
367840309190208
353709993423428
372339233878531
356306723549158
352330798001940
322558541310394
321874592331159
318468108430608
306532554280160
310647209016606
298414792787141
288290209520886
303831634050103
272132432092084
301473632482632
262022782795912
262375791038263
284415380446330
261643225694160
261207474938103
245362862548531
258253100214123
240544014158240
232261138949572
214585658412100
215691962780699
226277356800790
210933519138315
222811427034938
230341518046303
216881504152729
207440453908294
216180889179314
205298749747997
195719933755598
195264693377901
190849621494203
189898553093153
175184633697396
192884543286929
176620023947206
180132229529879
178313010709006
170552524251063
176315993069120
171094466933564
155115067826943
169499150488482
156602510176088
165293632215078
161750201539491
148962252542769
159977148479816
140757377084507
150965208647083
136080074183437
147383700831049
143604071027645
141711473713905
138367046629700
134716890069625
124570620791066
128444187972630
118489388981566
138439108891358
119231461972204
132523867355322
121006584773769
115044469745099
112374017488491
112975014406730
128521101720208
118230576754329
106851766713937
112957557608202
115602094902132
96422112357547
99950775031983
97295006899473
102010808280604
98195360446562
93325718264680
88122029939998
86722030032403
96575955981924
92319804176659
84135534820201
91473889013424
82524127622279
80801813905949
77467406229806
85178546005395
74726471421761
78209657998281
84227727938131
81553751635217
65884445494347
76834653992354
75538794472506
74922730148987
79773328161211
66464094164687
71635959626886
62945189889930
70222224431448
66043305797523
66769970303185
63103318034070
66335610471598
66628616301824
65993070868775
64273033214587
60572325900602
56165092420655
70315087775777
60180874138890
59068002424003
53873297060791
56486845752968
55632484335454
56099972224835
50688236940554
58562497862220
54324787106916
50321684523808
50027178531775
46989288349935
50333213466150
53327287742305
51714138403307
44992473071610
54019469603791
43005585852809
45105972691714
41939014825233
46485588347480
44828864612027
43976301079973
47711234896555
36359886184841
37318417619557
36958261196354
42392984404634
44169836397325
38937700587399
39174421393458
41265101687762
36526022150329
36294170774171
37983690467031
45360731364556
36523533861401
42458909773231
38547125929092
34372092713102
35651474247378
29748171540057
34785834843774
32301866509589
39060912752382
40221781571007
30251169423971
35205983536799
36523818554044
26812689126718
31852332396401
25277173470698
32612032611163
30943074576598
32679723877690
30359709826279
26124849821416
29640422053970
29437651574641
26791792495020
24924556619795
28531900372615
23573596918524
25117587310688
25051266174202
26554877161592
26461602043076
25780165336871
23010177125993
27963571674459
23256023281449
29964209515437
22270824073173
25970537184862
24578354516184
26000949097143
22967842599088
21446880966780
25205101293060
19737080492787
22107812561024
21890401807820
18422700368230
20749991982326
18779510585211
17957324998135
23051413982659
20450264136806
23536287461128
19841570697567
23629179328535
20959098682989
19906558473971
20584777337007
17120185011788
14618026693385
20282301046535
13930313069768
15653400495451
17911670984371
17210260982069
12663187203364
16863070575511
14569538378538
20048373177386
14199796364441
14027629343948
12585503054504
14047448849280
14905684822383
15633772151241
12986157734291
15877015348427
13757158050129
16352475222362
13840854223574
9508259198279
14611803268214
14090608891085
12644990309800
12090554487581
12896648111913
13573811565528
13414739624095
12291178768718
11087526264830
11071688132622
10665689820135
10532021696084
11461822401308
11576895781394
10345988735386
12983550525892
11082943381319
7965069342798
13417075909834
10352643696805
8555074479302
8485629213751
7986235641162
10876737610907
7327049177130
10062933164349
7080061638043
6169358353381
8951086559005
7375064206295
10404423772764
11210064108378
8472227320319
5961306046543
6817837293229
10230366476836
9599428278566
5747370697965
5147831618332
8637004461570
5528773893606
6087687587933
8671309018247
5941853389957
7715103880987
9755597790641
4786555390274
5493428472168
5288003422589
8936441779627
5906566289517
7630924774822
7404557324752
4692451289218
8082529295574
7741602209026
4811866666610
8166953091068
5520765347246
5094516362526
5625647654778
4562756637130
6403131053948
6371895659002
6430674488373
5377068060112
4238257090433
6008956711114
4229146765433
6482302986516
5030169243766
4502485543711
4190042242924
4004910169749
4854332237275
6831770538750
5922108468305
5602982717575
3835033387273
5392029812710
4087772124517
3473896220524
3859032016962
4492871176816
4830646545031
4154167229619
4971711633619
4861548573591
3835033387273
5900780121012
4356369126363
4752173977099
6195053933287
3667193634188
6218752259938
4130035955525
3835033387273
4130035955525
4112652521890
1902334758110
4130035955525
1770015409510
3540030819021
3856034399060
4354217906758
5872886774879
5092308946661
3320259534327
3561266840655
2655023114266
4425038523777
3540030819021
4683245384829
4425038523777
1827458128661
3699635734012
3835033387273
3326157685119
3101791026609
2655023114266
3572370751240
3763650142192
2636017744262
2707161216943
1832603127834
2950025682518
2950025682517
2950025682518
3540030819021
2833601125822
3861988300249
3835033387273
2971887463347
3265539157595
2950025682518
2065017977762
1770015409510
2628788889612
905700606731
1475012841259
2685255826648
941079479169
2360020546014
2950025682518
2140701212452
3529507227914
2601185072976
2360020546014
2360020546014
1770015409510
2691665852312
2360020546014
2655023114266
1770015409510
2742533499411
295002568251
3320905769974
2991317455528
885007704755
3835033387273
1792882028876
1798551631319
2360020546014
2065017977762
2134815281824
2065017977762
1770015409510
2360020546014
2943105582587
885007704755
1770015409510
2360020546014
2138154319984
1180010273007
1450940450852
1770015409510
2637889962944
590005136503
1475012841259
2064061197516
2065017977762
590005136503
2403796381359
639332778789
2065017977762
1770015409510
1180010273007
590005136503
1180010273007
1694325240403
885007704755
1993836151678
341695086844
885007704755
1180010273007
2065017977762
1180010273007
1770015409510
885007704755
885007704755
1475012841259
1770015409510
885007704755
1180010273007
1180010273007
295002568251
1180010273007
590005136503
1475012841259
1180010273007
590005136503
1475012841259
909039782100
1255199969240
2065017977762
1180010273007
885007704755
2035373598146
1122853297468
295002568251
1180010273007
590005136503
885007704755
295002568251
885007704755
1180010273007
1145752756583
590005136503
1356375502002
1475012841259
1770015409510
1475012841259
295002568251
1180010273007
885007704755
1770015409510
908442534662
2065017977762
590005136503
1770015409510
885007704755
590005136503
1475012841259
590005136503
1180010273007
590005136503
619414843321
590005136503
295002568251
885007704755
885007704755
590005136503
922533533854
1770015409510
295002568251
590005136503
590005136503
295002568251
885007704755
1180010273007
295002568251
885007704755
295002568251
295002568251
590005136503
295002568251
590005136503
590005136503
590005136503
885007704755
295002568251
295002568251
295002568251
295002568251
766196760058
590005136503
590005136503
295002568251
587287799523
295002568251
885007704755
590005136503
316052813643
885007704755
1475012841259
