691557207668518272
374204486051061568
160542101424368704
80903395198421568
44969737986127312
27591341511025996
18305679244470636
13088509578249224
9881627182514482
7817872286630862
6418977680851725
5437644199197003
4677959545641280
4106862643007595
3664378654701327
3330261305275189
3056530376909402
2744430126008140
2524413963771262
2358213347335878
2175647522185616
2033390478992575
1897672986022010
1816304807076788
1757662203142222
1663188643552933
1515360195351890
1456984766732730
1394385023048731
1335023698771033
1265637531456199
1213238159330397
1204073928719106
1094111708868232
1079552018543885
1052670393821378
984909910853018
975188763211257
909097902622149
885569303264834
877401151960498
804388865527146
807016468685188
802197836191705
764136913575764
729420942678446
704197773531177
670995776391087
660036601044128
632297905915269
633733339090202
608183564128088
574856801306074
579029254636188
551156124823668
532151515003685
522428191358793
530456609303345
489194338493860
506024699650294
463781419251146
452753313306609
436477802519226
450678692363912
430931897463014
405663156523129
404786381012169
407102979248201
370997121017995
368718884218707
351213178224333
340517619034274
363758259975581
337672628280440
338001359454319
338404230750847
307400439563165
296266802192917
298878743354500
312512066508907
290137246562631
292894812625217
275459442292204
266971617097956
275209534613687
251354764786538
266983808578928
255176888004152
253010296999533
250398666345728
238535946150133
240278001140213
220900035360769
233360715009661
216732384684990
213969094945999
195529990963279
225095383932560
214841840987102
211365222772538
193261026517713
193081870848900
188285455891418
168331350786942
185259527385870
191493476424973
176083005997466
177877697576369
179706200706230
160861799602281
167480013924866
154594773250096
152580937236037
167415565314478
155795469389900
141223007110779
144451069926336
148204949059857
133277078164117
134673366908538
136674027976722
138877515854649
130976632040860
141808282278819
127897899459964
122711597333420
122634359323569
126688336149880
116006219750638
115374575079560
101351669968173
115364719501902
108153026247209
105937067528021
112804212143595
102108349078245
110230184994898
107652726606339
95898280267340
97333837307496
99842966111614
98297483985875
90842599027568
94602971063827
88527661639407
91747189801540
89372328275418
93849648601903
93035925984420
83835993336772
86751287248635
90709102434928
83191682136235
82843584720607
71669400150438
76512889195208
75761144809773
76662049785402
71927277660908
66381025359863
67216205777776
71385624163460
65183325999621
66346422349916
66069370164783
62042229748094
68274748260999
67071119318993
67195368371627
59198321693547
56431998150267
60135483012564
53002495564358
56860374325929
61107512726594
52866368701686
57433548943361
56364974122619
48327611873140
52508205261074
46788574818438
47502424311048
53359357060133
48899874659974
44941383860689
46612168205965
47988052380149
49282551733710
40872668102321
41971543561763
45155330427121
39572363551070
43859588901186
39137524622959
48614540362933
34646434512437
42441258930301
35358288427006
40416086102093
33924230294054
42814654113415
38588300410212
37108574361657
32544145614016
37009541090985
36528735626237
38368615407491
33683164361750
33289116973744
33495689839254
34131211122791
30229215431452
34022324253069
29151993630113
35197950604395
32282493496219
28836625741233
30404598208060
21806062470275
29769567665032
24657921301134
23161383548748
26446633570115
24254608824173
27359316326321
28027525575385
29835694051690
23960117135736
23212999986812
26961693351068
27171496088219
24766503184069
24698144394767
25401061895194
19830853120692
19989149801652
24041197411469
22544222335159
19677193272430
22383959351258
25551682845653
21307933317047
20845547011923
19030734026390
19695772511065
17984419922024
19275170696390
21719963183805
19353843504423
17431696782789
21270736206974
20272291243423
16645464973225
18232620177029
15806908462252
17640669175150
18675532403753
14078979284100
17066434734790
15229304201456
14836293174718
16442060237325
16861639239058
13311734470387
15326672197989
15638288807122
13867586196412
13498845899614
15407548032072
17380453203802
11563840510942
10642318724578
13185367867354
11862238086994
13396933514746
12254918768307
10326258013570
12596970820732
11419398290639
9975927657467
11124455277709
9576316594926
13067704605554
13912136558827
10449231383165
11308907218005
11797032032992
8800284337693
8843904614312
11631932636467
9317977963247
10839168341352
9822824767328
10479003335644
8872647431967
9140390696849
11376092615927
7365526567827
7575681538821
5099452911180
9677169920578
9126639449186
8024886598070
7758670119927
9285559256550
9136874116287
7268896136132
5302285319649
8563350119140
5526304787641
4644384143725
7352017061439
5601767957025
7819503087197
4569505074404
7324940794147
9292988676275
6935567869692
6183521796278
8200314830903
5334434401289
5966662778635
7386670859134
5037998913498
5329377056765
4487083226113
4775093012209
5646302395217
5029639649573
5693794657994
3250348697943
8009632065479
5824658177359
7649831147864
6870387178016
6295594327294
4503286125509
4391028043450
5015043660280
2396496555933
5839878885762
5629283535423
2138585163482
4849561229315
5389790446064
5055324764622
7097277954075
4800243632080
4347351017390
4184305864385
4130035955525
4149137743417
3636160758872
6211131785380
4746824313620
2365457882856
5613020132515
3255394082943
2965804884104
3595583876113
4112129894919
1795046378301
2988632112930
4087299118835
5009786013298
4751490619740
4781442831272
3567117300617
5103669444048
4126313063004
2114483764798
2719564133416
5827787533460
2983538418261
3847264762870
3298628523187
4720041092028
3152717995408
3540030819021
4416901705189
2673985605354
1535573338007
2368015526265
2633350475087
3535476331200
2079835330924
1795450934539
2360020546014
2666151398357
2083068908043
4453713336926
3245028250769
3245028250769
1770015409510
2277242389420
2667067279408
4159613121763
2969982379353
4585737237474
3295037048924
2488579408969
2018146694873
1970102237262
2965325845322
3540030819021
3540030819021
2246154591982
1475012841259
2655023114266
2969857407511
890788294744
2360020546014
2070651943617
3551702963043
3151115915366
2655023114266
2082031659002
1304459878892
1780136687665
2471797295106
1449695455184
1614519423019
1770015409510
896265902426
2376239393128
295002568251
885007704755
2133115754779
1770015409510
2950025682518
1412308029034
590005136503
1480475305093
1571432993971
597738589499
640880810160
1344710185899
1302898920437
1180010273007
1580005251104
1770015409510
995130048494
1180010273007
1378161152311
295002568251
1180010273007
2410838076060
1475012841259
1770015409510
590005136503
1393381352448
921901416727
1475012841259
590005136503
905238065486
885007704755
2070772849846
1480624859465
2402656305013
1729735391132
885007704755
0
600013833389
2360020546014
590005136503
1491291969714
25545090948
1475012841259
1169573689469
1278731389910
859882476005
885007704755
590005136503
321290975713
904160825902
295002568251
590005136503
1770015409510
942706648925
1799442250237
1475012841259
885007704755
606498945068
905816412447
1770015409510
590005136503
590005136503
0
885007704755
605648803551
0
885007704755
1197130903572
295002568251
295002568251
590005136503
0
885007704755
0
295002568251
295002568251
885007704755
295002568251
590005136503
295002568251
306731991954
295002568251
295002568251
885007704755
0
5755675856
295002568251
885007704755
1475012841259
590005136503
295002568251
599638931887
590005136503
1180010273007
590005136503
1373450618946
188779611420
590005136503
512949049935
0
590005136503
295002568251
885007704755
0
0
885007704755
295002568251
1180010273007
590005136503
590005136503
0
885007704755
147578021385
0
0
590005136503
1475012841259
885007704755
590005136503
1180010273007
590005136503
295002568251
295002568251
590005136503
590005136503
1180010273007
295002568251
0
590005136503
295002568251
590005136503
885007704755
295002568251
295002568251
295002568251
590005136503
0
295002568251
0
295002568251
295002568251
0
590005136503
0
295002568251
295002568251
0
295002568251
0
295002568251
849806397309
295002568251
590005136503
885007704755
0
295002568251
0
0
590005136503
590005136503
0
295002568251
295002568251
885007704755
7502744686
0
0
0
295002568251
0
0
628756965155
295002568251
590005136503
0
0
295002568251
884744742205
590005136503
0
337135218725
590005136503
22127791536
295002568251
295002568251
0
0
0
0
0
295002568251
0
0
0
0
0
0
0
295002568251
295002568251
0
295002568251
0
885007704755
0
0
0
0
0
0
295002568251
295002568251
295002568251
0
295002568251
0
0
0
0
295002568251
295002568251
0
0
0
0
0
0
0
0
343153569523
295002568251
295002568251
295002568251
0
295002568251
0
0
0
590005136503
0
0
45809275895
0
295002568251
0
0
0
0
0
0
295002568251
295002568251
295002568251
0
0
0
295002568251
295002568251
0
0
0
0
0
0
0
0
0
295002568251
295002568251
0
0
0
295002568251
0
0
0
0
295002568251
0
0
590005136503
295002568251
0
295002568251
0
295002568251
0
0
590005136503
0
0
295002568251
0
0
0
0
0
0
0
115231515784
0
0
0
0
0
0
0
0
0
0
0
0
0
0
0
0
0
0
0
0
0
0
0
0
295002568251
0
0
295002568251
0
0
0
0
0
295002568251
0
0
0
0
0
0
0
0
0
0
0
0
0
0
0
0
0
0
0
0
0
0
0
0
0
0
0
0
0
0
0
0
0
0
0
0
9800164571
0
0
0
0
0
0
0
0
0
295002568251
0
0
0
0
0
0
0
0
0
0
0
0
0
0
0
0
0
0
0
0
0
0
0
0
0
0
0
0
0
0
0
0
0
0
0
0
0
0
0
0
0
0
0
0
0
0
0
0
0
0
0
0
0
0
36507435236
0
0
0
0
0
0
0
0
0
295002568251
0
0
0
0
0
0
0
0
0
0
0
0
0
0
0
0
0
0
0
0
0
0
0
0
0
0
0
0
0
0
0
0
0
0
0
0
0
0
0
0
0
0
0
0
0
0
0
0
0
0
0
0
0
0
295002568251
0
0
0
0
0
0
0
0
0
0
0
0
0
0
0
0
0
0
0
0
0
0
0
0
0
0
0
0
0
0
0
0
0
0
0
0
0
0
0
0
0
0
0
0
0
0
0
0
0
0
0
0
0
0
0
0
0
0
0
0
0
0
0
0
0
0
0
0
0
0
0
0
0
295002568251
