192177744506650
189064837019133
170301734403493
153818226053433
149621955822755
143143716694972
130811690896511
124939897107268
120505343611717
113995463119417
104005144328136
92118328888132
95651946209209
88372993433498
85995719375415
85506682074755
78412077231326
76075722598129
79146895057436
74465421854350
67770935744740
72567100034096
63702526961868
63120646648783
62040102880472
58426148660239
58271773729568
56902261350423
52485595527418
51807179763480
51938273070764
50057852648951
46957983224418
48944384976687
45426052842469
41584686816420
41964272543397
38084559195062
40372581718021
37869876872641
42611398149914
39448706667462
38586282047499
39709451400088
32351968348865
34562080828862
33175541553386
32550994723122
27749577590627
26115358505890
30715786966567
28261856148337
27589069990351
25782383014846
27466154354759
28698212663474
26471716009230
26882030701407
25999921644522
27093891601866
24225922611686
23555244573949
21335526108484
24859501129829
22502541529921
24374096648275
21751427770619
23049175183923
21319335999076
20386304340279
19696837966304
19392122059915
21572576560247
17787380444813
19130424203040
18350950932763
16346006925142
15327533386999
18197881647685
17866870347873
18602988184987
20677401728277
16502656556375
14467402989872
14922800078884
14290588504679
18455088086234
11702396063259
14496421917485
16093953807756
14622232443391
13190900600808
16474959294002
15550600972971
11382809864843
12239365668227
14283938805236
13484694885995
13288010924477
11147816027333
11929137598369
10988464336488
12661910360259
12555895669348
9788297737748
10551154998133
9393832696406
9542514534206
11224549130800
11195674961207
8195532703721
10738518204544
10927952682717
10966236802254
10076553656983
11093689619184
8454511054994
10514005520562
8340526508646
9994196828027
8681420389654
7761800584425
7699886731137
6905124357198
9337953532451
8111558886406
8924690985252
8343365306385
8893848260294
8555198484863
8665679050229
7805897674953
6516061944345
6625791913875
7662211165677
6540463885178
6690577367419
8467563863008
7697058961065
7661775937575
8601229584732
4907055321064
6419867504437
5453753318916
5831059046804
7077702347882
7053237221564
6647249705209
6734127926062
5619483753936
5864817339887
6726330882820
6074288615753
5748543595157
5353597315921
6342059498263
4809128927247
6301783684664
4343040833588
7034241079640
6245004124289
4418417229186
5120374616328
5130134126225
5450865363628
4570235814270
4387383907675
5547706499068
6012180879796
4654557203137
5781842367134
4951004112994
3763345613973
5050964339987
5060371169829
6235280794910
6133911329075
4889239142983
5744945434401
5387652088158
3796264057211
4244184624113
4928211403252
3769815636000
4691640142071
3272244593874
4522414343860
4087057107314
5245287267952
4552585580565
5698647014679
3578376637365
4646099170167
3418096151778
3633178555028
3679848172637
4493832961197
3674905527494
3834261689771
4887868326074
3346419524948
2934122895957
3994368467777
4258368245438
3098616305878
4918349941426
1929040075236
3803521016194
3586745990555
4524214552530
3130041924020
3822374496508
3094871824025
3233214121501
2184278352887
2922178109732
3134157721419
4381770588577
2806016878797
3190010047717
3246728840023
2439901566733
2283140106794
3163722579799
4056173882960
3071741586439
2489551486250
2966067171139
2299526688816
2724921801664
3516237804697
3791960711050
3396100912439
3029012334533
3304140235745
3078309047387
3111410563348
2135834715213
2450410444679
2275164217915
2108735047464
1822275546852
2880741759181
2712927340854
2261400043968
2875835982688
1731014750931
2757465728779
2068577909916
1837607989118
3787498111053
2421103763155
2653258323943
1341439007319
3405664058767
2542653942679
1831787630144
2339489985166
2753688107849
2319894905002
2161713153707
1691503131311
1119059532362
2228106482025
2543001087872
2979480985873
2053532823581
1312224071009
1709904494225
2190670912650
1293054488381
1779105214497
2355481281734
1931585218159
2434102598504
1957109511340
2450062797732
2797197297612
3006781646517
1602071804002
1802167616829
1167002599820
1583221779444
1858644569775
1546595916162
1450903951018
1526942995266
1939925266376
1217334273255
1769241915889
1794517936281
1219897500776
2197847792284
1436123219569
1214340214337
1557790097226
2047947258142
854495552107
1846966157365
2545219914061
2205274051789
1259373905378
1695400102434
974235917420
1543426778471
1593059555362
1764039884697
1667398435549
887131301581
1556324103727
1570277358266
1327226220811
1713871123934
1024736054554
2154461732411
2212963745301
1840061010213
900204609644
1647529560079
1032925357219
1288331691182
1394063473913
1318319337320
1905320021524
1193905168869
1023896502276
1715215192399
1583218044132
1146840669811
1437838012569
1631730264401
1186565258479
1022578437046
1022768444997
919463963447
1055381861707
1218369216622
1276225555795
1783846760856
1589786753455
682979271026
1022809844875
904947244566
1140450280168
1169780536343
896097391473
1122436730835
949632129420
760398258498
1149983675463
787791924231
882130495751
1550121736496
771788046375
1149441692570
1013864344664
2027728689328
278205600773
596560675346
1023137893681
838279959454
930962319372
760398258498
1061900018196
1232436565514
760398258498
1502375855671
964946203802
942596626165
858935994525
313201292350
687515155470
677089237047
760398258498
794570552543
277208975458
628043185379
545907194424
653794078562
1293638503179
1013864344664
887131301581
641536157540
1022697870413
264677053035
1462820165834
633665215415
950083298117
380199129249
942074342304
896785528887
971002526758
669997306110
950759855589
896299310469
799459648914
647997987143
271175930119
1140597387747
651481158400
389529688787
271576097372
633665215415
770121468061
860363246647
780456759490
903709939421
633665215415
1308243964279
899729110337
1023784587766
506932172332
253466086166
330082635863
253466086166
1067882034367
389195920586
830897452108
545451137606
356346900969
262792011876
389880486458
518834772444
433177325994
527637267790
760398258498
397834962951
442448849957
633665215415
318867365489
380199129249
633665215415
633665215415
449988279560
506932172332
253466086166
760398258498
380199129249
516063923498
253466086166
760398258498
302810850322
633665215415
380199129249
592039890403
512564054444
397838671291
284945568333
633665215415
319745499839
506932172332
310261395284
633665215415
760398258498
887131301581
153461361209
195202855004
253466086166
506932172332
126733043083
253466086166
126733043083
380199129249
633665215415
759423395462
380199129249
380199129249
544431314150
506932172332
506932172332
380199129249
380199129249
380199129249
633665215415
506932172332
126733043083
271292741355
143952641282
506932172332
307666440155
126733043083
126733043083
126733043083
380199129249
506932172332
126733043083
380199129249
253466086166
126733043083
126733043083
126733043083
253466086166
126733043083
126733043083
277703215202
126733043083
126733043083
380199129249
266156965785
253466086166
126733043083
253466086166
253466086166
253466086166
633665215415
506932172332
135570846169
253466086166
253466086166
126733043083
253466086166
253466086166
267784837306
126733043083
506932172332
389476373926
253466086166
390039336739
633665215415
419632386075
55410388991
524120175030
205825821716
506932172332
126733043083
253466086166
253466086166
324609777174
126733043083
126733043083
424177396067
126733043083
380199129249
10047403133
126733043083
126733043083
126733043083
126733043083
633665215415
151406207701
126733043083
126733043083
252763740656
253466086166
126733043083
32481099715
253466086166
253466086166
126733043083
253466086166
126733043083
253466086166
380199129249
126733043083
126733043083
126733043083
29258778069
68760502172
126733043083
126733043083
126733043083
