3.805244545732885000e+15
3.404374039184591000e+15
3.123546505666225000e+15
2.883267953741019000e+15
2.653044131934744000e+15
2.413962072724951000e+15
2.315788539576299000e+15
2.149702810737903000e+15
2.000646537018533000e+15
1.893691904186384000e+15
1.790439642828699000e+15
1.675774135402175000e+15
1.597851313590293000e+15
1.530280044508797000e+15
1.465377725366486000e+15
1.372726429934302000e+15
1.347080733109642000e+15
1.236365571986947000e+15
1.239546253484503000e+15
1.161661778207067000e+15
1.108304058646796000e+15
1.096654156564684000e+15
1.021924143506977000e+15
1.016145265695521000e+15
9.844404630775240000e+14
9.465618033182590000e+14
8.989332684681280000e+14
8.749635613280360000e+14
8.560984894290580000e+14
8.542845317189000000e+14
8.042727880163620000e+14
7.763504293819250000e+14
7.522910044378040000e+14
7.199812040125650000e+14
7.182220588169790000e+14
6.709932986125420000e+14
6.902859141969900000e+14
6.525983774483270000e+14
6.259764137837630000e+14
6.390286804955580000e+14
6.166811100875470000e+14
5.867925104159260000e+14
5.459938655981650000e+14
5.679216292977230000e+14
5.410418991504110000e+14
5.393710896982030000e+14
5.158424846458820000e+14
5.077301696773710000e+14
4.940386987160650000e+14
4.846993981253800000e+14
4.572830295738390000e+14
4.375543554480310000e+14
4.402155030846370000e+14
4.583344765159880000e+14
4.040077655260440000e+14
4.244818393500830000e+14
3.963771754046280000e+14
4.067789794081860000e+14
3.772061351469240000e+14
3.517601443083630000e+14
3.534442470169420000e+14
3.519432900861390000e+14
3.393934341646560000e+14
3.417144883582630000e+14
3.325638891096850000e+14
3.146035317042610000e+14
2.958662973011720000e+14
3.081000288265330000e+14
3.063790579255540000e+14
3.026841802284780000e+14
2.978038270669530000e+14
2.876312333592450000e+14
2.805836231541450000e+14
2.690646331964060000e+14
2.697467608330540000e+14
2.848561646495550000e+14
2.748575894945450000e+14
2.462824350802880000e+14
2.587056490335560000e+14
2.374163269123720000e+14
2.395447726339520000e+14
2.517224185394690000e+14
2.429064898685020000e+14
2.222429174840780000e+14
2.305750139943770000e+14
2.421702263006710000e+14
1.997777652056180000e+14
2.227120498470570000e+14
2.091010546584690000e+14
2.142193811698190000e+14
1.867345466492020000e+14
1.960028725252490000e+14
1.893356964555410000e+14
1.831383215631810000e+14
1.997186230443730000e+14
1.818302216780610000e+14
1.728779940791400000e+14
1.801043870874420000e+14
1.805776995318260000e+14
1.691701532632270000e+14
1.713239811160630000e+14
1.657914624996680000e+14
1.581620611327240000e+14
1.509032507102230000e+14
1.499633609038350000e+14
1.556690518266040000e+14
1.496159436799850000e+14
1.450188878138350000e+14
1.524042483898460000e+14
1.453323623280990000e+14
1.471987935653320000e+14
1.323774505616160000e+14
1.401338932607780000e+14
1.387187731869590000e+14
1.376161261046970000e+14
1.395532955777740000e+14
1.369313365349040000e+14
1.232771255943040000e+14
1.257456998730770000e+14
1.215082085326580000e+14
1.265818901727880000e+14
1.136370365913660000e+14
1.147809761613980000e+14
1.112319017313920000e+14
1.118413036727140000e+14
1.189188941412600000e+14
1.165149959170000000e+14
1.032487317995170000e+14
1.058851835891000000e+14
1.054304008487440000e+14
1.096175041807000000e+14
1.032207459174670000e+14
9.375187607353400000e+13
9.136049591560000000e+13
9.397887869077300000e+13
1.009511139323850000e+14
9.335302203810900000e+13
9.267170172008600000e+13
9.580172310010400000e+13
7.981371488478900000e+13
8.777125846555600000e+13
8.762246818367300000e+13
7.799422634991400000e+13
8.496559897546600000e+13
8.175842458402500000e+13
7.090319671391800000e+13
9.029304586189600000e+13
7.825582552434500000e+13
7.549610360703000000e+13
7.568532788414900000e+13
6.829677499295900000e+13
6.686356974451600000e+13
6.955315477230700000e+13
7.957007071063200000e+13
7.455930931445200000e+13
7.002146231206800000e+13
6.513223714272600000e+13
6.676505561905900000e+13
6.857462812760900000e+13
6.633143926319300000e+13
6.264001377728600000e+13
6.441690434195600000e+13
6.705768604872000000e+13
5.884667645455500000e+13
5.685984643469900000e+13
5.553326042962600000e+13
6.290177779588200000e+13
5.871961303151900000e+13
5.672460472087000000e+13
4.864350058440100000e+13
5.873128920980400000e+13
5.598666068916600000e+13
5.932229414933200000e+13
5.390166936580500000e+13
5.995193078464400000e+13
5.352415392352700000e+13
4.526053595897300000e+13
5.018817800115100000e+13
5.154410784406600000e+13
4.700589916929800000e+13
4.882102068934600000e+13
5.059225527041500000e+13
4.483554941997300000e+13
4.891500140025600000e+13
4.647934709416400000e+13
4.445950672624300000e+13
4.626155514841600000e+13
4.443616861982400000e+13
4.248948532062100000e+13
4.490409608524100000e+13
3.964424183986500000e+13
4.405329554360800000e+13
4.029442624226400000e+13
4.394405139079700000e+13
4.056052598470300000e+13
4.503141433513100000e+13
3.423537576214800000e+13
3.491234231771100000e+13
3.299478919292400000e+13
3.847528629005300000e+13
3.276760961579900000e+13
4.221008431988100000e+13
3.685549922883500000e+13
4.143663270807800000e+13
3.822478065360200000e+13
3.496351357969300000e+13
3.182691653371400000e+13
3.500033081032500000e+13
3.738864306957300000e+13
3.192847403709000000e+13
3.367508867851300000e+13
3.006359335321700000e+13
3.251728639762400000e+13
2.593519135010500000e+13
2.962634347453900000e+13
3.287866505829400000e+13
2.860030639030500000e+13
2.912190518717700000e+13
2.475964292633700000e+13
2.511040292134200000e+13
2.796593441103400000e+13
2.669517396389300000e+13
2.637946860813600000e+13
3.132057805612700000e+13
2.891930623871900000e+13
2.309485024306500000e+13
2.038537448805300000e+13
2.654954053403100000e+13
2.632722218872600000e+13
2.681123085868500000e+13
2.456517505042500000e+13
2.448165472097900000e+13
2.379261774515300000e+13
2.477410487013500000e+13
2.399986621781900000e+13
2.465883118302200000e+13
2.113831547756500000e+13
2.181863108715400000e+13
2.147082438020700000e+13
2.255475175113800000e+13
2.206573170835400000e+13
1.951121636350700000e+13
2.209075699997500000e+13
1.750695107566900000e+13
1.753375495846000000e+13
1.779047203794900000e+13
1.984820469677600000e+13
1.572837447714000000e+13
1.753491743503000000e+13
1.928977387785600000e+13
1.724971588030700000e+13
1.574061008836300000e+13
1.939852188430200000e+13
1.668516517558600000e+13
1.451179328447800000e+13
1.699773756148600000e+13
1.609678379366300000e+13
1.569287298605100000e+13
1.354097834334900000e+13
1.366826449152800000e+13
1.318427440657800000e+13
1.123038821745200000e+13
1.260867972198000000e+13
1.457768493477400000e+13
1.016793379618200000e+13
1.384146400783400000e+13
1.299784460285300000e+13
1.249519900231300000e+13
1.111526905095600000e+13
1.265212919232700000e+13
9.150192100364000000e+12
1.152009513703300000e+13
1.247397921554600000e+13
1.256447778029100000e+13
1.139445576931700000e+13
7.169637207657000000e+12
1.168501698036900000e+13
1.472825535818600000e+13
1.154419563082400000e+13
8.831206116703000000e+12
1.037057937204700000e+13
9.102775437528000000e+12
9.049961893165000000e+12
1.153378863581200000e+13
1.019983925588300000e+13
9.422093542887000000e+12
8.291936023033000000e+12
1.099645575188500000e+13
9.437724339914000000e+12
9.821317583007000000e+12
7.691356458876000000e+12
9.248738456810000000e+12
8.331312180439000000e+12
1.048361661968600000e+13
7.148695422904000000e+12
6.792661719916000000e+12
8.726541456106000000e+12
5.084848519450000000e+12
8.850077047554000000e+12
7.551394963248000000e+12
1.105196614533700000e+13
6.490056501539000000e+12
9.805594415555000000e+12
8.384146443742000000e+12
7.016791784193000000e+12
8.073710536269000000e+12
6.490056501539000000e+12
7.512577394146000000e+12
8.886121864893000000e+12
7.240931138153000000e+12
7.917265910089000000e+12
5.061162073183000000e+12
6.510338847601000000e+12
7.148054518621000000e+12
4.235553675233000000e+12
7.080061638043000000e+12
7.860364018436000000e+12
5.471944635922000000e+12
3.415527460344000000e+12
6.195053933287000000e+12
5.310046228532000000e+12
7.348880662336000000e+12
5.158740009686000000e+12
5.025831401188000000e+12
4.148085346544000000e+12
5.605048796784000000e+12
6.303301621828000000e+12
5.881950592847000000e+12
4.720041092028000000e+12
4.872554094922000000e+12
5.276712024637000000e+12
5.310046228532000000e+12
4.464684427878000000e+12
3.334899565366000000e+12
1.859331880554000000e+12
3.623109988923000000e+12
7.515685065241000000e+12
4.032657973208000000e+12
3.540030819021000000e+12
4.510713549960000000e+12
4.130035955525000000e+12
4.959758649085000000e+12
5.694196047431000000e+12
4.371370532719000000e+12
3.816721455348000000e+12
2.026650519580000000e+12
3.930437983275000000e+12
3.274947653664000000e+12
2.088472210826000000e+12
4.425038523777000000e+12
3.831059849463000000e+12
2.401859099601000000e+12
2.769482508213000000e+12
3.956961745829000000e+12
3.223570336561000000e+12
3.255960218876000000e+12
2.776624001507000000e+12
4.425038523777000000e+12
2.065017977762000000e+12
5.161344357063000000e+12
2.360020546014000000e+12
6.107474413600000000e+11
2.655023114266000000e+12
3.245028250769000000e+12
3.611729759225000000e+12
3.825531463766000000e+12
2.243135828820000000e+12
1.593337647851000000e+12
3.268366022485000000e+12
2.380524103608000000e+12
3.245028250769000000e+12
4.169640195479000000e+12
4.425038523777000000e+12
2.774380098260000000e+12
1.770015409510000000e+12
1.817567740824000000e+12
2.456718777088000000e+12
3.885326420901000000e+12
1.516251357271000000e+12
8.850077047550000000e+11
8.850077047550000000e+11
2.692123412556000000e+12
1.475012841259000000e+12
1.180010273007000000e+12
1.770015409510000000e+12
5.900051365030000000e+11
5.126706292180000000e+11
2.065017977762000000e+12
1.770015409510000000e+12
2.655023114266000000e+12
2.089226814659000000e+12
1.268384824037000000e+12
1.180010273007000000e+12
2.360020546014000000e+12
2.806816831081000000e+12
2.360020546014000000e+12
1.507271030612000000e+12
8.850077047550000000e+11
1.770015409510000000e+12
5.900051365030000000e+11
3.245028250769000000e+12
5.900051365030000000e+11
5.900051365030000000e+11
8.313944637680000000e+11
1.512975406761000000e+12
2.825722357100000000e+10
1.475012841259000000e+12
1.180010273007000000e+12
5.900051365030000000e+11
1.770015409510000000e+12
1.405679240959000000e+12
1.770015409510000000e+12
2.360020546014000000e+12
2.360020546014000000e+12
1.180010273007000000e+12
1.770015409510000000e+12
5.900051365030000000e+11
1.475012841259000000e+12
1.475012841259000000e+12
1.180010273007000000e+12
1.498128304095000000e+12
8.850077047550000000e+11
8.850077047550000000e+11
8.850077047550000000e+11
2.488444386500000000e+12
1.846736093271000000e+12
1.475012841259000000e+12
1.180010273007000000e+12
1.770015409510000000e+12
1.770015409510000000e+12
1.180010273007000000e+12
1.384666810345000000e+12
8.850077047550000000e+11
8.850077047550000000e+11
2.950025682510000000e+11
5.900051365030000000e+11
2.950025682510000000e+11
8.850077047550000000e+11
2.950025682510000000e+11
1.475012841259000000e+12
8.850077047550000000e+11
5.900051365030000000e+11
8.850077047550000000e+11
1.770015409510000000e+12
7.914836728900000000e+10
9.055329595970000000e+11
1.176027380389000000e+12
1.475012841259000000e+12
2.950025682510000000e+11
2.950025682510000000e+11
8.850077047550000000e+11
1.180010273007000000e+12
5.900051365030000000e+11
9.275531129650000000e+11
8.850077047550000000e+11
2.435090901980000000e+11
2.950025682510000000e+11
1.180010273007000000e+12
9.391639175140000000e+11
6.878709750950000000e+11
9.269630691860000000e+11
1.770015409510000000e+12
8.850077047550000000e+11
