1.021105000000000018e+02
1.070914999999999964e+02
1.120724999999999909e+02
1.170534999999999997e+02
1.220345000000000084e+02
1.270155000000000030e+02
1.319964999999999975e+02
1.369774999999999920e+02
1.419585000000000150e+02
1.469395000000000095e+02
1.519205000000000041e+02
1.569014999999999986e+02
1.618824999999999932e+02
1.668634999999999877e+02
1.718445000000000107e+02
1.768255000000000052e+02
1.818064999999999998e+02
1.867874999999999943e+02
1.917684999999999889e+02
1.967495000000000118e+02
2.017305000000000064e+02
2.067115000000000009e+02
2.116924999999999955e+02
2.166734999999999900e+02
2.216544999999999845e+02
2.266355000000000075e+02
2.316165000000000020e+02
2.365974999999999966e+02
2.415784999999999911e+02
2.465595000000000141e+02
2.515405000000000086e+02
2.565215000000000032e+02
2.615024999999999977e+02
2.664834999999999923e+02
2.714644999999999868e+02
2.764454999999999814e+02
2.814264999999999759e+02
2.864075000000000273e+02
2.913885000000000218e+02
2.963695000000000164e+02
3.013505000000000109e+02
3.063315000000000055e+02
3.113125000000000000e+02
3.162934999999999945e+02
3.212744999999999891e+02
3.262554999999999836e+02
3.312364999999999782e+02
3.362174999999999727e+02
3.411985000000000241e+02
3.461795000000000186e+02
3.511605000000000132e+02
3.561415000000000077e+02
3.611225000000000023e+02
3.661034999999999968e+02
3.710844999999999914e+02
3.760654999999999859e+02
3.810464999999999804e+02
3.860274999999999750e+02
3.910085000000000264e+02
3.959895000000000209e+02
4.009705000000000155e+02
4.059515000000000100e+02
4.109325000000000045e+02
4.159134999999999991e+02
4.208944999999999936e+02
4.258754999999999882e+02
4.308564999999999827e+02
4.358374999999999773e+02
4.408184999999999718e+02
4.457995000000000232e+02
4.507805000000000177e+02
4.557615000000000123e+02
4.607425000000000068e+02
4.657235000000000014e+02
4.707044999999999959e+02
4.756854999999999905e+02
4.806664999999999850e+02
4.856474999999999795e+02
4.906285000000000309e+02
4.956095000000000255e+02
5.005905000000000200e+02
5.055715000000000146e+02
5.105525000000000091e+02
5.155335000000000036e+02
5.205144999999999982e+02
5.254954999999999927e+02
5.304764999999999873e+02
5.354574999999999818e+02
5.404384999999999764e+02
5.454194999999999709e+02
5.504004999999999654e+02
5.553814999999999600e+02
5.603624999999999545e+02
5.653434999999999491e+02
5.703244999999999436e+02
5.753055000000000518e+02
5.802865000000000464e+02
5.852675000000000409e+02
5.902485000000000355e+02
5.952295000000000300e+02
6.002105000000000246e+02
6.051915000000000191e+02
6.101725000000000136e+02
6.151535000000000082e+02
6.201345000000000027e+02
6.251154999999999973e+02
6.300964999999999918e+02
6.350774999999999864e+02
6.400584999999999809e+02
6.450394999999999754e+02
6.500204999999999700e+02
6.550014999999999645e+02
6.599824999999999591e+02
6.649634999999999536e+02
6.699444999999999482e+02
6.749255000000000564e+02
6.799065000000000509e+02
6.848875000000000455e+02
6.898685000000000400e+02
6.948495000000000346e+02
6.998305000000000291e+02
7.048115000000000236e+02
7.097925000000000182e+02
7.147735000000000127e+02
7.197545000000000073e+02
7.247355000000000018e+02
7.297164999999999964e+02
7.346974999999999909e+02
7.396784999999999854e+02
7.446594999999999800e+02
7.496404999999999745e+02
7.546214999999999691e+02
7.596024999999999636e+02
7.645834999999999582e+02
7.695644999999999527e+02
7.745454999999999472e+02
7.795264999999999418e+02
7.845075000000000500e+02
7.894885000000000446e+02
7.944695000000000391e+02
7.994505000000000337e+02
8.044315000000000282e+02
8.094125000000000227e+02
8.143935000000000173e+02
8.193745000000000118e+02
8.243555000000000064e+02
8.293365000000000009e+02
8.343174999999999955e+02
8.392984999999999900e+02
8.442794999999999845e+02
8.492604999999999791e+02
8.542414999999999736e+02
8.592224999999999682e+02
8.642034999999999627e+02
8.691844999999999573e+02
8.741654999999999518e+02
8.791464999999999463e+02
8.841275000000000546e+02
8.891085000000000491e+02
8.940895000000000437e+02
8.990705000000000382e+02
9.040515000000000327e+02
9.090325000000000273e+02
9.140135000000000218e+02
9.189945000000000164e+02
9.239755000000000109e+02
9.289565000000000055e+02
9.339375000000000000e+02
9.389184999999999945e+02
9.438994999999999891e+02
9.488804999999999836e+02
9.538614999999999782e+02
9.588424999999999727e+02
9.638234999999999673e+02
9.688044999999999618e+02
9.737854999999999563e+02
9.787664999999999509e+02
9.837474999999999454e+02
9.887285000000000537e+02
9.937095000000000482e+02
9.986905000000000427e+02
1.003671500000000037e+03
1.008652500000000032e+03
1.013633500000000026e+03
1.018614500000000021e+03
1.023595500000000015e+03
1.028576500000000124e+03
1.033557499999999891e+03
1.038538500000000113e+03
1.043519499999999880e+03
1.048500500000000102e+03
1.053481499999999869e+03
1.058462500000000091e+03
1.063443499999999858e+03
1.068424500000000080e+03
1.073405499999999847e+03
1.078386500000000069e+03
1.083367499999999836e+03
1.088348500000000058e+03
1.093329499999999825e+03
1.098310500000000047e+03
1.103291499999999814e+03
1.108272500000000036e+03
1.113253499999999804e+03
1.118234500000000025e+03
1.123215499999999793e+03
1.128196500000000015e+03
1.133177499999999782e+03
1.138158500000000004e+03
1.143139499999999998e+03
1.148120499999999993e+03
1.153101500000000215e+03
1.158082499999999982e+03
1.163063500000000204e+03
1.168044499999999971e+03
1.173025500000000193e+03
1.178006499999999960e+03
1.182987500000000182e+03
1.187968499999999949e+03
1.192949500000000171e+03
1.197930499999999938e+03
1.202911500000000160e+03
1.207892499999999927e+03
1.212873500000000149e+03
1.217854499999999916e+03
1.222835500000000138e+03
1.227816499999999905e+03
1.232797500000000127e+03
1.237778499999999894e+03
1.242759500000000116e+03
1.247740499999999884e+03
1.252721500000000106e+03
1.257702499999999873e+03
1.262683500000000095e+03
1.267664499999999862e+03
1.272645500000000084e+03
1.277626499999999851e+03
1.282607500000000073e+03
1.287588499999999840e+03
1.292569500000000062e+03
1.297550499999999829e+03
1.302531500000000051e+03
1.307512499999999818e+03
1.312493500000000040e+03
1.317474499999999807e+03
1.322455500000000029e+03
1.327436499999999796e+03
1.332417500000000018e+03
1.337398499999999785e+03
1.342379500000000007e+03
1.347360500000000002e+03
1.352341499999999996e+03
1.357322500000000218e+03
1.362303499999999985e+03
1.367284500000000207e+03
1.372265499999999975e+03
1.377246500000000196e+03
1.382227499999999964e+03
1.387208500000000186e+03
1.392189499999999953e+03
1.397170500000000175e+03
1.402151499999999942e+03
1.407132500000000164e+03
1.412113499999999931e+03
1.417094500000000153e+03
1.422075499999999920e+03
1.427056500000000142e+03
1.432037499999999909e+03
1.437018500000000131e+03
1.441999499999999898e+03
1.446980500000000120e+03
1.451961499999999887e+03
1.456942500000000109e+03
1.461923499999999876e+03
1.466904500000000098e+03
1.471885499999999865e+03
1.476866500000000087e+03
1.481847499999999854e+03
1.486828500000000076e+03
1.491809499999999844e+03
1.496790500000000065e+03
1.501771499999999833e+03
1.506752500000000055e+03
1.511733499999999822e+03
1.516714500000000044e+03
1.521695499999999811e+03
1.526676500000000033e+03
1.531657499999999800e+03
1.536638500000000022e+03
1.541619499999999789e+03
1.546600500000000011e+03
1.551581499999999778e+03
1.556562500000000000e+03
1.561543500000000222e+03
1.566524499999999989e+03
1.571505500000000211e+03
1.576486499999999978e+03
1.581467500000000200e+03
1.586448499999999967e+03
1.591429500000000189e+03
1.596410499999999956e+03
1.601391500000000178e+03
1.606372499999999945e+03
1.611353500000000167e+03
1.616334499999999935e+03
1.621315500000000156e+03
1.626296499999999924e+03
1.631277500000000146e+03
1.636258499999999913e+03
1.641239500000000135e+03
1.646220499999999902e+03
1.651201500000000124e+03
1.656182499999999891e+03
1.661163500000000113e+03
1.666144499999999880e+03
1.671125500000000102e+03
1.676106499999999869e+03
1.681087500000000091e+03
1.686068499999999858e+03
1.691049500000000080e+03
1.696030499999999847e+03
1.701011500000000069e+03
1.705992499999999836e+03
1.710973500000000058e+03
1.715954499999999825e+03
1.720935500000000047e+03
1.725916499999999814e+03
1.730897500000000036e+03
1.735878499999999804e+03
1.740859500000000025e+03
1.745840499999999793e+03
1.750821500000000015e+03
1.755802499999999782e+03
1.760783500000000004e+03
1.765764499999999998e+03
1.770745499999999993e+03
1.775726500000000215e+03
1.780707499999999982e+03
1.785688500000000204e+03
1.790669499999999971e+03
1.795650500000000193e+03
1.800631499999999960e+03
1.805612500000000182e+03
1.810593499999999949e+03
1.815574500000000171e+03
1.820555499999999938e+03
1.825536500000000160e+03
1.830517499999999927e+03
1.835498500000000149e+03
1.840479499999999916e+03
1.845460500000000138e+03
1.850441499999999905e+03
1.855422500000000127e+03
1.860403499999999894e+03
1.865384500000000116e+03
1.870365499999999884e+03
1.875346500000000106e+03
1.880327499999999873e+03
1.885308500000000095e+03
1.890289499999999862e+03
1.895270500000000084e+03
1.900251499999999851e+03
1.905232500000000073e+03
1.910213499999999840e+03
1.915194500000000062e+03
1.920175499999999829e+03
1.925156500000000051e+03
1.930137499999999818e+03
1.935118500000000040e+03
1.940099499999999807e+03
1.945080500000000029e+03
1.950061499999999796e+03
1.955042500000000018e+03
1.960023499999999785e+03
1.965004500000000007e+03
1.969985500000000002e+03
1.974966499999999996e+03
1.979947500000000218e+03
1.984928499999999985e+03
1.989909500000000207e+03
1.994890499999999975e+03
1.999871500000000196e+03
2.004852499999999964e+03
2.009833500000000186e+03
2.014814499999999953e+03
2.019795500000000175e+03
2.024776499999999942e+03
2.029757500000000164e+03
2.034738499999999931e+03
2.039719500000000153e+03
2.044700499999999920e+03
2.049681500000000142e+03
2.054662499999999909e+03
2.059643500000000131e+03
2.064624499999999898e+03
2.069605499999999665e+03
2.074586500000000342e+03
2.079567500000000109e+03
2.084548499999999876e+03
2.089529500000000098e+03
2.094510500000000320e+03
2.099491500000000087e+03
2.104472499999999854e+03
2.109453500000000076e+03
2.114434500000000298e+03
2.119415500000000065e+03
2.124396499999999833e+03
2.129377500000000055e+03
2.134358500000000276e+03
2.139339500000000044e+03
2.144320499999999811e+03
2.149301500000000033e+03
2.154282500000000255e+03
2.159263500000000022e+03
2.164244499999999789e+03
2.169225500000000011e+03
2.174206500000000233e+03
2.179187500000000000e+03
2.184168499999999767e+03
2.189149499999999989e+03
2.194130500000000211e+03
2.199111499999999978e+03
2.204092499999999745e+03
2.209073499999999967e+03
2.214054500000000189e+03
2.219035499999999956e+03
2.224016499999999724e+03
2.228997499999999945e+03
2.233978500000000167e+03
2.238959499999999935e+03
2.243940499999999702e+03
2.248921499999999924e+03
2.253902500000000146e+03
2.258883499999999913e+03
2.263864499999999680e+03
2.268845499999999902e+03
2.273826500000000124e+03
2.278807499999999891e+03
2.283788499999999658e+03
2.288769500000000335e+03
2.293750500000000102e+03
2.298731499999999869e+03
2.303712500000000091e+03
2.308693500000000313e+03
2.313674500000000080e+03
2.318655499999999847e+03
2.323636500000000069e+03
2.328617500000000291e+03
2.333598500000000058e+03
2.338579499999999825e+03
2.343560500000000047e+03
2.348541500000000269e+03
2.353522500000000036e+03
2.358503499999999804e+03
2.363484500000000025e+03
2.368465500000000247e+03
2.373446500000000015e+03
2.378427499999999782e+03
2.383408500000000004e+03
2.388389500000000226e+03
2.393370499999999993e+03
2.398351499999999760e+03
2.403332499999999982e+03
2.408313500000000204e+03
2.413294499999999971e+03
2.418275499999999738e+03
2.423256499999999960e+03
2.428237500000000182e+03
2.433218499999999949e+03
2.438199499999999716e+03
2.443180499999999938e+03
2.448161500000000160e+03
2.453142499999999927e+03
2.458123499999999694e+03
2.463104499999999916e+03
2.468085500000000138e+03
2.473066499999999905e+03
2.478047499999999673e+03
2.483028499999999894e+03
2.488009500000000116e+03
2.492990499999999884e+03
2.497971500000000106e+03
2.502952500000000327e+03
2.507933500000000095e+03
2.512914499999999862e+03
2.517895500000000084e+03
2.522876500000000306e+03
2.527857500000000073e+03
2.532838499999999840e+03
2.537819500000000062e+03
2.542800500000000284e+03
2.547781500000000051e+03
2.552762499999999818e+03
2.557743500000000040e+03
2.562724500000000262e+03
2.567705500000000029e+03
2.572686499999999796e+03
2.577667500000000018e+03
2.582648500000000240e+03
2.587629500000000007e+03
2.592610499999999774e+03
2.597591499999999996e+03
2.602572500000000218e+03
2.607553499999999985e+03
2.612534499999999753e+03
2.617515499999999975e+03
2.622496500000000196e+03
2.627477499999999964e+03
2.632458499999999731e+03
2.637439499999999953e+03
2.642420500000000175e+03
2.647401499999999942e+03
2.652382499999999709e+03
2.657363499999999931e+03
2.662344500000000153e+03
2.667325499999999920e+03
2.672306499999999687e+03
2.677287499999999909e+03
2.682268500000000131e+03
2.687249499999999898e+03
2.692230499999999665e+03
2.697211500000000342e+03
2.702192500000000109e+03
2.707173499999999876e+03
2.712154500000000098e+03
2.717135500000000320e+03
2.722116500000000087e+03
2.727097499999999854e+03
2.732078500000000076e+03
2.737059500000000298e+03
2.742040500000000065e+03
2.747021499999999833e+03
2.752002500000000055e+03
2.756983500000000276e+03
2.761964500000000044e+03
2.766945499999999811e+03
2.771926500000000033e+03
2.776907500000000255e+03
2.781888500000000022e+03
2.786869499999999789e+03
2.791850500000000011e+03
2.796831500000000233e+03
2.801812500000000000e+03
2.806793499999999767e+03
2.811774499999999989e+03
2.816755500000000211e+03
2.821736499999999978e+03
2.826717499999999745e+03
2.831698499999999967e+03
2.836679500000000189e+03
2.841660499999999956e+03
2.846641499999999724e+03
2.851622499999999945e+03
2.856603500000000167e+03
2.861584499999999935e+03
2.866565499999999702e+03
2.871546499999999924e+03
2.876527500000000146e+03
2.881508499999999913e+03
2.886489499999999680e+03
2.891470499999999902e+03
2.896451500000000124e+03
2.901432499999999891e+03
2.906413499999999658e+03
2.911394500000000335e+03
2.916375500000000102e+03
2.921356499999999869e+03
2.926337500000000091e+03
2.931318500000000313e+03
2.936299500000000080e+03
2.941280499999999847e+03
2.946261500000000069e+03
2.951242500000000291e+03
2.956223500000000058e+03
2.961204499999999825e+03
2.966185500000000047e+03
2.971166500000000269e+03
2.976147500000000036e+03
2.981128499999999804e+03
2.986109500000000025e+03
2.991090500000000247e+03
2.996071500000000015e+03
3.001052499999999782e+03
3.006033500000000004e+03
3.011014500000000226e+03
3.015995499999999993e+03
3.020976499999999760e+03
3.025957499999999982e+03
3.030938500000000204e+03
3.035919499999999971e+03
3.040900499999999738e+03
3.045881499999999960e+03
3.050862500000000182e+03
3.055843499999999949e+03
3.060824499999999716e+03
3.065805499999999938e+03
3.070786500000000160e+03
3.075767499999999927e+03
3.080748499999999694e+03
3.085729499999999916e+03
3.090710500000000138e+03
3.095691499999999905e+03
3.100672499999999673e+03
3.105653499999999894e+03
3.110634500000000116e+03
3.115615499999999884e+03
3.120596500000000106e+03
3.125577500000000327e+03
3.130558500000000095e+03
3.135539499999999862e+03
3.140520500000000084e+03
3.145501500000000306e+03
3.150482500000000073e+03
3.155463499999999840e+03
3.160444500000000062e+03
3.165425500000000284e+03
3.170406500000000051e+03
3.175387499999999818e+03
3.180368500000000040e+03
3.185349500000000262e+03
3.190330500000000029e+03
3.195311499999999796e+03
3.200292500000000018e+03
3.205273500000000240e+03
3.210254500000000007e+03
3.215235499999999774e+03
3.220216499999999996e+03
3.225197500000000218e+03
3.230178499999999985e+03
3.235159499999999753e+03
3.240140499999999975e+03
3.245121500000000196e+03
3.250102499999999964e+03
3.255083499999999731e+03
3.260064499999999953e+03
3.265045500000000175e+03
3.270026499999999942e+03
3.275007499999999709e+03
3.279988499999999931e+03
3.284969500000000153e+03
3.289950499999999920e+03
3.294931499999999687e+03
3.299912499999999909e+03
3.304893500000000131e+03
3.309874499999999898e+03
3.314855499999999665e+03
3.319836500000000342e+03
3.324817500000000109e+03
3.329798499999999876e+03
3.334779500000000098e+03
3.339760500000000320e+03
3.344741500000000087e+03
3.349722499999999854e+03
3.354703500000000076e+03
3.359684500000000298e+03
3.364665500000000065e+03
3.369646499999999833e+03
3.374627500000000055e+03
3.379608500000000276e+03
3.384589500000000044e+03
3.389570499999999811e+03
3.394551500000000033e+03
3.399532500000000255e+03
3.404513500000000022e+03
3.409494499999999789e+03
3.414475500000000011e+03
3.419456500000000233e+03
3.424437500000000000e+03
3.429418499999999767e+03
3.434399499999999989e+03
3.439380500000000211e+03
3.444361499999999978e+03
3.449342499999999745e+03
3.454323499999999967e+03
3.459304500000000189e+03
3.464285499999999956e+03
3.469266499999999724e+03
3.474247499999999945e+03
3.479228500000000167e+03
3.484209499999999935e+03
3.489190499999999702e+03
3.494171499999999924e+03
3.499152500000000146e+03
3.504133499999999913e+03
3.509114499999999680e+03
3.514095499999999902e+03
3.519076500000000124e+03
3.524057499999999891e+03
3.529038499999999658e+03
3.534019500000000335e+03
3.539000500000000102e+03
3.543981499999999869e+03
3.548962500000000091e+03
3.553943500000000313e+03
3.558924500000000080e+03
3.563905499999999847e+03
3.568886500000000069e+03
3.573867500000000291e+03
3.578848500000000058e+03
3.583829499999999825e+03
3.588810500000000047e+03
3.593791500000000269e+03
3.598772500000000036e+03
3.603753499999999804e+03
3.608734500000000025e+03
3.613715500000000247e+03
3.618696500000000015e+03
3.623677499999999782e+03
3.628658500000000004e+03
3.633639500000000226e+03
3.638620499999999993e+03
3.643601499999999760e+03
3.648582499999999982e+03
3.653563500000000204e+03
3.658544499999999971e+03
3.663525499999999738e+03
3.668506499999999960e+03
3.673487500000000182e+03
3.678468499999999949e+03
3.683449499999999716e+03
3.688430499999999938e+03
3.693411500000000160e+03
3.698392499999999927e+03
3.703373499999999694e+03
3.708354499999999916e+03
3.713335500000000138e+03
3.718316499999999905e+03
3.723297499999999673e+03
3.728278499999999894e+03
3.733259500000000116e+03
3.738240499999999884e+03
3.743221500000000106e+03
3.748202500000000327e+03
3.753183500000000095e+03
3.758164499999999862e+03
3.763145500000000084e+03
3.768126500000000306e+03
3.773107500000000073e+03
3.778088499999999840e+03
3.783069500000000062e+03
3.788050500000000284e+03
3.793031500000000051e+03
3.798012499999999818e+03
3.802993500000000040e+03
3.807974500000000262e+03
3.812955500000000029e+03
3.817936499999999796e+03
3.822917500000000018e+03
3.827898500000000240e+03
3.832879500000000007e+03
3.837860499999999774e+03
3.842841499999999996e+03
3.847822500000000218e+03
3.852803499999999985e+03
3.857784499999999753e+03
3.862765499999999975e+03
3.867746500000000196e+03
3.872727499999999964e+03
3.877708499999999731e+03
3.882689499999999953e+03
3.887670500000000175e+03
3.892651499999999942e+03
3.897632499999999709e+03
3.902613499999999931e+03
3.907594500000000153e+03
3.912575499999999920e+03
3.917556499999999687e+03
3.922537499999999909e+03
3.927518500000000131e+03
3.932499499999999898e+03
3.937480499999999665e+03
3.942461500000000342e+03
3.947442500000000109e+03
3.952423499999999876e+03
3.957404500000000098e+03
3.962385500000000320e+03
3.967366500000000087e+03
3.972347499999999854e+03
3.977328500000000076e+03
3.982309500000000298e+03
3.987290500000000065e+03
3.992271499999999833e+03
3.997252500000000055e+03
4.002233500000000276e+03
4.007214500000000044e+03
4.012195499999999811e+03
4.017176500000000033e+03
4.022157500000000255e+03
4.027138500000000022e+03
4.032119499999999789e+03
4.037100500000000011e+03
4.042081500000000233e+03
4.047062500000000000e+03
