199891423207900
183129605343939
166369073964705
155558231596789
137107444297206
128418475215615
117626845476500
108754673221226
99976973491906
89758323411629
87253329333200
81374729594764
75580644677526
72358680979369
64582042236418
65464050371618
59708103860109
51510874228042
51173929332801
48149806491248
44464410993885
41811140031248
41199654890168
40330051147728
37551048322464
32708737991952
33357155536256
33122614056799
31141513548635
29455684322364
26439306799136
25833642410647
27176163561860
24359313271419
25156297271066
25046889004108
21836883811110
22281193381383
19541310237472
19289488661133
19600188684188
18594749907005
17463881148957
16583808231543
16257202971303
16806094075107
15931095945297
16188476469967
15018251212848
14660020551807
13962460676430
14548360255919
12162947954524
11259639907546
12497252653390
12227127451798
10544371693285
10512027417796
10953845436774
9907025954752
10237078960641
10216992284029
9561834319598
9277728173186
7995064433915
8814984213650
9045973988041
8589015723821
9676170749528
8756031325938
7707201804218
7531208441072
7063089488430
6696651096171
6674489978899
7498836966430
6956777205094
6729723457569
5395161226655
5380758412438
5948537099957
5057008207686
6126260167370
5366215546885
4978544286087
4876590494663
5296848970205
4293648015986
4926484061628
5270215982912
4494462549960
4483198745300
4325613267702
4207179645883
3561080016265
3846963237215
4265137621582
4017899519649
3920541162563
3639390704638
3442139125539
3349259000563
4161352019220
2911421738097
3182653588885
3140587735894
3210487974517
3054653838127
3029804768665
3053365241859
2950810174738
2517125030447
2982865988573
2403987299149
2512072529212
2120776953824
2707340309322
2041404602352
1750785483775
2031683089721
1904524703139
1945724367786
1936756549515
2221012634753
1929988372048
2162342024606
2120407953273
1402926487036
2755183215933
1904081128607
1393464755914
1918544742102
2207551017285
1641492171399
1331479923919
1296627527109
1257810259130
1650020394157
1863362230706
1743938352976
1627467882091
1474716213875
1158599409608
1401598995545
1305984104940
1008763586450
1074253641457
1060396390761
1064417162570
1019745979137
1172782600553
982126491556
823754912322
1009141732157
1076175259858
1241859723718
873155182143
1268500481877
770268457047
1281744221081
883072716588
804832735434
832191892536
635691401011
838860942480
877238136840
921241450946
727105293639
744776575567
774550057467
996706458356
1082086794241
597075623810
740321807344
916208814205
658733488922
971640974892
926745954908
690045353452
883728737217
778625301707
736312601529
832274399024
710729631338
699866608663
762919354641
717873582995
555520250377
645294669347
610443738365
662393970574
635477994717
571706910131
574418387112
581610260200
463493013765
487015611057
387819448447
510482930603
485578499045
371771016957
458306179148
524246410120
498899600546
417763472229
530215655898
313547968196
212406520050
416630216767
604790562608
410638335239
521448738439
348670946376
205061656145
319079622575
333119708936
419166198848
412464190888
177610657991
340251798685
326903003865
330816979061
217489779897
140333640969
319489681015
316297582097
106066041727
358876473210
293775711362
387581687992
287462974742
171775449319
288951495180
255889064644
207327516816
318269771930
323285570551
257273248844
347567873054
149919983059
148810044579
139037821788
114461395258
118558283787
162794495376
152770888984
153299942440
82791116354
189408129609
115401628808
160317375454
240372506337
90484300075
201764753050
153194858531
42575624020
160948088524
97406511058
254756192589
166391761938
110871483963
49873536138
247587858214
170053021744
161430530942
206864321989
81521825496
181785158592
164704285722
85766947334
27535498736
66600437762
81934285958
71093461909
73694816316
125005501008
186722620399
52568909357
188107638964
94275592636
34127239949
79891172650
111609465551
70220672288
84920341599
66682163939
209567212286
54034471216
168527724102
77426818230
61890881228
60719409724
45596016821
96683736311
62856726416
56358241534
58723653666
113022218729
208418022383
239389485632
45211288107
77030794027
17120594244
23398851060
51794884885
45397803761
19549758777
55574137628
25251507677
115351099774
112946822588
9762150189
38816979882
93013876965
2615146431
166702382807
15083719224
27519603715
101761853336
63753556667
65007142872
56945643571
3932694004
17481810560
63325093517
47822449185
17426697151
41274375114
28644319852
46499569138
3878335759
84261419933
7340168940
37152131348
37442002436
13824199364
31253670863
23112837133
21162515230
62192392225
13956252257
16541200554
24626937410
25789197453
25354746166
48222832868
18346423289
35560823100
14061714204
6077784731
16161126335
4348338311
24860741895
29886225809
14743858357
6660035920
4232185170
84002606386
2730593757
43786777039
11553243750
80397489831
32062349147
10484262259
11342138354
68051412058
3973616710
4370567286
19186452851
27608564330
20667327042
3923990951
8690390654
150195052985
80110105736
24749106445
14741848754
2467071143
69704436498
2605122631
11777995288
2614932604
3884329547
16984860492
4538440769
1291116516
3950002914
149275164285
26987622262
4585601051
131462620094
4012892037
3500083765
5198126225
16533399537
19066571892
12047416899
13764213948
18180624035
6324787414
19881647451
22056926709
1291307348
5235324043
4400302109
4530933628
4069630135
1295632731
6919992977
2622567193
2613579834
2647907733
3012931627
3943080700
28823924319
1459664286
20711948683
7253118307
1351476175
1291021136
5215954962
2635179843
13846114435
55424408691
7590991365
1315633805
2584085294
8256929712
3879107118
3937971730
8988793526
3906337295
3890249687
4274860328
6719432369
6733334402
57273375780
4037834970
1315371439
5231688383
2593893527
1294406182
2592579716
3262698684
9968180281
1291531769
1291433223
11694674144
14582936470
5005347559
2686151390
3909230183
2821791705
1295860310
3891022602
7805775421
1304237252
21963917955
1306020760
1292076216
6900087778
1292154077
1372131407
2667827891
5254321584
2586236420
1291073964
11686358879
1297852184
2609734214
3907550384
1326431558
1298732074
1306520582
1291235973
2918711990
4004693137
2624891106
1300711930
5660928416
2658402238
1343359441
2591811497
1301882740
3887175572
1291005875
8523076468
7774250194
18823393425
1297394256
6485776407
1660503529
2611148812
8291323350
2584180272
1297827081
6016473809
1297197027
6553826309
5175668856
14626447906
1317415052
2641556639
5181575275
1292323197
2653047206
1304055950
2606225297
3987232773
5249405845
2603962259
1292934432
1313721579
1295670565
5566388093
3915173692
1297803676
1291680274
1291176410
18090015935
2611300282
2635455960
1374503563
8780106611
1362460734
2317456621
3937990549
2585961061
1324107942
1291045686
1291011679
2828115591
1291090768
5484843686
2610843287
1291186498
2611862998
2597904875
1292393534
1295200669
3882298710
1295446998
2589023234
1301731227
2598835128
1305376402
2595549233
1315203689
2643986013
1296126914
1292129689
1303980349
2640914638
1295726187
2582593922
8941000742
1292511701
1292699728
2670612178
1291027849
5229384182
1294467666
1291566857
2585342324
1574016373
2614807668
2589253241
1296497930
1293864679
1323167144
2602678905
1291026464
1297382344
2596393857
3903184725
1324256154
2634202215
1343540862
1291003147
2877397997
2592726641
1291680274
1318934645
1291320473
2585896671
2588901232
5180628992
1291251702
1310848853
1401461383
1299720894
1325307987
2617137192
1293390818
1291304278
4148023132
1295484118
1316015647
1301237057
1293035358
3936249185
2619832330
