3.987159630178380000e+14
3.229896636911400000e+14
2.671481385684980000e+14
2.282566257812780000e+14
1.943622292947250000e+14
1.700919954789580000e+14
1.601546058785250000e+14
1.348143834932920000e+14
1.211427074992340000e+14
1.058887769101990000e+14
1.059292205236440000e+14
8.952886046036600000e+13
8.496930286910600000e+13
8.394286408719000000e+13
7.495152700532800000e+13
6.731192993192100000e+13
6.815216494443100000e+13
6.026987948824800000e+13
5.628890416025700000e+13
4.883657287869900000e+13
4.923070047645800000e+13
4.900004735589900000e+13
4.618921921513600000e+13
4.515369768872700000e+13
3.725571551390000000e+13
3.950048226831200000e+13
3.822679917546200000e+13
3.595983017760000000e+13
3.138774692653400000e+13
3.467667690150800000e+13
3.299633869023600000e+13
3.049139511432200000e+13
2.944501265122700000e+13
2.828794547090700000e+13
2.926769335188900000e+13
2.786100464152700000e+13
2.357408410133000000e+13
2.431472826351400000e+13
2.272274393561100000e+13
2.213186919363500000e+13
2.183429374271200000e+13
2.241320184851900000e+13
1.875561157996600000e+13
2.039076396960300000e+13
1.771514748903100000e+13
2.036021871998000000e+13
1.623071924492200000e+13
1.604661304524600000e+13
1.520025930331000000e+13
1.433172338305000000e+13
1.501877588444200000e+13
1.308206628881400000e+13
1.501660432688200000e+13
1.281233258757900000e+13
1.356225477792200000e+13
1.438486140402500000e+13
1.341966935560700000e+13
1.005869642785100000e+13
1.186066077526600000e+13
1.098719556718000000e+13
7.876087392295000000e+12
9.535794821352000000e+12
1.077854879868600000e+13
1.094252678735700000e+13
8.867718846799000000e+12
8.825148077495000000e+12
8.713056168892000000e+12
7.733935725649000000e+12
7.105015462261000000e+12
5.905930832350000000e+12
7.765050352163000000e+12
7.209896087407000000e+12
6.852921417026000000e+12
7.206217357628000000e+12
6.560776137405000000e+12
6.259449460114000000e+12
6.741195286480000000e+12
6.292222423111000000e+12
6.873003138253000000e+12
5.918393142817000000e+12
6.423609833073000000e+12
5.775898647426000000e+12
4.346545855793000000e+12
5.975665010646000000e+12
4.002519182623000000e+12
5.110720114726000000e+12
5.548326330891000000e+12
4.219799377218000000e+12
7.141703025563000000e+12
5.033945496915000000e+12
4.668634558306000000e+12
5.896534571404000000e+12
2.705681662770000000e+12
2.957995290788000000e+12
3.521472387765000000e+12
3.540809948651000000e+12
4.260997830586000000e+12
2.745927962439000000e+12
2.487907020662000000e+12
2.310637317592000000e+12
3.794202568537000000e+12
2.916354900256000000e+12
3.448127297010000000e+12
3.186660313439000000e+12
3.460764019570000000e+12
3.370796850176000000e+12
2.593323402837000000e+12
2.424071885665000000e+12
2.576869359390000000e+12
3.054911009429000000e+12
2.832884397557000000e+12
2.547744733143000000e+12
2.702019688277000000e+12
2.116271745143000000e+12
2.803489620704000000e+12
2.514598892427000000e+12
3.139402006583000000e+12
2.832622036097000000e+12
2.206777861311000000e+12
1.699100862156000000e+12
2.050647340812000000e+12
1.767620265619000000e+12
2.310243842116000000e+12
1.009934602311000000e+12
1.430594975835000000e+12
1.821754338266000000e+12
2.340136332017000000e+12
1.903449450787000000e+12
2.203035648998000000e+12
1.847287773675000000e+12
1.437035594296000000e+12
1.676088219978000000e+12
1.725746600890000000e+12
1.611938390184000000e+12
1.296940630043000000e+12
1.163671377422000000e+12
1.212542847315000000e+12
1.574941956594000000e+12
1.719824780907000000e+12
1.650306279528000000e+12
1.445516913018000000e+12
1.080358631639000000e+12
1.269437633804000000e+12
8.476388488780000000e+11
1.313745294015000000e+12
1.307366822166000000e+12
1.288525243166000000e+12
1.312730721515000000e+12
1.566145056139000000e+12
1.550928244897000000e+12
1.579263247272000000e+12
7.045623030960000000e+11
1.325603275448000000e+12
1.587936680679000000e+12
8.241244324820000000e+11
8.419573205140000000e+11
1.749061942805000000e+12
1.137866984361000000e+12
1.063213100992000000e+12
1.065100631191000000e+12
1.409451061805000000e+12
6.990357664870000000e+11
9.589648623200000000e+11
2.843088890780000000e+11
5.320693631590000000e+11
1.246554996439000000e+12
8.838856109340000000e+11
8.445843454720000000e+11
6.694987763560000000e+11
9.176535679770000000e+11
1.052442914109000000e+12
4.494231163500000000e+11
1.036175943554000000e+12
1.103350291340000000e+12
6.613378792930000000e+11
1.109244207042000000e+12
5.165994442750000000e+11
3.243399209660000000e+11
9.238868646630000000e+11
5.059914514500000000e+11
6.838332633440000000e+11
8.863286449980000000e+11
1.247503095996000000e+12
9.963558148550000000e+11
3.994901317060000000e+11
9.396580339510000000e+11
2.471527040430000000e+11
4.996731310330000000e+11
6.524049514010000000e+11
5.889405520650000000e+11
5.346600204960000000e+11
6.029504836120000000e+11
8.758127269190000000e+11
4.728743358170000000e+11
5.136983179700000000e+11
4.271906069880000000e+11
5.721528509690000000e+11
9.671926639870000000e+11
2.601273965590000000e+11
6.751806371380000000e+11
1.586967359130000000e+11
5.012950315530000000e+11
3.208291733210000000e+11
7.361630886440000000e+11
6.490132836020000000e+11
4.466913037290000000e+11
1.978638819280000000e+11
7.184974972600000000e+10
2.341601191920000000e+11
3.796202257800000000e+11
2.412195891140000000e+11
5.733648427950000000e+11
3.827197091810000000e+11
7.780318804660000000e+11
3.060168449230000000e+11
4.692794404110000000e+11
4.066302078660000000e+11
3.237126361390000000e+11
3.184549242590000000e+11
4.874345663100000000e+10
6.202049915200000000e+11
6.290207084490000000e+11
2.066112383230000000e+11
1.176510268200000000e+10
4.946525166670000000e+11
3.991829597150000000e+11
3.006440703390000000e+11
1.738379900360000000e+11
1.640060233730000000e+11
3.453372188320000000e+11
3.343040309770000000e+11
2.732139729200000000e+11
1.690011406730000000e+11
2.415731538500000000e+10
1.552174752700000000e+10
1.493518831660000000e+11
5.862089386200000000e+10
3.363140923170000000e+11
1.552725695660000000e+11
7.678900398980000000e+11
1.988787394270000000e+11
3.214881622410000000e+11
1.574490612640000000e+11
4.729530752260000000e+11
8.382618426100000000e+10
4.501264889190000000e+11
2.756460394000000000e+09
1.684662788690000000e+11
2.050444357200000000e+10
1.877276241130000000e+11
1.704258828350000000e+11
3.133841978390000000e+11
2.930208293980000000e+11
3.110604312580000000e+11
4.639464110660000000e+11
1.650913219580000000e+11
1.585544787150000000e+11
3.724445349000000000e+09
3.283669566050000000e+11
1.951540914270000000e+11
1.603657686640000000e+11
3.169940657320000000e+11
8.572632678900000000e+10
1.574130614300000000e+10
1.700628772000000000e+11
2.893520834140000000e+11
6.420568585000000000e+09
4.550758817900000000e+10
1.741730610390000000e+11
6.124040641790000000e+11
1.745007558960000000e+11
3.333965484380000000e+11
4.501264889190000000e+11
1.097757471350000000e+11
1.591265009900000000e+11
1.259986363600000000e+10
6.502372943000000000e+09
3.745072584230000000e+11
2.750598393000000000e+09
