6.895000
7.289000
7.683000
8.077000
8.471000
8.865000
9.259000
9.653000
10.047000
10.441000
10.835000
11.229000
11.623000
12.017000
12.411000
12.805000
13.199000
13.593000
13.987000
14.381000
14.775000
15.169000
15.563000
15.957000
16.351000
16.745000
17.139000
17.533000
17.927000
18.321000
18.715000
19.109000
19.503000
19.897000
20.291000
20.685000
21.079000
21.473000
21.867000
22.261000
22.655000
23.049000
23.443000
23.837000
24.231000
24.625000
25.019000
25.413000
25.807000
26.201000
26.595000
26.989000
27.383000
27.777000
28.171000
28.565000
28.959000
29.353000
29.747000
30.141000
30.535000
30.929000
31.323000
31.717000
32.111000
32.505000
32.899000
33.293000
33.687000
34.081000
34.475000
34.869000
35.263000
35.657000
36.051000
36.445000
36.839000
37.233000
37.627000
38.021000
38.415000
38.809000
39.203000
39.597000
39.991000
40.385000
40.779000
41.173000
41.567000
41.961000
42.355000
42.749000
43.143000
43.537000
43.931000
44.325000
44.719000
45.113000
45.507000
45.901000
46.295000
46.689000
47.083000
47.477000
47.871000
48.265000
48.659000
49.053000
49.447000
49.841000
50.235000
50.629000
51.023000
51.417000
51.811000
52.205000
52.599000
52.993000
53.387000
53.781000
54.175000
54.569000
54.963000
55.357000
55.751000
56.145000
56.539000
56.933000
57.327000
57.721000
58.115000
58.509000
58.903000
59.297000
59.691000
60.085000
60.479000
60.873000
61.267000
61.661000
62.055000
62.449000
62.843000
63.237000
63.631000
64.025000
64.419000
64.813000
65.207000
65.601000
65.995000
66.389000
66.783000
67.177000
67.571000
67.965000
68.359000
68.753000
69.147000
69.541000
69.935000
70.329000
70.723000
71.117000
71.511000
71.905000
72.299000
72.693000
73.087000
73.481000
73.875000
74.269000
74.663000
75.057000
75.451000
75.845000
76.239000
76.633000
77.027000
77.421000
77.815000
78.209000
78.603000
78.997000
79.391000
79.785000
80.179000
80.573000
80.967000
81.361000
81.755000
82.149000
82.543000
82.937000
83.331000
83.725000
84.119000
84.513000
84.907000
85.301000
85.695000
86.089000
86.483000
86.877000
87.271000
87.665000
88.059000
88.453000
88.847000
89.241000
89.635000
90.029000
90.423000
90.817000
91.211000
91.605000
91.999000
92.393000
92.787000
93.181000
93.575000
93.969000
94.363000
94.757000
95.151000
95.545000
95.939000
96.333000
96.727000
97.121000
97.515000
97.909000
98.303000
98.697000
99.091000
99.485000
99.879000
100.273000
100.667000
101.061000
101.455000
101.849000
102.243000
102.637000
103.031000
103.425000
103.819000
104.213000
104.607000
105.001000
105.395000
105.789000
106.183000
106.577000
106.971000
107.365000
107.759000
108.153000
108.547000
108.941000
109.335000
109.729000
110.123000
110.517000
110.911000
111.305000
111.699000
112.093000
112.487000
112.881000
113.275000
113.669000
114.063000
114.457000
114.851000
115.245000
115.639000
116.033000
116.427000
116.821000
117.215000
117.609000
118.003000
118.397000
118.791000
119.185000
119.579000
119.973000
120.367000
120.761000
121.155000
121.549000
121.943000
122.337000
122.731000
123.125000
123.519000
123.913000
124.307000
124.701000
125.095000
125.489000
125.883000
126.277000
126.671000
127.065000
127.459000
