2.634589136851917000e+15
2.393367193948628000e+15
2.198169278838249000e+15
2.086745373846579000e+15
1.941986076373230000e+15
1.767075611104803000e+15
1.702879403963649000e+15
1.617505867201200000e+15
1.569339274171191000e+15
1.458996913139106000e+15
1.321069493351370000e+15
1.348657861611769000e+15
1.276859665779698000e+15
1.194281339224360000e+15
1.128608546334786000e+15
1.051515299409748000e+15
1.010851915483813000e+15
1.008288426366404000e+15
9.221211994694690000e+14
8.988085915595700000e+14
8.544170081840650000e+14
8.304501316608930000e+14
7.814562609501520000e+14
7.993659682341200000e+14
7.475564086954380000e+14
6.983266022647460000e+14
6.589579476050090000e+14
6.392289033191230000e+14
6.577200406363820000e+14
6.058499137748050000e+14
5.923856968335410000e+14
5.708965633264890000e+14
5.449283539368060000e+14
5.402889479405360000e+14
4.966858593980650000e+14
4.754913590801090000e+14
4.784236782686580000e+14
4.382058060821240000e+14
4.297305870588770000e+14
3.990200330868760000e+14
4.041873738551520000e+14
3.745450834268300000e+14
3.961631653745710000e+14
3.579275744559790000e+14
3.684894377672120000e+14
3.414770655681020000e+14
3.369236000237940000e+14
3.069750951335160000e+14
2.979631281304770000e+14
3.173425431472520000e+14
2.858656609448850000e+14
2.750522813041950000e+14
2.657807116432790000e+14
2.696794515573020000e+14
2.473609735379760000e+14
2.640633912323450000e+14
2.301756233827900000e+14
2.422532214300820000e+14
2.202380695992240000e+14
2.142639302859670000e+14
2.086165735662830000e+14
2.073563270603500000e+14
2.249290757964160000e+14
1.912289673528260000e+14
2.012352070953970000e+14
1.742193062092360000e+14
1.729516396942840000e+14
1.724605480233530000e+14
1.756958995646150000e+14
1.639564374293390000e+14
1.617470679974030000e+14
1.511070988473120000e+14
1.507893221654030000e+14
1.500728695683060000e+14
1.498074701028160000e+14
1.362413430802060000e+14
1.293716024467020000e+14
1.262420393409230000e+14
1.177576739570780000e+14
1.177069991011920000e+14
1.316978600560530000e+14
1.177863400312850000e+14
1.155004080334430000e+14
1.135651040577390000e+14
1.082130951936440000e+14
1.098908638964100000e+14
1.126025076564500000e+14
9.784194990152500000e+13
9.883218102348800000e+13
9.416533816832700000e+13
9.526103614021600000e+13
9.162769433331800000e+13
9.076742902658300000e+13
8.991819871386600000e+13
8.765955726570400000e+13
8.371254658053000000e+13
7.933194119444100000e+13
8.402747302273200000e+13
8.057514710625000000e+13
7.428843951736400000e+13
7.736640032107200000e+13
7.123260909833600000e+13
6.645554610579400000e+13
6.529921417727700000e+13
6.938191145112300000e+13
6.195326430215200000e+13
6.531346454854700000e+13
5.991940639274900000e+13
6.086479437343800000e+13
6.197253559118400000e+13
6.161059393840000000e+13
5.311953257052900000e+13
5.709992768707900000e+13
5.164145625424600000e+13
5.319034441101500000e+13
5.070384665818300000e+13
4.789571151872000000e+13
5.336969150760000000e+13
5.436777623811500000e+13
5.113758693809000000e+13
4.393607918308400000e+13
4.158536573132500000e+13
3.899775662978600000e+13
4.542421625428000000e+13
5.006415930875600000e+13
3.790313858683100000e+13
3.759497481015000000e+13
4.411178959465200000e+13
4.252807779016600000e+13
4.060365795678200000e+13
3.639928133283400000e+13
3.473634120257100000e+13
3.212125227565900000e+13
3.672218060269600000e+13
2.710793738114700000e+13
2.997428748872200000e+13
3.608869396975400000e+13
3.311973472950200000e+13
3.159197408789800000e+13
2.708723261624000000e+13
3.214189481377200000e+13
2.582504317059900000e+13
3.116162205805100000e+13
2.968624134925900000e+13
2.282193623056300000e+13
2.352423722888600000e+13
2.363296963529400000e+13
2.267182720508600000e+13
2.214345658011300000e+13
2.224149919099100000e+13
2.375155194338800000e+13
1.949437201784400000e+13
2.342125662145600000e+13
2.304561864362300000e+13
2.114461102745400000e+13
2.157600621138000000e+13
2.413616251103200000e+13
2.004684570527600000e+13
1.602663609854200000e+13
2.268830701467300000e+13
1.887015149173000000e+13
1.751188379351200000e+13
1.239943894259800000e+13
1.773736053261000000e+13
2.020184590782300000e+13
1.791204415342800000e+13
1.620453266987600000e+13
1.754809123701600000e+13
1.459593697263500000e+13
1.325399255545900000e+13
1.662653998568200000e+13
1.639028553337700000e+13
1.168005454120100000e+13
1.539269472494500000e+13
1.068860359157200000e+13
1.268204949632300000e+13
1.293517897024300000e+13
1.168003210990400000e+13
1.177668706701100000e+13
1.015575766747200000e+13
1.118619151991900000e+13
1.129895136716100000e+13
9.814559682447000000e+12
1.067820089185400000e+13
9.955311595156000000e+12
1.220030091372300000e+13
1.052066103700200000e+13
9.255588114248000000e+12
1.015610088683600000e+13
9.304205913893000000e+12
7.225248341602000000e+12
7.802875346704000000e+12
6.740411893620000000e+12
1.304985422748100000e+13
9.577154102996000000e+12
9.480402945400000000e+12
7.916994141986000000e+12
9.043977510115000000e+12
9.787913986589000000e+12
7.593962664762000000e+12
9.073006481578000000e+12
5.122704257251000000e+12
9.317966298908000000e+12
6.508871814345000000e+12
9.525545979429000000e+12
7.301196939109000000e+12
4.600648985004000000e+12
5.125376930066000000e+12
4.392744332267000000e+12
7.115149722936000000e+12
8.151241518585000000e+12
6.305687951376000000e+12
7.734046549236000000e+12
6.135533707781000000e+12
6.955962755320000000e+12
6.981354776503000000e+12
4.040831920992000000e+12
3.731888585004000000e+12
4.525460475941000000e+12
8.414255940165000000e+12
7.828175820173000000e+12
5.763024588641000000e+12
6.281123223504000000e+12
6.474541070254000000e+12
6.599609289966000000e+12
5.700648896618000000e+12
3.561767479101000000e+12
1.651386242987000000e+12
6.579226313617000000e+12
4.915920288127000000e+12
5.297954331843000000e+12
3.733445142535000000e+12
4.060988309953000000e+12
5.176933949843000000e+12
4.969308049344000000e+12
4.223679661490000000e+12
3.734427056226000000e+12
5.821329060093000000e+12
4.527338107105000000e+12
4.881854602268000000e+12
2.547969710236000000e+12
3.805558641108000000e+12
3.908329931323000000e+12
2.879535888400000000e+12
4.950164638903000000e+12
4.145718112599000000e+12
2.204791506530000000e+12
2.411795657337000000e+12
2.226272941542000000e+12
4.550948080190000000e+12
3.237517562353000000e+12
1.911998580039000000e+12
3.566865319961000000e+12
2.738860526000000000e+12
2.939319420209000000e+12
3.259531797910000000e+12
2.216157988108000000e+12
2.818541965174000000e+12
2.878714673424000000e+12
1.985679557264000000e+12
3.102114870805000000e+12
3.447627106142000000e+12
3.020537181041000000e+12
1.888896763148000000e+12
3.313067076477000000e+12
1.724643893766000000e+12
1.865753806249000000e+12
2.037900779332000000e+12
1.667544849803000000e+12
2.688655069871000000e+12
2.652541534446000000e+12
2.477815599005000000e+12
1.902650722091000000e+12
1.052512535254000000e+12
1.929098151717000000e+12
2.217182662547000000e+12
2.402490077612000000e+12
2.143578728253000000e+12
2.294135426622000000e+12
2.101371806125000000e+12
1.279152028538000000e+12
2.440039102075000000e+12
3.182148684180000000e+12
1.015406374597000000e+12
2.044579062856000000e+12
1.643428134393000000e+12
2.034968520203000000e+12
3.800275654607000000e+12
1.637429063226000000e+12
7.421896926850000000e+11
1.838752248260000000e+12
1.958045572214000000e+12
6.463275461630000000e+11
6.482440246170000000e+11
8.105763112770000000e+11
1.157496278297000000e+12
1.044694192215000000e+12
1.226851749204000000e+12
2.580991768248000000e+12
1.494115488545000000e+12
2.018651026718000000e+12
6.828845838640000000e+11
1.103790557170000000e+12
1.928034695930000000e+12
1.616625554429000000e+12
9.342186608330000000e+11
1.879556043766000000e+12
2.505459942054000000e+12
2.358597509300000000e+12
1.112348857111000000e+12
2.096742077585000000e+12
1.365314058343000000e+12
1.608092205858000000e+12
1.797069116235000000e+12
6.382783123520000000e+11
1.242425364101000000e+12
1.929678497993000000e+12
9.629973097590000000e+11
2.194259247015000000e+12
1.268599520671000000e+12
2.483446140804000000e+12
1.501972974810000000e+12
1.188884752774000000e+12
1.102154229546000000e+12
9.118591425440000000e+11
9.101649332240000000e+11
1.606047951499000000e+12
1.354590951490000000e+12
1.301112416922000000e+12
9.746942567360000000e+11
1.180010273007000000e+12
6.339972205910000000e+11
6.210430375620000000e+11
6.445845892580000000e+11
6.259375503650000000e+11
2.087879594358000000e+12
6.214298472000000000e+11
1.486593881706000000e+12
1.269113034540000000e+11
6.321728929470000000e+11
4.414651970110000000e+11
1.455897126186000000e+12
6.006494604180000000e+11
8.956520286700000000e+11
1.946133376100000000e+10
6.055296210910000000e+11
8.984213475090000000e+11
9.122660074890000000e+11
6.071559059800000000e+11
9.012951773180000000e+11
2.950025682510000000e+11
6.464755411490000000e+11
7.196926160750000000e+11
6.736075329180000000e+11
1.235888379589000000e+12
9.409235504310000000e+11
6.362780651000000000e+09
6.249600205870000000e+11
9.015798748170000000e+11
1.475012841258000000e+12
9.068304509740000000e+11
9.435593660360000000e+11
2.087390591115000000e+12
3.119513186110000000e+11
1.689092949690000000e+12
1.180010273007000000e+12
8.850077047550000000e+11
1.180010273007000000e+12
1.867451011035000000e+12
5.900051365030000000e+11
9.525045231190000000e+11
1.180010273007000000e+12
5.788283863000000000e+09
1.246464855090000000e+12
6.814616682760000000e+11
3.062752871330000000e+11
5.900051365030000000e+11
9.215151473520000000e+11
1.207047487830000000e+12
6.945200598650000000e+11
3.890642669420000000e+11
3.836640053300000000e+10
8.910176046480000000e+11
8.920648259680000000e+11
7.238970768660000000e+11
6.532071149340000000e+11
6.874029909150000000e+11
1.511546360564000000e+12
3.056862860290000000e+11
3.065546226180000000e+11
6.993522842590000000e+11
9.052013532380000000e+11
2.950025682510000000e+11
1.485009962458000000e+12
3.202052555070000000e+11
6.397115752300000000e+10
1.180010273007000000e+12
9.841558426430000000e+11
1.805553970748000000e+12
6.309385042820000000e+11
3.096503938180000000e+11
4.350844843850000000e+11
8.850077047550000000e+11
5.900051365030000000e+11
1.180010273007000000e+12
1.124872145798000000e+12
2.950025682510000000e+11
6.045959937180000000e+11
8.850077047550000000e+11
1.905120328300000000e+10
