9.166187864807800000e+13
8.606424139566000000e+13
7.999645443723900000e+13
7.386532229968100000e+13
7.119611049667300000e+13
6.727409402353800000e+13
6.193907703232500000e+13
6.089023620851500000e+13
5.777927920911800000e+13
5.363937146742600000e+13
4.844858853936700000e+13
4.727796679155200000e+13
4.623075107480100000e+13
4.592271763301600000e+13
3.908859614092000000e+13
3.991986663512900000e+13
3.915031444000700000e+13
3.436986620968400000e+13
3.374248625834400000e+13
3.337253530393300000e+13
3.173494568004100000e+13
3.169697923082400000e+13
3.005695218217400000e+13
2.762561837077500000e+13
2.667914442604900000e+13
2.477460197696200000e+13
2.602760231340200000e+13
2.515073649664300000e+13
2.357343826236400000e+13
2.191797109764500000e+13
2.216447507743600000e+13
2.228608828338700000e+13
2.232197794981500000e+13
1.977283252281700000e+13
1.877618613557500000e+13
1.942287119683200000e+13
1.759325000984500000e+13
1.775995782298300000e+13
1.878463907582400000e+13
1.748833197616300000e+13
1.516616079338800000e+13
1.590874085140500000e+13
1.524380624166600000e+13
1.520376861643100000e+13
1.479647797007700000e+13
1.546060648568600000e+13
1.379556800647400000e+13
1.371180114598500000e+13
1.414113232679100000e+13
1.295401491146900000e+13
1.213915791165300000e+13
1.302915339012000000e+13
1.224229396113700000e+13
1.275338272463800000e+13
1.224840991518400000e+13
1.061551581059400000e+13
1.157314604693000000e+13
1.116511370275300000e+13
1.110907073372200000e+13
1.067159326421500000e+13
1.137022750238100000e+13
1.085750378510100000e+13
9.479914857656000000e+12
1.061301149553300000e+13
1.001673953529600000e+13
9.386394395425000000e+12
9.192128327499000000e+12
9.025713963891000000e+12
9.241974391738000000e+12
9.498965809582000000e+12
9.438760749767000000e+12
8.343575321954000000e+12
8.346695370156000000e+12
8.528114395335000000e+12
7.763616148973000000e+12
8.510307012433000000e+12
7.856526150390000000e+12
7.890834750868000000e+12
7.590278376597000000e+12
7.384463746528000000e+12
7.339498816923000000e+12
7.220060375955000000e+12
6.598678546766000000e+12
7.894550067477000000e+12
6.627659283139000000e+12
6.691492187860000000e+12
6.505928900510000000e+12
7.088242621435000000e+12
6.763098901480000000e+12
6.529516869607000000e+12
6.206793359507000000e+12
6.800090051543000000e+12
6.054878903614000000e+12
6.446899716339000000e+12
5.887387223413000000e+12
6.170475303549000000e+12
5.350981652397000000e+12
6.066974810664000000e+12
5.786615580123000000e+12
5.322529532286000000e+12
4.794264605233000000e+12
5.664499247530000000e+12
5.686509754946000000e+12
4.939092243891000000e+12
4.941507918356000000e+12
4.912864069630000000e+12
5.166741145791000000e+12
5.312804523365000000e+12
4.637240267376000000e+12
4.867641849700000000e+12
4.912594415173000000e+12
4.550827900133000000e+12
4.449255904824000000e+12
4.597071517171000000e+12
4.756501743985000000e+12
4.889597233423000000e+12
4.067881563209000000e+12
4.203196904098000000e+12
4.635290961360000000e+12
4.315157840101000000e+12
4.080052126803000000e+12
3.864299207188000000e+12
3.884866451784000000e+12
3.715275349461000000e+12
3.786022913181000000e+12
3.712751853046000000e+12
3.927815095112000000e+12
3.782290017569000000e+12
3.964765825343000000e+12
4.047959707966000000e+12
3.430671082572000000e+12
3.246308374836000000e+12
4.002503778306000000e+12
3.606869927871000000e+12
3.093606073119000000e+12
3.337226892903000000e+12
3.533411901919000000e+12
3.772347163893000000e+12
2.658689857236000000e+12
3.103703909681000000e+12
3.262814756194000000e+12
3.159180994712000000e+12
2.894273513524000000e+12
2.834508954696000000e+12
3.066728180479000000e+12
2.842946808087000000e+12
3.292038896657000000e+12
2.737585996887000000e+12
2.799864788991000000e+12
2.651194820457000000e+12
2.978286719816000000e+12
2.766543961875000000e+12
2.743539567799000000e+12
2.604593266881000000e+12
3.071594778122000000e+12
2.332015069084000000e+12
2.455942078626000000e+12
2.424357757749000000e+12
2.381997223755000000e+12
2.309766843174000000e+12
2.405775315406000000e+12
2.373423116927000000e+12
2.600026239368000000e+12
2.231759928650000000e+12
2.102720945789000000e+12
2.031192228249000000e+12
2.062586677656000000e+12
2.131683551599000000e+12
2.114300401119000000e+12
2.095287044836000000e+12
2.415052523211000000e+12
1.892404649000000000e+12
1.583593282662000000e+12
1.670784981407000000e+12
1.661387278010000000e+12
2.119599811866000000e+12
1.890783588265000000e+12
1.797794412979000000e+12
1.985983422965000000e+12
2.027613225022000000e+12
1.694839417299000000e+12
1.798842007533000000e+12
1.744786499828000000e+12
1.582652578064000000e+12
1.598131751176000000e+12
1.670652460260000000e+12
1.641242129792000000e+12
1.772577366285000000e+12
1.406005287336000000e+12
1.760356097779000000e+12
1.535094872191000000e+12
1.672370369285000000e+12
1.480186963588000000e+12
1.196310637498000000e+12
1.362834565047000000e+12
1.381138840408000000e+12
1.314063038381000000e+12
1.292765270987000000e+12
1.280963516179000000e+12
1.295434698063000000e+12
1.207681816149000000e+12
1.194676971212000000e+12
1.437625006285000000e+12
1.357206810027000000e+12
1.244137336093000000e+12
1.114217822959000000e+12
1.681081694495000000e+12
9.616529176720000000e+11
1.097275509028000000e+12
1.200405094873000000e+12
1.175554000385000000e+12
1.016627755643000000e+12
1.036008214472000000e+12
1.127116670168000000e+12
1.034851879188000000e+12
8.867304780680000000e+11
1.047629102447000000e+12
1.097741440417000000e+12
1.032079944250000000e+12
9.274960044310000000e+11
8.850050648960000000e+11
7.770104361610000000e+11
7.336160235810000000e+11
8.813625313960000000e+11
8.148764252150000000e+11
7.634552092060000000e+11
8.528207302520000000e+11
8.547565374750000000e+11
7.712371772460000000e+11
8.569945257110000000e+11
8.151365534100000000e+11
8.774141734480000000e+11
6.451717245550000000e+11
8.255131975810000000e+11
6.749578270910000000e+11
8.329615061560000000e+11
6.803616180650000000e+11
1.173449566666000000e+12
7.300773889380000000e+11
6.854340975680000000e+11
1.025413811940000000e+12
6.086675995910000000e+11
4.978366914130000000e+11
7.373001257650000000e+11
5.741139098370000000e+11
7.736050931920000000e+11
6.231309023720000000e+11
5.081263447020000000e+11
5.007471168810000000e+11
6.740107042710000000e+11
6.511973404740000000e+11
4.577569577560000000e+11
4.944540302030000000e+11
5.017389337960000000e+11
4.897253754910000000e+11
4.825508609410000000e+11
8.238087764710000000e+11
5.238564491970000000e+11
4.657237055650000000e+11
4.673481458170000000e+11
4.824452519840000000e+11
5.973400912670000000e+11
5.344046423140000000e+11
3.886045051320000000e+11
3.650634844080000000e+11
4.106835102230000000e+11
4.483507690360000000e+11
4.089995821360000000e+11
4.574551868680000000e+11
4.129699528210000000e+11
3.295985095980000000e+11
3.298543467800000000e+11
3.719741638660000000e+11
3.481850786460000000e+11
3.733943871860000000e+11
3.556274441300000000e+11
3.761612790570000000e+11
2.930604655600000000e+11
3.469245122430000000e+11
3.757829193300000000e+11
2.994941771450000000e+11
3.075716325640000000e+11
3.680601568890000000e+11
3.915766292740000000e+11
3.789961542240000000e+11
2.747813752590000000e+11
4.107608026390000000e+11
2.278540851670000000e+11
4.192472714510000000e+11
3.652155312880000000e+11
3.460027806820000000e+11
3.672092850460000000e+11
2.363624791800000000e+11
2.527795657160000000e+11
3.037206494200000000e+11
2.962010891630000000e+11
3.108102155110000000e+11
2.636379392950000000e+11
3.562475106430000000e+11
2.915674268700000000e+11
2.127299126600000000e+11
3.619418243090000000e+11
1.921013012000000000e+11
5.378828665460000000e+11
2.173702371160000000e+11
1.770142425980000000e+11
1.991241241880000000e+11
2.968974301000000000e+11
2.989756604280000000e+11
2.472043534580000000e+11
2.289802678300000000e+11
2.008153339560000000e+11
1.937224476520000000e+11
2.116244680100000000e+11
2.163637679010000000e+11
2.593883716010000000e+11
4.626239352130000000e+11
1.813872833120000000e+11
2.105900055660000000e+11
1.186817675080000000e+11
2.863359179730000000e+11
1.804147551490000000e+11
1.626216889270000000e+11
1.422406738370000000e+11
1.261681075730000000e+11
1.161941130560000000e+11
1.125733566680000000e+11
1.363260480620000000e+11
1.408582915350000000e+11
2.089753812950000000e+11
1.608814414540000000e+11
1.222660083910000000e+11
1.010280571420000000e+11
1.335880393310000000e+11
1.605696951870000000e+11
1.244554754250000000e+11
1.027555193940000000e+11
1.203745530300000000e+11
1.468911041180000000e+11
1.529782446030000000e+11
1.167949291970000000e+11
1.128307464520000000e+11
1.598869688500000000e+11
1.121657367610000000e+11
1.128102388980000000e+11
1.675555651820000000e+11
6.941113612800000000e+10
1.114741970980000000e+11
6.135269469700000000e+10
1.483535589090000000e+11
1.249277576500000000e+11
6.378974158800000000e+10
1.295063259560000000e+11
1.092679109310000000e+11
4.249988787800000000e+10
1.430608175450000000e+11
8.704202969500000000e+10
7.884191609700000000e+10
2.969349536980000000e+11
7.223195245500000000e+10
7.306365111600000000e+10
1.040594388490000000e+11
4.714733713700000000e+10
9.852580589300000000e+10
7.961659189300000000e+10
3.037214793700000000e+11
9.173975466800000000e+10
1.070061884470000000e+11
5.388188978400000000e+10
5.044885081400000000e+10
8.554162498900000000e+10
7.255496729100000000e+10
8.685493960100000000e+10
6.147642446700000000e+10
6.834794012400000000e+10
8.239909741800000000e+10
5.858736238200000000e+10
5.350510496100000000e+10
6.767022213400000000e+10
1.956161679820000000e+11
9.863990052400000000e+10
6.268738632200000000e+10
7.256056419300000000e+10
5.897102003900000000e+10
6.888913126900000000e+10
6.331495248300000000e+10
3.164683137400000000e+10
6.506623172600000000e+10
5.273065984500000000e+10
4.707499957700000000e+10
5.682461854300000000e+10
2.564890571300000000e+10
5.384122229100000000e+10
6.455689235000000000e+10
4.141191645800000000e+10
5.393470507700000000e+10
6.105753951300000000e+10
6.706041600500000000e+10
5.783699558900000000e+10
3.694670362800000000e+10
3.455749497200000000e+10
4.763484936700000000e+10
2.338854725900000000e+10
4.873129867300000000e+10
1.151954958900000000e+10
2.071791218200000000e+10
2.017330118800000000e+10
1.756046855500000000e+10
6.000279465000000000e+10
5.634443187000000000e+10
5.832987643100000000e+10
1.392531152200000000e+10
3.129566924700000000e+10
4.611500444400000000e+10
1.788071924580000000e+11
2.897111060000000000e+10
2.138696116200000000e+10
3.407375227000000000e+10
2.841150367400000000e+10
3.025506515900000000e+10
3.029302894000000000e+10
1.006756429800000000e+10
4.292633256100000000e+10
4.454122446600000000e+10
2.541974257400000000e+10
6.866656979300000000e+10
5.938489231800000000e+10
9.852372868000000000e+09
2.305627531600000000e+10
4.222657770500000000e+10
2.559297625100000000e+10
4.120994997800000000e+10
5.755288115000000000e+09
3.128011966800000000e+10
1.123265273800000000e+10
2.475796597100000000e+10
1.219111757900000000e+10
1.015883457900000000e+10
1.824469804400000000e+10
8.910864173000000000e+09
3.119506373300000000e+10
1.835861648800000000e+10
4.508404954000000000e+10
3.013572544800000000e+10
3.887271709300000000e+10
1.626039019000000000e+10
4.296618115200000000e+10
2.304447578000000000e+10
2.802141349200000000e+10
3.510519436300000000e+10
7.499312115800000000e+10
7.736098194000000000e+09
4.097071264000000000e+09
1.747480517700000000e+10
1.622291953600000000e+10
2.117405820300000000e+10
5.471843183100000000e+10
1.489490839200000000e+10
