716645396974425
690907438362967
658977624254917
630237486031519
598762810239223
572481893465728
547075441904717
526634018056683
502154644473165
475310975888362
462098240108342
437810058654788
422757480874099
405893156862188
386318016472359
373162727191069
358147785292846
343925931853540
333123843935851
321978978534648
310454383385509
305362500693424
291181839485513
282895365165862
274043508357297
266270969843635
259883330445929
252761188495193
245104512108375
240080833484142
235008864370514
229082232305641
222874921890856
221743076546004
214028197737705
213028284319776
206883770481164
204178708510322
199339228061981
194223042291121
192928543256945
187101228544497
183907231855957
179792463696560
178059824252866
176060407086187
171143121354468
170114257013394
162234757945922
163003949289760
161745873845722
156288680387021
153605305126027
151378228257282
147840211492402
145513397874208
146234229869203
143481037661665
138910678807436
134460447954114
132691075569529
131425747616022
128904853050826
126719693808273
124511038344827
123118507313357
121344503224233
121338568037461
114997822767604
113337524683447
112909226202127
111837961300277
108927766944980
107210669986709
101608546333727
101521839284153
101488324371029
97821858313225
95676089227202
95556394350773
95756441703009
93540755954727
89289779562800
87629681645311
89100921541905
87180623572248
85649833221034
85171862083350
82579394879476
81752634370928
81151679846314
78686275449336
77328871836429
75930135047737
74562807570728
73164889743417
73577501965038
71730158130508
70698891582717
69061409808093
69699955587080
66555134772200
65749065236277
65154108141523
62947856291145
62371073848896
62536453604085
61308283724193
58695155967237
58227538208949
58186252826700
56926971271827
56324543873233
57037731978981
54758434997215
54839399411962
53146824205542
51983312918766
52779605270883
52387095005435
49622642274421
49162118372108
48738826466188
47083118739881
48038299717052
48018344930244
45538125909973
45910387679045
44966572562280
43879513803726
43142883866627
42551088211290
42484589673866
41157097094737
40342050048932
41061865210738
40496654434694
39430460815320
39232420710713
38887935147439
37819611151403
37247341694362
36405985803165
37252271791528
35636281308374
35602962100033
35553026910531
34952516300350
32998531756733
33707298448951
33429913817903
33026386441005
32217952414035
31849918138767
31008668497851
31631879121458
31508937646251
30216508026508
29601370009510
29320542502148
29572195980851
28192115275888
27701090567892
27245794661854
27159784337022
27254922904479
26873005713597
26899896135108
26623524865280
25939644631706
25349727858645
24999048732587
23552069612544
22924327077660
24317000631575
23800463715891
23552087944368
23855687226807
22150294941898
22633435370767
21725939489435
22269665272229
21999932540565
21225129695118
20701985206345
20978072965457
20673453508610
19872431894374
19849022920631
19401426270665
20550133491075
19573251012424
18903457681994
18009082678216
19242479430067
18509308146821
17097052209868
17549631094278
17722111265724
17116038544853
17097292115626
16592719930619
16096115107807
15812532423246
15523268531481
15966144396741
16102068498912
15512267379682
14806443780777
15281060174398
14843941788428
14933376278467
14122587095614
14530763063277
13554684805377
13366865068396
13584093786938
13627780662359
13265474846894
13519379391325
12430134468960
13010463618316
12821425447172
12090111758983
11165871955958
12044242035049
11788642210830
11871659373340
12162958659809
12073265855036
12093429736383
10610872272685
11445400248536
10128300989632
10912561222816
10271705728086
10095017440504
10974260566102
10560694641742
10800747816209
9847955222238
9934329307408
10611947921136
9954970042582
9742950737989
9489715063596
9598909952060
9809924754808
9646151051616
9912070834504
9760809671702
8961391895659
9399870480881
8867843100944
8536220917854
8442635867631
8873949619504
9026883155440
8658815507506
7929068539681
8764586219337
8692955004847
8000269468095
8223207552626
8425811993693
8319416694617
7956947121299
8082722115425
7945062633361
8278930784382
7886866242301
7394299947912
6927802943277
7298025447837
6671310606245
7049735098358
8401366518196
7292424065542
7443748024302
7258829945027
6847997982323
6951946482259
7068607306375
6887351638341
6602211019924
6781420746099
6838643902703
6432956684730
6543796132774
6839679051028
6559786334242
6653035273855
6410220036329
6351097313643
6151427475641
6754595840952
6294262568482
6056430058615
6012075270427
6231725978283
5858291678333
6472135877586
5710582899910
5866043533899
5717958801163
5713101989595
5974142844270
5871296269029
5627111520671
5448324962256
5766738638673
5358092486767
5146776999018
5259125196599
5357892213768
5798563838564
5549167806901
5282479770028
5300263912694
5101468936086
4901552337260
5125265310847
4648249089547
5237431595518
4874003285110
5059130094967
4910983672451
4532030258383
5071783666677
4703972120808
4523262470646
4570574242254
4573928390124
5083624105295
4664851522550
4552159460987
4503485148205
4304337113471
4540671284346
4767106534616
4218655810715
4341546879651
4042057808365
4477449352715
4518219810988
4331525275290
3910808438633
4344458848743
3872929430665
4081854172838
4009646849816
4295171827289
4355419712081
4072104753742
4064058529745
3708078402071
3850776568091
3496645682421
3700067363219
3824961914854
3860784606645
3882354565734
3982999549006
3794454179972
3766698468928
3463130502537
3495411526837
3662506014537
3911656485053
4089229204971
3482909668660
3475328356768
3413341696945
3632752359330
2876329301019
2959589403047
3003098391285
3539924753711
3189486859545
3392048236218
3343922822162
3098056891907
3227825984299
3073820645324
3192326264002
2884771867509
2826631517333
2799537775559
2753810423394
2858647307445
3113169419639
2816355990941
3176308678255
2825649675514
2978579489143
2458425724952
3047732983359
2913582035192
2740683075345
2710117289937
2812004749907
3089275281522
2274192530326
2662972618368
2975745494792
2637287234088
2515281483318
2457302130750
2540418975257
2413777657542
2484752896233
2565362819121
2296561996904
2443991487773
2988451165300
2387210132422
2474245069038
2263233589732
2361185353349
1999338352260
2260495143927
2277585722967
2323128219144
2188785653833
2170618855055
1875567803000
2229802387193
2391363770930
2036724037584
2415488716868
2168408571791
2218762365885
2142617185003
2174363088993
2269832626473
1897550184041
2220994180417
1999848587006
2056597541276
2046690753277
2334996004221
1789841522301
1922983237728
1816461231801
2048452848102
1872565157411
1888237759982
2106003226516
1891569888255
1606685005545
1819590784894
1813938152170
1910404917633
1830651655524
1466433635038
2068226630004
1669262786316
1923639707472
1709074580694
1809334815903
1461448058424
1827771632292
1673962666882
1415149404027
1874514263632
1577904692244
1567219671145
1767568263526
1596024053331
1661244083783
1729555886555
1464773076953
1552228824808
1657428147930
1774067947374
1527191643588
1478411250138
1609318501119
1338115664859
1519745604615
1462158870713
1159597344333
1641240623632
1382952543934
1481924581799
1249344582946
1318927051855
1241135784974
1514170686916
1374195379683
1460864464828
1158294883888
1255077142262
1184308324553
1410386346959
1165785650218
1194030666685
1332905599549
1309238953882
1176626060150
1215862274860
1009696616762
1410342925089
1221650758822
983845042640
1140367458145
1355938312368
1266459772720
1018747541578
1089149854988
1078690817579
1259107064101
1013186584700
1136957226748
1144038062830
1097919270358
1192483823660
1041767153609
960476268090
1161986290415
1051321082219
959201974377
966038862861
1019633252395
1111092506976
812403829320
985130877191
1133925577432
878201161953
1111881133768
969188507614
858939941800
851090778784
839949427712
873593802428
992615095764
906603209900
940674602826
876443884692
858021998856
1105088371341
886662784417
824081623606
1034445845921
845548611526
1128226483737
947584762819
668156362930
754721261519
794242163973
872301255985
899706388909
781012216924
831133609175
786939691542
756399465908
832079093079
589596366738
502524867579
795029295760
758636110009
828100937715
770607441140
899813252824
850408504897
670540384656
930193172226
577044584466
708544106395
740374561895
740296632419
700503380021
677724240208
818788197056
612816400010
708194238051
660288829378
664391545844
594364611665
545233395368
761862989813
518338959200
534579963303
500442190580
577169662542
575780733594
726394093778
627973184191
477320329174
535948950856
497925615697
552915582501
578333233823
778784209620
429470271256
525088795270
524724158274
455069004671
493454915233
381675683088
622234394637
500453581542
500208823235
385276237015
544736781784
269618688526
375782391072
414897544517
502177884137
543543080612
531339848706
536768200231
346993316677
341842753875
386875700714
537172063808
239370659391
451685623645
472302840218
420246587383
338693130514
417971137054
450894970746
299907696315
338120905923
321536074108
329932303781
399813897641
266193281427
297093411908
313087692587
266194177452
376052162584
180213130352
333585461507
268574347660
414819229018
322357461352
171975013746
231712036913
235237600393
233649714838
208568803899
207556565790
227509046242
173390160559
211764063270
272038930675
203041884078
317998750609
159382033489
260291783682
195211255879
259570659046
184990707107
292942274969
216044854491
262104404914
212394587962
183532573364
251300732939
241951418570
259204203123
182781735338
133654060755
171655892371
166218498664
166201395689
246300687608
148896298630
145352924596
125615657857
109519171836
174212326489
147654763418
175326814257
115894491112
172774006447
155672184132
128568398402
159126249927
193151489957
136084447315
145587314959
70970086217
138748936407
121652334355
201311393864
141626380323
152767436691
93697597751
126594044389
129865630824
137481793266
46243759024
142879449115
92170169467
99409151380
124212019113
172795085603
72406183960
173082864993
132380828593
135094857290
97219548184
89869068317
46952359442
57557184286
40480638115
140037256673
85553110412
47319699504
117899095410
73039597086
66335861275
46450666892
51349809444
80768031660
71049586218
63172284239
55699504509
47960812889
83919168873
60524231400
26758424281
13742458517
69851965890
95157917796
114775118262
43030301413
92618844431
72140783754
82536515720
42053093127
30790494189
25300596843
38789556693
31326551739
40410610755
80456609522
28995730603
68118626890
13821364550
12327306580
32632399386
90137625744
46150015757
13931293744
53999807697
48637974885
36624234841
36829935791
49012807195
59702272483
12802458406
16074541484
21868817886
40732756649
28340252565
61089572912
43058337712
12479220959
52527767532
12178874124
40482753052
18605711263
34500010396
16362986285
12880833167
8882010814
25797160193
29979428158
2957860156
40716924694
5925956781
32204253479
17839544856
2962441320
14189926163
15323452628
15424119639
2974837922
30430574383
11418021739
15248237073
14379534549
2963716415
57915718097
12030441942
13685265281
14814922221
13159658726
27075756964
16434852287
2957530825
27944016768
12009675508
17599547134
22906108717
12570425359
62822980337
