0
0
1848677617363984
5720246955676310
2946320659105411
1768973606976235
1178089884524514
830724193427849
633423090844981
508495150433583
409050861968134
341419591247130
302507272950660
258576380670056
222544811443634
200492723272829
179667925134399
169886742489113
151282083880149
138270546625977
130438143137283
116260321239351
110089938886471
109625878099290
92176902829273
88519529746609
80671065038749
76475098396581
69044695302064
63571486548403
67678582276820
63372154303899
51789769181347
54927722360718
53964964232805
48280826480198
43013503070276
42886314208653
38651464399733
39936339425802
39583456652722
40103188969960
40135857781668
34726897138785
33541982283723
32489530813720
30970740072849
26957682004788
31051205366897
28514754721257
28792418372057
29273240034057
25477003749816
25942311647428
24551673163370
24184383053789
20018093725024
20578535561483
21794254430065
18954702702131
17612617788149
20417136927451
20461219693491
19746740678294
20317789999561
19559057799826
19850793759688
17201905308062
16368963941113
17237183110583
16684680220086
14788845231818
13843430547597
13170331546378
14398393134783
14192839708430
15969906064733
12656639422465
10747841851137
13767183517331
12528887669510
10795821900479
10373058299373
10906940669445
11280937598104
8486763203690
11523675111480
9182504569347
10686697692711
9005416480637
9265329273543
9506957274871
7927026484352
8823458321799
8433458688517
9558516198023
6980153911174
8693531125488
7912411675586
7373058652534
9375904610937
8563132952844
8336624358281
8556438463806
6743899892770
6681211117747
7401038381140
6124704886997
7430678385809
6857796273102
5693672983565
6219444311694
5643495821067
7304901302882
5870929449327
5643009274737
6473873583293
6115829557306
5649418429369
3703655519188
7693556972083
5786922481827
3427407685144
4838158337630
5854511602915
5855467439183
3679854192143
3294933624988
2853797847913
5619307747357
4474744959843
4383662001028
4689777056264
4954670639348
3108325130247
3157123366161
4049881591553
3715234282891
3320774367740
2071836448968
3953169479093
2865241134445
4170659770925
3876916986993
4854221254141
3800520784107
2987357196635
4467617382582
3958226643755
3282173685215
3135774654120
2942060900158
3238281037595
2261065364204
3907395081747
2536921481365
3113451837504
2893224476070
2019739615947
2058770406920
2475477429821
2392994836899
1448439013322
2931753388454
2059100231138
3752212441601
3083899211488
2531000131467
2341945475134
2084248340724
3346241744652
3004052459149
1496539741248
2137768053006
2233404883464
2190528407321
1885272044096
1895717054760
2385505399317
2718954371982
1755175336493
1191026980775
2367408883549
1522494994719
1345170526493
2578749036530
1459163339107
1497153051201
1157856218072
1550300505253
1010034482555
1804387441752
1128071860438
1488000911509
676799143943
1652133583404
1519705061263
1335893684793
1355637733440
1250905862360
1573547999312
1906057447231
1155562993214
1261882833950
1236408455497
924487566735
882435904985
1240453672800
1371486788344
1066747608757
893926318016
1492696039921
1366554746540
1011962825088
1113870801621
2144074621534
1000193589179
716393306688
1752548056946
751363273664
964622693562
1044490334261
665114046748
947113982563
512666170965
1443288558662
478999859892
409838454574
897394509687
833160092606
1271365560230
554151350865
480696796716
1000715730347
552536172255
829092851757
669026202109
481990886995
686452594098
944105303322
177253126680
358732198319
649504401816
484330638686
479254202554
496833524791
474024498075
333498190192
948033255713
326874870354
352807578114
171210150033
928097615360
484683776718
184192127057
321572917613
350613653094
939647836808
320738213226
433410238015
360919149843
479829100433
486472907664
480219716794
321064653741
388492112142
479058287139
484164811543
632367281008
332172538234
527028761897
242270547855
611944286236
621654152442
324849280849
312040255411
16048572647
442072183441
326679092109
633279527113
332653922821
186867874537
177337735801
222302351122
634468545087
464075819648
771360860248
475751854215
33621143508
470630678882
499858407454
25674705351
17772774723
152443970114
172715522328
177140736710
2495699274
455278661793
178472123072
492933932216
461281628082
18934577986
35251575922
174322745767
311135174283
174104197288
71860374597
164250264927
324282832641
320832844526
324656930518
20267631321
2108557426
28625173219
313658495667
21231045082
207402205248
167906168307
89826673521
461837504665
317200319076
65615855723
162370319913
184889585424
165011855749
181504638102
519385114658
165277370704
156836829181
159208408926
12752167665
8995548176
167468896788
346840925534
178249742007
7820826165
16296642063
468172841425
154305237449
303038731642
8984884846
304663255412
173538913149
6882458930
26112035478
158525532852
173118812976
14647820808
29700107656
171141233806
4994749985
310684997481
0
305133747688
460266773062
157188493998
13718062337
315566286511
161095364034
12314864644
15113614503
10732057658
9881796320
172905569292
8484451792
9386491518
168102353566
13145857162
162220752041
4296666035
154758847862
2106830585
154258272410
2150227151
16828794769
16020953305
9776588936
2112737870
5024394469
10317064979
170302746669
10456642245
16040424889
156448586899
166846288032
15293201892
3000346392
0
6803900110
11913882845
160577616193
164217339593
12093207640
169409446461
165735722593
10436223597
161421273341
10909896014
3660488613
165078775519
12735472593
4750799168
4494468798
157599463354
92341373922
4800816037
5175587950
313240569298
4667707223
4512708212
12057070890
9537935067
158802329837
9347729424
2438928768
0
10963450174
6506233072
13534700243
4913441461
154894934854
205014185471
163025997238
10857140668
5227246996
0
5156276276
2109498896
2886807654
150042162973
15489289915
157091968245
23989761685
0
4295366319
154285040973
159767483200
12877190798
2105310708
157284223443
150042162973
10579204150
4584520561
7377108252
10317851101
13163333973
7553160400
9188032734
7800700505
6076378046
8051382023
2793918200
4316106768
7419181646
154843365266
302226632400
7440302276
8436367772
7864821934
2345789954
150042162973
5820401435
4485445777
2454686461
2438337427
5375031832
11655217326
13041715719
0
5586894663
300084325946
0
4866795117
13852770257
0
7771057237
150042162973
4988654838
9168467715
9289791256
4268722499
2140693474
152351746508
4672245555
9292637609
6411150560
0
8781873281
8003374457
0
11113929889
0
153982999793
2902880805
4818228396
306039623226
9740001549
0
152599464714
8437373397
0
152635922281
2425950951
5321114623
154243074061
2270074543
7566966212
0
2304241312
2122926130
17672317154
0
4270722963
6687358811
2290945148
2649657009
5351683490
3176534049
6128202966
152653015719
154681469001
10670831287
152189928442
0
150042162973
2565409460
9698216741
2168425905
7065589716
4408328849
18347512267
4775540646
4139961536
4882045074
4715541084
5308504742
0
0
5583050861
152201706532
2521949268
5181181800
0
3362580035
152179008479
0
4272682804
2245248142
3082277377
0
3672746507
3123077319
5116960417
9822064880
6667364860
2381110196
2585666684
2732021139
2327727698
155693633294
9127376569
0
0
154443127341
2251883115
5200286379
0
5995982854
0
2196459920
4566013865
3119861724
150042162973
152533102165
0
2184802628
3291692928
2951023947
0
2153362065
163463484900
0
2186795832
2155661678
0
0
7355981163
0
4441779718
150042162973
0
2178162471
2326533208
4824865083
161103536309
2877255964
2109651593
2214445236
0
154439841017
4576097985
0
0
7181966575
4436583765
2267430527
6338194899
5330775360
2121396801
8917551912
2981056772
2992167356
0
6642159131
6025521166
0
2910654507
9675432028
9115233284
0
14640498703
152164489572
2743281816
0
3435164275
2462190278
2322510638
3508507260
10535716081
2138508172
153703908938
150042162973
2107327255
0
0
2303154466
6718533491
2209148231
0
0
0
7244681741
5655220998
0
0
4263618120
2467775553
0
0
2106223335
2199239774
2128813468
2759116491
2523879858
0
0
7859071443
3102219867
0
0
5411889210
14814963933
0
2105860871
2222714134
0
4694475473
2191012179
2682474717
4993184136
0
3011448428
0
0
2107291431
0
3125758444
2712871619
0
0
6472741200
2777946098
10079777987
0
0
0
0
2192129756
0
2805539815
4231242326
2113624017
0
2413739572
0
2105684796
150042162973
0
0
150042162973
2151808024
6476411934
0
0
0
0
4315891814
0
0
2183731546
2195767864
8204756233
2368489200
6256197476
0
2602945152
2850913723
5552886647
0
2218482856
10518280630
2477140751
0
0
0
0
0
0
2213717586
3322120323
0
0
2859838767
0
4364353465
4720111892
0
0
2293541172
6702263910
0
0
0
0
0
0
4836116509
0
0
0
0
3076036551
4744913740
0
0
0
0
0
0
0
2253380829
6241071429
0
2192772906
2349779700
0
0
0
4205724566
0
0
0
0
0
0
2206864376
0
0
0
2407421472
0
3526786896
0
3869439317
0
2109937469
0
0
2253644586
0
0
2424400436
0
0
0
0
0
3028529064
0
0
0
2105652587
5093321024
0
0
0
0
9341304733
0
0
4076893080
2197536107
0
0
3108455651
2129895416
0
0
0
0
0
0
5604656940
0
0
0
0
0
0
0
0
10172003736
0
0
0
2116016437
0
0
0
0
0
0
0
0
0
0
6267283083
3066349413
2107594362
0
4479022752
0
2551422236
0
0
0
0
0
0
0
0
0
0
0
0
0
0
0
0
2118562896
0
0
0
0
2388246493
2145656936
0
0
0
0
4289371464
0
0
0
0
0
0
0
0
0
0
3600617200
0
0
3866674627
0
0
0
0
0
0
2659625040
0
0
0
0
0
150042162973
0
2290969097
0
0
0
0
0
0
0
0
0
0
0
0
2228134149
0
0
0
0
0
0
0
0
0
0
0
0
0
3167045329
0
0
0
2275407248
0
0
0
0
3478291067
0
2247283050
0
0
0
0
0
0
0
12135002218
0
6173239115
0
0
0
0
0
0
0
0
0
0
0
0
0
0
0
0
0
0
0
0
0
0
0
0
0
0
0
0
0
0
0
0
3079015939
0
0
0
0
0
0
0
3448686698
0
