0
0
0
0
0
0
0
0
0
0
0
0
0
0
0
0
0
0
0
0
0
0
0
0
0
0
0
0
0
0
0
61200836137058
66817615459449
55811728836071
44666759602394
43056045771169
38201472648931
30912378627240
21547042586975
33381318211803
221157721362138
191606510235354
161576505905288
147314249180263
129087791587280
114836976406262
104951176187295
94298681198158
87637019878846
73765795564656
67548299212195
63077639391975
55822631329469
47440171684455
43742570644648
39614178024695
37168468830892
32313266189809
29345743388404
24013300082704
26087125290728
25107843641421
23420681226159
19115100539370
16780503534782
15727492948889
15506140839294
14311662688915
14662123303591
11972276433467
12324863936394
13330140891992
10677231460874
8973499583301
9847035280880
9620569084413
8744721954935
8503659194648
8027978782000
7574019695752
7416268688113
6678238553277
6658804620265
5028797623523
5357980311674
4408832908287
5738723483736
4251400230232
4441585936190
4875268466509
4452557306710
4221694455879
4883524581008
3646680978783
3992644504228
3383054055213
3160117802801
2563567436760
3396456646235
2980894876542
3419667772206
2914756299736
2632119415603
2906629818848
2905112146412
2665349793981
2333168400230
2597381608201
1861314672730
2346204633991
1915630886037
2021503986994
2027755623968
2322048300968
1887357227903
1976807808932
2180029442276
1879290189345
1800260495167
1832060316316
1331313809440
1747633384731
1786696511131
1583708282497
1366110746043
2198946723566
1055413647272
1365521994908
1313626913051
1557062068618
936033299629
1297421407591
711449194079
1769433675165
1252281039066
1310500043997
941495038857
1139464791777
1427975463598
912803801364
1371924169369
1284060805641
921980813317
1078971187236
904717095936
930263499845
1060381239996
864438415622
1296068705712
1191846609708
594401788226
413980298387
887919610141
989841830942
842122243582
1078706788089
644448474858
477945793021
825965560726
1027310599340
707174385470
866487079417
614358029309
490419907898
623871219014
1054967105508
462199581545
644613627767
399187766688
717470533107
455705587658
640334626035
377162205049
405962797265
476657554569
709391937612
555477593253
482065613092
476343439712
366233034335
544101054965
496067726532
519035981203
359914343674
344275318322
324370402536
262873802405
557626964217
558747979477
578697261934
231906032950
364292089627
239005053945
336797509965
374200079715
283680234132
435047072958
608535044539
263162331109
566661525844
405611927466
145524524856
170126717891
452538963966
322293413437
208162610054
177887537602
238547043080
165820746631
445660240786
200438751817
381626378767
395045007167
146006395549
189695967196
319136104513
485293258496
157251180524
279627233547
117375705139
227560601109
200581459379
220374603195
182167380444
158659206856
112421335312
228715457330
227602289682
209384445093
190271325447
208928182873
277202953149
387877874108
148343729058
214866022991
79080598808
193638807200
78984422086
80270529237
200117180124
164162392641
105325390620
106317502799
79402193900
321929807814
212063110409
94868247184
70857610057
348463421484
258380209286
102412945695
228949116938
79805382943
114570423074
44990142506
219918342805
114350324379
155002589604
176417409243
172032861474
107430828204
94746207024
88586254372
28180268992
38703615702
27731900588
106021906042
88084195323
30700413187
49599702095
30960541048
56740814351
71888847907
197828315193
60229860477
50920926771
86087126436
168346790731
153661226436
53384673420
17247553875
20567073573
27458311063
51280635165
51810167958
34301167339
51864915821
21041272371
95971388864
43067572071
34670717719
38186916203
72726887851
33954524416
10114767529
48592404058
65829557346
27077602729
125567446626
56499969107
26326105657
33688441838
47995010569
8860516549
84886852181
67200813832
37863783147
54443073942
22303178403
21780853558
25553112157
36183137891
41814262273
9840628351
11062567809
47739340911
0
18532308568
49330576522
37508183108
18296573265
37480016833
17793076411
22143602098
0
156512877987
13003306422
40894546991
0
0
43671812516
58542537058
44148704351
9903834246
44619489204
18984578454
9871953587
0
29541705926
64279248133
47378568630
0
19046579111
22624910691
21598143172
20500823925
0
9766059491
48874311034
9733161318
28971157530
0
25104972873
19758193048
31140077261
0
0
0
9263232015
18158612076
8883304862
0
13073848803
8937153455
0
9257880231
8845794208
28070997416
0
0
0
9627349164
0
9160910296
15616100179
0
0
0
0
38323625890
16848736188
13756830979
10535578648
13422771579
0
0
0
20407461134
9034200203
15396091423
16641258800
9266227744
0
31818001604
0
0
11983319168
9228139618
17653605550
51506843252
8811533426
0
9079174363
0
0
0
0
8857133078
0
0
0
0
0
21538266791
0
15790468326
9248885631
0
0
0
0
0
0
0
0
21127565684
0
0
9361498548
0
0
0
10079981464
0
0
0
0
9475880218
0
0
0
9032866641
0
0
0
0
0
0
0
10378882286
0
0
0
0
18690381923
15956698965
0
0
0
0
11351384237
0
14915837371
0
0
0
9433462340
0
0
0
0
0
0
0
0
0
0
0
0
0
0
0
0
47089809027
0
0
0
0
0
12411605977
0
0
0
0
0
0
0
0
0
0
0
0
0
0
18411897587
0
0
0
0
0
0
0
0
0
0
0
0
0
0
0
0
0
0
0
0
0
0
0
0
0
0
0
0
0
0
0
0
0
0
9738251686
0
0
0
0
0
0
0
0
0
0
0
0
0
0
0
0
0
0
0
0
0
0
0
0
0
0
0
0
0
0
0
0
0
9096413123
0
0
0
0
0
0
0
0
0
0
0
0
0
0
0
0
0
0
0
0
0
0
0
0
0
0
0
0
0
0
0
0
0
0
0
0
0
0
0
0
0
0
0
0
0
0
0
0
0
0
0
0
0
0
0
0
0
0
0
0
0
0
0
0
0
0
0
0
0
0
0
0
0
0
0
0
0
0
0
0
0
0
0
0
0
0
0
0
0
0
0
0
0
0
0
0
0
0
0
0
0
0
0
0
0
0
0
0
0
0
0
0
0
0
0
0
0
0
0
0
0
0
0
0
0
0
0
0
0
0
0
0
0
0
0
0
0
0
0
0
0
0
0
0
0
0
0
0
0
0
0
0
0
0
0
0
0
0
0
0
0
0
0
0
0
0
0
0
0
0
0
0
0
0
0
0
0
0
0
0
0
0
0
0
0
0
0
0
0
0
0
0
0
0
0
0
0
0
0
0
0
0
0
0
0
0
0
0
0
0
0
0
0
0
0
0
0
0
0
0
0
0
0
0
0
0
0
0
0
0
0
0
0
0
0
0
0
0
0
0
0
0
0
0
0
0
0
0
0
0
0
0
0
0
0
0
0
0
0
0
0
0
0
0
0
0
0
0
0
0
0
0
0
0
0
0
0
0
0
0
0
0
0
0
0
0
0
0
0
0
0
0
0
0
0
0
0
0
0
0
0
0
0
0
0
0
0
0
0
0
0
0
0
0
0
0
0
0
0
0
0
0
0
0
0
0
0
0
0
0
0
0
0
0
0
0
0
0
0
0
0
0
0
0
0
0
0
0
0
0
0
0
0
0
0
0
0
0
0
0
0
0
0
0
0
0
0
0
0
0
0
0
0
0
0
0
0
0
0
0
0
0
0
0
0
0
0
0
0
0
0
0
0
0
0
0
0
0
0
0
0
0
0
0
0
0
0
0
0
0
0
0
0
0
0
0
0
0
0
0
0
0
0
0
0
0
