3.194161605791693000e+15
2.909301655797913000e+15
2.621179255083007000e+15
2.449561558347412000e+15
2.193042728738263000e+15
2.033943194438107000e+15
1.948394667963126000e+15
1.838732101430826000e+15
1.704182731603413000e+15
1.620188063791233000e+15
1.531228767604749000e+15
1.455004809519519000e+15
1.427552173309666000e+15
1.320845822813704000e+15
1.286018280562174000e+15
1.209693585135397000e+15
1.168676027786649000e+15
1.101025270735066000e+15
1.060731627868617000e+15
1.058627409186696000e+15
1.014790341515113000e+15
9.707769917675520000e+14
9.382966928628570000e+14
8.931858544659100000e+14
8.563668315888440000e+14
8.111234625499570000e+14
8.006808538383060000e+14
7.434097218905550000e+14
7.877162364495570000e+14
7.494339291014590000e+14
6.883757798072340000e+14
6.728438540987010000e+14
6.742368063449060000e+14
6.223016742482150000e+14
6.387619950207560000e+14
5.934823285307930000e+14
5.882857257059810000e+14
5.635913959735120000e+14
5.373635527387860000e+14
5.260820119052280000e+14
5.288884032301800000e+14
4.869062082668160000e+14
4.959226109471770000e+14
4.769630652411420000e+14
4.691797919224280000e+14
4.553399637820070000e+14
4.412436826396220000e+14
4.272685784516630000e+14
4.096090280845680000e+14
4.202796934062040000e+14
3.867238384036190000e+14
4.099789602142510000e+14
3.799813472964790000e+14
3.633132624528810000e+14
3.613397256843680000e+14
3.707105696344670000e+14
3.463112802623630000e+14
3.353295254344850000e+14
3.314523801393880000e+14
3.227306869507910000e+14
3.069214698535960000e+14
2.991687690830010000e+14
3.114334770816770000e+14
2.910476126040320000e+14
3.091918858815710000e+14
2.908038803117860000e+14
2.802279493016290000e+14
2.701885415813750000e+14
2.692347527427880000e+14
2.494331416105530000e+14
2.546481493644020000e+14
2.437454914454370000e+14
2.512886071103350000e+14
2.384039527919100000e+14
2.328630052290470000e+14
2.280523299346360000e+14
2.342945243175430000e+14
2.195466239995150000e+14
2.180559325629570000e+14
2.211464285879010000e+14
2.010034986024850000e+14
2.056397487000980000e+14
2.125700737854010000e+14
2.001656005019550000e+14
1.900020175571210000e+14
1.799959562885380000e+14
2.009841849629450000e+14
1.977174688633330000e+14
1.777637859753280000e+14
1.743283804400360000e+14
1.818378885375920000e+14
1.740052172963020000e+14
1.550340494352210000e+14
1.664477554006830000e+14
1.622653751059360000e+14
1.703901704822340000e+14
1.672702802722520000e+14
1.538188462747670000e+14
1.566312729708400000e+14
1.499481800028820000e+14
1.527836813784300000e+14
1.421865806046700000e+14
1.466678847379420000e+14
1.334116688553590000e+14
1.369783706921210000e+14
1.337356176073470000e+14
1.242697319761640000e+14
1.303763750645450000e+14
1.314574838999010000e+14
1.230614587280130000e+14
1.260294331839140000e+14
1.127484474025210000e+14
1.285947501435120000e+14
1.132271347484770000e+14
1.149803700123080000e+14
1.174428511425230000e+14
1.079529004114640000e+14
1.027809340373880000e+14
1.048028716486700000e+14
1.051665008629700000e+14
1.090207071365520000e+14
9.557721826710900000e+13
1.011883994822160000e+14
9.749761760363800000e+13
9.981700914504600000e+13
9.468760823402800000e+13
9.795026041475900000e+13
9.834781228640800000e+13
8.994579014968200000e+13
8.826429277190900000e+13
7.952419683580200000e+13
8.443821140752400000e+13
8.504009526331600000e+13
8.152809244847200000e+13
8.911923615422000000e+13
8.325374162964000000e+13
7.765493909224500000e+13
7.044326561996800000e+13
7.390130963349400000e+13
7.442920344116000000e+13
8.122779305758200000e+13
6.815061295925200000e+13
7.206216303306000000e+13
7.212583392965300000e+13
7.235077291669800000e+13
6.532690753264800000e+13
6.374838507611800000e+13
6.106621927387600000e+13
6.480487108542300000e+13
6.627134613960300000e+13
6.765907813105100000e+13
6.787930784523400000e+13
6.199862094427500000e+13
5.739229459992900000e+13
6.138674918978700000e+13
5.624103638932300000e+13
6.080838902974100000e+13
5.905943703165000000e+13
5.452013104586100000e+13
5.844566578048100000e+13
5.061284786795200000e+13
4.946028056492900000e+13
4.925944979243300000e+13
5.180971801023600000e+13
4.949985697973800000e+13
5.131407828339100000e+13
4.616945918791900000e+13
4.615444895893300000e+13
4.393855428193400000e+13
4.728864725269700000e+13
4.494821712377300000e+13
4.472929086860800000e+13
4.164829178849300000e+13
4.385505467629900000e+13
5.195243316171300000e+13
4.313119385770400000e+13
4.263920033973800000e+13
4.093076418230200000e+13
4.060601839131300000e+13
3.845575181344900000e+13
4.090795529690500000e+13
3.645195229530300000e+13
3.833100242345700000e+13
3.911533913654100000e+13
4.031673331973300000e+13
4.424643228947100000e+13
3.691459894423500000e+13
4.296361127875100000e+13
3.414912616083100000e+13
3.269356475868600000e+13
2.798162960520200000e+13
3.877614941524400000e+13
3.464212804674500000e+13
3.534293527658100000e+13
2.708640757446600000e+13
3.345302532587100000e+13
3.063473484686100000e+13
3.119465398915600000e+13
2.956299376059600000e+13
3.133866980119500000e+13
2.784867768884700000e+13
2.731214054452600000e+13
3.071205755794000000e+13
2.946612881892100000e+13
3.076324177318800000e+13
2.969056168876000000e+13
2.945824956650900000e+13
2.742674624049300000e+13
3.200107224586700000e+13
2.961474099923900000e+13
2.480617100080600000e+13
2.453429229126100000e+13
3.365498902674700000e+13
2.751202533852300000e+13
2.606537804598800000e+13
2.696974998007400000e+13
2.714459730907200000e+13
2.862635107874400000e+13
2.189217784291600000e+13
2.255901363737900000e+13
2.310746627088400000e+13
2.504559214834800000e+13
2.128818766248200000e+13
2.786479795701700000e+13
2.369189233346400000e+13
1.981084172973500000e+13
1.994513472138400000e+13
1.869398424659400000e+13
2.121859157899700000e+13
1.879365234695600000e+13
1.885334958876600000e+13
2.107045339755900000e+13
2.441592352730300000e+13
1.916018984632000000e+13
2.035621059052200000e+13
1.679653620947200000e+13
2.128152341108400000e+13
2.170888439177000000e+13
2.223500860203300000e+13
1.474758382990200000e+13
2.163322991626500000e+13
1.912219212031300000e+13
2.007715754028300000e+13
1.829241921412900000e+13
1.736505530705700000e+13
1.507091375899600000e+13
1.795742801951600000e+13
1.449356010704700000e+13
1.494965350881200000e+13
1.649103300320700000e+13
1.440413951515100000e+13
1.852375860986200000e+13
1.532790978930700000e+13
1.773499535355100000e+13
1.380779667601300000e+13
1.275303692406700000e+13
1.513080673547500000e+13
9.931660965367000000e+12
1.512185996202300000e+13
1.713495771522400000e+13
1.170862405355500000e+13
1.374235029713200000e+13
1.125294492469700000e+13
1.297615768261000000e+13
1.180326558056400000e+13
1.273139543004300000e+13
8.957168147430000000e+12
1.536783567523400000e+13
1.367776500391900000e+13
8.620501377255000000e+12
1.030176273203900000e+13
1.421047401432300000e+13
1.006341947094400000e+13
1.181468833986700000e+13
8.533494754580000000e+12
1.272938818754600000e+13
1.254841669739300000e+13
1.252098759831400000e+13
1.095023923913900000e+13
7.724230211118000000e+12
7.665363834644000000e+12
6.877013271004000000e+12
1.262534068766800000e+13
9.178153407029000000e+12
9.148068527081000000e+12
6.402057859584000000e+12
6.546864371237000000e+12
7.951229905519000000e+12
1.088257205686200000e+13
6.321999913313000000e+12
8.899493490528000000e+12
8.380498715053000000e+12
6.592773568654000000e+12
9.167186772424000000e+12
9.351313790972000000e+12
7.427761957445000000e+12
8.046498491822000000e+12
9.597199606731000000e+12
1.011198087401600000e+13
7.110775662262000000e+12
7.101136394252000000e+12
5.139887186606000000e+12
6.409013631244000000e+12
6.703353091861000000e+12
8.289872113381000000e+12
4.485781530901000000e+12
7.607523109652000000e+12
7.872791647322000000e+12
7.130168533362000000e+12
7.136746295365000000e+12
5.875708427971000000e+12
8.293880215514000000e+12
5.954115701911000000e+12
6.346234298732000000e+12
6.817204856391000000e+12
5.634418579935000000e+12
6.785059069791000000e+12
4.833855408475000000e+12
5.330896634623000000e+12
5.441810302371000000e+12
3.918560211975000000e+12
4.998156282749000000e+12
6.697152325668000000e+12
4.529719770806000000e+12
5.015043660280000000e+12
4.360455740284000000e+12
7.266921327869000000e+12
7.254697229270000000e+12
3.600309994470000000e+12
8.613622520486000000e+12
5.082980704014000000e+12
5.621686463637000000e+12
3.891794974975000000e+12
5.337948470603000000e+12
3.245028250769000000e+12
3.377794504098000000e+12
4.718484878726000000e+12
3.245028250769000000e+12
4.202294161041000000e+12
2.105914723732000000e+12
2.792517275445000000e+12
2.670987705374000000e+12
1.255213996058000000e+12
2.175537507014000000e+12
4.789193925217000000e+12
2.698544934582000000e+12
2.466957898882000000e+12
4.496794353221000000e+12
6.609094534382000000e+12
3.876576744447000000e+12
3.266268437708000000e+12
4.289534722948000000e+12
3.596286677548000000e+12
3.372024739656000000e+12
2.229294873382000000e+12
2.456380125815000000e+12
2.360020546014000000e+12
2.655023114266000000e+12
1.768807618246000000e+12
4.130035955525000000e+12
2.583729452850000000e+12
3.713400744075000000e+12
3.540030819021000000e+12
2.822148510202000000e+12
4.150975624025000000e+12
1.743301865816000000e+12
1.770015409510000000e+12
3.540030819021000000e+12
2.926619660100000000e+12
3.548846314842000000e+12
2.065017977762000000e+12
1.770015409510000000e+12
1.457334326206000000e+12
2.065017977762000000e+12
2.065017977762000000e+12
2.655023114266000000e+12
2.360020546014000000e+12
1.475012841259000000e+12
2.595950676357000000e+12
3.245028250769000000e+12
1.819394863920000000e+12
2.886799000598000000e+12
1.822961582413000000e+12
4.520246989823000000e+12
2.655023114266000000e+12
2.058204398656000000e+12
2.556109863348000000e+12
3.245028250769000000e+12
2.065017977762000000e+12
1.791322987717000000e+12
1.499238333876000000e+12
2.130449767029000000e+12
1.514387496522000000e+12
1.817041011346000000e+12
2.950025682510000000e+11
1.250738591617000000e+12
1.770015409510000000e+12
1.475012841259000000e+12
1.770015409510000000e+12
6.105550534700000000e+11
2.065017977762000000e+12
2.655023114266000000e+12
2.197422035240000000e+12
2.718246781007000000e+12
1.989133751679000000e+12
2.065017977762000000e+12
2.122058028534000000e+12
1.495956922872000000e+12
2.394476545734000000e+12
2.415294431865000000e+12
1.459439390492000000e+12
3.245028250769000000e+12
1.769794312858000000e+12
1.770015409510000000e+12
2.185774415538000000e+12
1.770015409510000000e+12
1.356599078554000000e+12
1.502667231292000000e+12
3.589187792340000000e+11
1.180010273007000000e+12
1.770015409510000000e+12
1.475012841259000000e+12
1.077054229805000000e+12
1.062368401716000000e+12
3.463118191900000000e+11
1.463330437557000000e+12
1.765626883447000000e+12
1.475012841259000000e+12
2.297136860649000000e+12
8.850077047550000000e+11
1.180010273007000000e+12
1.872409793172000000e+12
8.850077047550000000e+11
1.180010273007000000e+12
8.850077047550000000e+11
8.850077047550000000e+11
8.850077047550000000e+11
1.180010273007000000e+12
2.950025682510000000e+11
5.900051365030000000e+11
8.850077047550000000e+11
2.950025682510000000e+11
1.475012841259000000e+12
1.180010273007000000e+12
8.850077047550000000e+11
5.900051365030000000e+11
1.475012841259000000e+12
1.180010273007000000e+12
5.900051365030000000e+11
5.900051365030000000e+11
5.246844585070000000e+11
8.850077047550000000e+11
1.076312266214000000e+12
5.472760317290000000e+11
2.950025682510000000e+11
8.850077047550000000e+11
8.850077047550000000e+11
2.065017977762000000e+12
4.388176564720000000e+11
8.850077047550000000e+11
8.850077047550000000e+11
