0.000000
0.502000
1.004000
1.506000
2.008000
2.510000
3.012000
3.514000
4.016000
4.518000
5.020000
5.522000
6.024000
6.526000
7.028000
7.530000
8.032000
8.534000
9.036000
9.538000
10.040000
10.542000
11.044000
11.546000
12.048000
12.550000
13.052000
13.554000
14.056000
14.558000
15.060000
15.562000
16.064000
16.566000
17.068000
17.570000
18.072000
18.574000
19.076000
19.578000
20.080000
20.582000
21.084000
21.586000
22.088000
22.590000
23.092000
23.594000
24.096000
24.598000
25.100000
25.602000
26.104000
26.606000
27.108000
27.610000
28.112000
28.614000
29.116000
29.618000
30.120000
30.622000
31.124000
31.626000
32.128000
32.630000
33.132000
33.634000
34.136000
34.638000
35.140000
35.642000
36.144000
36.646000
37.148000
37.650000
38.152000
38.654000
39.156000
39.658000
40.160000
40.662000
41.164000
41.666000
42.168000
42.670000
43.172000
43.674000
44.176000
44.678000
45.180000
45.682000
46.184000
46.686000
47.188000
47.690000
48.192000
48.694000
49.196000
49.698000
50.200000
50.702000
51.204000
51.706000
52.208000
52.710000
53.212000
53.714000
54.216000
54.718000
55.220000
55.722000
56.224000
56.726000
57.228000
57.730000
58.232000
58.734000
59.236000
59.738000
60.240000
60.742000
61.244000
61.746000
62.248000
62.750000
63.252000
63.754000
64.256000
64.758000
65.260000
65.762000
66.264000
66.766000
67.268000
67.770000
68.272000
68.774000
69.276000
69.778000
70.280000
70.782000
71.284000
71.786000
72.288000
72.790000
73.292000
73.794000
74.296000
74.798000
75.300000
75.802000
76.304000
76.806000
77.308000
77.810000
78.312000
78.814000
79.316000
79.818000
80.320000
80.822000
81.324000
81.826000
82.328000
82.830000
83.332000
83.834000
84.336000
84.838000
85.340000
85.842000
86.344000
86.846000
87.348000
87.850000
88.352000
88.854000
89.356000
89.858000
90.360000
90.862000
91.364000
91.866000
92.368000
92.870000
93.372000
93.874000
94.376000
94.878000
95.380000
95.882000
96.384000
96.886000
97.388000
97.890000
98.392000
98.894000
99.396000
99.898000
100.400000
100.902000
101.404000
101.906000
102.408000
102.910000
103.412000
103.914000
104.416000
104.918000
105.420000
105.922000
106.424000
106.926000
107.428000
107.930000
108.432000
108.934000
109.436000
109.938000
110.440000
110.942000
111.444000
111.946000
112.448000
112.950000
113.452000
113.954000
114.456000
114.958000
115.460000
115.962000
116.464000
116.966000
117.468000
117.970000
118.472000
118.974000
119.476000
119.978000
120.480000
120.982000
121.484000
121.986000
122.488000
122.990000
123.492000
123.994000
124.496000
124.998000
125.500000
126.002000
126.504000
127.006000
127.508000
128.010000
128.512000
129.014000
129.516000
130.018000
130.520000
131.022000
131.524000
132.026000
132.528000
133.030000
133.532000
134.034000
134.536000
135.038000
135.540000
136.042000
136.544000
137.046000
137.548000
138.050000
138.552000
139.054000
139.556000
140.058000
140.560000
141.062000
141.564000
142.066000
142.568000
143.070000
143.572000
144.074000
144.576000
145.078000
145.580000
146.082000
146.584000
147.086000
147.588000
148.090000
148.592000
149.094000
149.596000
150.098000
150.600000
151.102000
151.604000
152.106000
152.608000
153.110000
153.612000
154.114000
154.616000
155.118000
155.620000
156.122000
156.624000
157.126000
157.628000
158.130000
158.632000
159.134000
159.636000
160.138000
160.640000
161.142000
161.644000
162.146000
162.648000
163.150000
163.652000
164.154000
164.656000
165.158000
165.660000
166.162000
166.664000
167.166000
167.668000
168.170000
168.672000
169.174000
169.676000
170.178000
170.680000
171.182000
171.684000
172.186000
172.688000
173.190000
173.692000
174.194000
174.696000
175.198000
175.700000
176.202000
176.704000
177.206000
177.708000
178.210000
178.712000
179.214000
179.716000
180.218000
180.720000
181.222000
181.724000
182.226000
182.728000
183.230000
183.732000
184.234000
184.736000
185.238000
185.740000
186.242000
186.744000
187.246000
187.748000
188.250000
188.752000
189.254000
189.756000
190.258000
190.760000
191.262000
191.764000
192.266000
192.768000
193.270000
193.772000
194.274000
194.776000
195.278000
195.780000
196.282000
196.784000
197.286000
197.788000
198.290000
198.792000
199.294000
199.796000
200.298000
200.800000
201.302000
201.804000
202.306000
202.808000
203.310000
203.812000
204.314000
204.816000
205.318000
205.820000
206.322000
206.824000
207.326000
207.828000
208.330000
208.832000
209.334000
209.836000
210.338000
210.840000
211.342000
211.844000
212.346000
212.848000
213.350000
213.852000
214.354000
214.856000
215.358000
215.860000
216.362000
216.864000
217.366000
217.868000
218.370000
218.872000
219.374000
219.876000
220.378000
220.880000
221.382000
221.884000
222.386000
222.888000
223.390000
223.892000
224.394000
224.896000
225.398000
225.900000
226.402000
226.904000
227.406000
227.908000
228.410000
228.912000
229.414000
229.916000
230.418000
230.920000
231.422000
231.924000
232.426000
232.928000
233.430000
233.932000
234.434000
234.936000
235.438000
235.940000
236.442000
236.944000
237.446000
237.948000
238.450000
238.952000
239.454000
239.956000
240.458000
240.960000
241.462000
241.964000
242.466000
242.968000
243.470000
243.972000
244.474000
244.976000
245.478000
245.980000
246.482000
246.984000
247.486000
247.988000
248.490000
248.992000
249.494000
249.996000
250.498000
251.000000
251.502000
252.004000
252.506000
253.008000
253.510000
254.012000
254.514000
255.016000
255.518000
256.020000
256.522000
257.024000
257.526000
258.028000
258.530000
259.032000
259.534000
260.036000
260.538000
261.040000
261.542000
262.044000
262.546000
263.048000
263.550000
264.052000
264.554000
265.056000
265.558000
266.060000
266.562000
267.064000
267.566000
268.068000
268.570000
269.072000
269.574000
270.076000
270.578000
271.080000
271.582000
272.084000
272.586000
273.088000
273.590000
274.092000
274.594000
275.096000
275.598000
276.100000
276.602000
277.104000
277.606000
278.108000
278.610000
279.112000
279.614000
280.116000
280.618000
281.120000
281.622000
282.124000
282.626000
283.128000
283.630000
284.132000
284.634000
285.136000
285.638000
286.140000
286.642000
287.144000
287.646000
288.148000
288.650000
289.152000
289.654000
290.156000
290.658000
291.160000
291.662000
292.164000
292.666000
293.168000
293.670000
294.172000
294.674000
295.176000
295.678000
296.180000
296.682000
297.184000
297.686000
298.188000
298.690000
299.192000
299.694000
300.196000
300.698000
301.200000
301.702000
302.204000
302.706000
303.208000
303.710000
304.212000
304.714000
305.216000
305.718000
306.220000
306.722000
307.224000
307.726000
308.228000
308.730000
309.232000
309.734000
310.236000
310.738000
311.240000
311.742000
312.244000
312.746000
313.248000
313.750000
314.252000
314.754000
315.256000
315.758000
316.260000
316.762000
317.264000
317.766000
318.268000
318.770000
319.272000
319.774000
320.276000
320.778000
321.280000
321.782000
322.284000
322.786000
323.288000
323.790000
324.292000
324.794000
325.296000
325.798000
326.300000
326.802000
327.304000
327.806000
328.308000
328.810000
329.312000
329.814000
330.316000
330.818000
331.320000
331.822000
332.324000
332.826000
333.328000
333.830000
334.332000
334.834000
335.336000
335.838000
336.340000
336.842000
337.344000
337.846000
338.348000
338.850000
339.352000
339.854000
340.356000
340.858000
341.360000
341.862000
342.364000
342.866000
343.368000
343.870000
344.372000
344.874000
345.376000
345.878000
346.380000
346.882000
347.384000
347.886000
348.388000
348.890000
349.392000
349.894000
350.396000
350.898000
351.400000
351.902000
352.404000
352.906000
353.408000
353.910000
354.412000
354.914000
355.416000
355.918000
356.420000
356.922000
357.424000
357.926000
358.428000
358.930000
359.432000
359.934000
360.436000
360.938000
361.440000
361.942000
362.444000
362.946000
363.448000
363.950000
364.452000
364.954000
365.456000
365.958000
366.460000
366.962000
367.464000
367.966000
368.468000
368.970000
369.472000
369.974000
370.476000
370.978000
371.480000
371.982000
372.484000
372.986000
373.488000
373.990000
374.492000
374.994000
375.496000
375.998000
376.500000
377.002000
377.504000
378.006000
378.508000
379.010000
379.512000
380.014000
380.516000
381.018000
381.520000
382.022000
382.524000
383.026000
383.528000
384.030000
384.532000
385.034000
385.536000
386.038000
386.540000
387.042000
387.544000
388.046000
388.548000
389.050000
389.552000
390.054000
390.556000
391.058000
391.560000
392.062000
392.564000
393.066000
393.568000
394.070000
394.572000
395.074000
395.576000
396.078000
396.580000
397.082000
397.584000
398.086000
398.588000
399.090000
399.592000
400.094000
400.596000
401.098000
401.600000
402.102000
402.604000
403.106000
403.608000
404.110000
404.612000
405.114000
405.616000
406.118000
406.620000
407.122000
407.624000
408.126000
408.628000
409.130000
409.632000
410.134000
410.636000
411.138000
411.640000
412.142000
412.644000
413.146000
413.648000
414.150000
414.652000
415.154000
415.656000
416.158000
416.660000
417.162000
417.664000
418.166000
418.668000
419.170000
419.672000
420.174000
420.676000
421.178000
421.680000
422.182000
422.684000
423.186000
423.688000
424.190000
424.692000
425.194000
425.696000
426.198000
426.700000
427.202000
427.704000
428.206000
428.708000
429.210000
429.712000
430.214000
430.716000
431.218000
431.720000
432.222000
432.724000
433.226000
433.728000
434.230000
434.732000
435.234000
435.736000
436.238000
436.740000
437.242000
437.744000
438.246000
438.748000
439.250000
439.752000
440.254000
440.756000
441.258000
441.760000
442.262000
442.764000
443.266000
443.768000
444.270000
444.772000
445.274000
445.776000
446.278000
446.780000
447.282000
447.784000
448.286000
448.788000
449.290000
449.792000
450.294000
450.796000
451.298000
451.800000
452.302000
452.804000
453.306000
453.808000
454.310000
454.812000
455.314000
455.816000
456.318000
456.820000
457.322000
457.824000
458.326000
458.828000
459.330000
459.832000
460.334000
460.836000
461.338000
461.840000
462.342000
462.844000
463.346000
463.848000
464.350000
464.852000
465.354000
465.856000
466.358000
466.860000
467.362000
467.864000
468.366000
468.868000
469.370000
469.872000
470.374000
470.876000
471.378000
471.880000
472.382000
472.884000
473.386000
473.888000
474.390000
474.892000
475.394000
475.896000
476.398000
476.900000
477.402000
477.904000
478.406000
478.908000
479.410000
479.912000
480.414000
480.916000
481.418000
481.920000
482.422000
482.924000
483.426000
483.928000
484.430000
484.932000
485.434000
485.936000
486.438000
486.940000
487.442000
487.944000
488.446000
488.948000
489.450000
489.952000
490.454000
490.956000
491.458000
491.960000
492.462000
492.964000
493.466000
493.968000
494.470000
494.972000
495.474000
495.976000
496.478000
496.980000
497.482000
497.984000
498.486000
498.988000
499.490000
499.992000
500.494000
500.996000
501.498000
502.000000
