1.771188788627860000e+14
1.556230498280740000e+14
1.424274506925090000e+14
1.277381288792990000e+14
1.184318332817420000e+14
1.096644701483120000e+14
1.000273995841470000e+14
8.926463098566100000e+13
9.342208311612100000e+13
8.022312346321400000e+13
8.138942101136400000e+13
7.420737567408700000e+13
7.070017859456800000e+13
6.713227651991100000e+13
6.360329565826800000e+13
5.959805827063300000e+13
5.560732156837900000e+13
5.436437998344100000e+13
5.381241421113300000e+13
4.778875315984000000e+13
4.879345319177000000e+13
4.584164994604600000e+13
4.350906731763000000e+13
4.318098721793400000e+13
4.221162343485800000e+13
3.952693624673700000e+13
3.807333570771100000e+13
3.674944454130800000e+13
3.712937731635800000e+13
3.596489423471700000e+13
3.301994386208100000e+13
3.280807484370900000e+13
3.045520341429500000e+13
3.304336484431900000e+13
3.126051046027700000e+13
3.211368054749500000e+13
2.876879897438900000e+13
2.683679854924500000e+13
2.560451488163000000e+13
2.630519008950900000e+13
2.500090596184800000e+13
2.452066724086300000e+13
2.418760474625800000e+13
2.305973612590800000e+13
2.211747999115200000e+13
2.221558095755700000e+13
2.037594245488200000e+13
2.321381198810700000e+13
1.981804499564800000e+13
1.941163543832300000e+13
1.974645231883200000e+13
1.694182039712000000e+13
1.633481265553500000e+13
1.844312602805900000e+13
1.771893298141800000e+13
1.702553215718400000e+13
1.651622472003600000e+13
1.679658296759700000e+13
1.680936624788500000e+13
1.521548811667000000e+13
1.661456842954300000e+13
1.528132021709900000e+13
1.182300579420100000e+13
1.462302149395500000e+13
1.472293699086800000e+13
1.197443041364200000e+13
1.339109869253700000e+13
1.588096389404200000e+13
1.214399197039900000e+13
1.283370907200100000e+13
1.330562762880400000e+13
1.110253836624300000e+13
1.295248147717000000e+13
1.135465956108600000e+13
1.235071965575700000e+13
1.181121277346700000e+13
1.117545484921100000e+13
1.169497707274500000e+13
1.140683550818000000e+13
1.152036291542000000e+13
9.377326922544000000e+12
1.214218107087100000e+13
9.359081212806000000e+12
9.162987527441000000e+12
9.339313323782000000e+12
9.745511999061000000e+12
1.039031877730400000e+13
9.953010412743000000e+12
9.948668090587000000e+12
8.819713799376000000e+12
9.915614037393000000e+12
8.136633745977000000e+12
1.064444155878100000e+13
9.845098863723000000e+12
9.445436532957000000e+12
9.104260197715000000e+12
9.212581533105000000e+12
7.669197196620000000e+12
9.572851761489000000e+12
7.854997281574000000e+12
7.503663283278000000e+12
7.088030308465000000e+12
6.897889580509000000e+12
6.828262891945000000e+12
6.626000984327000000e+12
7.631724376124000000e+12
8.192321485901000000e+12
7.662443422184000000e+12
6.472619982646000000e+12
4.746605098088000000e+12
6.131450921035000000e+12
6.761201229547000000e+12
6.331384225382000000e+12
6.832919716121000000e+12
6.840649104037000000e+12
6.729404402203000000e+12
5.183957235900000000e+12
5.643142149480000000e+12
7.147254712719000000e+12
6.655363371243000000e+12
5.900946429513000000e+12
5.431448173306000000e+12
6.805891305400000000e+12
5.978611364355000000e+12
4.887781581629000000e+12
5.968589059493000000e+12
3.328851152651000000e+12
4.380852943257000000e+12
6.609579321528000000e+12
5.518530533261000000e+12
5.746154131173000000e+12
3.713503354048000000e+12
5.008495223641000000e+12
4.261449185621000000e+12
4.891653831095000000e+12
4.438008982524000000e+12
4.635123463840000000e+12
3.884188546938000000e+12
4.463243670254000000e+12
5.022482335987000000e+12
4.772419017095000000e+12
5.383303003153000000e+12
4.938939804818000000e+12
3.980007387482000000e+12
5.159515557048000000e+12
4.185284996777000000e+12
4.164596942638000000e+12
3.564457859334000000e+12
3.524989557321000000e+12
3.166826705122000000e+12
4.305980233984000000e+12
4.060312537728000000e+12
4.101720142593000000e+12
3.647487143936000000e+12
2.495295761744000000e+12
3.480172279228000000e+12
2.365567985409000000e+12
3.409959536929000000e+12
4.122648162226000000e+12
2.657793949574000000e+12
3.409291710925000000e+12
3.032511609648000000e+12
3.776218229689000000e+12
3.974441091077000000e+12
3.739594673513000000e+12
3.531090547144000000e+12
2.822358736203000000e+12
2.990653535480000000e+12
2.216863059701000000e+12
3.516215777541000000e+12
1.582259244943000000e+12
2.916759002706000000e+12
2.792874106327000000e+12
2.162337578129000000e+12
3.305607570178000000e+12
2.450263906176000000e+12
2.972538164399000000e+12
2.189099793624000000e+12
2.387131873994000000e+12
2.545499023467000000e+12
2.746677526547000000e+12
2.872645540032000000e+12
2.058247315286000000e+12
2.515602037189000000e+12
2.454305388148000000e+12
2.580878185857000000e+12
2.947931772689000000e+12
1.469934208411000000e+12
1.919517267592000000e+12
2.727378188523000000e+12
2.340198040436000000e+12
1.416195151128000000e+12
1.869168432612000000e+12
2.499167389125000000e+12
2.749140458296000000e+12
3.125823369309000000e+12
1.612146331452000000e+12
1.980605485556000000e+12
2.386814088526000000e+12
8.615956850830000000e+11
1.885328885529000000e+12
1.759780989410000000e+12
1.544621586069000000e+12
2.314124611381000000e+12
2.539836533733000000e+12
1.571293524693000000e+12
1.603862488102000000e+12
2.109696101211000000e+12
1.502098109308000000e+12
2.436426447062000000e+12
1.135082638218000000e+12
1.320970498339000000e+12
1.389403930849000000e+12
1.581076000990000000e+12
1.546491687047000000e+12
1.634060810720000000e+12
1.561691113516000000e+12
1.126249206004000000e+12
2.726802010526000000e+12
1.595474143010000000e+12
1.769211444826000000e+12
1.504412829187000000e+12
1.371944291765000000e+12
1.279283531292000000e+12
1.010030051729000000e+12
1.073839175486000000e+12
1.445988402488000000e+12
1.437488990067000000e+12
7.141814044670000000e+11
1.907033936710000000e+12
1.304482305156000000e+12
1.215803730080000000e+12
1.470937369730000000e+12
1.552114383662000000e+12
1.647818370521000000e+12
1.946976023689000000e+12
9.419189889010000000e+11
1.557076401460000000e+12
8.571877009870000000e+11
9.336109367640000000e+11
1.394404901586000000e+12
1.005888555872000000e+12
1.040924715247000000e+12
1.787406696811000000e+12
8.448820689220000000e+11
7.079009933990000000e+11
1.251120458113000000e+12
1.293872260726000000e+12
1.403234877754000000e+12
1.560451987982000000e+12
1.563549556920000000e+12
8.816485890300000000e+11
1.775969473417000000e+12
1.397799856630000000e+12
1.230870581845000000e+12
1.131548517427000000e+12
9.782161571800000000e+11
1.828385217818000000e+12
1.262017976299000000e+12
1.055441211349000000e+12
1.561515354187000000e+12
9.058872510030000000e+11
1.335197236819000000e+12
8.668530272580000000e+11
1.506805052137000000e+12
8.273186810240000000e+11
8.382444651890000000e+11
6.828722826770000000e+11
2.353168913554000000e+12
8.687188623410000000e+11
4.927796585170000000e+11
9.184316979250000000e+11
1.066054389535000000e+12
6.263161213420000000e+11
9.233858212480000000e+11
2.014965518029000000e+12
1.007900191597000000e+12
7.323048447250000000e+11
1.175204414776000000e+12
9.854446598670000000e+11
3.289335104340000000e+11
6.952413904340000000e+11
1.590825027616000000e+12
1.058197707053000000e+12
7.503384561410000000e+11
1.416295100885000000e+12
1.533858217339000000e+12
7.427376682630000000e+11
4.109260693890000000e+11
4.030676516070000000e+11
7.509781948620000000e+11
7.316216429580000000e+11
1.121882206268000000e+12
9.803122926260000000e+11
6.347270479970000000e+11
7.526850324630000000e+11
8.066215952540000000e+11
5.485016309560000000e+11
9.323598659720000000e+11
1.077429874773000000e+12
1.000602881421000000e+12
7.396181097900000000e+11
2.185826173630000000e+11
1.071786438850000000e+12
9.841480203140000000e+11
6.968113833390000000e+11
9.113692827150000000e+11
6.058219447010000000e+11
1.218822162844000000e+12
6.387027576070000000e+11
1.005465692271000000e+12
1.961110376000000000e+11
1.757263540579000000e+12
5.794589916980000000e+11
1.149564529069000000e+12
8.339981017420000000e+11
2.151461116130000000e+11
4.830118654420000000e+11
9.574311852860000000e+11
3.874478515250000000e+11
9.704737181650000000e+11
7.658442829460000000e+11
1.330344126769000000e+12
7.102976216170000000e+11
5.116130216590000000e+11
6.472714865240000000e+11
4.777558646990000000e+11
4.266661481350000000e+11
8.071502852270000000e+11
7.440981693200000000e+11
8.394541364380000000e+11
8.569511081550000000e+11
5.046667256240000000e+11
2.682184950660000000e+11
7.964790007350000000e+11
7.000604906280000000e+11
8.505931205890000000e+11
8.567641149820000000e+11
7.799170942500000000e+10
8.052458639940000000e+11
5.078612729720000000e+11
6.099703131710000000e+11
7.083412470430000000e+11
4.991621155800000000e+11
6.703664325590000000e+11
6.933701611550000000e+11
6.388709445030000000e+11
3.694151690850000000e+11
2.888371878950000000e+11
3.239714591090000000e+11
6.518761665160000000e+11
6.701654939880000000e+11
6.205545776400000000e+11
6.157094866220000000e+11
4.295502386920000000e+11
1.028959577241000000e+12
7.642636934370000000e+11
4.741841559380000000e+11
4.868350508690000000e+11
4.902115242290000000e+11
5.351430059060000000e+11
6.724239137510000000e+11
3.612833567870000000e+11
3.546697128140000000e+11
7.926107966940000000e+11
3.603583925660000000e+11
5.088805751600000000e+10
6.473819665190000000e+11
1.730459084200000000e+11
3.575888770010000000e+11
1.861101437200000000e+11
1.996915647700000000e+11
3.430416758200000000e+10
1.785544284230000000e+11
7.510588539400000000e+10
6.528357784860000000e+11
2.121981564380000000e+11
5.759999086080000000e+11
8.742918841030000000e+11
2.027516623050000000e+11
8.163869144660000000e+11
6.388828308470000000e+11
5.295422353110000000e+11
2.033290484690000000e+11
3.271687275750000000e+11
6.041662263670000000e+11
6.970327817340000000e+11
2.235755598730000000e+11
3.571317869140000000e+11
3.387080785820000000e+11
7.247004425320000000e+11
4.925770117630000000e+11
3.472825455530000000e+11
1.913787283090000000e+11
5.073480112620000000e+11
3.172406839700000000e+10
2.741246248000000000e+10
6.431906706560000000e+11
1.936753286890000000e+11
4.876516705380000000e+11
2.263385108720000000e+11
3.860700102640000000e+11
3.352231844480000000e+11
3.714073554740000000e+11
1.848029095900000000e+11
5.685256499900000000e+10
1.855276610400000000e+11
7.603496605800000000e+10
2.343313554800000000e+10
1.891976423740000000e+11
1.458193784890000000e+11
3.170955674370000000e+11
1.727084752100000000e+10
4.553333937960000000e+11
2.023307555610000000e+11
1.335038650780000000e+11
3.326033897330000000e+11
2.747890593200000000e+11
3.247754692240000000e+11
1.709437963250000000e+11
2.189436154060000000e+11
1.281525916470000000e+11
2.861143215800000000e+10
1.762915798340000000e+11
5.156413230900000000e+10
2.832805605300000000e+10
1.304264198540000000e+11
2.673227758470000000e+11
1.792396779570000000e+11
3.329614525420000000e+11
1.684514430470000000e+11
1.340336999370000000e+11
1.785073814140000000e+11
2.582499752200000000e+10
4.604018855400000000e+10
1.685161372510000000e+11
2.214448538510000000e+11
3.213459630400000000e+11
4.853249955970000000e+11
1.661168474550000000e+11
6.820282288400000000e+11
2.399737993710000000e+11
3.197227269580000000e+11
2.636157870200000000e+10
3.266217532990000000e+11
1.880008917560000000e+11
1.669908627660000000e+11
1.685033885600000000e+11
1.923824150290000000e+11
1.526283225240000000e+11
1.158884021900000000e+10
3.142771308330000000e+11
3.254857206400000000e+10
3.264252788500000000e+10
1.857433549580000000e+11
1.477133062100000000e+10
1.740465582530000000e+11
2.023323469300000000e+11
1.721010110590000000e+11
5.433157274400000000e+10
1.861046877240000000e+11
2.467648941800000000e+10
1.979668583400000000e+10
3.137112529790000000e+11
1.699588648450000000e+11
1.816129312500000000e+10
3.269507501280000000e+11
1.701801959100000000e+11
2.158826980080000000e+11
1.680718378440000000e+11
4.739764113910000000e+11
1.985075247000000000e+10
2.533981840060000000e+11
1.460077665500000000e+10
2.059200960300000000e+10
1.667285810840000000e+11
1.348317610300000000e+10
1.512947016250000000e+11
1.119681504720000000e+11
3.039161013900000000e+10
1.637719984650000000e+11
1.772903298240000000e+11
1.951471694400000000e+10
3.266007295080000000e+11
3.471987427560000000e+11
1.521101223600000000e+10
1.698521022100000000e+10
1.535168325400000000e+10
1.665568376500000000e+10
3.225209478320000000e+11
1.803543962500000000e+10
1.704313822060000000e+11
1.494301891900000000e+10
2.416110431100000000e+10
1.674311805560000000e+11
2.528240504000000000e+11
2.262598374390000000e+11
3.055697785680000000e+11
3.039140839200000000e+10
2.586012970800000000e+10
1.638982284180000000e+11
1.629185264460000000e+11
5.296926870000000000e+09
2.122078217400000000e+10
1.125976050110000000e+11
5.172081399000000000e+09
1.651759936540000000e+11
2.295903494800000000e+10
2.179459886200000000e+10
4.279173810840000000e+11
1.335594535000000000e+10
1.834192198590000000e+11
4.113487608170000000e+11
1.158647541400000000e+10
1.452417474480000000e+11
2.884193671400000000e+10
3.245963856700000000e+10
9.964426997000000000e+09
1.639728197670000000e+11
1.623855563800000000e+11
1.577925277880000000e+11
1.289779790660000000e+11
1.309234596600000000e+10
1.617650394450000000e+11
1.610978032450000000e+11
5.409571240000000000e+09
1.224720184680000000e+11
1.675928637180000000e+11
1.603465857660000000e+11
3.074288800850000000e+11
8.176473803400000000e+10
2.087999844500000000e+10
1.663176993000000000e+11
1.580009327600000000e+11
9.289945070000000000e+09
2.493818735900000000e+10
2.443443376200000000e+10
2.181306239600000000e+10
1.138309737400000000e+10
9.881917047000000000e+09
1.180156595900000000e+10
1.304247963400000000e+10
1.328428281400000000e+10
1.150579229200000000e+10
2.010393575800000000e+10
1.497464042800000000e+10
3.860863291000000000e+09
1.784471995900000000e+10
1.648823612620000000e+11
1.348445181600000000e+10
1.734214300530000000e+11
1.176968977300000000e+10
2.458239712200000000e+10
5.664836312000000000e+09
2.071604921700000000e+10
8.685725381000000000e+09
1.689530670160000000e+11
1.407649047500000000e+10
5.621452847000000000e+09
2.057378080100000000e+10
1.151956290100000000e+10
1.247665069100000000e+10
1.370038975000000000e+10
7.427944755000000000e+09
3.383186728000000000e+09
6.080483096000000000e+09
1.113510389000000000e+10
6.632768342000000000e+09
1.250934393400000000e+10
2.042347274600000000e+10
5.534002296000000000e+09
1.017221093300000000e+10
6.983476531000000000e+09
9.525261266000000000e+09
2.378404461400000000e+10
1.083594740400000000e+10
1.573579034380000000e+11
1.653873145000000000e+09
6.785177325000000000e+09
1.127289481460000000e+11
4.469777771000000000e+09
1.120510691600000000e+10
1.633163933510000000e+11
1.588518307920000000e+11
4.211154378000000000e+09
9.531066385000000000e+09
1.629295581700000000e+11
7.204900973000000000e+09
7.424476553000000000e+09
1.624877073000000000e+09
6.589344765000000000e+09
3.702339531500000000e+10
1.596758701250000000e+11
1.560443358800000000e+11
1.096767199200000000e+10
5.965629796000000000e+09
1.536717684380000000e+11
1.587728572540000000e+11
7.819914924000000000e+09
7.309239680000000000e+09
1.536541056950000000e+11
8.746649897000000000e+09
1.633708800300000000e+10
1.595371858400000000e+10
7.923635558000000000e+09
1.564440017560000000e+11
1.627631834070000000e+11
3.404322032000000000e+09
8.750017164000000000e+09
6.938798476000000000e+09
5.284674049000000000e+09
5.578023837000000000e+09
4.082889895000000000e+09
1.534264493650000000e+11
4.131543597000000000e+09
5.173258284000000000e+09
6.869948057000000000e+09
2.159987454300000000e+10
6.185267749000000000e+09
9.412578070000000000e+09
6.775788057000000000e+09
8.708072386000000000e+09
