0.000000
2.822000
5.644000
8.466000
11.288000
14.110000
16.932000
19.754000
22.576000
25.398000
28.220000
31.042000
33.864000
36.686000
39.508000
42.330000
45.152000
47.974000
50.796000
53.618000
56.440000
59.262000
62.084000
64.906000
67.728000
70.550000
73.372000
76.194000
79.016000
81.838000
84.660000
87.482000
90.304000
93.126000
95.948000
98.770000
101.592000
104.414000
107.236000
110.058000
112.880000
115.702000
118.524000
121.346000
124.168000
126.990000
129.812000
132.634000
135.456000
138.278000
141.100000
143.922000
146.744000
149.566000
152.388000
155.210000
158.032000
160.854000
163.676000
166.498000
169.320000
172.142000
174.964000
177.786000
180.608000
183.430000
186.252000
189.074000
191.896000
194.718000
197.540000
200.362000
203.184000
206.006000
208.828000
211.650000
214.472000
217.294000
220.116000
222.938000
225.760000
228.582000
231.404000
234.226000
237.048000
239.870000
242.692000
245.514000
248.336000
251.158000
253.980000
256.802000
259.624000
262.446000
265.268000
268.090000
270.912000
273.734000
276.556000
279.378000
282.200000
285.022000
287.844000
290.666000
293.488000
296.310000
299.132000
301.954000
304.776000
307.598000
310.420000
313.242000
316.064000
318.886000
321.708000
324.530000
327.352000
330.174000
332.996000
335.818000
338.640000
341.462000
344.284000
347.106000
349.928000
352.750000
355.572000
358.394000
361.216000
364.038000
366.860000
369.682000
372.504000
375.326000
378.148000
380.970000
383.792000
386.614000
389.436000
392.258000
395.080000
397.902000
400.724000
403.546000
406.368000
409.190000
412.012000
414.834000
417.656000
420.478000
423.300000
426.122000
428.944000
431.766000
434.588000
437.410000
440.232000
443.054000
445.876000
448.698000
451.520000
454.342000
457.164000
459.986000
462.808000
465.630000
468.452000
471.274000
474.096000
476.918000
479.740000
482.562000
485.384000
488.206000
491.028000
493.850000
496.672000
499.494000
502.316000
505.138000
507.960000
510.782000
513.604000
516.426000
519.248000
522.070000
524.892000
527.714000
530.536000
533.358000
536.180000
539.002000
541.824000
544.646000
547.468000
550.290000
553.112000
555.934000
558.756000
561.578000
564.400000
567.222000
570.044000
572.866000
575.688000
578.510000
581.332000
584.154000
586.976000
589.798000
592.620000
595.442000
598.264000
601.086000
603.908000
606.730000
609.552000
612.374000
615.196000
618.018000
620.840000
623.662000
626.484000
629.306000
632.128000
634.950000
637.772000
640.594000
643.416000
646.238000
649.060000
651.882000
654.704000
657.526000
660.348000
663.170000
665.992000
668.814000
671.636000
674.458000
677.280000
680.102000
682.924000
685.746000
688.568000
691.390000
694.212000
697.034000
699.856000
702.678000
705.500000
708.322000
711.144000
713.966000
716.788000
719.610000
722.432000
725.254000
728.076000
730.898000
733.720000
736.542000
739.364000
742.186000
745.008000
747.830000
750.652000
753.474000
756.296000
759.118000
761.940000
764.762000
767.584000
770.406000
773.228000
776.050000
778.872000
781.694000
784.516000
787.338000
790.160000
792.982000
795.804000
798.626000
801.448000
804.270000
807.092000
809.914000
812.736000
815.558000
818.380000
821.202000
824.024000
826.846000
829.668000
832.490000
835.312000
838.134000
840.956000
843.778000
846.600000
849.422000
852.244000
855.066000
857.888000
860.710000
863.532000
866.354000
869.176000
871.998000
874.820000
877.642000
880.464000
883.286000
886.108000
888.930000
891.752000
894.574000
897.396000
900.218000
903.040000
905.862000
908.684000
911.506000
914.328000
917.150000
919.972000
922.794000
925.616000
928.438000
931.260000
934.082000
936.904000
939.726000
942.548000
945.370000
948.192000
951.014000
953.836000
956.658000
959.480000
962.302000
965.124000
967.946000
970.768000
973.590000
976.412000
979.234000
982.056000
984.878000
987.700000
990.522000
993.344000
996.166000
998.988000
1001.810000
1004.632000
1007.454000
1010.276000
1013.098000
1015.920000
1018.742000
1021.564000
1024.386000
1027.208000
1030.030000
1032.852000
1035.674000
1038.496000
1041.318000
1044.140000
1046.962000
1049.784000
1052.606000
1055.428000
1058.250000
1061.072000
1063.894000
1066.716000
1069.538000
1072.360000
1075.182000
1078.004000
1080.826000
1083.648000
1086.470000
1089.292000
1092.114000
1094.936000
1097.758000
1100.580000
1103.402000
1106.224000
1109.046000
1111.868000
1114.690000
1117.512000
1120.334000
1123.156000
1125.978000
1128.800000
1131.622000
1134.444000
1137.266000
1140.088000
1142.910000
1145.732000
1148.554000
1151.376000
1154.198000
1157.020000
1159.842000
1162.664000
1165.486000
1168.308000
1171.130000
1173.952000
1176.774000
1179.596000
1182.418000
1185.240000
1188.062000
1190.884000
1193.706000
1196.528000
1199.350000
1202.172000
1204.994000
1207.816000
1210.638000
1213.460000
1216.282000
1219.104000
1221.926000
1224.748000
1227.570000
1230.392000
1233.214000
1236.036000
1238.858000
1241.680000
1244.502000
1247.324000
1250.146000
1252.968000
1255.790000
1258.612000
1261.434000
1264.256000
1267.078000
1269.900000
1272.722000
1275.544000
1278.366000
1281.188000
1284.010000
1286.832000
1289.654000
1292.476000
1295.298000
1298.120000
1300.942000
1303.764000
1306.586000
1309.408000
1312.230000
1315.052000
1317.874000
1320.696000
1323.518000
1326.340000
1329.162000
1331.984000
1334.806000
1337.628000
1340.450000
1343.272000
1346.094000
1348.916000
1351.738000
1354.560000
1357.382000
1360.204000
1363.026000
1365.848000
1368.670000
1371.492000
1374.314000
1377.136000
1379.958000
1382.780000
1385.602000
1388.424000
1391.246000
1394.068000
1396.890000
1399.712000
1402.534000
1405.356000
1408.178000
1411.000000
1413.822000
1416.644000
1419.466000
1422.288000
1425.110000
1427.932000
1430.754000
1433.576000
1436.398000
1439.220000
1442.042000
1444.864000
1447.686000
1450.508000
1453.330000
1456.152000
1458.974000
1461.796000
1464.618000
1467.440000
1470.262000
1473.084000
1475.906000
1478.728000
1481.550000
1484.372000
1487.194000
1490.016000
1492.838000
1495.660000
1498.482000
1501.304000
1504.126000
1506.948000
1509.770000
1512.592000
1515.414000
1518.236000
1521.058000
1523.880000
1526.702000
1529.524000
1532.346000
1535.168000
1537.990000
1540.812000
1543.634000
1546.456000
1549.278000
1552.100000
1554.922000
1557.744000
1560.566000
1563.388000
1566.210000
1569.032000
1571.854000
1574.676000
1577.498000
1580.320000
1583.142000
1585.964000
1588.786000
1591.608000
1594.430000
1597.252000
1600.074000
1602.896000
1605.718000
1608.540000
1611.362000
1614.184000
1617.006000
1619.828000
1622.650000
1625.472000
1628.294000
1631.116000
1633.938000
1636.760000
1639.582000
1642.404000
1645.226000
1648.048000
1650.870000
1653.692000
1656.514000
1659.336000
1662.158000
1664.980000
1667.802000
1670.624000
1673.446000
1676.268000
1679.090000
1681.912000
1684.734000
1687.556000
1690.378000
1693.200000
1696.022000
1698.844000
1701.666000
1704.488000
1707.310000
1710.132000
1712.954000
1715.776000
1718.598000
1721.420000
1724.242000
1727.064000
1729.886000
1732.708000
1735.530000
1738.352000
1741.174000
1743.996000
1746.818000
1749.640000
1752.462000
1755.284000
1758.106000
1760.928000
1763.750000
1766.572000
1769.394000
1772.216000
1775.038000
1777.860000
1780.682000
1783.504000
1786.326000
1789.148000
1791.970000
1794.792000
1797.614000
1800.436000
1803.258000
1806.080000
1808.902000
1811.724000
1814.546000
1817.368000
1820.190000
1823.012000
1825.834000
1828.656000
1831.478000
1834.300000
1837.122000
1839.944000
1842.766000
1845.588000
1848.410000
1851.232000
1854.054000
1856.876000
1859.698000
1862.520000
1865.342000
1868.164000
1870.986000
1873.808000
1876.630000
1879.452000
1882.274000
1885.096000
1887.918000
1890.740000
1893.562000
1896.384000
1899.206000
1902.028000
1904.850000
1907.672000
1910.494000
1913.316000
1916.138000
1918.960000
1921.782000
1924.604000
1927.426000
1930.248000
1933.070000
1935.892000
1938.714000
1941.536000
1944.358000
1947.180000
1950.002000
1952.824000
1955.646000
1958.468000
1961.290000
1964.112000
1966.934000
1969.756000
1972.578000
1975.400000
1978.222000
1981.044000
1983.866000
1986.688000
1989.510000
1992.332000
1995.154000
1997.976000
2000.798000
2003.620000
2006.442000
2009.264000
2012.086000
2014.908000
2017.730000
2020.552000
2023.374000
2026.196000
2029.018000
2031.840000
2034.662000
2037.484000
2040.306000
2043.128000
2045.950000
2048.772000
2051.594000
2054.416000
2057.238000
2060.060000
2062.882000
2065.704000
2068.526000
2071.348000
2074.170000
2076.992000
2079.814000
2082.636000
2085.458000
2088.280000
2091.102000
2093.924000
2096.746000
2099.568000
2102.390000
2105.212000
2108.034000
2110.856000
2113.678000
2116.500000
2119.322000
2122.144000
2124.966000
2127.788000
2130.610000
2133.432000
2136.254000
2139.076000
2141.898000
2144.720000
2147.542000
2150.364000
2153.186000
2156.008000
2158.830000
2161.652000
2164.474000
2167.296000
2170.118000
2172.940000
2175.762000
2178.584000
2181.406000
2184.228000
2187.050000
2189.872000
2192.694000
2195.516000
2198.338000
2201.160000
2203.982000
2206.804000
2209.626000
2212.448000
2215.270000
2218.092000
2220.914000
2223.736000
2226.558000
2229.380000
2232.202000
2235.024000
2237.846000
2240.668000
2243.490000
2246.312000
2249.134000
2251.956000
2254.778000
2257.600000
2260.422000
2263.244000
2266.066000
2268.888000
2271.710000
2274.532000
2277.354000
2280.176000
2282.998000
2285.820000
2288.642000
2291.464000
2294.286000
2297.108000
2299.930000
2302.752000
2305.574000
2308.396000
2311.218000
2314.040000
2316.862000
2319.684000
2322.506000
2325.328000
2328.150000
2330.972000
2333.794000
2336.616000
2339.438000
2342.260000
2345.082000
2347.904000
2350.726000
2353.548000
2356.370000
2359.192000
2362.014000
2364.836000
2367.658000
2370.480000
2373.302000
2376.124000
2378.946000
2381.768000
2384.590000
2387.412000
2390.234000
2393.056000
2395.878000
2398.700000
2401.522000
2404.344000
2407.166000
2409.988000
2412.810000
2415.632000
2418.454000
2421.276000
2424.098000
2426.920000
2429.742000
2432.564000
2435.386000
2438.208000
2441.030000
2443.852000
2446.674000
2449.496000
2452.318000
2455.140000
2457.962000
2460.784000
2463.606000
2466.428000
2469.250000
2472.072000
2474.894000
2477.716000
2480.538000
2483.360000
2486.182000
2489.004000
2491.826000
2494.648000
2497.470000
2500.292000
2503.114000
2505.936000
2508.758000
2511.580000
2514.402000
2517.224000
2520.046000
2522.868000
2525.690000
2528.512000
2531.334000
2534.156000
2536.978000
2539.800000
2542.622000
2545.444000
2548.266000
2551.088000
2553.910000
2556.732000
2559.554000
2562.376000
2565.198000
2568.020000
2570.842000
2573.664000
2576.486000
2579.308000
2582.130000
2584.952000
2587.774000
2590.596000
2593.418000
2596.240000
2599.062000
2601.884000
2604.706000
2607.528000
2610.350000
2613.172000
2615.994000
2618.816000
2621.638000
2624.460000
2627.282000
2630.104000
2632.926000
2635.748000
2638.570000
2641.392000
2644.214000
2647.036000
2649.858000
2652.680000
2655.502000
2658.324000
2661.146000
2663.968000
2666.790000
2669.612000
2672.434000
2675.256000
2678.078000
2680.900000
2683.722000
2686.544000
2689.366000
2692.188000
2695.010000
2697.832000
2700.654000
2703.476000
2706.298000
2709.120000
2711.942000
2714.764000
2717.586000
2720.408000
2723.230000
2726.052000
2728.874000
2731.696000
2734.518000
2737.340000
2740.162000
2742.984000
2745.806000
2748.628000
2751.450000
2754.272000
2757.094000
2759.916000
2762.738000
2765.560000
2768.382000
2771.204000
2774.026000
2776.848000
2779.670000
2782.492000
2785.314000
2788.136000
2790.958000
2793.780000
2796.602000
2799.424000
2802.246000
2805.068000
2807.890000
2810.712000
2813.534000
2816.356000
2819.178000
2822.000000
