0.000000
0.322000
0.644000
0.966000
1.288000
1.610000
1.932000
2.254000
2.576000
2.898000
3.220000
3.542000
3.864000
4.186000
4.508000
4.830000
5.152000
5.474000
5.796000
6.118000
6.440000
6.762000
7.084000
7.406000
7.728000
8.050000
8.372000
8.694000
9.016000
9.338000
9.660000
9.982000
10.304000
10.626000
10.948000
11.270000
11.592000
11.914000
12.236000
12.558000
12.880000
13.202000
13.524000
13.846000
14.168000
14.490000
14.812000
15.134000
15.456000
15.778000
16.100000
16.422000
16.744000
17.066000
17.388000
17.710000
18.032000
18.354000
18.676000
18.998000
19.320000
19.642000
19.964000
20.286000
20.608000
20.930000
21.252000
21.574000
21.896000
22.218000
22.540000
22.862000
23.184000
23.506000
23.828000
24.150000
24.472000
24.794000
25.116000
25.438000
25.760000
26.082000
26.404000
26.726000
27.048000
27.370000
27.692000
28.014000
28.336000
28.658000
28.980000
29.302000
29.624000
29.946000
30.268000
30.590000
30.912000
31.234000
31.556000
31.878000
32.200000
32.522000
32.844000
33.166000
33.488000
33.810000
34.132000
34.454000
34.776000
35.098000
35.420000
35.742000
36.064000
36.386000
36.708000
37.030000
37.352000
37.674000
37.996000
38.318000
38.640000
38.962000
39.284000
39.606000
39.928000
40.250000
40.572000
40.894000
41.216000
41.538000
41.860000
42.182000
42.504000
42.826000
43.148000
43.470000
43.792000
44.114000
44.436000
44.758000
45.080000
45.402000
45.724000
46.046000
46.368000
46.690000
47.012000
47.334000
47.656000
47.978000
48.300000
48.622000
48.944000
49.266000
49.588000
49.910000
50.232000
50.554000
50.876000
51.198000
51.520000
51.842000
52.164000
52.486000
52.808000
53.130000
53.452000
53.774000
54.096000
54.418000
54.740000
55.062000
55.384000
55.706000
56.028000
56.350000
56.672000
56.994000
57.316000
57.638000
57.960000
58.282000
58.604000
58.926000
59.248000
59.570000
59.892000
60.214000
60.536000
60.858000
61.180000
61.502000
61.824000
62.146000
62.468000
62.790000
63.112000
63.434000
63.756000
64.078000
64.400000
64.722000
65.044000
65.366000
65.688000
66.010000
66.332000
66.654000
66.976000
67.298000
67.620000
67.942000
68.264000
68.586000
68.908000
69.230000
69.552000
69.874000
70.196000
70.518000
70.840000
71.162000
71.484000
71.806000
72.128000
72.450000
72.772000
73.094000
73.416000
73.738000
74.060000
74.382000
74.704000
75.026000
75.348000
75.670000
75.992000
76.314000
76.636000
76.958000
77.280000
77.602000
77.924000
78.246000
78.568000
78.890000
79.212000
79.534000
79.856000
80.178000
80.500000
80.822000
81.144000
81.466000
81.788000
82.110000
82.432000
82.754000
83.076000
83.398000
83.720000
84.042000
84.364000
84.686000
85.008000
85.330000
85.652000
85.974000
86.296000
86.618000
86.940000
87.262000
87.584000
87.906000
88.228000
88.550000
88.872000
89.194000
89.516000
89.838000
90.160000
90.482000
90.804000
91.126000
91.448000
91.770000
92.092000
92.414000
92.736000
93.058000
93.380000
93.702000
94.024000
94.346000
94.668000
94.990000
95.312000
95.634000
95.956000
96.278000
96.600000
96.922000
97.244000
97.566000
97.888000
98.210000
98.532000
98.854000
99.176000
99.498000
99.820000
100.142000
100.464000
100.786000
101.108000
101.430000
101.752000
102.074000
102.396000
102.718000
103.040000
103.362000
103.684000
104.006000
104.328000
104.650000
104.972000
105.294000
105.616000
105.938000
106.260000
106.582000
106.904000
107.226000
107.548000
107.870000
108.192000
108.514000
108.836000
109.158000
109.480000
109.802000
110.124000
110.446000
110.768000
111.090000
111.412000
111.734000
112.056000
112.378000
112.700000
113.022000
113.344000
113.666000
113.988000
114.310000
114.632000
114.954000
115.276000
115.598000
115.920000
116.242000
116.564000
116.886000
117.208000
117.530000
117.852000
118.174000
118.496000
118.818000
119.140000
119.462000
119.784000
120.106000
120.428000
120.750000
121.072000
121.394000
121.716000
122.038000
122.360000
122.682000
123.004000
123.326000
123.648000
123.970000
124.292000
124.614000
124.936000
125.258000
125.580000
125.902000
126.224000
126.546000
126.868000
127.190000
127.512000
127.834000
128.156000
128.478000
128.800000
129.122000
129.444000
129.766000
130.088000
130.410000
130.732000
131.054000
131.376000
131.698000
132.020000
132.342000
132.664000
132.986000
133.308000
133.630000
133.952000
134.274000
134.596000
134.918000
135.240000
135.562000
135.884000
136.206000
136.528000
136.850000
137.172000
137.494000
137.816000
138.138000
138.460000
138.782000
139.104000
139.426000
139.748000
140.070000
140.392000
140.714000
141.036000
141.358000
141.680000
142.002000
142.324000
142.646000
142.968000
143.290000
143.612000
143.934000
144.256000
144.578000
144.900000
145.222000
145.544000
145.866000
146.188000
146.510000
146.832000
147.154000
147.476000
147.798000
148.120000
148.442000
148.764000
149.086000
149.408000
149.730000
150.052000
150.374000
150.696000
151.018000
151.340000
151.662000
151.984000
152.306000
152.628000
152.950000
153.272000
153.594000
153.916000
154.238000
154.560000
154.882000
155.204000
155.526000
155.848000
156.170000
156.492000
156.814000
157.136000
157.458000
157.780000
158.102000
158.424000
158.746000
159.068000
159.390000
159.712000
160.034000
160.356000
160.678000
161.000000
161.322000
161.644000
161.966000
162.288000
162.610000
162.932000
163.254000
163.576000
163.898000
164.220000
164.542000
164.864000
165.186000
165.508000
165.830000
166.152000
166.474000
166.796000
167.118000
167.440000
167.762000
168.084000
168.406000
168.728000
169.050000
169.372000
169.694000
170.016000
170.338000
170.660000
170.982000
171.304000
171.626000
171.948000
172.270000
172.592000
172.914000
173.236000
173.558000
173.880000
174.202000
174.524000
174.846000
175.168000
175.490000
175.812000
176.134000
176.456000
176.778000
177.100000
177.422000
177.744000
178.066000
178.388000
178.710000
179.032000
179.354000
179.676000
179.998000
180.320000
180.642000
180.964000
181.286000
181.608000
181.930000
182.252000
182.574000
182.896000
183.218000
183.540000
183.862000
184.184000
184.506000
184.828000
185.150000
185.472000
185.794000
186.116000
186.438000
186.760000
187.082000
187.404000
187.726000
188.048000
188.370000
188.692000
189.014000
189.336000
189.658000
189.980000
190.302000
190.624000
190.946000
191.268000
191.590000
191.912000
192.234000
192.556000
192.878000
193.200000
193.522000
193.844000
194.166000
194.488000
194.810000
195.132000
195.454000
195.776000
196.098000
196.420000
196.742000
197.064000
197.386000
197.708000
198.030000
198.352000
198.674000
198.996000
199.318000
199.640000
199.962000
200.284000
200.606000
200.928000
201.250000
201.572000
201.894000
202.216000
202.538000
202.860000
203.182000
203.504000
203.826000
204.148000
204.470000
204.792000
205.114000
205.436000
205.758000
206.080000
206.402000
206.724000
207.046000
207.368000
207.690000
208.012000
208.334000
208.656000
208.978000
209.300000
209.622000
209.944000
210.266000
210.588000
210.910000
211.232000
211.554000
211.876000
212.198000
212.520000
212.842000
213.164000
213.486000
213.808000
214.130000
214.452000
214.774000
215.096000
215.418000
215.740000
216.062000
216.384000
216.706000
217.028000
217.350000
217.672000
217.994000
218.316000
218.638000
218.960000
219.282000
219.604000
219.926000
220.248000
220.570000
220.892000
221.214000
221.536000
221.858000
222.180000
222.502000
222.824000
223.146000
223.468000
223.790000
224.112000
224.434000
224.756000
225.078000
225.400000
225.722000
226.044000
226.366000
226.688000
227.010000
227.332000
227.654000
227.976000
228.298000
228.620000
228.942000
229.264000
229.586000
229.908000
230.230000
230.552000
230.874000
231.196000
231.518000
231.840000
232.162000
232.484000
232.806000
233.128000
233.450000
233.772000
234.094000
234.416000
234.738000
235.060000
235.382000
235.704000
236.026000
236.348000
236.670000
236.992000
237.314000
237.636000
237.958000
238.280000
238.602000
238.924000
239.246000
239.568000
239.890000
240.212000
240.534000
240.856000
241.178000
241.500000
241.822000
242.144000
242.466000
242.788000
243.110000
243.432000
243.754000
244.076000
244.398000
244.720000
245.042000
245.364000
245.686000
246.008000
246.330000
246.652000
246.974000
247.296000
247.618000
247.940000
248.262000
248.584000
248.906000
249.228000
249.550000
249.872000
250.194000
250.516000
250.838000
251.160000
251.482000
251.804000
252.126000
252.448000
252.770000
253.092000
253.414000
253.736000
254.058000
254.380000
254.702000
255.024000
255.346000
255.668000
255.990000
256.312000
256.634000
256.956000
257.278000
257.600000
257.922000
258.244000
258.566000
258.888000
259.210000
259.532000
259.854000
260.176000
260.498000
260.820000
261.142000
261.464000
261.786000
262.108000
262.430000
262.752000
263.074000
263.396000
263.718000
264.040000
264.362000
264.684000
265.006000
265.328000
265.650000
265.972000
266.294000
266.616000
266.938000
267.260000
267.582000
267.904000
268.226000
268.548000
268.870000
269.192000
269.514000
269.836000
270.158000
270.480000
270.802000
271.124000
271.446000
271.768000
272.090000
272.412000
272.734000
273.056000
273.378000
273.700000
274.022000
274.344000
274.666000
274.988000
275.310000
275.632000
275.954000
276.276000
276.598000
276.920000
277.242000
277.564000
277.886000
278.208000
278.530000
278.852000
279.174000
279.496000
279.818000
280.140000
280.462000
280.784000
281.106000
281.428000
281.750000
282.072000
282.394000
282.716000
283.038000
283.360000
283.682000
284.004000
284.326000
284.648000
284.970000
285.292000
285.614000
285.936000
286.258000
286.580000
286.902000
287.224000
287.546000
287.868000
288.190000
288.512000
288.834000
289.156000
289.478000
289.800000
290.122000
290.444000
290.766000
291.088000
291.410000
291.732000
292.054000
292.376000
292.698000
293.020000
293.342000
293.664000
293.986000
294.308000
294.630000
294.952000
295.274000
295.596000
295.918000
296.240000
296.562000
296.884000
297.206000
297.528000
297.850000
298.172000
298.494000
298.816000
299.138000
299.460000
299.782000
300.104000
300.426000
300.748000
301.070000
301.392000
301.714000
302.036000
302.358000
302.680000
303.002000
303.324000
303.646000
303.968000
304.290000
304.612000
304.934000
305.256000
305.578000
305.900000
306.222000
306.544000
306.866000
307.188000
307.510000
307.832000
308.154000
308.476000
308.798000
309.120000
309.442000
309.764000
310.086000
310.408000
310.730000
311.052000
311.374000
311.696000
312.018000
312.340000
312.662000
312.984000
313.306000
313.628000
313.950000
314.272000
314.594000
314.916000
315.238000
315.560000
315.882000
316.204000
316.526000
316.848000
317.170000
317.492000
317.814000
318.136000
318.458000
318.780000
319.102000
319.424000
319.746000
320.068000
320.390000
320.712000
321.034000
321.356000
321.678000
322.000000
