9.764999999999999236e-01
1.039499999999999869e+00
1.102500000000000036e+00
1.165499999999999980e+00
1.228499999999999925e+00
1.291500000000000092e+00
1.354499999999999815e+00
1.417499999999999982e+00
1.480500000000000149e+00
1.543499999999999872e+00
1.606500000000000039e+00
1.669499999999999984e+00
1.732499999999999929e+00
1.795500000000000096e+00
1.858499999999999819e+00
1.921499999999999986e+00
1.984500000000000153e+00
2.047500000000000320e+00
2.110500000000000043e+00
2.173499999999999766e+00
2.236499999999999932e+00
2.299500000000000099e+00
2.362499999999999822e+00
2.425499999999999989e+00
2.488500000000000156e+00
2.551499999999999879e+00
2.614500000000000046e+00
2.677500000000000213e+00
2.740499999999999936e+00
2.803499999999999659e+00
2.866500000000000270e+00
2.929499999999999993e+00
2.992499999999999716e+00
3.055500000000000327e+00
3.118500000000000050e+00
3.181499999999999773e+00
3.244499999999999940e+00
3.307500000000000107e+00
3.370499999999999829e+00
3.433499999999999996e+00
3.496500000000000163e+00
3.559499999999999886e+00
3.622500000000000053e+00
3.685500000000000220e+00
3.748499999999999943e+00
3.811499999999999666e+00
3.874500000000000277e+00
3.937500000000000000e+00
4.000499999999999723e+00
4.063499999999999446e+00
4.126500000000000057e+00
4.189500000000000668e+00
4.252499999999999503e+00
4.315500000000000114e+00
4.378500000000000725e+00
4.441499999999999559e+00
4.504500000000000171e+00
4.567499999999999893e+00
4.630499999999999616e+00
4.693500000000000227e+00
4.756499999999999950e+00
4.819499999999999673e+00
4.882500000000000284e+00
4.945500000000000007e+00
5.008499999999999730e+00
5.071500000000000341e+00
5.134500000000000064e+00
5.197499999999999787e+00
5.260500000000000398e+00
5.323500000000000121e+00
5.386499999999999844e+00
5.449500000000000455e+00
5.512499999999999289e+00
5.575499999999999901e+00
5.638500000000000512e+00
5.701499999999999346e+00
5.764499999999999957e+00
5.827500000000000568e+00
5.890499999999999403e+00
5.953500000000000014e+00
6.016500000000000625e+00
6.079499999999999460e+00
6.142500000000000071e+00
6.205500000000000682e+00
6.268499999999999517e+00
6.331500000000000128e+00
6.394500000000000739e+00
6.457499999999999574e+00
6.520500000000000185e+00
6.583499999999999908e+00
6.646499999999999631e+00
6.709500000000000242e+00
6.772499999999999964e+00
6.835499999999999687e+00
6.898500000000000298e+00
6.961500000000000021e+00
7.024499999999999744e+00
7.087500000000000355e+00
7.150500000000000078e+00
7.213499999999999801e+00
7.276500000000000412e+00
7.339500000000000135e+00
7.402499999999999858e+00
7.465500000000000469e+00
7.528499999999999304e+00
7.591499999999999915e+00
7.654500000000000526e+00
7.717499999999999361e+00
7.780499999999999972e+00
7.843500000000000583e+00
7.906499999999999417e+00
7.969500000000000028e+00
8.032499999999998863e+00
8.095500000000001251e+00
8.158500000000000085e+00
8.221499999999998920e+00
8.284500000000001307e+00
8.347500000000000142e+00
8.410499999999998977e+00
8.473500000000001364e+00
8.536500000000000199e+00
8.599499999999999034e+00
8.662500000000001421e+00
8.725500000000000256e+00
8.788499999999999091e+00
8.851499999999999702e+00
8.914500000000000313e+00
8.977499999999999147e+00
9.040499999999999758e+00
9.103500000000000369e+00
9.166499999999999204e+00
9.229499999999999815e+00
9.292500000000000426e+00
9.355499999999999261e+00
9.418499999999999872e+00
9.481500000000000483e+00
9.544499999999999318e+00
9.607499999999999929e+00
9.670500000000000540e+00
9.733499999999999375e+00
9.796499999999999986e+00
9.859500000000000597e+00
9.922499999999999432e+00
9.985500000000000043e+00
1.004850000000000065e+01
1.011149999999999949e+01
1.017450000000000010e+01
1.023750000000000071e+01
1.030049999999999955e+01
1.036350000000000016e+01
1.042650000000000077e+01
1.048949999999999960e+01
1.055250000000000021e+01
1.061550000000000082e+01
1.067849999999999966e+01
1.074150000000000027e+01
1.080450000000000088e+01
1.086749999999999972e+01
1.093049999999999855e+01
1.099350000000000094e+01
1.105649999999999977e+01
1.111949999999999861e+01
1.118250000000000099e+01
1.124549999999999983e+01
1.130849999999999866e+01
1.137150000000000105e+01
1.143449999999999989e+01
1.149749999999999872e+01
1.156050000000000111e+01
1.162349999999999994e+01
1.168649999999999878e+01
1.174950000000000117e+01
1.181250000000000000e+01
1.187549999999999883e+01
1.193850000000000122e+01
1.200150000000000006e+01
1.206449999999999889e+01
1.212750000000000128e+01
1.219050000000000011e+01
1.225349999999999895e+01
1.231650000000000134e+01
1.237950000000000017e+01
1.244249999999999901e+01
1.250550000000000139e+01
1.256850000000000023e+01
1.263149999999999906e+01
1.269450000000000145e+01
1.275750000000000028e+01
1.282049999999999912e+01
1.288349999999999973e+01
1.294650000000000034e+01
1.300949999999999918e+01
1.307249999999999979e+01
1.313550000000000040e+01
1.319849999999999923e+01
1.326149999999999984e+01
1.332450000000000045e+01
1.338749999999999929e+01
1.345049999999999990e+01
1.351350000000000051e+01
1.357649999999999935e+01
1.363949999999999996e+01
1.370250000000000057e+01
1.376549999999999940e+01
1.382850000000000001e+01
1.389150000000000063e+01
1.395449999999999946e+01
1.401750000000000007e+01
1.408050000000000068e+01
1.414349999999999952e+01
1.420650000000000013e+01
1.426950000000000074e+01
1.433249999999999957e+01
1.439550000000000018e+01
1.445850000000000080e+01
1.452149999999999963e+01
1.458450000000000024e+01
1.464750000000000085e+01
1.471049999999999969e+01
1.477350000000000030e+01
1.483650000000000091e+01
1.489949999999999974e+01
1.496249999999999858e+01
1.502550000000000097e+01
1.508849999999999980e+01
1.515149999999999864e+01
1.521450000000000102e+01
1.527749999999999986e+01
1.534049999999999869e+01
1.540350000000000108e+01
1.546649999999999991e+01
1.552949999999999875e+01
1.559250000000000114e+01
1.565549999999999997e+01
1.571849999999999881e+01
1.578150000000000119e+01
1.584450000000000003e+01
1.590749999999999886e+01
1.597049999999999947e+01
1.603350000000000009e+01
1.609649999999999892e+01
1.615950000000000131e+01
1.622250000000000014e+01
1.628549999999999898e+01
1.634850000000000136e+01
1.641150000000000020e+01
1.647449999999999903e+01
1.653750000000000142e+01
1.660050000000000026e+01
1.666349999999999909e+01
1.672650000000000148e+01
1.678950000000000031e+01
1.685249999999999915e+01
1.691550000000000153e+01
1.697850000000000037e+01
1.704149999999999920e+01
1.710450000000000159e+01
1.716750000000000043e+01
1.723049999999999926e+01
1.729350000000000165e+01
1.735650000000000048e+01
1.741949999999999932e+01
1.748250000000000171e+01
1.754550000000000054e+01
1.760849999999999937e+01
1.767150000000000176e+01
1.773449999999999704e+01
1.779749999999999943e+01
1.786050000000000182e+01
1.792349999999999710e+01
1.798649999999999949e+01
1.804950000000000188e+01
1.811249999999999716e+01
1.817549999999999955e+01
1.823850000000000193e+01
1.830149999999999721e+01
1.836449999999999960e+01
1.842750000000000199e+01
1.849049999999999727e+01
1.855349999999999966e+01
1.861650000000000205e+01
1.867949999999999733e+01
