1.189907616324870000e+14
1.069583793739930000e+14
9.682722711605300000e+13
8.713330984364600000e+13
7.845714946004600000e+13
7.359997609011200000e+13
6.467270653478500000e+13
5.950708502734500000e+13
5.458553249421300000e+13
5.002337024675500000e+13
4.609102185011000000e+13
4.219550862389300000e+13
3.873092651778000000e+13
3.627085507885300000e+13
3.395177700298900000e+13
3.051691561346000000e+13
2.865088744019300000e+13
2.642302943957100000e+13
2.552657738145500000e+13
2.349622084149300000e+13
1.974767306814500000e+13
1.909162559828700000e+13
1.778831827075800000e+13
1.788544775839900000e+13
1.600075274246300000e+13
1.518711369330500000e+13
1.444735758448400000e+13
1.371261383028300000e+13
1.254064289051200000e+13
1.185070549443100000e+13
1.155630227017400000e+13
1.054590010262100000e+13
9.642300644296000000e+12
9.642838333711000000e+12
8.399538221265000000e+12
8.260563761697000000e+12
7.424735102072000000e+12
7.519356575672000000e+12
7.128018242744000000e+12
7.176478419536000000e+12
6.435161030102000000e+12
6.687879902505000000e+12
6.036982629084000000e+12
6.179240815527000000e+12
5.619871708533000000e+12
5.497050872889000000e+12
4.704274605655000000e+12
4.856765473628000000e+12
3.883343268529000000e+12
4.452660871861000000e+12
3.834993836269000000e+12
3.642403610348000000e+12
3.740347488638000000e+12
3.651480689131000000e+12
3.576822698170000000e+12
3.247415230284000000e+12
3.215499070011000000e+12
3.077814260736000000e+12
2.618782111560000000e+12
2.611258802620000000e+12
3.017987747807000000e+12
2.436216406908000000e+12
2.347131602753000000e+12
2.540876976938000000e+12
2.374529127413000000e+12
2.181111335901000000e+12
1.738933644216000000e+12
1.699673176194000000e+12
1.747924594283000000e+12
2.047589452447000000e+12
1.811570813877000000e+12
1.709116411564000000e+12
1.959663577409000000e+12
1.924121694334000000e+12
1.664275419394000000e+12
1.424908165081000000e+12
1.318650195632000000e+12
1.585682583794000000e+12
1.192959594411000000e+12
1.232424579515000000e+12
1.027202423925000000e+12
1.043876515827000000e+12
1.134248281725000000e+12
1.204831665445000000e+12
8.060421751830000000e+11
1.115659426099000000e+12
1.058324820071000000e+12
8.660274148360000000e+11
9.296662544100000000e+11
9.188042203050000000e+11
7.142395921510000000e+11
7.757418159230000000e+11
8.410163982310000000e+11
9.339366308210000000e+11
8.538671066780000000e+11
8.449245081240000000e+11
7.305529093310000000e+11
5.682463111830000000e+11
6.973233842970000000e+11
5.028069066970000000e+11
7.688758295970000000e+11
4.600232788600000000e+11
6.400517413400000000e+11
6.774658490100000000e+11
5.096843729760000000e+11
6.611989316960000000e+11
8.223307013720000000e+11
6.415581583150000000e+11
3.463449282120000000e+11
4.324682744370000000e+11
2.892894353630000000e+11
3.871620765410000000e+11
3.676607105800000000e+11
5.756068683980000000e+11
4.395955633720000000e+11
3.310224307520000000e+11
4.693189595890000000e+11
2.743863278120000000e+11
3.652692502830000000e+11
3.989579307040000000e+11
5.712230624220000000e+11
3.693309127690000000e+11
5.543229302010000000e+11
3.179656691670000000e+11
3.084644760990000000e+11
3.207300165570000000e+11
2.825200852010000000e+11
1.759430160430000000e+11
1.847317771860000000e+11
4.801148712200000000e+11
2.700514618310000000e+11
4.043681723200000000e+11
1.901246853330000000e+11
3.163237712220000000e+11
4.548869227340000000e+11
1.143391400380000000e+11
2.932718930080000000e+11
1.220625966840000000e+11
3.677943309360000000e+11
2.044351726920000000e+11
1.346940132090000000e+11
1.773234788800000000e+11
1.602978205640000000e+11
1.642865285780000000e+11
2.429579863600000000e+11
1.460075090560000000e+11
2.115582053850000000e+11
1.203655261500000000e+11
2.666672144200000000e+11
2.674411940690000000e+11
1.654494662090000000e+11
1.627454624880000000e+11
3.266268096790000000e+11
2.025878319290000000e+11
1.419848745310000000e+11
8.313749717200000000e+10
2.508441466300000000e+11
2.027643434490000000e+11
1.655158596680000000e+11
2.337697290000000000e+11
1.284815907040000000e+11
1.319153222280000000e+11
2.135404771020000000e+11
2.203971404850000000e+11
1.047463017630000000e+11
3.419285219140000000e+11
1.180799002880000000e+11
2.137509741430000000e+11
1.843746621190000000e+11
1.072728718650000000e+11
3.478727035070000000e+11
5.853040373000000000e+10
3.012711595700000000e+10
7.566271465400000000e+10
9.787011263900000000e+10
1.213101918190000000e+11
7.213899658100000000e+10
2.315491450210000000e+11
2.153828141790000000e+11
6.683686586200000000e+10
9.404473420300000000e+10
3.420289692500000000e+10
1.695999581060000000e+11
2.300561181980000000e+11
3.843932490300000000e+10
1.731271319340000000e+11
3.016822495800000000e+10
7.538565747700000000e+10
4.153205794700000000e+10
1.210119123680000000e+11
2.184515474010000000e+11
1.877027619710000000e+11
2.167079966580000000e+11
2.652455505100000000e+10
6.335982617500000000e+10
1.107903681380000000e+11
7.839481370100000000e+10
3.584601354100000000e+10
7.031092843300000000e+10
5.348801571100000000e+10
1.440857241200000000e+11
6.128543399900000000e+10
3.900249022300000000e+11
1.430143971120000000e+11
1.632784979100000000e+10
2.426961191500000000e+10
2.083499962110000000e+11
5.652265376000000000e+09
1.059955349590000000e+11
2.981146629070000000e+11
2.686330527800000000e+10
2.395004944200000000e+10
1.505618453600000000e+10
1.613153843600000000e+10
6.957188882100000000e+10
6.217733647500000000e+10
2.433184601400000000e+10
8.285679756400000000e+10
3.406451229800000000e+10
2.590243087610000000e+11
2.312816455000000000e+09
3.531471415900000000e+10
2.044790236400000000e+10
2.568665733000000000e+10
1.457842061980000000e+11
1.513673185700000000e+10
1.962093638980000000e+11
9.976606970000000000e+09
2.265169710800000000e+10
1.348206103600000000e+10
1.584858894700000000e+10
4.211777069600000000e+10
6.611918705000000000e+10
6.009355968400000000e+10
1.151578501950000000e+11
2.069767899400000000e+10
5.162816922300000000e+10
2.714840665100000000e+10
1.993027197000000000e+10
2.224631321000000000e+10
4.266034375900000000e+10
2.383695520010000000e+11
1.345918896820000000e+11
3.935881319000000000e+09
1.501107873250000000e+11
1.440908955000000000e+11
5.725990207000000000e+09
1.469716795990000000e+11
3.156729005000000000e+09
1.318893610570000000e+11
4.869586054000000000e+09
8.927980202000000000e+09
1.796643156600000000e+10
6.254727392100000000e+10
2.640519981100000000e+10
6.419259843000000000e+09
4.977764637000000000e+09
1.280240648190000000e+11
2.773775868000000000e+09
7.901507212000000000e+09
1.588051502700000000e+10
4.489085432000000000e+10
6.228711301800000000e+10
