21483336580218568
17782342251743666
5750760080885870
3214473844522524
2127265003013790
1542190808766055
1151014471590865
921111735115758
752351543032218
639264754955793
551775931444734
499653279544372
437462413364685
392246588731276
364085200633748
333999061808409
306636632687090
285071063323587
266250612569686
252341780536735
231230138883107
231415949994345
213996990523499
197779416807394
190220024542374
180447047048425
170838578430737
160726314883724
150175083202049
151884864682944
143037556320487
138403629288546
137086060573017
131627503106557
126799740399301
120066540644120
115909051188022
113296079468597
108496215001031
106162473061897
100345876739384
98458616545132
98170686397307
92553634753688
92624525278927
91434794975923
87574293997171
87252997107839
78221365047914
79265837980759
76426424813012
71749376678264
71731503575119
72776319926364
69050638262863
69819165436242
66365046576346
69421867543955
69302576352416
57724843600620
61042196356575
60365496952442
60099953872504
58214220553249
54732961183911
56168664377574
53456493045351
55224471473778
50275532607401
49778708286771
46127206285631
46868398751733
48323530525283
44937281483994
44809439377269
42933403476986
45829390411754
42270122670017
44961242569997
42917199346933
39017572702085
39696252241302
38200216416983
37320538456987
36373414515620
35910918981898
33142101946323
36419335692774
34876983654868
34425605098846
34488896886438
33465562115509
30238405646398
33095170422034
30188860239961
33888921682053
31853815147448
33158574083554
26923662287100
31104180799835
32622482866349
28953637813920
27348868267457
28380681136056
26093528244644
28081586651189
27142635135189
29031212467998
26790800916594
25826023597881
24232363358060
25207023712596
23832597135657
25382473962613
23374575224716
20746253273825
25200770344963
24868630650267
21086950540332
22895366848641
20960675619282
21174817879844
21707209159609
21096990273057
20906926591885
23020843409294
20488563849811
18700096641558
21178227851938
22027502105350
20006902866933
19335441554653
20679507087140
17120803729621
17048256564276
18726593949935
16820081260103
17249998013532
18174903032355
19320458208412
18422134353225
16350128591884
15977812500522
17636659412229
17119892617956
19413233907807
15718023442067
16333527134506
15835190868340
16098614961368
15637622144349
15042758799592
16439756652320
16231316957395
16413109420925
17074679130331
15666717761526
16338676691794
16913706306435
15324936651693
14970316953431
13626833037636
13350574870884
15245142780442
14253336231250
13823604994318
13270348494681
14823665289402
16282586423077
15525208130675
13191665077027
11378966148964
11567692491177
12675620272506
12958795344353
13521191899532
13723387866587
12763125747910
12225979110184
12390844333370
11499061029103
13263795055961
12326713838124
11805503054395
10494645547630
10328710627305
9555011996069
10953590738406
10350014182102
10440149284574
11037801238716
12009935125815
10555521230837
12463048338101
12477316319855
10594952436302
10017912612880
9822540245055
8993382641003
11140436516253
8495481942198
10035654322405
9788071234743
10332760625288
8679523379132
9361570620008
9321897361699
8089047794950
8545040467787
10150030883554
8966587287765
7827479905111
9197083338854
7496121691027
7675788030341
8711528799473
9071077067864
9666585003809
6957862829671
8042098709930
7641017118460
6447384805842
7946215622733
7754674317388
7200312174591
9578167937486
7326837517621
8340061972967
7779752022293
6420665743770
7874643280534
7515420864942
6607937315566
7904779208989
8000627955288
8026372956913
6758643899279
7521737861235
6441713701179
6216834480024
6409184332048
6759673618697
5713402862674
6703153432517
6255381015370
7171175271118
5657535255716
6012639339215
5530184670422
6549368093111
5061243144183
5999822559231
5445396097453
6517140708842
3987982669132
4259519933594
5919640998233
6297172015994
5327590055873
5235428766942
5083468835694
3592085819337
4657141059608
5786709219894
5592009268736
4656698706052
4456314516700
4727445347191
4751265791747
5354459549299
4250883446116
4669939736853
5305969697070
4189193740655
5296934307735
4764245246954
4393882780875
5248836646478
5345729336472
4240977069768
4037993304268
5556816462133
4893091760506
5155911116745
4447368591608
5511449705492
4583161367652
4908870418408
2730808044509
3995974790225
4668115929170
5218897316382
4535315101710
5473015611268
4825826248506
4134067301981
4107882623520
4498799977274
2814712850987
4539395985190
5368170000094
2867016237598
4086532573451
4570945420948
3752089714152
4147413530288
3770279391121
3532644212554
3394582885132
3391718016051
3109002125682
4461598507718
4559933960304
3831766167992
4070940394063
4058977054653
3935650047974
3825255915812
2980213448951
4045555978439
3694234401144
4965279146200
2926085771557
4197100516699
2964456705769
3386098285354
3529805958058
3194324971363
3177047092213
3760791379055
3885864666463
3641008762295
4416551050940
2874378260471
2526494864178
3088910451321
4711790235679
4176078174072
4195101763547
3083473002707
2811727114071
2385877121747
2781915073748
3182095119346
3167400204391
2849726430101
3132641745803
4306638986638
3887723585082
2857352878655
3812965045388
3117676671057
3291733714672
2830637663482
3062053692035
3591149812415
3441800645814
3050115091693
2911116924051
3190520616889
3508895428992
2732814008162
2673333015866
2272835875872
3120591077941
3596374840459
2458644215593
2241909838896
3855639719951
2664331479648
2240590499754
2707607672419
2165631848180
2202245857653
2349171218155
3111695830946
2281891848056
2752702083540
3310317947321
2914886290320
2460376050713
3032085290965
2278920201366
2195699970573
2135925077367
2560591596360
2645555772830
3715175585839
3389104746833
2331398236065
1914305247119
2250450770096
1467297382145
2352606770888
1826729934451
2928448204047
3241010977490
2505631873081
2659380016224
2852870944823
2147257472300
2775528715456
3078768190260
1590062439383
3039118023702
2176705682748
2365395937708
2884512162452
2158792943979
3386274856206
1599319270494
1918487511243
1917719393632
2814335455496
2364395751781
2118280971753
1866757780261
2548176554648
2150118333026
2004522113943
2349015446465
2131153287075
1902844997620
1660898204414
2345234406473
2332683575122
1890807942168
1756640510200
1789237200954
1751191678873
2109407923039
2556277112373
2316772807883
1515120953111
1911424981343
1642352513524
2066887395041
1907114873478
1904086855993
2144766977429
1965519615067
2364576449285
1853358522020
2215037219152
1565151180000
1693005352468
1489692103263
2065825901751
2112387761924
2571013247499
2412949093763
1700201360137
1315616128978
1452203445503
2470704669182
1796381357826
1693764320567
932163768422
1890491676471
1095202873820
1471846494966
1561590784674
1947709137016
1615974275661
1704314823219
1615588252649
1204070251798
2134382894557
2150492102790
1858063759343
1424281786569
1244546059181
1206814017165
1803565563388
1781065301372
830022461348
1007077504977
1442335117917
1816097844970
1453317866084
1548007608414
620130660194
1690019979998
1472435706452
1087982277508
1270183422693
1790059987933
1049918821228
1930925027149
1459702935825
684541234048
1470201954325
856680492215
2154798404289
2069198583110
1121091318104
1380124418986
1271181560247
781068819610
885376463705
1981253296060
677149370295
1348963596753
695990713443
1020913992490
1425391620064
1374188708232
1681269808550
655325475215
773142221986
1704671066674
888515331829
1393735878913
1376344262439
1211611110541
570481016233
1018355849856
1120424076745
791638331782
922672934737
548181106669
1162085654479
1373026413761
1258301030285
794898370908
833050216280
784585341981
1203694379627
695671777059
1104655820905
990503347048
971746680991
1611036486784
1437361533132
660979598381
1319889622111
980539761071
1210983945481
670740277114
760545190691
823018248647
1186579207729
788808351060
512139655133
562331443533
954182175864
325505195342
787833340874
704892542402
881885289020
482456476838
371389495262
1035964486318
445720449674
668696809241
883836389714
611433364165
632264717915
497197718564
781622525219
1247322909202
288816018178
491731416039
491267891696
440935203430
639494486426
723057628654
655155499705
732937373173
347488086479
577214092545
617572632935
564858407668
458971269046
761201746668
604173260290
500686687415
561305426419
454021820461
744777060155
542373552128
565727687645
484653708924
372931728698
693095386161
228550635955
700760448736
830529617456
1009028151008
895812877972
3571499652
193347715121
593728110201
413658857721
605929201383
597758187350
253817641368
487109940764
1750889451
218232906331
586282773974
462850410304
560853486444
610892583884
464335812875
106696116012
335751413947
0
320775762508
389386272524
366948585963
355955232549
508254350101
363231249987
423610259148
393014143392
118283414097
335727423327
87282502929
101672993901
304194742052
44394025468
237112299535
154386651386
225852299864
170689273783
146179438378
251620228625
533268635500
244505823690
350427218709
134543201935
290781812701
68525699198
365803479425
200548506547
67489862624
147063930404
13115095173
0
1982556891
169940011805
492625330972
126389768875
321923731691
323964460852
318243811269
64729587794
124334978425
146119968250
163482217886
274889946698
259875019925
130869321300
257875210395
199256523558
178128134065
6943956249
1945162385
244554511564
215779065181
210938737767
123888102268
419869180945
349742582134
71537806015
4645643665
40770940913
148433117869
122016656342
196038695479
77746675912
472523180254
6127529447
83797311386
7018816005
175938745822
86893798910
26831531666
179993078645
77063569301
106262745537
109078371884
92575500061
139569597148
222743779475
87902616935
171282629744
191041690612
91942924330
10508280833
115555753610
114533452618
55046789398
77020200241
137351112418
69681621072
1409988441
104139051805
229005354447
112018985944
1959161673
118815352460
147206768466
6868296107
0
1386204338
140872976962
0
20671021324
80665863248
42029337875
0
115307947681
77303383741
0
54605928539
64723622388
0
83453877658
410095261899
64348212492
3230760735
3704189770
1449618792
0
151906463786
137581056401
2061741074
1530183998
0
109231690329
0
1467220689
104302405722
7410803520
0
89023218710
0
0
0
0
1383510583
0
0
1609238054
0
1495666996
0
132428044569
1398772576
4253696471
0
157567237929
0
1512345642
0
1382945183
0
0
1509010698
137581056401
0
0
1607521467
0
1388194739
137581056401
0
66756160817
0
0
96660748881
0
10137837703
1654592723
0
81104891619
1490402771
5418332523
59657366186
1445422758
0
92973154354
0
0
1512230323
0
1442903530
0
0
3126712969
83448845763
0
11721630749
0
0
0
0
0
0
0
0
0
48056915664
0
0
0
1571276514
0
121255417018
98068597753
0
0
0
0
2953991768
0
1878535056
0
0
0
0
1383137909
0
1718809169
0
0
67016981816
1984629204
0
1604495622
2880826789
0
0
4695941313
0
0
0
0
1545965875
1653836763
0
1754865306
0
1622249598
0
138984794696
0
2775914261
0
0
0
0
0
0
1547777933
69707367372
0
0
0
0
0
0
0
83271463235
1611910326
1480816605
0
1400398625
0
0
0
0
0
0
0
0
0
0
0
0
0
0
0
0
0
0
0
1602882738
0
0
0
0
0
0
0
0
0
0
0
0
0
0
0
0
0
0
0
0
0
0
0
0
0
42683456692
0
0
0
0
0
0
0
0
0
0
0
0
0
0
0
0
0
0
0
0
0
0
0
0
0
0
0
0
0
0
0
0
0
0
0
0
0
0
0
0
0
0
0
0
0
0
0
0
0
0
0
0
0
0
0
0
0
0
0
0
0
0
0
0
0
137581056401
0
0
0
0
0
0
0
0
0
0
0
0
0
0
0
0
0
39697391822
